FIPS,County,State,Population,Percent Age 0-29,Percent Age 30-59,Percent Age 60+,Percent Male,Percent White,Percent Black,Percent Native American,Percent Asian,Percent Pacific Islander,Percent Hispanic,Percent Poverty,Median Household Income,Percent Uninsured,Percent Unemployed,Percent Renters,Percent Housing Insecurity,Percent Owners Housing Insecurity,Percent Renters Housing Insecurity,"Developed, High Intensity (HID)","Developed, Medium Intensity (MID)","Developed, Low Intensity (LID)","Developed, Open Space (OSD)",Cultivated Crops (CRP),Pasture/Hay (PAS),Grassland (GRS),Deciduous Forest (DFO),Evergreen Forest (EFO),Mixed Forest (MFO),Scrub/Shrub (SHB),Woody Wetland (WDW),Emergent Herbaceous Wetland (EHW),Barren Land (BRN),Open Water (WTR),Perennial Snow/Ice (PIS),Percent Area Developed,Percent Area Agriculture,Percent Area Undeveloped,Total Area,Avg Winter Temperature,Avg Spring Temperature,Avg Summer Temperature,Avg Autumn Temperature,Winter Precipitation,Spring Precipitation,Summer Precipitation,Autumn Precipitation,Avg Annual Temperature,Annual Precipitation,"HIV Prevalence (per 100,000)",Diabetes Percentage,Adult Smoking Percentage,Excessive Drinking Percentage,Food Insecurity Percentage,Enrolled in Medicare,Population Density,Reported CKD Prevalence (%),Medicare Beneficiaries with CKD Percentage
1001,Autauga,Alabama,-0.15728197442960556,0.24047222373133345,1.201873180682851,-0.8200963855676561,-0.7031305520496901,-0.5370400191637327,0.7041464682222868,-0.27866905457990737,-0.0928531551925958,-0.09197128868554864,-0.4872378114209994,-0.41254230416021886,0.17236663163712604,-0.47458728198941663,-0.7527435752373701,-0.20761369044577757,0.08012778189241773,0.11643811883897608,0.26286094244408015,-0.23020345220609886,-0.2874624266526014,-0.2503368927185105,-0.03622025053345994,-0.7035229958813352,0.4145014859370792,-0.14586049921290256,-0.08305572132142908,0.8754580176758469,1.2336943415859996,-0.041662717269526486,0.4329486585537103,-0.14269232708699972,-0.0987850970825122,-0.3055437994261267,-0.08602139992103093,-0.23067972017410932,-0.5051510281916395,0.5907104188425634,-0.28990147672176453,1.2631748519340618,1.2535116124038033,1.148375028882432,1.2765490369856762,1.1416947412445513,0.06726727251582823,-0.3264157094269808,-0.5345358649185743,1.2739417137738267,0.3143034371503882,0.2133756437344818,0.04750660025410388,-0.1146360010152266,-0.8859960529555155,0.762951507703092,-0.1694263185164753,-0.051551323473779984,-0.3019198442567089,0.02529171905281604
1003,Baldwin,Alabama,0.3328942497199723,-0.5306522318562631,0.3943485983349656,0.2924870860698948,-0.703870463249398,0.1793706523801204,-0.07546758989478247,-0.1942289068210375,-0.16260015591851365,-0.17922626956029994,-0.36308978394195196,-0.7567133130730604,0.2848035621513763,-0.18045512331052588,-0.7527435752373701,-0.44901754061280247,-0.18188027926002873,-0.047788587040877475,0.024848277844403827,-0.17601281754913028,-0.16663983825721387,-0.16707316904073494,-0.056750533718757996,-0.5423572591995082,-0.4278457593603905,-0.2701801743723419,-0.8287697171076284,1.2008214062746776,-0.5841999473901955,-0.23597870363642187,1.7277848965666294,0.22705037649788465,0.08460578299533894,1.3987513692046794,-0.08602139992103093,-0.15995885847686336,-0.7276124563490929,0.7764595546199232,0.7694332225586052,1.613712677512764,1.4336101090971305,1.2631292966163485,1.516522288876413,0.7095589651512741,0.07360541387591109,1.6042141029537482,0.1375503606133191,1.5211530531662873,0.9281852549621924,-0.037585716618492686,-0.8113665253124961,-0.1146360010152266,0.9000086430384084,-0.0535356401590872,0.6246895018424734,-0.047850225171117124,0.07302951144204733,-0.15878408673019997
1005,Barbour,Alabama,-0.24861029993168954,-0.16398491544582966,0.537433606476555,-0.11657526196652786,1.3013389081627507,-2.3141181479345034,2.597460721838628,-0.2535571557461743,-0.47246242185623766,0.15257833199096119,-0.3770273894943079,2.16874026268608,-1.3556910668840738,0.23132989883992133,0.03202500630810057,1.3228441097894084,0.5656129264622081,0.2454251827739901,0.1695328886563418,-0.2542845942314197,-0.3867510135238953,-0.4386103215563594,-0.4656041710735805,-0.6509021591600622,-0.15962496418680158,-0.21258639472099738,-0.48056045871973657,1.6507950673179417,1.7787299014848394,0.15279201959776628,0.2916451192174539,-0.32078180337320683,-0.13159579774773184,-0.22624309990117683,-0.08602139992103093,-0.44727019058279244,-0.7131226977143743,0.8864140534689028,-0.06643881361641006,1.342842539565585,1.295887729272822,1.0991946284250398,1.2994036324038418,0.3401095516394296,-0.427107753570616,-0.3171516508263057,-0.3575360574311672,1.3100512352581188,-0.160939760565566,1.626953918375726,2.624125976953904,1.8047304565176885,-1.481330951620157,2.123763420806724,-0.2612630965914997,-0.0651800373080545,0.5183728865796245,0.21582632503874474
1007,Bibb,Alabama,-0.2553230768309865,-0.15767101751366583,1.624664580055018,-0.6638522814183081,1.4588698393185566,-0.5488418372637192,0.7596034640227853,-0.29380663910923754,-0.5363616726632974,-0.12218386356940741,-0.5022493281789548,0.9985588323824247,-0.5356840022178749,-0.16084631273193314,-0.5387157802704237,-0.34276480160053385,-0.5368896499133469,-0.4655762630090831,-0.3344304244269404,-0.2745111315130554,-0.3911330899619726,-0.4223137960732831,-0.14956497782884182,-0.8198471524850188,-0.4092581079656753,-0.19276538859836112,0.25084318664753774,1.6756906746103375,1.6297633419164412,-0.05147432969777274,0.05000904891798011,-0.3363946258574352,-0.09735054697077826,-0.37646486928438166,-0.08602139992103093,-0.3611549927098723,-0.9924254372518052,1.1207792608619915,-0.2735265759863626,1.095872707907863,1.0840071449277306,0.9024730265954687,1.036575785094941,1.6898669757332452,-0.2813305022887155,-0.17819077181617643,-0.057405949082955265,1.0711728623620351,0.6340465609750515,0.14167239791934624,0.9063797258207039,1.0849680349428452,-0.8859960529555155,0.762951507703092,-0.2881946481810575,-0.06341047842301921,1.6391298185368304,2.424735994434936
1009,Blount,Alabama,-0.1515503407507556,0.015830214305262557,0.5285320358178405,-0.27780231976027325,-0.3657724290229329,0.6865441958754837,-0.5732165726037209,-0.2225226333104404,-0.49912495906699045,-0.16581347367305574,-0.008564111727639252,0.31021681455674494,-0.19356821364460058,0.4862444363616264,-0.8240861735596857,-0.8844397619145182,-1.0193246838229166,-0.8820585579652852,-0.5361308445826638,-0.2355033434236897,-0.300445966841161,-0.17001355843485536,0.4222305688476471,-0.7774991985126776,1.4765770503477085,-0.3681785935087681,0.9849859534861163,0.11821641007014524,0.49842130552934677,-0.2933879766967617,-0.5695887930628459,-0.3766664617058477,-0.06544990129834403,-0.3279114985696114,-0.08602139992103093,-0.0831970028326618,-0.09741684439513906,0.13062957555466304,-0.2554613148749098,0.928570563881664,0.9462847651034221,0.7713252920424222,0.8880209148768669,2.2166991718963454,0.4750210333478103,0.020060082238274712,0.6121150618476712,0.9184018099284925,1.3341091426302216,-0.5548734185705422,0.04750660025410388,0.36520561336800217,-0.8859960529555155,0.4907891250823656,-0.13227612400273503,-0.052296755340769566,1.1653521044342257,1.426851363084902
1011,Bullock,Alabama,-0.2913266398427916,-0.06804165191110226,1.1195195036453358,-0.49485494730967333,2.029396491179262,-3.742907324078605,4.0792829609387615,-0.22857917565339697,-0.5424342163750413,2.5373259256201477,-0.08756181806341336,2.6677882256096974,-1.6347927515427685,-0.14123750215334038,-0.039317592014215016,0.05446274620646808,0.188758738751539,0.20180883505933786,0.21016586002748186,-0.2821179556738931,-0.44224654441346717,-0.5144158150741212,-0.6696851940056183,-0.7456448905799097,0.2730555766685194,-0.24230373131233418,-0.274641430478381,1.3682339378966788,1.4898282756966639,0.040830347790706704,0.7287660043112307,-0.3017165522265895,-0.21707820199926572,-0.3320912639569946,-0.08602139992103093,-0.5514446638136287,-0.6106274397253252,0.8317415626921731,-0.2744648376928932,1.3189422332761278,1.2429175831865493,1.0172272943293854,1.2536944415675104,0.6081937831047032,-0.053157413325741205,-0.09296143268996365,-0.537101079519841,1.2628310917786605,0.10697000529533326,2.190336564066077,3.0535625397372037,1.0849680349428452,-1.7789984009524775,0.762951507703092,-0.33412239495018525,-0.06750938920257388,-0.2741467338173971,-0.3541627928683135
1013,Butler,Alabama,-0.2639512795994545,-0.22456964328469362,-0.14114507591456363,0.27718439343232304,-1.6496995358944864,-2.130256676041327,2.3606361391958743,-0.30625622982813633,-0.12109707633657639,-0.5087386627120213,-0.5953649231296955,1.2222699881757704,-1.0830418068092251,-0.04319344926037889,-0.039317592014215016,0.2048647661601723,-0.14427405065790788,0.05386068362411157,-0.45664671846413646,-0.27154154626869653,-0.4182562255601706,-0.5386533568101204,-0.23275701909270136,-0.7855241875034549,-0.2446318914001693,-0.2051310371667818,-0.3710900434871666,2.0096317764397345,1.5360776211695455,0.11805288447028581,0.4447537736100396,-0.2959475252981184,-0.22409224400746458,-0.3939551876826378,-0.08602139992103093,-0.4313572509040218,-0.8841393139742606,1.0458098478250306,-0.16095006424565997,1.398609920907651,1.2852937000555664,1.0500142279676477,1.3108309301129237,0.8282629283373903,-0.09118626148623724,-0.18745483041685151,-0.07023202208928929,1.3211618572532864,0.28058052955950585,1.1045445560083096,1.7652528513873038,1.0849680349428452,-1.481330951620157,1.0351138903238184,-0.2842269699760636,-0.06565731336371045,1.427929040389799,1.173343455120573
1015,Calhoun,Alabama,0.011814398632265355,0.15202350869795064,0.2821746407980842,-0.28058424844980734,-0.9455004200791566,-0.6020178694148096,0.7947146003459351,-0.2534039185861645,-0.20860707205725107,0.22419132754236315,-0.4103217941573279,0.46509376856752255,-0.5474219235352967,0.01563298247540123,-0.1820027886588462,0.18950774620311725,-0.0527425198970045,-0.2676618250650081,0.17957318935376065,-0.06076174468355887,-0.06651829456287274,0.2801064192459527,1.5178814738681523,-0.7683863394291987,0.36441819017122973,-0.2940190282570602,1.0316131630867835,0.4279606369093498,0.47346253970088636,-0.2714792139705503,-0.5378089456557981,-0.3568229749998755,-0.07502064290459426,-0.3533280431471992,-0.08602139992103093,0.47702563673060905,-0.5916790562772063,0.3692951151539332,-0.2873324268110262,0.9524708701711208,0.9780668527551853,0.7549318252232922,0.9223028080041145,1.9139373781519815,-0.28344321607541,0.34059650982163964,0.32737624110706004,0.9406230539188264,1.0068720393409183,0.46945866450282314,0.9063797258207039,0.6051264205596165,-0.8859960529555155,1.0351138903238184,0.12534222737340336,-0.03178980095478452,0.5548419969885268,0.4725636331045301
1017,Chambers,Alabama,-0.2235164637741083,-0.2216495342553183,0.12526122070736975,0.1418191321413418,-1.0169021201013986,-1.8003124755028135,2.049197405565022,-0.3187232794371205,-0.2311986697892418,-0.47686682542369896,-0.5139436527426139,0.8780989792629307,-0.9408825375204509,0.07445941421117944,-0.6100583785927393,0.5102257887589379,0.5162996647246038,0.19805182082340034,0.6194030885792248,-0.22676869325713314,-0.36243223976245487,-0.24094748438143107,-0.009787678429513636,-0.8202576841988991,0.12525239741411306,-0.06526041317379246,0.24893468375706643,1.8824416118713292,0.23001849976759897,-0.1692536444852625,-0.0721359433648206,-0.36659929705751665,-0.20422112359997902,-0.31830589240965124,-0.08602139992103093,-0.2420400243989824,-0.7509717851064566,0.8346071200916735,-0.2907950592994127,1.0560388640921012,0.9780668527551853,0.7221448915850299,0.9337301057131965,1.1777060559189911,0.23839708923805902,0.3572718153028551,-0.05227551988042184,0.9739549199043263,0.7295947991492181,1.1608828205773447,1.335816288604004,0.845047227751231,-1.481330951620157,0.4907891250823656,-0.21108693966891148,-0.05935637171589814,1.3406681336773232,0.8584769452285723
1019,Cherokee,Alabama,-0.24418783347534645,-0.9738806223492568,-0.11260029166224672,0.9532942818667178,-0.3177757273453751,0.5311252046757844,-0.4007537263899397,-0.2018374213288806,-0.4875558693690897,-0.5631335089421781,-0.5789840894170448,0.2413826127741769,-0.6685764915192111,0.23132989883992133,-0.6814009769150549,-0.7048943774835944,-1.0128222810358054,-0.5243597547769471,-1.3501916923676733,-0.23835016026974196,-0.3505934900113913,-0.2457107479259178,-0.09004383601757932,-0.49809406709469356,0.4221153995523096,-0.26244821149891545,0.39384946014458905,0.6644744062020693,0.6597983274002978,-0.21080094150214843,-0.45839024503447906,-0.3303976052537154,-0.10757725007415761,0.21843011584713873,-0.08602139992103093,-0.2644157833934036,-0.29943529715392725,0.40527424714450266,-0.29321517878054304,0.8648364137764457,0.914502677451658,0.6237840906702457,0.81945712862237,2.1313390185939696,0.14543768262351406,0.01635445879800468,0.5223325508033344,0.8461827669599082,1.1736130824291697,-0.3141553790483013,0.04750660025410388,1.0849680349428452,-0.8859960529555155,0.762951507703092,-0.24105039630190803,-0.061755066693708456,2.7092355292315258,2.095337184086381
1021,Chilton,Alabama,-0.1907902119971694,0.31988673392112354,0.4590043525629423,-0.5232976934509413,-0.44235974841471,0.12424582540541493,0.030510859862625434,-0.277125319346566,-0.4437558066115355,0.12744484033720738,-0.11411598794363917,0.2585911632198189,-0.4139116489014647,0.36859157289006833,-0.7527435752373701,-0.3578232842057054,-0.04587371805342156,0.38520895247816006,-0.3873682199000931,-0.2449575598450224,-0.3094917161784215,-0.19645523866501188,-0.10356175630978455,-0.8095321148376324,0.4496707931791616,-0.1336428354351896,0.3624301847518842,1.03501703351021,0.9306276478144204,-0.1424625835612254,-0.01553570923962365,-0.28468664718524894,-0.07419754059816422,-0.3214267926462615,-0.08602139992103093,-0.24019889172194658,-0.5936167279019363,0.6808283627863627,-0.21815424225810062,1.1118062454341673,1.0840071449277306,0.918866493414601,1.0937122736403544,1.332421333779547,-0.194709237034253,-0.43758441263508446,-0.4857967874945056,1.0933941063523689,0.3005644747985473,-0.22708715198706525,0.47694316303740386,0.845047227751231,-0.8859960529555155,1.0351138903238184,-0.19779896077482806,-0.057626013981973055,0.6236383423766552,0.9634324485259057
1023,Choctaw,Alabama,-0.28403982093988983,-0.7897356668747254,-0.23412349805619243,0.8441657949281401,-1.3023181811775126,-1.8282701326296975,2.1277533060604994,-0.35501591801344695,-0.5739737845142963,-0.6794649900245516,-0.6290805376384105,1.3943554926321904,-1.0923772296113852,0.07445941421117944,0.6741083912089404,-1.1524565800424689,-1.0187577446620042,-0.8414416605825171,-0.3575838082962581,-0.2740769856085554,-0.434908298322459,-0.5708875301037941,-0.49562298450404774,-0.8172370373106285,-0.5879511094996348,-0.22534523162066858,-0.6839158962701928,1.988300134398299,2.147511523079136,0.14017230860654017,1.2116977069950394,-0.17408228339900825,-0.10788417699759162,-0.3593276306315379,-0.08602139992103093,-0.5195726133453323,-1.0707113161479576,1.2652845244395607,-0.05407758795894434,1.3348757708024326,1.2217295247520399,1.0664076947867775,1.1851306553130152,1.3430913529423438,0.6440381362833466,0.12752316200610803,0.9968972520376865,1.2544981252822867,1.104918270669965,0.2543489270574164,1.7652528513873038,1.0849680349428452,-1.481330951620157,1.579438655565271,-0.3047952640670462,-0.06803049702231774,-0.029545250392672744,-0.9790517125001309
1025,Clarke,Alabama,-0.25172652795125844,-0.13665474639561917,-0.07675139792399446,0.16412091735731857,-1.2813629875684445,-2.0792663583113624,2.3598807087751923,-0.29463248446963375,-0.47609017958063105,-0.5330938463452662,-0.60784360184579,0.6715963739152266,-0.8168449713182224,0.03524179305399396,1.4588769727544109,0.18871933487857306,-0.4118597118574289,0.46514402887466866,-1.5954441694393147,-0.2662384077086522,-0.4234119656106699,-0.5927248733782561,-0.5172199248040739,-0.8167112953038971,-0.6866396550173526,-0.2673204129935759,-0.7611411478421479,2.293911780279501,1.9349500572841638,0.026232270872777717,1.4735111228650688,-0.22972239102641862,-0.06918371235618277,-0.33179829150214446,-0.08602139992103093,-0.52786810570563,-1.1148487226764412,1.3117772715035965,0.19285651085263417,1.4543773022497175,1.2641056416210572,1.0664076947867775,1.2079852507311808,1.0176557684770366,0.11585968960979506,-0.07443331548861315,0.4120283229488634,1.312828890756911,0.5859601927436079,0.04436085002737654,1.7652528513873038,1.0849680349428452,-1.481330951620157,1.579438655565271,-0.2558543277177108,-0.06694488129637166,0.05924609532790581,-0.5882943002239038
1027,Clay,Alabama,-0.2821478253565802,-0.5784193191686449,0.5012393650255089,0.28326049664542446,-0.6036732259300646,-0.07462659104160237,0.2970714409069755,-0.23635451616695466,-0.51078482914577,-0.6569288300037054,-0.46598368841195875,0.361842465893671,-1.0406205473111747,0.5058532469402192,-0.6100583785927393,-0.47823590944272776,-1.289888011694065,-1.1298431245816434,-1.174666001295617,-0.2816699252210663,-0.4407785843346802,-0.6070283938008395,-0.03600612919223708,-0.8208894668079276,-0.0602348720348049,-0.1856957871437083,1.3000981151818918,1.3126420730935973,0.1114250720772724,-0.21229754378565702,-0.5089546148936187,-0.39181288647874674,-0.19579747109599527,-0.4003210198490462,-0.08602139992103093,-0.41018531499666805,-0.8355240219282873,0.9894044228423738,-0.2888738567574692,0.9604376389342733,0.9039086482344041,0.5746036902128511,0.8537390217496176,1.845916005989151,-0.13132782343342705,0.22757499489340127,0.4941151901894001,0.8767369774466174,1.0224844965589195,0.02387420836590923,0.9063797258207039,1.3248888421344598,-0.8859960529555155,1.0351138903238184,-0.3078646000369472,-0.06631907730301463,1.5677363531256852,0.9133767469533315
1029,Cleburne,Alabama,-0.2772421092543453,-0.1855753282994528,0.4955711883794045,-0.07583621223944985,-0.369692817271345,0.6273270823238275,-0.48430732472386684,-0.27910747155713267,-0.5471189684446391,-0.4082776539881771,-0.5156436359324776,-0.20603969881251477,-0.3051814303821897,0.19211227768273587,-0.46737318194810806,-0.5601398710458406,-1.0008907153582227,-0.5456433491927855,-1.3410361393409909,-0.27341929745489574,-0.40967945053921573,-0.4695975712623665,-0.23920145069501458,-0.8184972225116467,-0.18789831185706027,-0.1892276519831723,1.297622870682306,1.4281289682523088,0.28822370174089834,-0.2505261219358192,-0.5884051444627841,-0.38598679956720544,-0.1944972244438055,-0.3950338876854356,-0.08602139992103093,-0.40717446187521733,-0.8909343216790467,1.041975591659122,-0.32205555647413614,0.9046702575922073,0.8933146190171494,0.5418167565745913,0.808029830913288,1.8219084628728575,-0.4228823259972273,0.07193881040205619,0.12985471680951896,0.8378498004635336,0.7839261502678618,-0.3909802852788037,0.04750660025410388,0.845047227751231,-0.8859960529555155,1.3072762729445448,-0.3105034803525328,-0.06533176235858178,0.9150862066246503,0.902073846598234
1031,Coffee,Alabama,-0.16761180170875928,0.24462935621714918,0.6590902616145907,-0.5536108307996759,-0.3915607672285512,-0.49541486728289785,0.5607008389243954,-0.04907271582327066,0.19999025202284532,1.6063407048769187,-0.12958403912720126,0.08650565876339886,0.10825424268699799,0.23132989883992133,-0.6814009769150549,0.7232029072378207,-0.6151689075824983,-1.1129904665462942,-0.38431129683273024,-0.21651621425473275,-0.2673476729028815,-0.16737574253312543,-0.11138037836800502,-0.3832768447507942,0.2877739696811769,-0.31151106195422007,-0.7971602064611255,1.5908275820541562,1.2874516361216881,-0.04329138611865792,0.4632960442046564,-0.29824864642813154,-0.203160466909793,-0.35665567316475466,-0.08602139992103093,-0.2136928111112301,-0.24717079147639215,0.3325628266079524,-0.23309196434778504,1.4225102271971082,1.3488578753590945,1.2467358297972186,1.436531204912834,0.48148730554648916,-0.5792231462125986,-0.18189639525644646,-0.1882318937475604,1.4100468332146199,-0.052901556616997955,-0.02734239578775903,0.47694316303740386,0.1252848061763878,-0.8859960529555155,0.762951507703092,-0.17412389978748224,-0.05480279665815687,-0.09432603287300463,0.16092652331398563
1033,Colbert,Alabama,-0.15912125186972706,-0.25700667224219886,0.3171368668604561,0.07883553202156714,-1.0140455676766758,-0.26490902444368386,0.4420591032636645,-0.2129413148142182,-0.38131918372230444,-0.2941021427604164,-0.4694470576349373,0.017671456980830835,-0.6204578783992541,-0.2000639338891186,-0.039317592014215016,-0.07197814220659678,-0.340365807168324,-0.5129822700152527,0.0372865340793979,-0.09413958232596029,-0.13164897321017663,0.026909572958659107,-0.16643315445366189,-0.3652118018434886,0.44676258296602794,-0.37879329987925026,0.9194255913952329,-0.05798378264770433,0.06068536388305568,-0.21453994313437003,-0.20042871370393414,-0.2850556234656096,-0.026747779476786877,-0.015995653269170105,-0.08602139992103093,-0.09538424828240868,-0.15744356171741006,0.1942504408344814,-0.27571585330160053,0.7851687261449225,0.7767802976273495,0.6729644911276378,0.7051841515315435,2.158014066500962,0.5531914434554958,0.7352454062104069,0.7326801481072095,0.7628531019961577,1.600145413624961,-0.28854707697146714,0.47694316303740386,0.36520561336800217,-0.8859960529555155,1.0351138903238184,-0.11410340920533363,-0.052352977996607784,0.41098275272332535,0.02852111915427239
1035,Conecuh,Alabama,-0.2855686470923475,-0.6063828117626847,-0.5295476496605576,0.8223727840787479,-1.053947081524693,-2.1307647110118895,2.4438654825565127,-0.27531000320944815,-0.5226388022313303,-0.47308350110325753,-0.5372025615235122,1.3255212908496223,-0.9735565173280109,0.07445941421117944,0.17471020295273174,-0.5509924394149287,-1.5746110261456887,-1.2264025993188603,-1.776826824472967,-0.2807232875671665,-0.44765108442657425,-0.5720426486862983,-0.43980850370664804,-0.7492592557980695,-0.2892197372244612,-0.19374408920962136,-0.7292645881585232,2.5354957635458457,1.2195633908342425,0.07116790630362065,0.774581313221515,-0.3022677328726235,-0.14038198566848134,-0.3989009912810763,-0.08602139992103093,-0.5099915968815043,-0.8686072612771257,1.0646582928493242,-0.10487031097675986,1.5181114523549357,1.3488578753590945,1.148375028882432,1.345112823240173,0.5961900115465567,0.6926305533773134,0.13308159716651308,-0.06510159288675586,1.4044915222170369,0.5128938929633625,0.46945866450282314,1.7652528513873038,1.0849680349428452,-1.481330951620157,0.762951507703092,-0.3105221958157639,-0.06792985840677077,0.8703204079903664,0.0043006183933488994
1037,Coosa,Alabama,-0.2896806622610268,-1.5947079044459251,0.5709866744734116,1.184812100871889,-0.005739681579856359,-1.1721477513757343,1.4107341226362171,-0.24853031361245664,-0.5369753357162452,0.026582207791115166,-0.5134644972470142,0.447885218121881,-0.940264752187955,-0.10201988099615492,-0.6100583785927393,-0.947202141202492,-0.5274565354532075,0.09777036938465343,-0.9434570498000217,-0.2895657599675297,-0.4576514017161944,-0.6211438184364559,-0.3711257614821904,-0.8208953385742832,-0.516413901166064,-0.02732142472722797,0.9585019755794505,1.8546959454214997,0.18180644657757783,-0.13584482192247097,-0.5275896528103352,-0.40013287435627876,-0.20414143895888842,-0.22900376493194746,-0.08602139992103093,-0.51303868308368,-1.0419438741995595,1.234495302867208,-0.2436883644143957,1.0799391703815582,1.0416310280587127,0.8205056924998143,1.036575785094941,1.5845005365006253,-0.14822953372698072,-0.18189639525644646,0.07085478098038316,1.040618651875326,0.6540305062140926,0.11094243542714528,0.9063797258207039,0.845047227751231,-1.1836635022878363,0.4907891250823656,-0.31916873982853367,-0.0675426135064927,2.8454723923130576,2.0178315816514263
1039,Covington,Alabama,-0.21240172191859702,-0.3103447284801542,-0.22583170847685147,0.39838275073458,-0.7505358015387026,-0.016484112046846345,0.18814773859573608,-0.22110883461009734,-0.45935393374135636,-0.5897447220725494,-0.5689036825588287,0.46509376856752255,-0.7472411571903532,0.13328584594695764,-0.25334538698116177,-0.35448399296486066,-0.7119517384029181,-0.8791653282280182,-0.11583675176726246,-0.2510978770587484,-0.3693172026014255,-0.39021862400417384,0.024781202132463275,-0.635622498599117,0.11277590340013668,-0.32460392666186944,-0.7783396431284335,2.4272170383139073,1.02555602819108,-0.10821644603934885,0.534286293385307,-0.32354066340730997,-0.18505985729335897,-0.3362226961517219,-0.08602139992103093,-0.291158476346027,-0.5748207065762041,0.6845554051075361,0.03744016103518428,1.4703108397760218,1.327669816924585,1.1811619625206942,1.4022493117855863,0.7095589651512741,-0.036255703032187545,0.088614115883272,-0.06253637828548869,1.4017138667182445,0.3361608772555899,-0.1195322832643619,0.47694316303740386,1.0849680349428452,-1.1836635022878363,1.3072762729445448,-0.19216560634226593,-0.06346559503116422,2.378831510759987,1.9645464799773957
1041,Crenshaw,Alabama,-0.2805750674181323,-0.028048986473154843,0.04038089721551168,0.005730590959503084,-0.6811748667578855,-0.7784319377319329,0.9841741390656777,-0.23541144601246328,-0.2330771836607665,-0.43096574832677437,-0.5284058291628178,0.396259566784955,-0.8520587352704876,0.30976514115429227,-0.6814009769150549,-0.48441576201699876,-1.1982979007443526,-0.6871109196154995,-1.6752329285381782,-0.28114081353693793,-0.44209521041995126,-0.5592945590175962,-0.20764013898714823,-0.7608107824233922,0.10752671011062866,-0.23696806124034817,-0.3700365356180766,1.5619984396786193,1.7394146452409707,0.08456130565141133,0.5402126749012622,-0.2992952574282441,-0.22953413187488458,-0.381368201486226,-0.08602139992103093,-0.4407930782274397,-0.7004594566788742,0.8713062032179311,-0.2850016655876607,1.342842539565585,1.2535116124038033,1.0172272943293854,1.2994036324038418,0.734900260662917,-0.22428723004797202,-0.08555018580942358,-0.11384067031082434,1.2850523357689942,0.2212531921311014,-0.037585716618492686,0.9063797258207039,0.845047227751231,-1.1836635022878363,0.762951507703092,-0.3124311730653364,-0.0661741045057256,1.3812689920121777,1.2169403564902348
1043,Cullman,Alabama,-0.07557178127363465,0.010514319240448605,0.3838281026033455,-0.20083978472916286,-0.2777862758339922,0.6833619642607907,-0.594326179869734,-0.21422651507250245,-0.36792577918227604,-0.32633884008346165,-0.3803177046202531,-0.39533375371457685,-0.3311970571617385,0.30976514115429227,-0.8954287718820013,-0.3945385827702343,-0.5138475989230513,-0.35913112052875085,-0.4031012463779814,-0.1308991153158436,-0.10395640847207789,0.21495314213185346,0.4540739833689446,-0.7574542058697681,1.8634965396061698,-0.3966829186173593,0.6013377565329041,0.08303723933582083,0.49654486675044907,-0.3360099847056976,-0.5471908438194154,-0.38229955699526236,-0.11953441098647294,-0.22390643153675435,-0.08602139992103093,0.13889722787530331,0.09739514809934904,-0.1546560998722034,-0.17783132844172908,0.8967034888290549,0.8615325313653853,0.7057514247659,0.808029830913288,2.30472682998942,0.5278388780151655,0.17199064328934943,0.7532018649173436,0.8545157334562827,1.476494752458392,-0.442196889432472,0.04750660025410388,0.6051264205596165,-0.588328603623195,0.762951507703092,-0.00654564201618234,-0.04767517527929807,0.6169972237794679,0.5484545354887558
1045,Dale,Alabama,-0.1768960524813471,0.4674921404480262,0.14749455593748398,-0.5041463380999774,-0.36300940777970697,-0.6475914734888067,0.7904663252454452,-0.16798814552743613,0.06862329181341768,0.5645708554952907,-0.19802470407222972,0.6199707225783005,-0.7277465978093721,0.03524179305399396,-0.46737318194810806,1.421308772617074,-0.23829024201255455,-0.8920522270234167,-0.3007650300496227,-0.15301704279504474,-0.17184125328605512,-0.07499442626886697,0.12420440951331607,-0.38275931230927435,-0.14959895106916013,-0.376865896073905,-0.7586966449872917,1.5331082554428994,1.4013349263002128,0.06399154368049872,0.6990980140178266,-0.3097825207847842,-0.2013217133577205,-0.3679791021143884,-0.08602139992103093,-0.07572660663765282,-0.4445658087022111,0.46490984837418914,-0.32111729476760564,1.4464105334865651,1.380639963010858,1.2795227634354809,1.4251039072037504,0.48015355315113956,-0.6679571252537553,-0.25971448750211884,-0.2703187609880971,1.429490421706163,-0.12596785639724378,0.7255416852711645,0.9063797258207039,0.36520561336800217,-1.1836635022878363,1.3072762729445448,-0.17685635741922334,-0.052600896189829834,0.03119889275874924,0.14639422285743178
1047,Dallas,Alabama,-0.2119711904158934,0.2783097078896545,-0.4232072774111207,-0.04563667611591313,-1.7484923844711002,-3.7033857186519485,4.098458738476739,-0.3403201870977523,-0.48472068051474326,-0.5044392589827573,-0.6192666754910948,1.979446207784018,-1.4887208418148534,-0.14123750215334038,1.2448491777874646,1.5146976284850926,0.8346214682204529,-0.2347676031381881,0.917919580194434,-0.22275851165376734,-0.3563008132816795,-0.42748152150152385,-0.2475874997793667,-0.6569138169041199,0.4871287418101403,-0.38886908029564843,-0.3991963640808969,0.9158117156175616,0.5860920664216038,-0.16783077204597258,1.9483148146714886,0.05082402282904078,-0.1184605336135743,-0.23719971490167638,-0.08602139992103093,-0.36829535476359615,-0.42639571608235627,0.5735560487960887,8.84092894926604e-05,1.3109754645129752,1.295887729272822,1.2139488961589564,1.2994036324038418,1.0096532541049388,-0.06583369604590655,-0.32271008598671075,-0.5499271525261749,1.3183842017544942,0.21063672122286098,1.447695803837887,2.624125976953904,0.845047227751231,-1.7789984009524775,1.579438655565271,-0.19553438972386455,-0.0630599335364694,1.0261124605073355,0.6146572375686123
1049,De Kalb,Alabama,-0.111464050427598,0.3549162574703842,0.2666181272598505,-0.45975799109771304,-0.13420308401146777,0.5401331566680905,-0.5560049194462601,0.09404915715910375,-0.4447286118347223,1.9550822671837724,0.38033529485444234,0.6371792730239426,-0.7856124906198195,1.3490321018197062,-0.7527435752373701,0.010054100962921636,-0.6656428736783084,-0.7458498931476555,-0.48082754623987045,-0.16921686627251106,-0.23318176520506187,-0.12843398796367272,0.7837450308492719,-0.682794852284431,2.0806098147098466,-0.35344402821729737,0.6344893805536146,-0.25978381798202765,0.7155718160375522,-0.2903960053154378,-0.6137731395400206,-0.3882773842059171,-0.12101876207589693,-0.38880143683382756,-0.08602139992103093,0.06369490674832731,0.26914710155795185,-0.2891696297430616,-0.16010860731837456,0.7453348823291609,0.7132161223238221,0.27952128746849575,0.6594749606952129,2.1793541048265563,0.4581193230542567,-0.19671888901752693,0.6454628516641394,0.6545245375432828,1.246679382209416,-0.3961019456941705,0.9063797258207039,1.0849680349428452,-1.481330951620157,1.0351138903238184,-0.0898668843210547,-0.05167714336545375,0.8878947028112334,1.3283546599904814
1051,Elmore,Alabama,-0.08306654396355649,0.18305346795412186,1.2877383239665705,-0.8099599494949639,-0.7833179805052869,-0.5786825658549078,0.7672148620763767,-0.2640534763778921,-0.2677712558814823,-0.033528144946388366,-0.4753733809477933,-0.5330021572797127,0.45222338725775996,-0.5726313348823804,-0.8954287718820013,-0.2039122954739101,-0.17067710447084844,-0.7169550249280984,0.891410967342751,-0.21911379030578085,-0.22418067668924954,-0.16010712756098144,0.6138321031195818,-0.6674535346518992,0.2565190106111656,-0.2930208126015087,0.3712291262498797,0.5284642222331765,0.979090602771487,-0.16654835848773689,0.04340599938571881,-0.2743863106034177,-0.061669062501470646,0.0639334433114012,-0.08602139992103093,-0.0012607761030690155,-0.541120785464029,0.5266332709388601,-0.250673201563012,1.247241314407757,1.2217295247520399,1.0664076947867775,1.219412548440263,1.0389958068026306,-0.15245496130036904,-0.016996152164426296,-0.1317971725196918,1.232276881291953,0.40360669243735464,0.46945866450282314,0.47694316303740386,-0.1146360010152266,-0.8859960529555155,0.2186267424616392,-0.05690895357108161,-0.04503384570888441,-0.14813773433252564,0.022062318951359114
1053,Escambia,Alabama,-0.2136200967833909,0.12747615244257382,0.5217898610915547,-0.37730183871282813,0.11345883561308347,-1.4150683394597678,1.4676623838331173,0.26919178432846286,-0.46822225675596363,-0.15978860848686452,-0.5154154189065301,1.0329759332737083,-0.893038495659381,0.46663562578303364,-0.1820027886588462,0.4037738974260219,-0.7059039776892152,-0.9412615476037531,-0.5696246195881879,-0.24552959629750676,-0.3611534887055978,-0.3644616042150239,-0.2957472902979383,-0.4811053180498779,-0.4631809100652394,-0.2731565034364934,-0.8144423139230654,2.5328880751587617,-0.15526748453030925,-0.055027691510041964,1.5209562986899803,-0.12392397549266312,0.10281075771345881,-0.3804385229281257,-0.08602139992103093,-0.36597347998301566,-0.6832908545142502,0.8223124491423011,-0.030494454430514316,1.5579452961706974,1.3912339922281118,1.2139488961589564,1.4251039072037504,0.626866316639598,0.6609398465769003,0.34059650982163964,-0.20362318135516116,1.4600446321928706,0.5541107800188857,0.4079987395184212,1.7652528513873038,1.0849680349428452,-1.481330951620157,1.3072762729445448,-0.21056290669844058,-0.0628460314824966,0.6420539773981261,0.4757930332059864
1055,Etowah,Alabama,-0.021389245219100007,-0.13083989710063348,0.3764300895072146,-0.06692854219009807,-0.7455321564798536,-0.25312301074106835,0.40821203526134153,-0.23074094539033604,-0.32075822938265375,0.5852616668182894,-0.4049510281027759,0.7404305756977946,-0.8700431527275899,0.17250346710414313,-0.32468798530347687,-0.12095484871610078,-0.5122840530338651,-0.6069856213351875,-0.21261264722076692,0.04086101464460412,0.07904821498471586,0.7013144245269043,1.2302745176616765,-0.7261062309729182,0.8155380519057747,-0.36476445831320814,0.736160573457881,-0.0465896062979355,0.8264843831438103,-0.27598741317281095,-0.4203451857785804,-0.3281013084985295,-0.13139476036036715,-0.2000873710201839,-0.08602139992103093,0.6086666343753198,-0.3459241110641919,0.07353326867381774,-0.331356261803157,0.9126370263553591,0.9780668527551853,0.7057514247659,0.8880209148768669,2.2487092293847364,0.2764259373985547,0.21460531285245582,0.6531584954679396,0.9100688434321172,1.3659585553549443,0.1928890020730145,0.47694316303740386,0.845047227751231,-1.1836635022878363,1.0351138903238184,0.1133830463687283,-0.03189934351752877,1.5643669762919947,1.2750695583164502
1057,Fayette,Alabama,-0.2731652395144581,-0.3782761016204666,-0.1081878940224977,0.4023779204041623,-0.6147493146931444,0.058779005038130744,0.1405258608783253,-0.2979591514696641,-0.46253740893091705,-0.6419262239750719,-0.5544862535151356,0.43067666767623897,-0.7900742735767342,0.03524179305399396,-0.46737318194810806,-0.7002320252980824,-0.31775671221141283,-0.3698071587955156,0.4478088377724525,-0.2682833712474976,-0.4097685177369253,-0.5107203261991191,-0.010881696030561126,-0.7883534331708593,-0.2679204511251932,-0.2978602153339074,0.43013789655528617,0.9703506578508133,1.9410169986749417,-0.0540704847600746,0.4017410486984517,-0.2556117576261026,-0.15061331056723004,-0.40643661503654194,-0.08602139992103093,-0.35808527964867526,-0.8974627802401017,1.027129282268417,-0.2712702799778012,0.9843379452237305,0.9568787943206767,0.8205056924998143,0.8994482125859489,2.4487720886871793,1.7236348812840858,0.7963881929748634,1.3765490130251683,0.9517336759139925,2.259615606513328,-0.40634526652490416,0.47694316303740386,1.0849680349428452,-1.1836635022878363,1.579438655565271,-0.29064637386433206,-0.0654713427043111,1.943065015450915,1.2217844566424196
1059,Franklin,Alabama,-0.22905772638033423,0.4763076664030451,0.3148102726457468,-0.5955940811791381,0.12516551790048724,0.4427234926661439,-0.37136248502698166,-0.07230820612999574,-0.5127543684365556,0.1973957613504326,0.5821851926536555,0.2757997136654609,-0.7446327302309261,0.7019413527261464,-0.7527435752373701,0.09769740999333544,-1.0946689841730854,-0.998493396838542,-1.1975784823743436,-0.22527918885364456,-0.3118227419962867,-0.26048856975358137,-0.14710699032404603,-0.7458107846663512,0.8163010710280345,-0.3523820837942436,1.0351683898522726,0.445026974275473,0.3521455362902816,-0.18389843908284734,-0.36411972372722995,-0.33588852849067397,-0.049177555817367616,-0.26545782791157696,-0.08602139992103093,-0.27065272180901795,-0.3649804615195691,0.47169131901071076,-0.25835801173078576,0.7851687261449225,0.7555922391928401,0.5746036902128511,0.6937568538224614,2.2860542964545254,0.7686882496983047,1.0316952814320155,0.8352887321578804,0.7378542025070317,1.8486957325355384,-0.5241434560783412,0.9063797258207039,0.6051264205596165,-1.1836635022878363,0.762951507703092,-0.2500338186528377,-0.06074518677818569,0.5653528702797382,0.8762386457865825
1061,Geneva,Alabama,-0.24396817454539563,-0.4278903058338221,0.2871187073949437,0.2512168855208085,-0.5520971549368136,0.16911716726522086,-0.023207975785493412,-0.14202330740405422,-0.4894601543638369,-0.22794184760914568,-0.40265881995151537,0.2757997136654609,-0.8671601545092757,0.5450708680974046,-0.6100583785927393,-0.05195231857538239,-0.796089108437507,-0.4930025241912243,-1.1162026490340877,-0.2589712951719153,-0.373063991249317,-0.31213499274846407,0.06407396556946429,0.14048252545613568,0.08447950618778603,-0.42969471630744177,-0.8197975693493988,1.3488387769886492,-0.41960939009051273,-0.12444469131059462,1.3090868136490657,-0.2475206133383141,-0.2432560044564068,-0.3400609060156226,-0.08602139992103093,-0.25637343362610127,0.17654836086236222,-0.06095917351769086,-0.3088454273679047,1.5101446835917833,1.3912339922281118,1.3123096970737407,1.4936676934582471,0.6548751169419397,-0.36372633996978965,0.005237588477194244,-0.3677969158362345,1.4767105651856196,0.11134149331637361,-0.0017340937109248996,0.47694316303740386,1.0849680349428452,-1.1836635022878363,1.8516010381859975,-0.24892960632220257,-0.06139677737077517,1.8524341744084587,1.5269627662300507
1063,Greene,Alabama,-0.2971549234508199,-0.21052791184871553,-1.248489874199132,0.8157252042512034,-1.2845154729131738,-4.282454675850703,4.721179558054259,-0.32758429475347656,-0.5455649350777599,-0.7398837251581811,-0.5790042095713205,2.9603335831856117,-1.8549302583554672,-0.04319344926037889,1.3875343744320952,0.5538531640950105,2.003708753489348,3.0421348684341214,0.4398259275968425,-0.276214828820171,-0.4328369422175238,-0.5523934050375708,-0.5084634992188837,-0.7895180770174673,0.4785894164959603,-0.36003748852046424,-0.534236164794091,0.47506565116495963,1.3475652376141694,-0.21034091822211323,2.7944993840669348,0.15343768080176687,-0.24450490125232321,-0.14656381129257517,-0.08602139992103093,-0.5165345557133736,-0.5608251598461302,0.7682509028132014,-0.24854349641961718,1.1038394766710153,1.1051952033622392,1.0008338275102553,1.0708576782221886,1.3897726867795808,0.3693853440131,0.5221720583948752,1.2021144201390281,1.1045047283475349,1.2285689318365343,1.242829387223214,4.341872228087103,1.8047304565176885,-2.374333299617119,2.3959258034274504,-0.33341120734740337,-0.06831854760681902,1.21113009298397,0.4531872324957914
1065,Hale,Alabama,-0.27800066475910873,0.21515921495000517,-0.46869023436444357,0.035193962527382876,-1.1806234767376615,-2.8775520080332844,3.2246778428308236,-0.34547504481067887,-0.5494067860314206,-0.537587147057185,-0.5996392639407099,1.0329759332737083,-1.0280589122170918,-0.04319344926037889,0.10336760463041615,-0.522661079730361,0.5523232947299506,1.292340676119285,-0.1827270245268022,-0.2748884875178996,-0.4057513831537554,-0.5626385137614306,-0.3096872032814842,-0.7701113666678647,1.062188739252628,-0.3541633242494175,-0.33727150979255305,0.4368484814737202,1.4337128419380845,-0.22866385159692967,1.5048340190666634,0.013421610743400921,-0.2283916736607522,-0.11056584122313035,-0.08602139992103093,-0.4575096428268445,-0.2776470037941555,0.4674561780864805,-0.2512838163244048,1.1516400892499288,1.136977291014004,0.9844403606911231,1.0594303805131067,1.1617010271747954,-0.14822953372698072,0.750067899971487,0.5300281946071346,1.1239483168390765,0.8819723815969085,1.601345616298892,2.194689414170604,1.3248888421344598,-1.481330951620157,1.0351138903238184,-0.3012954724428299,-0.0662192708386963,0.9446215365661433,0.3143230281331655
1067,Henry,Alabama,-0.2705205459978503,-0.8005671299106031,0.020876450674728323,0.727150152523064,-0.7927057757271962,-0.8482523903378837,1.091014678924608,-0.2837654500978281,-0.4621634453793103,-0.39575011262585214,-0.5087816689414568,0.46509376856752255,-0.48907553102179685,0.13328584594695764,-0.1106601903365306,-1.4474327884129081,-1.3087162427747696,-1.1579775626758697,-0.30130600823617165,-0.2659924517626561,-0.378281437118335,-0.3145814787153828,-0.3556361645724363,-0.05498238962609817,-0.2680473032622324,-0.33532388811948977,-0.69039304252267,1.4579553898441358,1.3520864576566132,0.028978116377343033,0.24591349266292917,-0.3513363962616705,-0.16762617327566418,-0.30853881070776396,-0.08602139992103093,-0.37456742541551896,-0.17542438688951234,0.3322643291613323,-0.3167238470941691,1.4384437647234125,1.4018280214453671,1.2631292966163485,1.4022493117855863,0.6908864316163799,-0.7735928145884655,-0.25971448750211884,-0.3472751990261003,1.4239351107085785,-0.07725698987708018,0.3926337582723207,0.9063797258207039,0.6051264205596165,-0.8859960529555155,0.4907891250823656,-0.28619209361532943,-0.06455704532931315,1.1677673153444719,0.4531872324957914
1069,Houston,Alabama,-0.010804613581203349,0.11719340032151225,0.5064198188359859,-0.3601739869517577,-1.0093291755417306,-1.00307529294258,1.2073998214095625,-0.2422219593069302,-0.16934669275182582,0.021328263866628124,-0.45574157848792546,0.8436818783716448,-0.3832969535355577,0.29015633057569956,-0.5387157802704237,0.7279027095982977,-0.09910531093198441,-0.7324909999781368,0.2341897443074424,0.006754069074973352,0.05372993663255974,0.3893070774670075,0.34250993753127174,0.4696009200426111,-0.1922621340011484,-0.38836720280864817,-0.8092853493023036,0.5481402366764023,-0.29793833733365965,-0.18832354567111353,1.2845130274788943,-0.24271458240792992,-0.23689058025635842,-0.38448397988214017,-0.08602139992103093,0.24477016631271642,0.375385325363184,-0.4706327954796416,-0.3069018852615201,1.542011758644393,1.4759862259661476,1.345096630712003,1.5279495865854948,0.994981977756093,-0.6869715493340031,0.08676130416313665,-0.583274942342643,1.523930708665078,0.15006038721701623,1.0994228955929428,0.9063797258207039,0.36520561336800217,-1.1836635022878363,0.762951507703092,0.07220902726030079,-0.032801068577608304,0.5141816343179242,0.5936661369091458
1071,Jackson,Alabama,-0.1697088122933564,-0.47515439158988504,0.34993386244418706,0.2634773203239967,-0.4116097777098156,0.48997539204267726,-0.4318779918699683,0.08650512932404535,-0.4283162436395386,-0.20933181403154644,-0.4816841156492188,0.03488000742647284,-0.7825235639573401,0.38820038346866326,-0.32468798530347687,-0.4837554443555798,-0.5458378156653582,-0.22706840626995461,-0.6540045605800195,-0.2105729781501786,-0.3355198280447328,-0.3664887491247613,-0.26779174817576457,-0.5792054389808653,0.6629882171264168,-0.4236611957231865,1.6968411941898824,-0.411204374089183,0.1413870232295656,-0.3449578868570792,-0.33895289302660137,-0.2646664194860021,-0.16481444512106616,-0.07062544310355794,-0.08602139992103093,-0.344014196860613,-0.2703083324755187,0.4113216538423168,0.09932075453731676,0.7055010385133993,0.6814340346720589,0.32870168792588794,0.6480476629861301,2.055315132059041,0.6355872811365699,-0.32085727426657573,0.8635060927718147,0.6378586045505321,1.2522998668078955,-0.47292685192467293,0.47694316303740386,0.845047227751231,-0.8859960529555155,1.3072762729445448,-0.12986182924592268,-0.06130729498775056,0.7769657122862537,0.41443443127831464
1073,Jefferson,Alabama,1.6079089017980834,0.4434942304238333,0.5594943982206959,-0.6872206962668189,-1.2614113133937956,-2.054154909083872,2.2682457147543587,-0.3232195995198614,0.06718702732608195,-0.43003725849379587,-0.40895318907330264,0.2930082641111029,-0.10948076561043905,-0.21967274446771134,-0.6814009769150549,1.0988057147406058,0.7311270829765659,0.08204745204861462,0.7448175459486858,0.5988792578400669,1.159600585874711,1.8353563136905473,2.282580299717786,-0.8221316339949449,-0.49216128362252765,-0.3420597464145212,0.5615538648318835,0.6044205520339221,0.9497978755388939,-0.26898396168128424,-0.5356000718916455,-0.3969163096085113,0.5586845172065594,-0.3299526026638555,-0.08602139992103093,1.7271323786689257,-1.0321872216507633,0.2578542035865244,0.09693786766358839,1.0241717890394921,1.0416310280587127,0.8860795597763388,0.9794392965495278,1.6218456035704143,-0.11442611313987339,-0.10222549129063907,0.09907214159431747,1.0183974078849922,0.7152313385086573,2.5334878118956543,0.9063797258207039,-0.5944776153984553,-0.588328603623195,0.2186267424616392,2.0826802339351222,0.05169856907150778,0.006733159602063776,0.4354255319377812
1075,Lamar,Alabama,-0.28047841748895397,-0.5285224973395191,-0.07208452471094796,0.5228169020269857,-0.48779737637830856,0.17672597032826676,0.03841952735807292,-0.2902580064169201,-0.581478511322053,-0.49006518062534526,-0.5652533125605741,0.13813131010032487,-0.8948232088421469,0.01563298247540123,-0.5387157802704237,-0.5005828912806395,-1.1784951902016785,-1.6010513877279517,-0.03880415734270571,-0.27048519020908396,-0.407166716846666,-0.4583366900502647,-0.00755885392611502,-0.7932672759001355,-0.279483658191712,-0.2889816500971262,0.15566310853500653,0.6177061835087245,2.244908622851392,0.010182487891115059,1.124274049229827,-0.14039861475284046,-0.23296580770202355,-0.40843269975445745,-0.08602139992103093,-0.33884024219315073,-0.9075332501221615,1.0286112886302519,-0.2888813032789496,0.9684044076974256,0.9462847651034221,0.8860795597763388,0.9108755102950309,2.1793541048265563,1.6074356230159044,0.7778600757735132,1.402201159037836,0.9572889869115755,2.0991195463122767,-0.26806043530999984,0.9063797258207039,1.0849680349428452,-0.8859960529555155,1.579438655565271,-0.3045893939715041,-0.06612214847780827,0.5187599429485954,-0.1765457872882102
1077,Lauderdale,Alabama,-0.04932693232311114,0.10869897796310665,-0.5037096195248029,0.15071398678730275,-0.9355420402194831,0.13720088730269264,0.017442385106799633,-0.2695382477997322,-0.3165750896860136,-0.3499026382938739,-0.4966485486844058,0.20696551188289292,-0.5171504422429986,0.01563298247540123,-0.32468798530347687,0.4272983447659981,-0.35499432846777823,-0.48807932109895075,-0.37169551777723747,-0.1632635250189159,-0.2127084830436155,-0.051446852525640865,0.5949329395575648,-0.3846792337385265,1.4774630974169012,-0.4538481851986717,0.616640399991181,-0.3584002098956535,-0.2890234729657369,-0.33031378883198564,-0.17469868284227197,-0.3118216139384984,-0.21890927316731146,0.16787230086871588,-0.08602139992103093,0.04615533404789698,0.28976461206912807,-0.3016419949280269,-0.2039537257949759,0.7533016510923127,0.7449982099755862,0.6401775574893755,0.6823295561133786,2.1113327326637252,0.4665701782010333,0.6314879498828436,0.8968538825882824,0.7322988915094486,1.5576795299919977,-0.30391205821756767,0.04750660025410388,0.1252848061763878,-0.588328603623195,0.762951507703092,0.036481207952124395,-0.04393940273606464,-0.2498341026287542,-0.5188621980425908
1079,Lawrence,Alabama,-0.2244829630658919,-0.30169493268212494,0.7671327958043661,-0.10409992646876745,-0.6089745294952807,-0.22471248518542541,0.0770819370834062,0.9589951053093388,-0.5114994800725922,-0.3635670667181556,-0.5321344088284812,0.5511365207957325,-0.5439897827992084,0.5842884892545901,-0.46737318194810806,-0.7487589943420958,-0.659663159474503,0.03958669395908208,-1.3372143053509304,-0.2316629955708823,-0.3147018202482308,-0.31061089128056946,-0.14345329975615725,-0.2419114870200289,1.1530556626054487,-0.4606402912665807,0.5839397319600641,-0.20764569140296912,-0.10867634133072501,-0.39293019307919047,0.40228640491939044,-0.11896659858785773,-0.19570529427017974,-0.13036935470477412,-0.08602139992103093,-0.2891071433197389,0.28354793957918767,-0.15085418491424887,-0.20607598441689012,0.7851687261449225,0.7238101515410768,0.5582102233937212,0.6937568538224614,2.1900241239893528,0.6862924120172309,0.23498624177394134,0.9892016082338864,0.7267435805118664,1.5483120556611976,-0.4831701727554066,0.47694316303740386,1.3248888421344598,-0.8859960529555155,1.3072762729445448,-0.2271260916579671,-0.061282857488729636,0.8861080297696547,0.7551361419819668
1081,Lee,Alabama,0.16099795749766163,1.8646249191094446,-0.23470702302962498,-1.6009546000413057,-0.41422631697752227,-0.9019584860160139,0.8852799309897312,-0.3051224610768052,0.9672535827066409,-0.1560854500764036,-0.4361625035868039,0.1725484109916089,-0.10721555272462083,-0.21967274446771134,-0.7527435752373701,1.2339140002850153,0.8666566760741065,-0.07324923663399228,1.0358652987161214,0.028085300848431534,0.16352749015209284,0.6965730514376376,0.6377717364629069,-0.7876065157922204,-0.0002512587094076551,-0.17717778531661488,0.18241298532239483,1.0975118884063175,1.0443109959485657,-0.1579267268866089,-0.13148308779547752,-0.36599145270237526,0.009077907556775212,-0.2822019124770389,-0.08602139992103093,0.4683463342264127,-0.7756111088942345,0.551864846286918,-0.2813901026696662,1.1914739330656905,1.136977291014004,0.8696860929572088,1.1051395713494363,0.8562717286397326,-0.023579420312022578,0.13493440888664843,-0.17284060613996013,1.129503627836661,0.3973617095501541,0.21849730414984864,0.47694316303740386,-0.5944776153984553,-1.1836635022878363,0.4907891250823656,0.08072456303045285,-0.014992418580084993,-1.546216035679919,-1.1469805177758645
1083,Limestone,Alabama,-0.031209463780767825,-0.04761609823730284,1.9012114060868417,-0.9029689305045445,-0.026773381093235918,-0.20259691047451936,0.29446490663425834,-0.16554362722171048,0.06390203207138212,0.19548102864472414,-0.255485591597357,-0.4297508546058609,0.6182703560697084,-0.04319344926037889,-0.8240861735596857,-0.7438243006201435,-0.7938612071568314,-0.8780563834699525,0.02684772310697009,-0.13141043009751244,-0.036246896554148825,0.06019677830720525,0.41065286421876757,0.1295940440163309,1.3054790023901603,-0.4778138972006439,0.0915445011258845,-0.5061864970478226,-0.4297814095735791,-0.41314631078082575,0.1907519480202024,-0.2304125692762262,-0.21079097321665288,0.11567742219629125,-0.08602139992103093,0.09405444350811591,0.7183109817843304,-0.7389633642888579,-0.28777921809985024,0.8011022636712268,0.7873743268446042,0.6893579579467677,0.7737479377860395,2.4634433650360252,0.4602320368409508,0.17013783156921441,0.8455495905629472,0.7906296569840746,1.5526835436822375,-0.24245213323316572,0.04750660025410388,0.1252848061763878,-0.8859960529555155,0.2186267424616392,-0.03774431922243172,-0.036812092611054524,0.05723481179901593,0.8778533458373105
1085,Lowndes,Alabama,-0.29242493449254564,-0.10496027443503683,-0.01615059960143345,0.10474115072941366,-1.3841079627497583,-3.8196263076764696,4.199746873372292,-0.32038455017524553,-0.48284817455907697,-0.5913079489082247,-0.5684230024661715,2.08269751045787,-1.495859694545917,-0.2000639338891186,1.4588769727544109,-0.3245140707277925,1.5991554037103448,2.704304082454564,0.23088692311698908,-0.2763571248226542,-0.4401209156886182,-0.5534570190893735,-0.49334095394697586,-0.7435948199434214,1.2060175917536193,-0.4258232121032597,-0.07012507992175848,1.0565893301092948,0.36470705114597063,-0.13718021839765832,0.8807979912299038,-0.15317395711226725,-0.1798964161255228,-0.3096770262551557,-0.08602139992103093,-0.5149988428054079,-0.18645776943387163,0.4036200731810468,-0.20001451593184372,1.3587760770918893,1.327669816924585,1.1975554293398263,1.3565401209492551,0.8549379762443827,0.00811128648839059,-0.15780984289469058,-0.3729273450387679,1.3544937232387864,0.25872308945430417,2.221066526558278,3.0535625397372037,1.3248888421344598,-2.0766658502847983,1.579438655565271,-0.3227059623792122,-0.06808369490166966,3.899833236418865,2.875237308588106
1087,Macon,Alabama,-0.2679930039105496,0.810750971546465,-1.939127354272357,0.21879036049412456,-2.0647125921747764,-4.341793936562702,4.76994883964647,-0.2986114285359433,-0.3683505080117594,-0.4835282653509672,-0.5657363540065514,2.5473283724902034,-1.4717660665785777,-0.21967274446771134,0.3173953995973624,0.7554906589429181,0.30611694007369195,0.6554828398789104,-0.45101347389250307,-0.26819953097975785,-0.3845084360202726,-0.33875575815859227,-0.36457215871150306,-0.7074567526827787,0.044506432265039995,-0.3729424859712841,-0.44536944848705984,1.1230730890181073,2.137194937228674,-0.08915955253760972,1.3472101652137083,-0.25402310408359746,0.026122218141696546,-0.3378234685017501,-0.08602139992103093,-0.38765143041147193,-0.6764414382546345,0.8250123870195111,-0.2832964121686488,1.2870751582235185,1.2429175831865493,1.0172272943293854,1.219412548440263,0.9002855576862703,-0.006677710018468913,0.023765705678544746,-0.5499271525261749,1.2433875032871191,0.29369499362262685,2.2774047911273128,3.0535625397372037,0.6051264205596165,-2.0766658502847983,0.4907891250823656,-0.28935500690138594,-0.06472620605975395,-0.3365962830958558,-0.8466463083404177
1089,Madison,Alabama,0.7712602542584842,0.3270725146737166,1.1074813297692097,-0.8528707544556543,-0.5168303137329092,-0.966287690809224,1.047007980623262,-0.1713361050133503,0.5473959434011405,-0.0125383411210286,-0.32927348954773117,-0.5157936068340706,0.8846044771901547,-0.5138049031466021,-0.8954287718820013,0.5886773643782554,-0.358336635386193,-1.1586692104950722,0.2829863516783893,0.2653248452958025,0.796292012878522,1.555400611461779,1.4362567980964265,-0.1839301080342378,0.74167125528119,-0.47924217203567426,0.4046443395512119,-0.44764137972789697,-0.3635052827774663,-0.42274464472033185,0.1756697483683141,-0.27666958199471103,-0.13157029332377224,-0.34749185488527135,-0.08602139992103093,1.221134459975169,0.1544926949375007,-0.6774049140300767,-0.1347606481990895,0.77720195738177,0.7873743268446042,0.6073906238511133,0.7394660446587918,2.4621096126406754,0.5510787296688017,0.038588199439625215,0.6531584954679396,0.7600754464973662,1.4877357216553524,0.4079987395184212,0.04750660025410388,-1.0743192297816841,-0.29066115429087425,-0.0535356401590872,0.8603546148485275,0.025099614531281657,0.012499010337202198,0.9505148481200798
1091,Marengo,Alabama,-0.2656646192530709,0.052191647803256656,-0.24770687312464643,0.07527922527869668,-1.4422803609536154,-2.485032338935008,2.805857892122589,-0.3277634157937245,-0.5209722564931402,0.09704065325228188,-0.5010181586331449,1.772943602436314,-1.1589607598914968,-0.14123750215334038,-0.1820027886588462,0.017112273597932888,0.023208765397099273,0.647225931239692,-0.7809064412606993,-0.26004538354420875,-0.40389807639017555,-0.5508499550133498,-0.4711223275248864,-0.7758401441822632,0.4215176752449102,-0.3344382073829402,-0.6475247398317147,1.2696032095856251,1.426496231145138,-0.02820624411029517,1.7241410373000745,-0.1241815710755089,-0.11528285383076008,-0.3310006072520434,-0.08602139992103093,-0.49374612278543206,-0.5731816137834109,0.7704255904256105,-0.008281480854478017,1.295041926986671,1.2005414663175304,1.0172272943293854,1.11656686905852,0.5668474588488652,-0.5390815842654088,0.07749724556246157,0.2606806614741241,1.2100556373016191,0.19564876229357978,-0.08368066035679413,1.7652528513873038,0.845047227751231,-1.481330951620157,1.0351138903238184,-0.2747943765075875,-0.06687366041395727,0.9046695637203359,0.08665032098048785
1093,Marion,Alabama,-0.23389900919645024,-0.5033846921553539,0.3468139941643606,0.29103909877370127,-0.3687119028477033,0.5655808546461463,-0.42217565626562,-0.2736937606010933,-0.5265665533736332,-0.4336780174355878,-0.5086589124482819,0.41346811723059507,-0.7582926503605573,0.09406822478977217,-0.1820027886588462,-0.4381904037374738,-0.5768023732397123,-0.3708157432937477,-0.5249261795135947,-0.2103807462897709,-0.2777584212556381,-0.22533667605084198,0.006234975986112918,-0.778561367502975,0.1265741225850452,-0.2374142774785255,0.7019453496512489,0.9218615398886496,1.0451843871293742,-0.0571926881330166,-0.2513821509387698,-0.3634898877170259,-0.03658851044274321,-0.3868205676852754,-0.08602139992103093,-0.20343664445248955,-0.7093184700838415,0.777444547544822,-0.18630546988642543,0.8568696450132933,0.8085623852791127,0.6237840906702457,0.7623206400769567,2.3527419162220062,1.2905285550117733,0.9761109298279644,0.9763755352275523,0.8017402789792415,2.049784181503393,-0.2373304728177989,0.47694316303740386,0.845047227751231,-0.8859960529555155,1.579438655565271,-0.23685813253814086,-0.06253052647770621,0.43470018043038844,0.09472382123412902
1095,Marshall,Alabama,-0.037479994034430454,0.5468878535255268,0.069001844641131,-0.5382013201035569,-0.33395474371964573,0.5236860330507239,-0.44597420858947995,-0.13528393254010793,-0.35922133787446153,0.574901091678737,0.35748504252670815,0.20696551188289292,-0.4673844015697193,0.7019413527261464,-0.9667713702043169,0.1768188578114496,-0.2139140388581837,-0.30606044245854086,-0.1296175730971427,-0.04482433177855879,-0.09660976218646242,0.23850281464605613,0.7803319133694013,-0.7239555239547221,1.695898449167818,-0.4220465899794969,0.6546967340470999,-0.3838174236414179,0.33736269368091937,-0.3507028896122289,-0.5310426104532141,-0.34025258601810204,-0.12661669272797332,0.35364459248138896,-0.08602139992103093,0.25615074974429247,0.05454321653884757,-0.16361675447292529,-0.2758871232956498,0.8329693387238359,0.8615325313653853,0.6073906238511133,0.81945712862237,2.0753214179892856,0.4285413300405377,-0.2671257343826589,0.8019409423414121,0.8184062119719914,1.203589000287732,-0.11441062284899507,0.47694316303740386,0.36520561336800217,-1.481330951620157,1.0351138903238184,0.012431837700156514,-0.038404066138334594,0.6402005076323594,0.9876529492868287
1097,Mobile,Alabama,0.8892932480711221,0.5276289932843133,0.2474925399234992,-0.6093500107794925,-1.1412534070362539,-1.6538970353337954,1.7910246237652678,-0.19584382836542952,0.18450795786594923,-0.38052593643630883,-0.485773765907075,0.5511365207957325,-0.4276402118458176,0.17250346710414313,-0.039317592014215016,0.8716266916174107,0.7116209716469236,0.20854715785412323,0.7405074268118492,0.02928577789746296,0.10118645889912764,0.17941508565822417,0.7830790138839706,-0.7267309249080316,-0.40777120515818005,-0.3110789765064561,-0.8253092106120161,1.0663813501249984,-0.3716243938752899,-0.18798698725161847,1.1805051562071442,0.31874438963302576,0.13186081133217767,1.7272138101290893,-0.08602139992103093,0.3115372344242729,-0.9000680290942968,0.7405641111964615,0.4838442307422651,1.597779139986459,1.4442041383143844,1.2959162302546108,1.5050949911673293,0.7255639938954697,0.12219783096987792,1.9191920953767083,0.7865496547338113,1.5211530531662873,1.2142054711959729,1.9188885620516352,0.9063797258207039,0.1252848061763878,-0.588328603623195,0.762951507703092,1.1973639612510065,-0.018291009645755,0.4006922612543982,0.9053032466996903
1099,Monroe,Alabama,-0.2601877899329639,-0.2814038225968959,-0.24534042616347115,0.38143573918137946,-1.1066628131346705,-1.8780865029598028,2.1157224472799196,-0.11179389929759402,-0.46007248655163296,-0.4904941126944498,-0.5818826266453729,1.5148153457516844,-1.0788545951111976,0.2117210882613286,0.816793587853571,0.985025239534998,-0.7816204385816693,0.14945734183201168,-2.081709299872507,-0.2645608453799462,-0.43321461147349577,-0.5508674145933542,-0.40843061725447616,-0.6170903439100776,-0.501981827171446,-0.266066972449359,-0.7110749349716518,2.0636092479859243,1.4689217666313414,-0.012066902390113068,1.3147615718051577,-0.23426530284745645,-0.15535259108673374,-0.3526468428106082,-0.08602139992103093,-0.4864295338658337,-0.8347419961777789,1.0215612563280594,0.030552128665813326,1.5101446835917833,1.3488578753590945,1.2303423629780863,1.345112823240173,0.6682126408954361,0.21304452379772873,-0.2300694999799579,-0.12153631411462448,1.415602144212203,0.26871506207382473,0.05972583127347702,1.7652528513873038,1.0849680349428452,-1.1836635022878363,1.8516010381859975,-0.27758298052902186,-0.06669799729600669,0.26507299244838906,-0.14748118637510246
1101,Montgomery,Alabama,0.3424186609226397,0.7790666863976288,0.3069796976856878,-0.8706203386859036,-1.3893058787767412,-3.176013496478842,3.3520394728907292,-0.3097787014129385,0.6217934942312624,-0.1001253764876925,-0.4374326229760713,0.2241740623285349,-0.2066789912564576,-0.02358463868178615,-0.5387157802704237,1.632371754148546,0.9670802934788777,-0.10255854498907874,0.952534118342914,0.18267410928283875,0.5038205178609585,0.511413611697564,0.4423346629253583,-0.7550036251024232,1.4339773293139872,-0.4136391053564895,-0.3477482015410465,0.3529591905341497,0.046877369968060065,-0.25612384324288345,1.300149181030616,-0.15713567021581662,0.02348178923390545,-0.23776685806204365,-0.08602139992103093,0.48608360102979675,-0.09454285605044425,-0.1179417239102489,-0.14433687482288524,1.3667428458550417,1.3170757877073298,1.131981562063302,1.2994036324038418,0.7989203756396989,0.21515723758442287,-0.10222549129063907,-0.3677969158362345,1.3294948237496618,0.3136789388616683,3.127600420078206,1.335816288604004,-0.1146360010152266,-1.1836635022878363,0.4907891250823656,0.43175179139302833,-0.0116533790109561,-0.17857660008751214,0.3466170291477295
1103,Morgan,Alabama,0.029603843172548782,0.03831848302318016,0.6893311912370778,-0.3786011338076107,-0.3804418757653651,-0.09648605062731724,0.23196492839499905,-0.12336319158723581,-0.3455201990263633,0.016033805075867352,-0.07380614965730249,-0.13720549702994866,-0.09383020385387675,0.19211227768273587,-0.8954287718820013,-0.13802113357439852,-0.46072075180366273,-0.6972752619471597,0.06425438278163362,0.08240745046902201,0.1301031023771304,0.43566153573764677,0.6031782084727113,-0.6680366942142051,1.680513972381504,-0.4452081922523731,0.6233717803711272,-0.27595858058183514,-0.002481328297755075,-0.3884457645227167,0.09488955248068426,-0.28450194583020455,-0.08604521979579134,-0.1828402062856564,-0.08602139992103093,0.370542311833005,0.10264107760171479,-0.2597650987974228,-0.2938853657137791,0.8329693387238359,0.829750443713622,0.6729644911276378,0.7737479377860395,2.312729344361518,0.5151625952950002,-0.0688748803282081,0.6454628516641394,0.8100732454756168,1.3690810467985444,-0.2168438311563316,0.47694316303740386,0.1252848061763878,-1.1836635022878363,0.4907891250823656,0.11242855774394202,-0.029094176324891446,0.6565289512573612,0.934367847612798
1105,Perry,Alabama,-0.2947767494358857,0.8433092066213151,-1.718431629447026,0.07888473641483432,-1.5905081605475209,-3.54303040067709,3.906682660531616,-0.33180159678570575,-0.42909063545216264,-0.5240715635992484,-0.5861830584092945,3.3389216929897336,-1.7950050811033669,0.0548506036325867,1.1021639811428334,-0.026914754275133106,1.9515728915907435,3.0852961236175207,0.4462422493304751,-0.28623512722307143,-0.444284184729717,-0.5478351077555418,-0.4674909984522067,-0.7028843900016172,0.4159692535659646,-0.2632845798374544,-0.33112048788422155,1.2809989107706614,1.7101092754207268,-0.16403757012091102,0.7794165267827188,-0.12900614554599496,-0.21397819616339211,-0.3185436131707725,-0.08602139992103093,-0.5093502438693523,-0.503858098068715,0.709764629562402,-0.20084852633764863,1.2074074705919953,1.1793534078830212,1.0172272943293854,1.127994166767602,1.0550008355468257,-0.304570353942352,0.04229382287989558,-0.31392740920963214,1.1767237713161194,0.3417813618540701,0.9611380643780384,3.482999102520504,1.0849680349428452,-2.374333299617119,1.8516010381859975,-0.3274596900399125,-0.06831139033512139,2.603877052374012,1.6642122705419489
1107,Pickens,Alabama,-0.26253960487630396,-0.4028691476363133,0.8886536453126322,-0.07140960210058812,0.09068318736133071,-1.747487783807621,2.027470497403116,-0.3446826676846513,-0.52991203922288,0.731380514821116,-0.3257626104615104,1.686900850208104,-1.062105748319087,0.11367703536836492,-0.1820027886588462,-0.44920780036166624,-0.5506029987642165,-0.32015782857113734,-0.5308737750068478,-0.2688152578482736,-0.3938294041066394,-0.5229999593533778,-0.2784436505700054,-0.7577032601900191,-0.01620621568958297,-0.29798493798317455,-0.12100116338528687,0.7179341462866292,2.11989804056224,-0.10483554010345393,1.3932315539245392,-0.06156282456405647,-0.21461102491947717,-0.3056209116932654,-0.08602139992103093,-0.43050742462149044,-0.7533869777710231,0.9183227921841455,-0.07754157714368806,1.0560388640921012,1.0522250572759673,1.0336207611485175,1.036575785094941,1.7738933766402711,1.3201065480254923,0.488821447432444,2.192287256228001,1.0711728623620351,1.9192640391609042,0.6845684019482298,1.7652528513873038,0.6051264205596165,-1.1836635022878363,1.3072762729445448,-0.28349706691005055,-0.06620281492692331,0.8514004702826562,0.5968955370106022
1109,Pike,Alabama,-0.22392649377668317,2.2890503096018113,-2.170652023914534,-1.0278348316777954,-0.892632473864209,-1.7323284788949214,1.9087456166950862,-0.21535947986304022,0.12373096001635092,-0.1360926943239514,-0.5281193739572456,1.2566870890670543,-0.9919527916734437,0.32937395173288503,-0.39603058362579246,1.1505059251672605,0.8838671461423945,-0.03881746539216033,1.0979466219663423,-0.21739341950627894,-0.3348831540211557,-0.34280841542174895,-0.29509627343335915,-0.6644565764660266,0.35550810065461924,-0.307489455054936,-0.574144395299023,1.168966239540405,2.208771860809422,0.03838036955962839,0.6565868414744799,-0.33127260217155863,-0.20694839545596602,-0.35533532382554633,-0.08602139992103093,-0.34454607634961915,-0.49337884685593625,0.6284251063038073,-0.23875132067288993,1.3348757708024326,1.2641056416210572,1.0336207611485175,1.3108309301129237,0.5108298582441809,-0.15034224751367486,0.029324140838950127,-0.08818852429815674,1.2906076467665772,0.18315879651917868,1.1916127830695455,1.335816288604004,0.1252848061763878,-1.481330951620157,1.0351138903238184,-0.25693982458511483,-0.06059748959619572,-0.3492953834238795,0.05274161991519531
1111,Randolph,Alabama,-0.25436243511066825,-0.2766331192852157,-0.060904594135632775,0.28518829432141135,-0.5843187006490809,-0.4333547743164915,0.6465264037185313,-0.26459568689766577,-0.45691665434950757,-0.22081408605813294,-0.48647827983130165,0.5167194199044486,-0.8786235045678105,0.09406822478977217,-0.5387157802704237,-0.6246044176953665,-0.8757010989368784,-0.6770120696300257,-0.7033100965612277,-0.2483739258036287,-0.38313368603652814,-0.18968936778662063,-0.05495456563118866,-0.8221341724124146,0.3809551616800532,-0.09786532414219425,0.9071680636551014,1.074946822846428,0.06702221928017134,-0.18914363683422797,-0.5549580550613351,-0.3742884644957649,-0.09820255156952606,-0.17268270827197663,-0.08602139992103093,-0.24746337165562737,-0.6371178123572532,0.7262573422616518,-0.30508493402030223,0.9763711764605781,0.914502677451658,0.5582102233937212,0.8423117240405356,1.5911692984773735,0.04191470707549792,0.28871778165785816,0.30428930969565915,0.8795146329454089,0.9288097532509123,-0.49853515400150705,0.47694316303740386,0.6051264205596165,-1.1836635022878363,0.762951507703092,-0.26719589843575947,-0.06275020827666257,0.769340318258267,0.3805257302130221
1113,Russell,Alabama,-0.15115495467684414,0.6564326711284449,0.7890635421285235,-0.9977262291289575,-0.9682057547520996,-2.1750946207394244,2.454876186979107,-0.198586270377745,-0.11553990707771136,1.0301200050880248,-0.2833913371286793,0.7576391261434348,-0.8272786791559306,-0.10201988099615492,-0.6100583785927393,1.4117719864471645,1.3409033405703938,0.9682918918143886,0.8444450934327232,-0.1742390243160765,-0.1715113165209684,-0.08374873842441315,-0.2511692910895979,-0.686009630948722,-0.2765801064236787,-0.29254944760252355,-0.17488886044239296,1.3390773050489706,1.522201096521471,0.060949852863843634,0.6179051353170646,-0.30484973073276367,-0.13052388804763618,-0.30835034038195763,-0.08602139992103093,-0.18533384111187917,-0.8006108304495425,0.8583853156948448,-0.2579410065278834,1.295041926986671,1.2641056416210572,1.0008338275102553,1.2536944415675104,0.5041610962674327,-0.4292204673573101,0.0997309862040821,-0.4319272808679035,1.2572757807810775,0.03765069524740831,1.2172210851463798,1.7652528513873038,0.36520561336800217,-1.481330951620157,1.0351138903238184,-0.16573937225994792,-0.05215747399006318,0.30204311370456927,0.9763500489317312
1115,St Clair,Alabama,-0.05874883602513481,-0.12115041734193219,1.3513656428926755,-0.5613903254430697,-0.22487601790575593,0.16017730588853213,-0.020344556702168025,-0.28048400467330675,-0.27937806806918075,-0.35922434021804,-0.5267486900445177,-0.5674192581709984,0.6645356131921777,-0.31771679736067504,-0.8240861735596857,-1.0233043828729236,-0.6282068401569054,-0.004551722221179898,-1.0155958811594012,-0.1870042357793712,-0.16519089859930608,-0.10619946452730904,0.6858633100260647,-0.8085037911227329,0.2968188034979868,-0.24233546879573648,1.1182684757107615,0.5130365208038279,0.23430201026930927,-0.24619909384434246,-0.3335280925627117,-0.3531454787354167,0.02550259903085271,-0.14635940018467694,-0.08602139992103093,0.0613635736456858,-0.661767414180651,0.6168914581972845,-0.2532273584307894,0.9763711764605781,0.9992549111896947,0.8041122256806844,0.9337301057131965,1.867256044314745,0.17079024806384438,-0.024407399044966693,0.12472428760698506,0.9656219534079501,0.9469202036237936,-0.10416730201826142,0.04750660025410388,0.6051264205596165,-0.29066115429087425,0.2186267424616392,-0.026421463967614158,-0.04224071736362723,0.46850214101874743,0.8810827459387668
1117,Shelby,Alabama,0.31669220704680007,0.12052819446055475,1.3608343964032685,-0.7887597556782994,-0.7790304199555621,-0.16062759228410117,0.22335568296650712,-0.3009258143156399,0.2653473845977594,-0.32464135468961164,-0.2851338020126684,-1.4278467804530963,1.515569230112614,-0.6118489560395658,-1.1807991651712635,-1.10127241645463,-0.9198340053958861,-0.7728315890223465,-0.2225927923839466,-0.03323718049790683,0.2959942796309758,0.46894653969132954,0.8067028342277143,-0.7796913937781909,-0.04214581432735476,-0.19552723198645808,0.6748889950656468,0.9354620924337619,0.2900357879707443,-0.22907294417122037,-0.29790857084111705,-0.3536400716997857,0.5541317794002206,-0.2345963053348046,-0.08602139992103093,0.46293534972193334,-0.7867743274089899,0.5650540608152552,-0.13718076768021983,1.0480720953289488,1.031036998841458,0.8860795597763388,1.0022938919676934,1.6645256802216022,-0.13977867858020368,-0.24303918202090335,0.06828956637911644,1.0295080298801598,0.6727654548756942,0.0033875667044419265,-0.8113665253124961,-1.3142400369732985,-0.8859960529555155,-0.59786040540054,0.3261965787696051,-0.014626773572934551,-0.11579155832904094,0.864935745431485
1119,Sumter,Alabama,-0.2845142842285836,1.5917255768593368,-2.5619146596917894,-0.19054738621461603,-1.9491209150032853,-3.830356896986894,4.141713116556682,-0.3610453637573259,0.03863916867953448,-0.6128179331369589,-0.6159865771597154,3.769135454130785,-1.8199224228473674,0.2705475199971068,0.6027657928866248,0.9340223999138225,1.8772186479864224,1.4639872847689526,1.6573563353268987,-0.276064467371264,-0.4170248975342949,-0.5203329308141527,-0.6062378457619597,-0.7879038146845396,0.6418364598337446,-0.35990440212817487,-0.6469611584533516,1.0914575865888507,1.4424082309382125,-0.13516193912564023,1.9188175994579866,-0.05283712285153087,-0.1196682216439916,-0.2819518733818851,-0.08602139992103093,-0.5273546659841104,-0.4853689124586977,0.6995621571597922,-0.06008693079362801,1.1675736267762338,1.1475713202312579,1.0500142279676477,1.11656686905852,1.1590335223840962,0.3207929269191332,-0.06702206860807308,1.102071050689624,1.1572801828245762,0.8832213781743492,1.1352745185005104,3.0535625397372037,0.6051264205596165,-2.0766658502847983,1.8516010381859975,-0.3181019584243608,-0.06804234347706703,1.0533917777009854,0.7987330433516284
1121,Talladega,Alabama,-0.08667187920048255,-0.0910998610531655,0.5605889100941357,-0.19525459947611082,-0.8751352686036853,-1.3239387038637935,1.5793457701399225,-0.2660546462056739,-0.3440084527556025,-0.3120866051771881,-0.5302769113140842,0.4995108694588065,-0.5493439223475061,-0.12162869157474956,-0.25334538698116177,0.0395945944055826,0.1610224100500055,0.35878180188576647,-0.06234229126445308,-0.11478173060818027,-0.17089550690742658,-0.11118325793084989,0.7713049899180153,-0.6850402041185334,0.3248952475950295,-0.25472140101983515,0.729282546788249,0.8949625885611204,0.13351973676575324,-0.2385154387064018,-0.3833066757564791,-0.35062139552443927,0.10154386037486306,-0.19713220011297714,-0.08602139992103093,0.09638335123521745,-0.5274978607394758,0.47123259926778016,-0.17378786727787135,1.0241717890394921,1.0098489404069493,0.8532926261380765,0.9680119988404441,1.669860689803001,-0.22006180247458368,0.11640629168529759,0.4325500397589976,1.001731474892243,0.8613639380691471,0.39775541868768755,0.9063797258207039,1.0849680349428452,-1.481330951620157,1.0351138903238184,-0.009745986228701023,-0.048883791412347416,0.6929894588521609,0.4838665334596276
1123,Tallapoosa,Alabama,-0.20268401085757293,-0.5503103902206465,-0.27977579417923076,0.6463235709369637,-0.7174475767522284,-0.9341063685480567,1.1606858815427663,-0.2881315987721647,-0.4087851316966057,-0.2126602528027466,-0.5204057997114323,0.2585911632198189,-0.5918338246602783,0.0548506036325867,-0.5387157802704237,-0.40080830267299344,0.17639606622588302,0.08747794028454366,0.7350755745635951,-0.2462221978308275,-0.3520946393041503,-0.35701083757024005,0.04890785926774806,-0.8130813635113228,-0.3896200463420997,-0.1985232820864368,0.6768352784148283,1.5658490981388387,0.4316438828602072,-0.11781619998339582,-0.4079423978450819,-0.39293767838806776,-0.15693737902559074,0.1284928762841996,-0.08602139992103093,-0.2669669857020354,-0.9768777451264608,1.0649994107841292,-0.1692678287392678,1.0719724016184056,1.031036998841458,0.7877187588615544,0.9908665942586098,1.3937739439656296,-0.04681927196565872,0.10528942136448749,-0.12153631411462448,1.0183974078849938,0.6446630318832924,0.14679405833471307,0.9063797258207039,0.845047227751231,-1.1836635022878363,0.762951507703092,-0.16325021565021117,-0.059870759636433186,0.8070610791464745,0.062429820219564364
1125,Tuscaloosa,Alabama,0.2922456325361406,1.5929063359519637,-0.36406178837280023,-1.2862045834792297,-0.8632094826089276,-1.3397402608683424,1.5183690306873054,-0.31513058812590683,0.018333097902883535,-0.2696464298603445,-0.4170082439207325,0.2930082641111029,-0.2344106884040505,-0.3373256079392697,-0.8240861735596857,0.970179137142771,0.8333099314655417,0.16045374721241448,0.9500480704790941,-0.07470055651497953,-0.01461742627080636,-0.024950338336418267,0.20078237084333564,-0.7916825694382775,-0.35241688966882095,-0.29009725461219726,0.3267438554726109,0.916110818013323,1.6245349592356444,-0.16341417561594826,0.5213265291237094,-0.2765293569011813,0.22706419709681636,-0.2524885073203819,-0.08602139992103093,0.026013756143287665,-0.9389740855150346,0.9016592636752847,0.26649516177231986,1.0879059391447106,1.0840071449277306,0.918866493414601,1.0137211896767755,1.7605558526867753,0.15177582398359654,0.4332370958283925,1.045636329461755,1.0656175513644521,1.269785818892057,0.5923785144716269,0.47694316303740386,-0.1146360010152266,-0.8859960529555155,0.2186267424616392,0.305179113561076,-0.03848523255821869,-0.192166927044584,0.7018510403079355
1127,Walker,Alabama,-0.13487090600315696,-0.058673504673967904,0.08807266173113135,0.010193028916780388,-0.575307201093959,0.38724991637085,-0.24469130054614324,-0.24292546224115505,-0.4256969435916429,-0.1440422626977889,-0.5119940065492293,0.4823023190131645,-0.6679587061867152,0.2705475199971068,-0.32468798530347687,-0.6976131700132303,-0.5782895576169197,-0.44762448791339887,-0.1882337393850097,-0.20803254359066586,-0.22041881202572533,-0.2197793202452483,0.304711822350801,-0.8196655203142019,-0.08603427140232105,-0.20617192530485642,0.5635489237988732,1.1277227996683796,1.4235544041213601,-0.17452734208795156,-0.31907169884795983,-0.36060201984037554,0.5641586563214362,-0.2999343267865881,-0.08602139992103093,-0.10252207265311605,-0.8459927287887866,0.8667539847262513,-0.14043489756715516,0.9604376389342733,0.9568787943206767,0.7713252920424222,0.8880209148768669,1.9872937598962106,0.5489660158821075,0.16643220812894438,0.6788106414806071,0.932290087422451,1.3141251973911798,-0.17587054783339698,0.47694316303740386,1.3248888421344598,-1.1836635022878363,1.579438655565271,-0.04713948176444563,-0.05438429000575647,3.4481825899810943,2.833255107269173
1129,Washington,Alabama,-0.27309494865687384,-0.07598114788124057,0.06218031215849468,0.03903307089915457,-0.46971443959549936,-1.2192960830490447,0.8916075559183144,0.8409764013999704,-0.20348448789582896,0.14417045769715794,-0.5859498680956297,0.7060134748065106,-0.4707478994910857,0.38820038346866326,0.6741083912089404,-1.3615784091644163,-1.398250015385936,-0.7646878387415885,-1.806904653296038,-0.26832417495121885,-0.42441523620048277,-0.5442250892407793,-0.6027322433833906,-0.8033266626130693,-0.5543694145273906,-0.2660671081486442,-0.8168591980687863,1.7543586527771489,1.0642120979421024,0.037040476385159934,2.7710892132722056,-0.010200173835057159,-0.004198539213340074,-0.3477653989060561,-0.08602139992103093,-0.5352120633087212,-1.0418196011420213,1.2439474590394184,0.07077823770293967,1.4464105334865651,1.295887729272822,1.0500142279676477,1.2536944415675104,1.3230850670120997,0.9947486248745848,1.100249315077013,0.9148103847971498,1.3267171682508696,1.507095168605674,-0.40634526652490416,1.335816288604004,1.0849680349428452,-1.481330951620157,1.3072762729445448,-0.2984507220317022,-0.06775278078295748,0.680368892717073,0.30786422793025275
1131,Wilcox,Alabama,-0.29053001012350327,0.3633105969143248,-0.841619883624482,0.08443048817489715,-1.1747051968907531,-3.7056927456328834,4.114427783402207,-0.3423633160073547,-0.5496239451873861,-0.5680678905760562,-0.5989281197576963,3.098001986750748,-1.6971204273101306,-0.04319344926037889,2.529015947589144,0.44955479777442053,-0.5770770687437896,0.42849942150624876,-1.9310208278207839,-0.2803315011532269,-0.4528523560917246,-0.5985640280742359,-0.4830887783095459,-0.7921856216741041,-0.2853114180743036,-0.309744589152002,-0.5252097633607336,1.8085332177516469,1.2902687774898483,0.00208155811245302,1.5803603415393148,-0.14613145573619962,-0.1890843549839338,-0.23248773452191818,-0.08602139992103093,-0.5323827953266149,-0.9091051985342264,1.1136982513348275,-0.06430166195153497,1.398609920907651,1.3064817584900759,1.1811619625206942,1.2879763346947597,0.734900260662917,-0.6404918460267308,-0.3264157094269808,-0.2857100485956978,1.3433831012436201,-0.024799133624596195,0.4336070415952553,3.482999102520504,1.8047304565176885,-2.374333299617119,1.8516010381859975,-0.3181955357405163,-0.06849815931780523,1.690411075304187,0.6824746396991975
1133,Winston,Alabama,-0.2517060264511297,-0.6896264082243121,0.34588941447093324,0.4630804417802151,-0.3797507533697161,0.7065206971309229,-0.6154097963494694,-0.15901447144968903,-0.47911520063546065,0.17994704883299217,-0.46465297973378555,0.37905101633931104,-1.0224302014099071,0.23132989883992133,-0.32468798530347687,-0.9626590350704561,-0.8776540136091698,-0.08120545225871209,-1.7115279449316987,-0.22931755854739688,-0.35981321625782187,-0.3725721832867916,-0.041206434180504334,-0.8175384617068246,0.1030225751347618,-0.33630054570042894,0.8810547982582387,1.2648671676373342,0.8172416035747077,-0.21510973093576255,-0.47904265645431804,-0.38641628958944346,-0.13804129368343426,-0.19555965862260466,-0.08602139992103093,-0.2956289827438642,-0.7583530258397541,0.8649194314943003,-0.2692224865706908,0.8090690324343792,0.7449982099755862,0.509029822936329,0.728038746949709,2.4367683171290326,1.070806321195576,0.41285616690690696,1.1585057719174932,0.7406318580058248,1.8786716503941008,-0.6726716081239792,0.47694316303740386,1.3248888421344598,-0.8859960529555155,1.579438655565271,-0.2620865769736683,-0.06307016145270851,0.41605951089723425,-0.0328374827734
4001,Apache,Arizona,-0.1103686845635766,1.2396441684771984,-0.6796533334529357,-0.8035808500177342,-0.3111635179257392,-4.008453122206739,-0.6418323096584944,10.543892575227444,-0.43333613701420637,-0.1244388098893717,-0.22878136167025645,3.2528789407615237,-1.3959157563110278,1.8000347451273386,4.312580905647033,-0.8987819517195079,1.4502879679887286,3.187951518847622,-1.005906741841813,-0.29195204242637357,-0.46371461813582476,-0.6604759713589213,-1.0699968613653479,-0.8221719152666406,-0.8328309879163401,0.020614231114253073,-0.8243766139407245,1.2285981928200334,-0.7117017104160064,3.2392952030471154,-0.6103715128999473,-0.35224902319495166,0.3326799787978462,-0.42086880141411415,-0.08602139992103093,-0.7192333550332558,-1.1863747421636135,1.4639350325219849,7.614275767343228,-0.37001274451216454,-0.5474733545294665,-0.6549063212219648,-0.5632458941766305,-1.0736679874311679,-1.9588252489239155,-1.8883359895008336,-1.5708825638303487,-0.520423738445599,-2.100631445330026,0.05460417085811019,2.194689414170604,0.845047227751231,-1.1836635022878363,2.9402505686689033,-0.13390436930384103,-0.069549323716536,-1.1270292485870943,-0.9176931105724585
4003,Cochise,Arizona,0.04788825250165472,-0.16477375284042692,-0.9105846209965455,0.605290024350632,0.26551652083037003,0.2741605531308751,-0.33717957794338344,0.0043283718107040535,0.5593985517383528,2.3218327415552578,1.8648239256126962,0.361842465893671,-0.4854374618415433,-0.06280225983896945,1.31619177610978,0.329976547217105,0.22409557371209654,-0.03061857207061591,0.39519231663230536,-0.277748888253032,-0.43325482937103266,-0.6328186097066751,-0.8492104976954772,-0.6613192661338231,-0.8316909142986976,0.5171767170477319,-0.8308562294233285,-0.22151462085884324,-0.6549824843117122,3.6651089423073584,-0.606821376378522,-0.39420307084494255,0.5334439085214786,-0.42584408940927493,-0.08602139992103093,-0.6374552267327581,-1.02747926454441,1.274147217864643,3.8902480354302353,0.6895675009870944,0.5331176256304956,0.7385383584041599,0.6937568538224614,-1.112346806896307,-2.2208017584739967,-1.4844230345113913,-0.5884053715451765,0.6739681260348243,-1.8208562119834457,0.0955774541810448,0.04750660025410388,-0.5944776153984553,-0.29066115429087425,0.2186267424616392,0.23112202555559982,-0.06665320826984182,0.5422877265364102,0.11571492189359558
4005,Coconino,Arizona,0.0993001572530764,2.2946649551842344,-1.4168161022075938,-1.4084310437422123,-0.3414204040787876,-1.142642658639904,-0.563833965177931,3.750859296594425,0.39361540942565454,1.1829249431955446,0.3265620465804288,0.2413826127741769,0.17703434303820603,0.662723731568961,1.2448491777874646,1.3042166239376436,1.9445843671963332,1.5061048856814931,1.4955377274983606,-0.2829244241830948,-0.4513609989803163,-0.6618869191310568,-1.122942179888024,-0.8221948003034398,-0.8335326621039818,0.3156291592023188,-0.8294796869342407,0.9960661887024547,-0.7121935326668669,3.122516236088288,-0.6045499833971422,-0.38254496682160943,1.1698075381025628,-0.41626845705331134,-0.08602139992103093,-0.7285321887809503,-1.1867147722484774,1.4682802290504917,13.15624512783097,-0.15490998790705188,-0.3885629162706486,-0.22867618392456057,-0.28899074915864703,-0.8389275658496349,-1.8384005630823457,-2.0680587263539345,-1.658099860273419,-0.2648794325567646,-2.0369326198805813,-0.19123552907949748,-0.8113665253124961,-0.5944776153984553,0.3046737443737671,0.4907891250823656,0.007060499752829836,-0.06928138404668018,-1.0080990209860425,0.017218218799174876
4007,Gila,Arizona,-0.1627031568207917,-1.0788312999506178,-2.116264551141381,2.0478433511574323,-0.2049319268269469,-0.41640370992344505,-0.6419543828455455,2.356910887514035,-0.26488379294510117,0.163864503461321,0.6566987909079222,1.1362272359475603,-0.6687137771486545,0.5842884892545901,1.2448491777874646,-0.4870914056376506,0.47380071787066436,1.1400906683965226,-0.15777301699429963,-0.28426059577203755,-0.45284338485319353,-0.6339187866667338,-1.0782727021719192,-0.8218759499612771,-0.8334190212050171,-0.32433846198390875,-0.8315397739041784,1.8282667837104019,-0.7115687708401667,3.0464677998927754,-0.6028450208914733,-0.3580811501484162,-0.04392530950381731,-0.3797521569965601,-0.08602139992103093,-0.7074702786063903,-1.1863494033096558,1.4588318908346445,2.831285662223886,0.5859995070661145,0.31064301206815037,0.6729644911276378,0.568056579022552,-0.458808133174993,-1.9630506764973037,-1.8531325668182677,-0.38318820344383475,0.5378630065940324,-1.5129785556444635,-0.40122360610953733,0.04750660025410388,-0.1146360010152266,0.6023411937060877,1.3072762729445448,-0.0623551533713327,-0.06853347862085402,0.658704566358448,-0.40744789454234415
4009,Graham,Arizona,-0.20716505302856955,1.5815528281054156,-0.2557009860685895,-1.3297104020323676,1.5999107911381052,-0.19325591381153004,-0.5451748396582548,1.6580588254877529,-0.27072635786779725,0.8967063513689809,1.6805153966206154,0.9641417314911407,-0.34574933388275253,-0.003975828103191509,0.6741083912089404,0.16516888683583736,0.6576389510085527,0.7405873163915618,0.5017763574718566,-0.2856656486363313,-0.460132372414355,-0.6558170204203384,-1.1564891212706034,-0.7492751904872882,-0.8333418492283299,0.08205227949826867,-0.8314409329653966,0.4719706648197144,-0.7122285483042239,3.7215690338879743,-0.5622912586351102,-0.3642616301912389,-0.052276560250246976,-0.42527950135892817,-0.08602139992103093,-0.7387904934691523,-1.114829928870495,1.4028211271836237,2.7153954484244034,0.6338001196450279,0.5119295671959863,0.9680468938719932,0.7166114492406263,-0.9602990338264503,-2.159533058659865,-1.662292959644357,-0.5499271525261749,0.6934117145263657,-1.7821373180828028,-0.45244021026320563,0.47694316303740386,-0.8343984225900698,0.007006295041446424,0.4907891250823656,-0.2678509396488481,-0.06913886999612051,-1.3912888736025029,-0.8676374089998842
4011,Greenlee,Arizona,-0.29309269763959617,1.2913305584500856,0.33431109858005154,-1.3561706413183996,0.7752147742514339,0.39301428970005614,-0.5173756727070903,0.38603825356209587,-0.2678948531502395,0.34393389159932364,2.721647752041713,-0.8943817166381945,0.8473314287962366,-0.7687194406683074,0.03202500630810057,2.8441560780292208,-1.6134125533863273,-0.5090150045480109,-2.919738434427243,-0.28816572439220905,-0.4533440747120563,-0.6375974853657951,-1.1705113497677735,-0.8114907831680966,-0.8304058443115702,-0.263853751726616,-0.8305338701000007,2.056267110509014,-0.7095397095591713,2.80246974016998,-0.6032823675904453,-0.39126597739840563,0.5039403155628077,-0.42490328548497774,-0.08602139992103093,-0.7348285010095131,-1.1747604871029425,1.4593763477839228,0.6363713302253193,0.36292998169784907,0.056386310854041874,0.13198008609631925,0.2138103500409896,-0.9282889763380594,-2.0200939487380474,-1.5233320806342276,-0.7423182476211825,0.2156549687341975,-1.725932472097999,-0.45244021026320563,0.47694316303740386,-1.3142400369732985,0.3046737443737671,-0.3256980227798136,-0.3521266705785068,-0.06981475598261236,-1.9891613797132432,-1.8542191399948202
4012,La Paz,Arizona,-0.2590894952832098,-1.9023384700068848,-3.541428177652331,3.516281110452464,0.5497784168004298,-0.44403798627182955,-0.5878838462138747,2.449844719180542,-0.24526171534760713,0.6627580667407142,1.3340779770787994,1.3083127404039803,-1.1199029983148128,1.8392523662845242,1.4588769727544109,0.008696069879370338,-0.2124361123445825,-0.10663195470578951,-0.2876707818485382,-0.2814861266567386,-0.44321552163435185,-0.6384946506964754,-1.1089641873279659,-0.661542564214583,-0.8106083648273505,-0.3462499270188481,-0.8308528431193578,-0.6372921695436561,-0.7123390518962393,3.9566710506163996,-0.5585727591610744,-0.33392868124912756,10.851439474522811,-0.40540875394607157,-0.08602139992103093,-0.7139294888089862,-1.0181595966124624,1.29810289415535,2.6209735560529186,1.3189422332761278,1.581926518138693,2.7877217107955197,1.7793501361853137,-1.1043442925242093,-2.4236222819966406,-2.281132074169466,-1.7607084443240897,1.7794750145539124,-2.4309910400629295,-0.28854707697146714,0.47694316303740386,-0.1146360010152266,-0.588328603623195,1.579438655565271,-0.26848726539870565,-0.06991142978222577,0.20767486801275084,-0.4397418955569088
4013,Maricopa,Arizona,12.815906223823564,0.6958333601035327,0.6985278516644402,-0.9889369545704969,-0.27767789409373456,-0.05191761337419084,-0.20142563025267407,0.10756185261405495,1.3524000151091324,1.307455416656175,1.554636694647816,-0.39533375371457685,0.8863205475581988,0.29015633057569956,0.17471020295273174,1.1618324505457236,1.204622779571827,0.6593959852604883,1.028815285544942,0.35392375154858513,0.8473687523744,0.14116768759854517,-0.43252255067955464,-0.6329737618661225,-0.8267822650680784,0.22028967000033092,-0.8315503616676112,-0.6183869548621248,-0.7126383218125014,3.421261966197227,-0.554886127346239,-0.3451856472755633,2.102807152443627,-0.40141031773046915,-0.08602139992103093,0.25958068009679286,-0.9973484706161189,0.8575735445897255,6.128784090260989,1.2711416206972137,1.4759862259661476,2.6401805094233435,1.8136320293125612,-1.0589967110823222,-2.366579009755897,-2.138465571719067,-1.0937526479947297,1.7183665935804973,-2.1824407211523518,0.6948117227789635,-0.38192996252919614,-1.5541608441649128,-0.29066115429087425,-0.3256980227798136,12.744093587239027,0.0308381815204539,-0.4146309775255837,0.7825860428443461
4015,Mohave,Arizona,0.3005223810166873,-1.7135331453452753,-1.5980839130226026,2.374518797215561,0.24743276142450307,0.4840330543116674,-0.5924393046712353,0.1970183086904864,-0.01944386225195763,0.987757663490417,0.514167856844418,0.2585911632198189,-0.4125387926070294,0.34898276231147773,1.31619177610978,0.28742919243015375,0.7640805018982784,0.7086986777899957,0.6981176289464406,-0.2730221243267947,-0.41365632558000465,-0.6101742434273845,-1.043918939660746,-0.8149627401996734,-0.8328748751309121,-0.400626671318323,-0.8282271963203972,-0.033876246666814054,-0.7117917374599477,4.5121242135936495,-0.5978083336105229,-0.3664701366094891,0.875486121539619,-0.36913682293320893,-0.08602139992103093,-0.6758166078314728,-1.1792962632333517,1.438308750372137,9.284187995409082,0.6019330445924187,0.5331176256304956,1.3614900975311353,0.7851752354951224,-0.7842437176403004,-1.9102328318299486,-2.218136475684874,-1.4964913403936126,0.7711860684925339,-2.0438021010565017,-0.18611386866413065,-0.38192996252919614,0.1252848061763878,0.3046737443737671,1.0351138903238184,0.8714716000078029,-0.06759237996247086,1.436682005016683,0.25780852635767787
4017,Navajo,Arizona,0.003962324082956849,0.739574383133196,-1.0061296700460627,-0.18028528382702685,-0.017739840380993032,-2.1814121451505155,-0.6091723202013989,6.3622497465459515,-0.34909701845344504,0.4017948737113995,0.12321124942590737,1.8417778042188822,-1.0327952664328937,1.0941175642980008,2.529015947589144,0.3491973208417414,1.6511006016876406,2.1119171191193393,0.871925145327667,-0.2873806283819002,-0.4497813821098417,-0.650511406322394,-1.0609653555839598,-0.8221912636842208,-0.8291843743536849,0.3404249397321073,-0.8315452633941415,0.39501706071326265,-0.7127170496609085,3.6302286223753795,-0.5977795462097802,-0.37304332374299726,0.4802226119131648,-0.42564416354409473,-0.08602139992103093,-0.708201079619824,-1.1847437559471614,1.4575863576826182,6.6765651034022495,-0.3062785944069459,-0.3885629162706486,-0.2614631175628228,-0.3575545354131431,-1.091006768570713,-2.06657365204532,-2.051383420872719,-1.6529694310708856,-0.33987613102413966,-2.215539130454514,-0.1605055665872965,1.335816288604004,0.1252848061763878,-1.481330951620157,2.123763420806724,0.07026261908426604,-0.06855988302468706,-0.49217701289369387,-0.514018097890406
4019,Pima,Arizona,2.7463454888042422,0.4887416498981332,-0.9091481031385182,0.002503529329265435,-0.36821888854427565,0.07465790525917551,-0.3624900372228945,0.36799420009727374,0.877528173459359,0.8988938147543886,2.010857737215673,-0.08557984569302073,0.029383648571690558,0.29015633057569956,0.388737997919678,1.0410365182452097,1.221850742901057,0.6731162194401807,1.129546675630165,-0.17516402486957178,-0.19058344190512932,-0.3802171994399083,-0.8619975004226995,-0.8027372343001662,-0.8328560897678716,0.1309647154942958,-0.8309645219575865,-0.5200371404627608,-0.7115170051935602,4.333274991648914,-0.5536756769464588,-0.39044761511442205,0.48948703669917515,-0.4259066368411763,-0.08602139992103093,-0.45961103087745764,-1.1672502189238265,1.3332542801558762,6.101529821642723,1.1675736267762338,1.1475713202312579,1.8532941021050615,1.516522288876413,-0.9389589955008564,-2.3475645856756495,-1.693790758886653,-0.9424049865199905,1.3906032447230785,-1.933890402241774,0.6077434957177275,-0.38192996252919614,-1.5541608441649128,-0.29066115429087425,-0.0535356401590872,3.916664622340638,-0.04704317318673782,0.05266119995991012,0.13670602255306216
4021,Pinal,Arizona,1.0344995159115422,-0.048147494866030746,-0.05238454932681794,0.07044578147267501,0.9149177293165945,-0.06660089121888489,-0.2766181594980069,0.7198824146290962,0.2847869393577461,1.9041454308216181,1.5067468404185933,-0.41254230416021886,0.4355431832803712,0.19211227768273587,0.745450989531256,-0.6307188535711871,0.48980026438401486,0.7437277892531021,0.6978755008170207,-0.22970626965973043,-0.31732254945434024,-0.4883829050318425,-0.6853019827014755,-0.4243875456839458,-0.823958406346758,0.10616963310930765,-0.8315503616676112,-0.59148101643488,-0.7123254244496682,3.8426203165119377,-0.5452957978295548,-0.36967559914486736,0.4491710892552629,-0.42179902819184506,-0.08602139992103093,-0.49821692763641384,-0.7906914210312194,0.9838233705793914,3.2623424511598604,1.1596068580130814,1.2852937000555664,2.2959177062215934,1.6879317545126526,-0.8469300802217326,-2.396157002769616,-1.9995046927089373,-0.9988397077478594,1.5405966416578287,-2.0219446609513003,0.4284853811798885,0.04750660025410388,-0.8343984225900698,0.3046737443737671,-0.3256980227798136,1.1422094911089449,-0.05287669298623653,-0.5498916585172219,0.0898797210819442
4023,Santa Cruz,Arizona,-0.18472762553052688,0.9982063941452675,-1.138916732499565,-0.3524276540044063,-0.8324116086050463,0.6498698864537117,-0.6318427513583629,-0.12016118088720949,-0.340221412759821,0.015401591969591654,5.279554881644008,0.7404305756977946,-0.5452253534642002,0.9960735114050353,3.3851271274569297,0.4889774028452604,2.2452502673986587,2.5173723256303697,1.579661788908073,-0.261698909220988,-0.43638609042330395,-0.6265323987217261,-0.6288964988406339,-0.8159140107245422,-0.8269022796108845,1.2281776765467292,-0.8279409879819957,0.10805438254899476,-0.6908668724303575,3.03478510835663,-0.5978978613173318,-0.356301129656553,-0.2590639794824955,-0.42522059185505057,-0.08602139992103093,-0.5728564144448838,-1.1775303997886293,1.3921406413854698,0.1819250173194054,0.7373681135660084,0.3953952458061863,0.3614886215641502,0.6709022584042957,-0.8455963278263829,-2.2355907549808562,-1.0304841630783026,-0.3472751990261003,0.5850831500734908,-1.4886231223843818,-0.13489726451046238,1.7652528513873038,-1.3142400369732985,-0.8859960529555155,0.4907891250823656,-0.19231533004811477,-0.06303246794605022,-0.872442284047935,-0.9709782122464897
4025,Yavapai,Arizona,0.3676442924381914,-1.8940236278214335,-2.0400576179479577,2.7609118618412554,-0.5345269763256165,0.5746397483111234,-0.6257711216159376,0.06633034572394754,-0.03459379356018575,0.5554258450245361,0.356542439971413,-0.4297508546058609,-0.10158684191743614,0.5842884892545901,0.4600805962419936,-0.04646681341852684,1.104297661061886,1.3878901196733167,0.8172612656157919,-0.2670694972979388,-0.40636756840594596,-0.5751385864729248,-0.9608926200153881,-0.8200474477475539,-0.8307561454387438,-0.1999749454232067,-0.8315378679233604,0.4937114092729693,-0.712294142500562,4.01746890031367,-0.6055755065254107,-0.387561672305321,-0.17637118874212776,-0.4191999365259603,-0.08602139992103093,-0.6377111829712958,-1.1833441027253966,1.4257927802770691,5.312905964260851,0.5063318194345912,0.24707883676462306,0.6565710243085056,0.49949279276805597,-0.6388647065471919,-2.003192238444494,-2.0365609271116383,-0.7807964666401841,0.47397693012182346,-1.7677738574422421,-0.23220881240243207,-1.240803088095796,-0.8343984225900698,-0.29066115429087425,0.2186267424616392,1.1537382164593044,-0.06483910762512776,1.373875530024066,-0.16362818688238479
4027,Yuma,Arizona,0.3052260109033675,1.310754011023519,-1.5402378217674777,-0.44050675922322513,0.6595268132043304,0.42762842374183296,-0.4997056742498928,0.031923540529052545,0.12155731911014128,1.0791288566817978,3.940169828906512,1.0157673828280662,-0.5970506785791324,1.1529439960337788,9.163877591564487,0.5561711785873984,1.2892570083756565,1.3745914995651578,0.8510141791665867,-0.23669605516823616,-0.3519169407350215,-0.584599796147802,-1.0267369132941893,-0.6192152195193745,-0.8242375387657719,-0.2740973244994328,-0.831485938503918,-0.6393867857022376,-0.712566395976326,3.600592462171551,-0.5863623781693161,-0.3493106028575513,13.61799802874958,-0.4198397789629341,-0.08602139992103093,-0.6361664779955308,-0.9826500097609272,1.2300068829680655,3.368507507905937,1.4304769959602601,1.7090548687457476,2.7713282439763898,1.985041494948801,-1.333749704524344,-2.503905405891021,-2.25704552180771,-1.6863172208873531,1.8989142010019566,-2.535906752567897,-0.08368066035679413,0.9063797258207039,-1.3142400369732985,-0.588328603623195,1.3072762729445448,0.30800514850897265,-0.06278360666106099,-0.617047893532411,0.07050332047320552
5001,Arkansas,Arkansas,-0.2696975572069679,-0.11927655544041808,-0.047407257215712144,0.133496828403812,-0.8126532497821604,-0.8188172663620266,1.0537491191904926,-0.2736854778746679,-0.3296924022559789,-0.42581443879170877,-0.45477412541562573,0.2241740623285349,-0.21848555538860112,-0.3961520396750457,-0.7527435752373701,0.796394911441002,-0.627348875297963,-0.9831327475175187,-0.5919904459375145,-0.20978672551558045,-0.2934061399261848,-0.4042453444950399,-0.7291540605507404,1.2603162337009488,-0.8310633228622322,-0.51355514158922,-0.8019801120826889,-0.6024537017421737,-0.3235431939597655,-0.45356162850131254,2.768991143754202,-0.10935718018232857,-0.16323701155658615,-0.0805390277143822,-0.08602139992103093,-0.4698472029049557,0.8648959251966273,-0.6380214389511115,0.029822369560734013,0.7931354949080743,0.9250967066689126,0.9680468938719932,0.8994482125859489,0.773579080128056,0.8658730838862384,-0.03181864592550676,0.4556369711703985,0.9017358769357419,0.7183538299522573,0.4489720228413558,0.47694316303740386,0.845047227751231,-1.1836635022878363,0.762951507703092,-0.2975710952598403,-0.06735112480190766,-0.9079912968838187,-1.3310563235588806
5003,Ashley,Arkansas,-0.26333916338132496,-0.1784626827321292,-0.06386418609967372,0.19621970125193383,-0.5927787992583776,-0.7853585415236737,0.9859206771265473,-0.21866300186521634,-0.5437408399503594,-0.24691481460247885,-0.29312178619120943,0.6888049243608686,-0.547627851979462,-0.12162869157474956,0.9594787844982022,-0.7272590210053884,-0.6785656523144042,-0.9008268971150183,0.4016589249635387,-0.23767099209797998,-0.3174011879699793,-0.00567249817448047,-0.7740516120200083,0.03081558292389071,-0.7553995517977434,-0.3080075699364643,-0.7983488061748364,1.7719570560801305,-0.5246630029704219,-0.12494072673321775,1.9212001007799677,-0.06660513742228305,-0.21562274260790346,-0.2886207210327342,-0.08602139992103093,-0.35801934470928376,-0.31146499808318845,0.4573815081405491,-0.03956431759364282,1.0480720953289488,1.0204429696242032,1.1975554293398263,1.0937122736403544,1.9526161976171204,1.9581461116071426,0.15346252608799893,0.8788973803794153,1.1017270728487427,1.758767978959852,-0.21172217074096478,0.9063797258207039,0.845047227751231,-1.1836635022878363,0.762951507703092,-0.27964168148444324,-0.06651767814763977,-0.16270298848477152,-0.7174703042821607
5005,Baxter,Arkansas,-0.19810046118593255,-1.6199157147028416,-1.5420783041761799,2.2603790932020424,-0.6898203641482867,0.747929203255532,-0.6689135188733797,-0.14801238859594,-0.4242121399932903,-0.33170946164070747,-0.5133091707570202,-0.3092910014863668,-0.9453443204773656,-0.31771679736067504,-0.039317592014215016,-0.562005188515473,-0.3202724109383118,-0.15524580771115706,-0.08550950189818138,-0.20853683754017635,-0.26910199867128953,-0.07232359026385977,0.16967506241512328,-0.8221988482510404,0.4070100172605638,-0.40031876831946334,1.4830781520045497,-0.31508207881436456,1.6979319660446084,-0.4281236803923021,-0.6241326369678957,-0.40427307224142556,0.4125723052414826,0.09771118748433799,-0.08602139992103093,-0.10329519655538527,-0.6253920680589808,0.6526151885311028,-0.3029701219198684,0.2991958315926307,0.32123704128540503,0.23034088701110358,0.2138103500409896,0.7669103181513082,1.0137630489548326,1.0020502939098546,1.345766437809967,0.2795410452064057,1.3241171700107002,-0.40634526652490416,-0.38192996252919614,0.36520561336800217,-0.29066115429087425,0.762951507703092,-0.09390942437897304,-0.05594139966436825,3.007931535682439,1.0070293498955674
5007,Benton,Arkansas,0.4966338736767759,0.9121840025077053,1.1503711193980501,-1.4132825059004945,-0.13450253860564038,0.2999840308433339,-0.5390657918308581,0.05967822571062632,1.0196670226870508,2.6049157495964117,0.5238380713891481,-0.9632159184207626,1.0332848138774966,-0.14123750215334038,-0.9667713702043169,0.6208489105269683,-0.4109609141050578,-0.75369141638774,-0.29971554956540414,0.1275940628960368,0.37146093448723294,0.29456536198464883,1.0706506315643927,-0.8219852361175284,2.084587423204158,-0.45732598671429797,1.1397411023847115,-0.5903745795148994,-0.3275484909416508,-0.42070280657460984,-0.6141205107814265,-0.40263167240169295,-0.03519086999010976,-0.058543203605646243,-0.08602139992103093,0.5312882797928631,0.1338965149054859,-0.3595516068521499,-0.08162227091494784,0.25139521901371664,0.331831070502659,0.29591475428762803,0.32808332713181615,-0.04667864301196037,1.5419414956283843,1.6597984545578,2.7976779021269578,0.30453994469553025,1.6744607099826463,-0.3090337186329345,-0.38192996252919614,-1.0743192297816841,-0.588328603623195,-0.3256980227798136,0.4278589750409588,-0.0048366564043523,-0.9998455111345693,-0.22821618891151293
5009,Boone,Arkansas,-0.21127999698298153,-0.09290323545013139,-0.14986348276262937,0.16022460184114815,-0.34585921443427664,0.7324270884898958,-0.6610300487618251,-0.09361029156880742,-0.39998529798456195,-0.20643727627564493,-0.5124909207376727,0.10371420920904087,-0.38707230834525475,-0.35693441851786023,-0.6100583785927393,-0.023832988393616143,-0.4781557220936211,-0.5994461668561406,-0.21161484451731985,-0.20346852307654184,-0.2751006180248201,-0.28130230105937937,-0.015556045119972337,-0.8221988482510404,2.386710292693658,-0.3692073469138082,1.1952749378125138,-0.34869865441217074,-0.14849974778513236,-0.37969138152823384,-0.6183139912236905,-0.40093108517361653,-0.04952994846122697,-0.2585285397616754,-0.08602139992103093,-0.22637473990519696,0.2703921891788291,-0.16514752949308242,-0.2916439627481784,0.21952814396110748,0.2788609244163863,0.13198008609631925,0.2138103500409896,0.49215732470928614,0.8531968011660734,0.2942762168182632,2.4154609265382097,0.2239879352305721,1.16986609269685,-0.529265116493708,-0.38192996252919614,0.6051264205596165,-0.8859960529555155,0.762951507703092,-0.18563390967461085,-0.05788274008996299,0.267953003832188,-0.3670803932741389
5011,Bradley,Arkansas,-0.289387783687759,0.05660877339645183,0.19226757352592716,-0.147905199891713,-0.4852766609708344,-1.0202505801197512,1.1904480563926911,-0.08384061333579561,-0.4473316927373513,-0.27966831355006794,0.44339888616894696,1.4459811439691146,-1.0804333798497983,0.2509387094185141,0.03202500630810057,0.7957984032491668,-0.1988415685438095,-0.06921061339217852,-0.700631281439267,-0.25890879293738867,-0.3468043767908498,-0.06860312079218048,-0.7982887318563454,-0.8043808800730802,-0.6004682180904654,-0.2665689125039977,-0.7347227644499265,2.371811124605203,-0.6148650864510156,-0.018229072075748226,2.9491412708785205,0.09556313229083623,-0.16039369182224686,-0.3680035194044459,-0.08602139992103093,-0.39956226564099845,-1.063716617786638,1.2066717206906732,-0.25377840102033905,0.9763711764605781,0.9780668527551853,1.0500142279676477,1.0022938919676934,1.6085080796169184,2.2919548899048277,0.20719406597191542,1.1969839909364948,1.0183974078849938,1.7918663882620145,-0.23220881240243207,0.9063797258207039,0.6051264205596165,-1.481330951620157,1.0351138903238184,-0.32916279719394287,-0.0674411042932893,-0.4843419492248793,-0.757837805550366
5013,Calhoun,Arkansas,-0.3057128353617037,-0.7596125255494112,0.35940663167707254,0.5208254843297294,0.2192731532419788,-0.5629417412599681,0.7895573277793896,-0.16292606642559962,-0.5058508698707751,-0.22026623652044294,-0.40581914909391653,0.15533986054596688,-0.501568523301158,-0.43536966083223116,0.24605280127504683,-1.6364609276318025,-1.930503174168253,-2.255308274901014,0.6006031640533018,-0.25896332734817495,-0.33605113520946667,-0.07131554556169148,-0.6961691655213348,-0.8158681062357344,-0.6536103972148327,-0.23016792832245375,-0.7647475998272113,2.6927999580604496,-0.6360097974658055,-0.1455884855787805,2.828337525894639,-0.014590748626651448,-0.14046604589575587,-0.37068846388600746,-0.08602139992103093,-0.3694651780179504,-1.0990732605848361,1.2280522868190011,-0.2690288770122006,0.9126370263553591,0.914502677451658,0.918866493414601,0.9108755102950309,1.508476649965697,2.3405473069987943,0.09417255104367706,1.2842012873795647,0.9350677429212425,1.7425310234531315,0.10582077501177845,0.47694316303740386,0.6051264205596165,-0.8859960529555155,0.2186267424616392,-0.35373620041638165,-0.0691732888504227,-1.4223159438971316,-1.8832837409079284
5015,Carroll,Arkansas,-0.23779136543517868,-0.535482347322306,-0.7236412352512357,0.8537155787572228,-0.09874255260862719,0.502274346827761,-0.6268968458754091,-0.0019403814225973054,0.11114490445419771,5.056262527298036,0.3880134600939691,0.03488000742647284,-0.8155407578385089,0.6431149209903683,-0.6814009769150549,-0.5075323380196659,0.08930170896075253,0.6923836024953501,-0.4501992045292834,-0.2518307389305005,-0.3514888160874147,-0.35650527876636634,-0.0006238873207875046,-0.8221988482510404,2.2053346102254,-0.3915814143173765,1.275437470046061,-0.3171520694778632,0.1696373966406504,-0.4108799551498606,-0.6172895149153813,-0.40352031031505936,-0.10872948979928182,-0.29887536279503246,-0.08602139992103093,-0.28127995312578524,0.18832245214993182,-0.06165322838363382,-0.2644641593447147,0.23546168148741178,0.2788609244163863,0.16476701973457913,0.23666494545915523,0.3561145803836249,0.9651706318608658,0.44991240130960797,2.3410697031014736,0.24065386822332202,1.1736130824291706,0.24922726664204958,0.04750660025410388,-0.1146360010152266,-0.8859960529555155,0.2186267424616392,-0.23683941707490977,-0.06159188112302026,0.06824064657351708,-0.4655770963685602
5017,Chicot,Arkansas,-0.2912768504853361,-0.19725192724478205,-0.5267295762519568,0.4440449737174131,0.14939041863685026,-2.705594917751349,3.01167201528093,-0.28599523998170995,-0.37319050140201954,-0.5612444279501008,-0.27606492309517894,2.8398737300661177,-1.2841652539439952,-0.47458728198941663,2.0296177593329356,1.2110913086228834,0.18741351727577482,0.14173240313622,-0.35491770029769804,-0.2592300050205395,-0.3481366501194854,-0.4699834259025239,-0.7126376861800751,1.7524350310696402,-0.8320611943233687,-0.5166530499835222,-0.8311094331745668,-0.5792600470918531,-0.7049870566958529,-0.4514894483395848,1.287183480378531,-0.01231166933727433,-0.18775433822907558,0.26237261199707645,-0.08602139992103093,-0.514788718583648,1.3489970946764995,-1.0892719979542789,-0.22542949374445248,0.9923047139868824,1.0416310280587127,1.0828011616059097,1.048003082804023,1.9779574931287633,2.0996979353156546,-0.00032084668321080874,1.145679698911159,1.0572845848680767,1.8255892958528965,0.6948117227789635,2.194689414170604,1.0849680349428452,-1.7789984009524775,2.123763420806724,-0.326654925120975,-0.0678264026097618,-1.2000166831196073,-1.8332280393353537
5019,Clark,Arkansas,-0.2555398069752046,2.0126435313400846,-2.278803476710207,-0.719325294345228,-1.1602361184067544,-0.7964895320343647,1.0045192425144014,-0.25584357612074377,-0.3555399732493452,-0.44335985276268014,-0.35608496038178256,1.0501844837193504,-0.7974190547519631,-0.47458728198941663,-0.1820027886588462,1.7349984322575114,0.04103048265543417,-1.496969973930077,0.44894281183296225,-0.24648944180646476,-0.3504671343796061,-0.37710359211650585,-0.4760011445445573,-0.740444397231988,-0.14313553367540097,-0.2204128639825047,-0.4424686108128639,2.4982177261042113,0.17598759580871473,-0.044849012558629775,0.7515210562540772,-0.29721073970075074,-0.16239154165908326,-0.24756866881655631,-0.08602139992103093,-0.41640865596530835,-0.7938270475048307,0.9515525724996272,-0.08252330001407622,0.8090690324343792,0.8403444729308768,0.918866493414601,0.8537390217496176,1.1350259792678032,2.6933705093767264,0.6537216905244642,0.5377238384109351,0.8656263554514505,1.6788321980036862,-0.15026224575656286,0.47694316303740386,0.1252848061763878,-0.8859960529555155,1.0351138903238184,-0.29010362543063006,-0.06560097816280404,-0.3001746048840432,-0.12326068561417954
5021,Clay,Arkansas,-0.2782935433323765,-0.29315057556723667,-0.24270616857843497,0.3909458885828196,-0.5602709820726792,0.755659455386626,-0.6276409455771572,-0.2288138656067969,-0.5268081306290184,-0.5630893023417809,-0.5441256289287922,0.7232220252521526,-1.032108838285676,-0.3373256079392697,0.6027657928866248,0.5170779260038747,0.07241534438402233,-0.5129040439794171,0.5009065945976526,-0.2613696315993169,-0.3552231175147061,-0.3825699476366059,-0.4205744711911666,1.6770305196742974,-0.2748713212483443,-0.5193657007131631,-0.4469563697325608,-0.6323789643148076,-0.3373127708518103,-0.45085559219393084,0.5050702327320408,-0.2830679506507078,-0.23463562076455508,-0.3574249723476055,-0.08602139992103093,-0.40774849925047946,1.5268718348685122,-1.3084183239069902,-0.2620440398635842,0.38683028798730634,0.522523596413241,0.6237840906702457,0.41950170880447707,1.0469983211747282,1.4278549511468972,0.7352454062104069,1.2765056435757642,0.4795322411194065,1.4708742678599114,-0.5497517581551753,0.04750660025410388,1.0849680349428452,-0.8859960529555155,1.8516010381859975,-0.3005094229871236,-0.06614670949668537,0.7990492156636373,0.09956792138631326
5023,Cleburne,Arkansas,-0.2479278928559757,-1.3349876744727245,-0.6006391961678431,1.5290271737012455,-0.4174643890385056,0.7523934132721334,-0.6597659309921311,-0.15088310276976855,-0.4421748950346112,-0.46850437075708745,-0.5259633172806122,-0.0683712952473792,-0.6526513585037617,-0.23928155504630408,0.3173953995973624,-0.44321596601423924,-0.9799767890474097,-0.5955706082289984,-1.2518362980485338,-0.16283362636415302,-0.3355382059864208,-0.2904247091196751,-0.09784871859934888,-0.8211140889406882,0.8395567500300793,-0.24632136948007713,0.6507989093073677,0.35962327726573984,1.7353541223070454,-0.3878285823664164,-0.5911277637993565,-0.38802482494612106,0.017511109317775997,0.13950330047918494,-0.08602139992103093,-0.2615346950853208,-0.4286031702397755,0.5296100961255121,-0.29917984248634416,0.4664979756188296,0.4907415087614769,0.44345595565980456,0.4652108996408083,0.9656394250584014,2.2919548899048277,0.10343660964435247,0.7942452985376119,0.4795322411194065,1.357840077601583,-0.3551286623712359,-0.38192996252919614,0.845047227751231,-0.588328603623195,0.762951507703092,-0.22643361951841628,-0.06208277826757549,0.07765017013489638,-1.027492714021977
5025,Cleveland,Arkansas,-0.29760888523938495,-0.5595105903498242,0.38221930188211317,0.3251143358173061,-0.24815340760935337,0.0782378681951597,0.11066934918149535,-0.2730114736843246,-0.5647853445600299,-0.23367739488621278,-0.5242264022059279,-0.13720549702994866,-0.1337803220219437,-0.592240145460973,-0.1106601903365306,-0.5484640008093731,-1.197691787748667,-0.7009447007576624,-1.6328589438817038,-0.2741799351517456,-0.4164707201303827,-0.20579112997705862,-0.7461048447267162,-0.8149448401931709,-0.5424768806947233,-0.31582836669969244,-0.7059596293308964,2.7104567491669536,-0.6081403034763548,-0.1571269641100072,2.8055070872806818,0.03956514290543926,-0.22635265825398773,-0.399275985031856,-0.08602139992103093,-0.45667429168207657,-1.0478779638053437,1.2159301886159273,-0.2940715287507891,0.8409361074869884,0.87212656058264,0.8696860929572088,0.8423117240405356,1.3844376771981823,2.4102668619597027,0.5703451631183867,0.9302016724047506,0.873959321947825,1.7793764224876134,-0.24245213323316572,0.47694316303740386,0.845047227751231,-0.8859960529555155,1.0351138903238184,-0.33941887104458757,-0.0681101566679598,-0.34616926769547285,-0.757837805550366
5027,Columbia,Arkansas,-0.25220977759715024,1.4696621617646803,-1.6770089117563298,-0.518791352506847,-0.7933756463538296,-1.5135123573152893,1.7425910844301715,-0.27400187729753883,-0.2940692229673338,-0.3085936854555772,-0.5002805989266834,1.1534357863932023,-0.8757405063494964,-0.41576085025364035,0.24605280127504683,0.15064217223885898,0.5232159996839658,0.6730890581897666,0.28583842447861746,-0.21507941056040136,-0.27545966462359717,-0.1725325077892192,-0.7246515493479149,-0.8221495998933037,-0.5549747759009391,-0.15906835183122017,-0.6510658472320927,3.6550937808300192,-0.42303643565133203,-0.06414310010494315,0.7404201492970606,-0.32409226525831547,-0.16875635307152534,-0.3680765075674277,-0.08602139992103093,-0.3846283826649253,-1.060627060998966,1.1972205407931804,-0.1688582700578458,0.928570563881664,0.914502677451658,0.9024730265954687,0.9565847011313622,1.3350888385702462,2.6637925163630074,-0.13742891397320506,0.13241993141078567,0.9489560204152009,1.3984324663683865,-0.07855899994142729,1.335816288604004,0.845047227751231,-1.1836635022878363,1.3072762729445448,-0.2803528690872252,-0.06449129913152801,-0.9813841296474269,-1.1986509193991672
5029,Conway,Arkansas,-0.2598568371451713,-0.18611082331980294,0.14030699796126506,0.10158494433269183,-0.3745041481704679,0.04498831118777885,0.13346018534311718,-0.1495217383464778,-0.42437277149234226,-0.4153978103374869,-0.41399181305482086,0.1897569614372509,-0.6039149600513088,-0.41576085025364035,0.17471020295273174,0.5353756500490373,-0.3183768072245206,-0.5015207913577696,-0.34190642113666225,-0.15831224889176002,-0.22736993178263276,-0.26275160170566714,-0.30575916715743784,-0.5696076868902051,1.5741149195152784,-0.2709182674095946,0.12168926889156177,0.6462296980877356,0.41911663229202556,-0.35241699192774667,-0.15737606350390487,-0.2894006888139766,-0.08259520023508216,-0.22057153417929215,-0.08602139992103093,-0.27520978908441945,0.15141283023408855,-0.028389610826595107,-0.3179450766169548,0.5541324320135047,0.6284638885857862,0.7713252920424222,0.5909111744407168,1.1630347795701452,1.9180045496599532,0.5332889287156853,1.261114355968164,0.632303293552949,1.598271918758801,-0.07343733952606046,0.04750660025410388,0.6051264205596165,-0.8859960529555155,1.3072762729445448,-0.2809891948370827,-0.06319467509324453,0.6886487294566053,0.4854812335103555
5031,Craighead,Arkansas,0.0022284829292117405,1.3324995583811996,0.1688000474159545,-1.311671429066424,-0.6818817723213285,-0.32804497570360475,0.4870449217627996,-0.2668293502385116,-0.12967791949038376,-0.2860889168903085,-0.3248873073604092,0.41346811723059507,-0.5461177100555832,-0.31771679736067504,-0.8954287718820013,1.790434138655362,0.2961184669055247,-0.8888446938229922,0.365303212400431,-0.047300204893980576,0.07846424103086493,0.017297060699980587,0.06915643630917544,1.8356636236094435,-0.4148658163914549,-0.5133089397512125,-0.6257849194663565,-0.6271563132247033,-0.4395825602188381,-0.4523687631823484,0.1063994322629859,-0.34894968610058674,-0.17108292323563,-0.34547492940821056,-0.08602139992103093,0.03840680992479381,1.6197206465352805,-1.5913077930320845,-0.20925564908902144,0.49836505067143877,0.6284638885857862,0.7221448915850299,0.5223473881862216,1.4604615637331106,1.5271524991215246,0.5833148451593322,1.3688533692213682,0.5878608055722823,1.6650932356518453,0.018752547950542407,0.04750660025410388,0.36520561336800217,-1.1836635022878363,0.762951507703092,-0.024774503203277058,-0.03850297654530081,-1.2682038049201037,-0.9968134130581411
5033,Crawford,Arkansas,-0.13564410543658384,0.33327991946777596,0.4154982850718583,-0.5139697890926492,-0.3100207410047399,0.4822665597166761,-0.5414431794888117,0.23604547528490175,0.036816664165152835,-0.26799167613444913,-0.11933749379270486,0.6543878234695846,-0.7634408614646896,-0.12162869157474956,-0.5387157802704237,-0.545103262511263,-0.1844155800521364,-0.5027127122138968,0.9031140154228313,-0.16132664340266673,-0.16584269923300934,-0.03214079928296975,-0.15787440604716824,-0.6431318660702667,0.9629856181750578,-0.47983971457150965,1.4675920935542297,-0.31988602574739106,0.7500358468346485,-0.42559507274768443,-0.5376358457104679,-0.11840043154790095,-0.16562652102672804,-0.23722329450463783,-0.08602139992103093,-0.13775433956303537,-0.19750765928097067,0.2514941559952728,-0.2908993106001383,0.426664131803068,0.522523596413241,0.6401775574893755,0.5452019836043864,0.3921258950580646,1.1172860245028493,2.1841441713560212,2.530895583595214,0.5267523845988648,1.8661816846196997,-0.3551286623712359,0.04750660025410388,0.6051264205596165,-0.8859960529555155,1.0351138903238184,-0.12026079660836664,-0.048945389817026494,0.12971614553418567,0.2836437271693293
5035,Crittenden,Arkansas,-0.18046038471801568,1.1855109500087582,-0.031057886253827462,-1.0767209047498363,-1.1470517399427576,-2.692683616282052,3.0208038168424656,-0.30502970031218307,-0.3704910759578126,-0.22807464550840537,-0.50271465869405,1.3599383917409045,-0.9435596072945998,-0.5138049031466021,0.17471020295273174,1.7495196427694657,1.0340419642175778,-0.30855678048147694,1.1383752997869774,-0.05504313202155761,-0.004364950444591874,-0.1736160259533445,-0.5311851758559493,2.0706022105601667,-0.8266334858093644,-0.48827891089461467,-0.8289173037415803,-0.6391749756171173,-0.7052084799278965,-0.4560264885475424,0.5453957293964121,-0.24259616900163827,-0.17778969720234572,-0.07437744236894284,-0.08602139992103093,-0.2172773990802729,1.6647285517267045,-1.5246781435289787,-0.26606516146300085,0.6975342697502468,0.8509385021481315,0.9024730265954687,0.7966025332042052,1.2710687235934643,1.5144762164013597,1.1261886791589037,1.8793310748734553,0.8128509009744084,1.8799206469715415,1.9291318828823687,1.335816288604004,0.845047227751231,-1.7789984009524775,0.762951507703092,-0.20543486977311826,-0.0551255977541853,-0.554194710507898,-0.20883978830277483
5037,Cross,Arkansas,-0.27282257158373485,0.051027007063755035,0.18877604756313748,-0.1410239853318198,-0.6615131438783565,-0.6974876688584237,0.9055339922448491,-0.2768955117850449,-0.3426465103143563,-0.3745401249176559,-0.558601575147108,0.5683450712413746,-0.7172442471569421,-0.41576085025364035,0.10336760463041615,0.584910013040073,-0.543853323963088,-0.4985607503509348,-0.833806661788187,-0.23145564368988314,-0.30622269267512386,-0.3996705724523181,-0.6184456494225238,1.9900377359385748,-0.6518572659055809,-0.5145058535418569,-0.5235765484645648,-0.6331928613342725,-0.23369780953813846,-0.44600759979409466,0.16826652141814252,-0.29232577904828816,-0.22048621245937602,-0.31072735865021733,-0.08602139992103093,-0.44652328236697714,1.664486300457955,-1.4254696390885786,-0.2766019893577683,0.6338001196450279,0.7873743268446042,0.8205056924998143,0.7051841515315435,1.795233414965865,1.3834879616263187,0.9779637415480991,1.568940108120176,0.7378542025070333,1.9611054245051465,0.3106871916264515,0.47694316303740386,1.0849680349428452,-1.1836635022878363,1.0351138903238184,-0.3021938146779229,-0.06536965761165214,-0.8770025379669463,-1.3003770225950444
5039,Dallas,Arkansas,-0.30038244532823055,-0.7124610545889872,-0.7054259806328532,1.007691117023944,-0.26921276641420905,-1.7901545131220111,2.0934088637268258,-0.23362826605238207,-0.4982113833354153,-0.26639905063069474,-0.42433126358144685,0.7404305756977946,-0.9890011506404078,-0.592240145460973,0.388737997919678,0.48496717312071186,-0.9597116404282137,-0.2706442574046707,-1.936318469416351,-0.2692958613157094,-0.39049920303216473,-0.1326524401622956,-0.6397501856333139,-0.8206721690675702,-0.6772219763737067,-0.23859106081890832,-0.6788337437369403,3.4818959839392702,-0.5456939882535153,-0.017486501608560984,1.3950032451049672,-0.24029059222002594,-0.22899467932608475,-0.4138893129682871,-0.08602139992103093,-0.3937213567408349,-1.114487343464836,1.25351037039674,-0.24254160010641398,0.8250025699606841,0.8403444729308768,0.8532926261380765,0.808029830913288,1.35776262929119,2.3828015827326783,-0.2671257343826589,0.5992889888413376,0.8489604224587005,1.3959344732135066,0.02102884146848343,0.9063797258207039,0.845047227751231,-1.481330951620157,0.762951507703092,-0.340766384397227,-0.0686947004076019,0.6953869272670735,0.08665032098048785
5041,Desha,Arkansas,-0.2876363698196179,0.3878772057765954,-0.9305848631946003,0.10610387179697668,-1.3014216521699746,-2.2767488858965623,2.5679970622946806,-0.2823885991358668,-0.3675820873837211,-0.02658611238686409,-0.23983358922824818,1.876194905110166,-1.2847830392764912,-0.18045512331052588,0.24605280127504683,1.2498792337519433,-0.6533692886719484,-0.8484026899410524,-0.9811519911684118,-0.24652512424719406,-0.33364330350298377,-0.4846741073373333,-0.8253714032401295,1.3243659390982772,-0.832704632359171,-0.5216349730365171,-0.8306206578178894,-0.6335505499000198,-0.7055131865857986,-0.45542754864267376,2.521275693569766,0.08233448231027467,-0.030928665979900547,0.31039103983983135,-0.08602139992103093,-0.5435246094261983,0.9272182274646678,-0.6668035274961246,-0.12989806967238765,0.8489028762501408,0.9780668527551853,1.0172272943293854,0.9794392965495278,1.795233414965865,2.008851242487804,0.13864003232691846,1.2585491413668968,0.9628442979091594,1.7874949002409737,0.06484749168884384,2.194689414170604,1.3248888421344598,-2.0766658502847983,1.579438655565271,-0.3247459478714025,-0.06798870675593825,-1.418953959942984,-1.9462570428863284
5043,Drew,Arkansas,-0.26755075726491523,1.0170816725924872,-0.9596389213608847,-0.4591005856479173,-0.6081289799622517,-1.0127524976106481,1.2321344232983196,-0.28778996660390965,-0.382525034448711,-0.46445166984521996,-0.4323881068632738,0.6888049243608686,-0.7935064143128224,-0.6118489560395658,0.816793587853571,0.4802626083939112,-0.4855619626978644,-0.7573678652896689,-0.3639935144461642,-0.25274751895328346,-0.3717278954630644,-0.16199077076453314,-0.7927258721985665,-0.2485750768689818,-0.5599059212113239,-0.21146164814869967,-0.7288048106170334,1.8492690897812223,-0.4966743011267679,-0.04288538067736125,2.110199258983959,-0.146174933822382,-0.21690004287975645,-0.3762232199117848,-0.08602139992103093,-0.4363643574327471,-0.4981022577646707,0.6726582750772453,-0.11764854183712792,0.9365373326448165,0.98866088197244,1.0500142279676477,0.9908665942586098,1.7018707472913919,2.2201226211572247,0.16457939640880903,1.102071050689624,1.0045091303910354,1.7768784293327329,-0.12465394367972873,0.47694316303740386,0.36520561336800217,-1.481330951620157,0.762951507703092,-0.3045332475818108,-0.06632905643282748,-0.22989280371679696,-0.09742548480252816
5045,Faulkner,Arkansas,0.04813719928893231,1.6385675344615485,0.013786688314224214,-1.5164465485080543,-0.565316085478474,-0.05297862308164601,0.17168822483082732,-0.21379543767920126,-0.07247540808412416,0.26603052100074503,-0.40123846442477207,-0.01674564391045318,0.18945869250284542,-0.4941960925680094,-0.7527435752373701,1.1472685656865738,0.8758409814721908,-0.09182808631815775,1.134691928994281,0.00516355171870177,0.06668068766448454,0.0995971889630911,0.2555751207180236,-0.716678456427124,2.284970961615697,-0.3742913656104325,0.4660635047059265,-0.2130570437527578,0.3223714057962047,-0.4149849502768734,-0.2688588736143929,-0.33420056433670525,-0.02985448158735349,-0.21125703257392778,-0.08602139992103093,0.12497896419368974,0.3282547526689273,-0.37309366707408015,-0.2455202086985744,0.5700659695398096,0.6602459762375494,0.8041122256806844,0.6023384721497997,1.4324527634307687,2.6637925163630074,0.18310751361015987,1.2226361369491623,0.6545245375432828,1.8174708180995363,-0.15026224575656286,0.04750660025410388,-0.1146360010152266,-0.8859960529555155,0.4907891250823656,-0.00214750815687304,-0.031188831105791775,-1.1723512099873514,-0.6367353017457502
5047,Franklin,Arkansas,-0.26902686527418473,-0.08938027350230582,0.08741570994989166,0.03880975387990056,-0.07297281916585385,0.622813453934323,-0.6102146216399009,-0.04989676991439882,-0.25925117645757334,0.18033522974310176,-0.4693281227543617,0.2930082641111029,-0.6899930497124016,-0.2000639338891186,-0.46737318194810806,0.1385765432489697,-0.06336377041742347,-0.840332806524551,0.9552273414801086,-0.26527587106081696,-0.3743398465020972,-0.2813529057084141,-0.4351503592951569,-0.8011721509769918,2.0082393728206984,-0.39548944316693097,0.848217832250201,0.32992681310693633,0.3296013325270484,-0.380652678245539,-0.6008782160781417,-0.3041027248105611,-0.13554093121100672,-0.26656905640391626,-0.08602139992103093,-0.38345781170590615,0.11984327687076471,0.04903719892593726,-0.27847851277082936,0.43463090056621984,0.5119295671959863,0.5418167565745913,0.5109200904771388,0.6682126408954361,1.590533912722351,1.5467769396295616,2.112765603588731,0.5017534851097403,1.818719814676977,-0.47804851234003976,0.47694316303740386,1.3248888421344598,-1.1836635022878363,1.8516010381859975,-0.29684119219382726,-0.06490971797125938,1.8859776511605169,1.977464080383221
5049,Fulton,Arkansas,-0.2843678449419497,-0.8199464056244966,-1.1332497693681802,1.319779060811169,-0.30536007753058914,0.7428320051480438,-0.6238046802792565,-0.1368051980381901,-0.4775817215352985,-0.6137235765246504,-0.5783253375867485,0.5511365207957325,-1.5647770805265686,-0.02358463868178615,-0.039317592014215016,-0.9988052596548512,0.5605820105970644,1.2728443904490967,0.17544735512998677,-0.287148739760984,-0.4382915777567606,-0.5097539758323445,-0.01949945224484402,-0.8221988482510404,1.9981210125523048,-0.2758689664705239,1.444620930049804,-0.5569562702658053,0.5192472985603882,-0.41630570446172477,-0.620990326873326,-0.40108783852281266,0.2745201463006472,-0.3805432667434891,-0.08602139992103093,-0.3726289606695108,0.09456145156586077,0.0689415476812185,-0.2780615075679269,0.30716260035578313,0.331831070502659,0.24673435383023354,0.2138103500409896,0.6802164124535827,1.5841957713622683,0.5518170459170362,0.714723645898342,0.2878740117027795,1.1467596560142082,-0.24757379364853255,0.47694316303740386,1.3248888421344598,-0.8859960529555155,1.579438655565271,-0.30749029077232515,-0.06668172059861963,-0.2635255813125926,-1.1259894171163978
5051,Garland,Arkansas,-0.0298300057006767,-0.7402738542150691,-0.4498078999452147,0.9060122105541827,-0.8904247766819006,0.19359624145491885,-0.04634104572417809,-0.16111801295937564,-0.24320404031758086,-0.21714039684310552,-0.27560335439063943,0.41346811723059507,-0.6820304832046769,0.03524179305399396,-0.25334538698116177,0.46741836279062204,0.33094841455558277,-0.08323747345606479,0.5850840469267321,-0.04283508423294397,-0.001175855275193766,0.04450814860993461,0.59828327387784,-0.8221988482510404,-0.2638888587364085,-0.3622230719996373,0.4543137159785211,1.035894670911171,1.8777667408639775,-0.23482032907794334,-0.6189834826367137,-0.3963345783438126,0.012077112442703476,0.23437378590845376,-0.08602139992103093,0.1689032591469147,-0.928963602990022,0.8302367681101018,-0.19283606922473712,0.6816007322239419,0.7026220931065674,0.7549318252232922,0.7166114492406263,0.9096218244537172,2.277165893397968,0.381358367664611,0.6634193538730069,0.7239659250130749,1.3890649920375862,0.33629549370328565,0.04750660025410388,0.1252848061763878,-0.29066115429087425,1.0351138903238184,0.1574205313515146,-0.042591595852859154,-0.15890694123423152,-0.9532165116884794
5053,Grant,Arkansas,-0.2674160331212121,-0.23390159155667764,0.9881008490258636,-0.27660259568269635,-0.3117641773770415,0.6305999305040441,-0.4995395463942814,-0.2177844838016267,-0.4599382957057075,-0.39949724815912735,-0.48499263280571564,-0.41254230416021886,0.19522468893947362,-0.8275458724040856,-0.6100583785927393,-1.0504016190025867,-1.007574251127097,-0.8709751963778323,-0.3580176960971744,-0.24891634922276923,-0.38155672844524974,-0.09026219623709375,-0.4478548463701321,-0.8082340359427747,-0.4406412929982218,-0.23146051867227693,-0.6258383706990792,2.4851629185916546,-0.526624406490833,-0.0363195668060126,2.2963371479811876,-0.1388920265966592,-0.21052393567508113,-0.4032875426679643,-0.08602139992103093,-0.3199064710088097,-0.9951912809696967,1.1056599294313174,-0.2686714439811413,0.7612684198554652,0.8085623852791127,0.8860795597763388,0.7508933423678746,1.304412533477205,2.699708650736809,0.5351417404358204,0.8788973803794153,0.8100732454756168,1.8031073574589758,-0.1963571894948643,-0.38192996252919614,0.1252848061763878,-0.8859960529555155,0.762951507703092,-0.30318573422917133,-0.06485235845428361,0.5893379941347183,0.9311384475113417
5055,Greene,Arkansas,-0.18816309119495764,0.5119924885581141,0.6978321891354093,-0.8192214679003548,-0.3466361425355,0.660806502968195,-0.5502581270662359,-0.2399576558354727,-0.4740694621108428,0.9315325053652512,-0.4892410129145197,0.1725484109916089,-0.5919711102897218,-0.6118489560395658,-0.39603058362579246,0.5691047211042187,-0.19591262411850047,-0.7800181069410096,0.20690612538390254,-0.1908727264879377,-0.21614586107915382,-0.24676492581214343,-0.1547633907075032,1.3429175802175404,-0.07488813635690561,-0.5085681655192094,-0.258747207007375,-0.5928480167318596,0.281681603753253,-0.44112744742921267,-0.1053811103412193,-0.29645590533286675,-0.14478989380781007,-0.2755083266593358,-0.08602139992103093,-0.23205738073345483,1.2883850811018074,-1.1524081412267702,-0.3086369247664535,0.43463090056621984,0.5543056840650042,0.6565710243085056,0.4423563042226427,1.2737362283841636,1.5461669232017725,0.6092542092412228,1.322679506398566,0.5156417626036987,1.5807859666746396,-0.40634526652490416,-0.38192996252919614,0.845047227751231,-0.588328603623195,1.3072762729445448,-0.19834170920853006,-0.05451953492586118,-0.8288680241275522,-0.8918579097608071
5057,Hempstead,Arkansas,-0.25784769013255454,0.5534168272944313,-0.560369083055256,-0.23077854552688923,-0.7289839375657642,-1.1766389774648705,1.430847331258896,-0.19793506840689062,-0.3905105985567812,0.33506274673465475,0.25354543310778227,0.6888049243608686,-1.0196844888210366,0.1528946565255504,-0.1820027886588462,0.28436935687432036,-0.003293853395951721,-0.5879647166582027,0.6276837211489011,-0.1955972027173734,-0.29065168397890667,-0.26817059101303065,-0.5149839129980311,-0.8190394544761602,1.2810002922794397,-0.2266649598146151,-0.20478059804836513,1.2758234128481338,0.35175661170834416,-0.1706722771258477,0.481801827809351,-0.21535608868084838,-0.14929411281713037,-0.27166111491997796,-0.08602139992103093,-0.36089433000856525,-0.22681394521231593,0.3763232085717861,-0.18801816982691763,0.8090690324343792,0.8509385021481315,0.8532926261380765,0.8651663194587013,1.1270234648957056,2.6637925163630074,0.46473489507068844,0.41715875215139686,0.8600710444538666,1.5732919872099989,-0.19123552907949748,1.335816288604004,0.36520561336800217,-1.481330951620157,0.762951507703092,-0.2892801450484615,-0.06481250306944007,-0.2740648846817173,-0.2427484893680668
5059,Hot Spring,Arkansas,-0.222002281550314,-0.3214229320058467,0.7356420123991745,-0.07024193875503922,0.9986542311049085,0.06373099488315243,0.10830071457269834,-0.19297379026401884,-0.42265622549630033,-0.04284249200625295,-0.43725428661837146,0.9813502819367808,-0.6769509149152664,-0.5138049031466021,-0.32468798530347687,-0.771538055323499,-0.3729673146285144,-0.5583220086184163,0.7269467428565438,-0.20133040609634584,-0.2792788852732431,-0.19728881983650828,-0.0982961257425134,-0.7840699810398565,0.16256067631701424,-0.25267325874807195,0.10891860847206458,1.9619132265327568,0.5109006073537585,-0.04981315579705147,-0.23732574328539577,-0.3593632020012155,-0.03468459401091097,-0.3185980942433675,-0.08602139992103093,-0.22081168541148677,-0.6984590230569326,0.7743881421399388,-0.2767136871799743,0.7612684198554652,0.7767802976273495,0.8532926261380765,0.7851752354951224,1.1136859409422093,2.6912577955900328,0.27945372305718275,0.6480280662654061,0.804517934478033,1.568920499188959,0.18776734165764766,0.04750660025410388,0.6051264205596165,-0.8859960529555155,1.3072762729445448,-0.22976497197355267,-0.05953309979971719,0.22162946488688193,0.13509132250233427
5061,Howard,Arkansas,-0.2822444752857585,0.5256996591433474,-0.14340635164330598,-0.41289802928830127,-0.8022611332612196,-0.6202793274949605,0.7699329358000973,-0.11775833764694216,-0.3883991615779454,0.0728777838959676,0.24374076631487337,0.396259566784955,-0.9812445125768484,0.2509387094185141,-0.5387157802704237,0.325490208804363,-0.17940796529852088,-0.05101661696308729,-0.46489555070669636,-0.24060929304182918,-0.33461610613083376,-0.32573293842319767,0.01869218615525066,-0.8221988482510404,0.9497357003408667,-0.1346086950239143,-0.2664295834295997,1.3397168932722607,0.7949969922773472,0.14873674506308335,-0.18737801701468898,-0.3308295619581082,0.05104665108952969,-0.30808380914801087,-0.08602139992103093,-0.2580080697115793,-0.37981695301000457,0.4806565546268089,-0.29641718301711545,0.7214345760397035,0.7238101515410768,0.7221448915850299,0.728038746949709,1.1923773322678368,2.429281286039951,1.1928899010837657,1.4612010948669718,0.7406318580058248,2.034171724285392,-0.10928896243362825,0.9063797258207039,0.36520561336800217,-1.481330951620157,0.762951507703092,-0.3192810326079203,-0.06625293252456295,0.43468017067626424,0.4095903311261298
5063,Independence,Arkansas,-0.21012898419003925,0.43508609555529476,-0.01704848592790888,-0.3923459476416782,-0.5393193713666253,0.5817156840468803,-0.5019861318976936,-0.19174615170477607,-0.26881601185428927,0.455224367399743,-0.22459394268148744,0.2413826127741769,-0.5367136444387014,-0.35693441851786023,-0.039317592014215016,-0.005184736387049226,-0.2803327656940485,-0.3609252664105618,-0.08450380338823002,-0.1923276277732673,-0.3244600443335435,-0.3202778491785926,-0.26892276701799467,-0.27757793274110204,1.2872690939771985,-0.3995569235958456,0.8722144788656886,-0.4234256122178613,0.8083910824769415,-0.42601827285275407,-0.35652158971010495,-0.3692067751975555,0.04660802608368341,-0.32017401519344274,-0.08602139992103093,-0.32126933756428594,0.30915938538868437,-0.16186869217354985,-0.16538074452649845,0.4505644380925247,0.5013355379787315,0.4762428892980668,0.4537836019317255,1.4898041164308022,1.9137791220865648,0.2572199824155619,0.8327235175566131,0.4795322411194065,1.5526835436822375,-0.16562722700266333,0.04750660025410388,0.36520561336800217,-0.8859960529555155,1.0351138903238184,-0.21520434157975424,-0.060634504409655156,0.3507573539039999,0.3659934297564682
5065,Izard,Arkansas,-0.2809938837779052,-1.313845248627425,-0.08749286408396256,1.2539931674015903,0.8378679627156194,0.6401543216339198,-0.5408299488925316,-0.18148637637717063,-0.4414381982167078,-0.5738742365458508,-0.5197296597745988,0.2413826127741769,-1.0632040333546353,-0.2000639338891186,0.9594787844982022,-0.5525009006737268,-1.0083635603153598,-0.6784517048704684,-1.1305811085140112,-0.27021111110038154,-0.4113096898095201,-0.4089413869732702,-0.08126080318313597,-0.8218107865742806,1.2686211621306633,-0.28457472411358536,1.0409276332167203,-0.3427703377277344,2.3817385030539198,-0.3979686119845487,-0.6220958684498173,-0.40376377615195924,0.24622554442840322,-0.368722590502882,-0.08602139992103093,-0.3431063684656207,-0.2351440373871649,0.3767422508659837,-0.3050923805417826,0.3390296754083923,0.34242509971991364,0.24673435383023354,0.24809224316823725,0.9789769490118978,1.7806781535248293,0.6852194897667604,0.5274629800058678,0.3100952556931141,1.3441011152497422,-0.15026224575656286,0.04750660025410388,0.845047227751231,-0.588328603623195,1.579438655565271,-0.2995362188991062,-0.06600746548737176,-0.2798089366580079,-1.1921921191962543
5067,Jackson,Arkansas,-0.27194393586393156,-0.20160080085107335,0.9884753225076026,-0.3065471829682893,-0.18979412569366816,-0.340066187753091,0.5207209961060322,-0.20186758688771914,-0.44094701641409,0.33703648491348276,-0.48597125259944846,1.4459811439691146,-1.1728266084652932,-0.47458728198941663,1.7442473660436733,0.27769026266360053,0.014856794770831306,-0.5112488601144788,0.5733305462690822,-0.23338801650824037,-0.2651314900251488,-0.3455566385514673,-0.5509303268335439,1.966683653206975,-0.644088091362322,-0.5185184330586862,-0.5731512509015155,-0.6305905547809355,-0.5306334257142196,-0.4543027243850001,0.4948726000669417,-0.2857222393235733,-0.23110820490498868,-0.29891445549233103,-0.08602139992103093,-0.39758589080954787,1.6450067095824137,-1.4276590535748874,-0.26233445420131984,0.49836505067143877,0.5966818009340221,0.6729644911276378,0.5337746858953036,1.4631290685238099,1.6708170366167308,0.42026741378744703,0.9430277454110846,0.5739725280783239,1.550185550527357,0.5104319478257577,0.9063797258207039,1.5648096493260741,-1.481330951620157,2.3959258034274504,-0.3046642558244285,-0.0654367077294352,-0.707756131066411,-0.9693635121957612
5069,Jefferson,Arkansas,-0.12519712672812303,0.38149970161243885,-0.09339525616794402,-0.3049558063115632,-0.29626483272138854,-2.896971780388592,3.2131380973382546,-0.2846647109744477,-0.31139403689204365,-0.06430956352737408,-0.543756589269228,1.704109400653746,-1.041101047014227,-0.7491106300897147,0.9594787844982022,1.1722623881346375,0.5249878115493265,-0.14498395495529814,0.5317054504075421,-0.048013746652607624,-0.03714240518173697,0.1166310433280508,-0.4009771402451671,0.9929238891412367,-0.7502393464319834,-0.4503642572942404,-0.6287499839467172,0.3954424196002014,-0.5285903472494944,-0.31467320426080064,0.9771924301886572,-0.2871848792276418,-0.15101421749517574,-0.11427727627631998,-0.08602139992103093,-0.0903261932025446,0.6381862379983904,-0.5814612303866542,-0.05942419038187233,0.77720195738177,0.8509385021481315,0.9024730265954687,0.808029830913288,1.0363283020119314,2.127163214542679,0.9594356243467482,0.5582455552210693,0.8434051114611167,1.5732919872099989,1.7549954287598966,1.7652528513873038,0.845047227751231,-1.7789984009524775,1.0351138903238184,-0.08840707818902864,-0.05559302095938562,0.21864592892785295,0.15931182326325719
5071,Johnson,Arkansas,-0.24306903732546362,0.6430778860937579,0.03252696178852406,-0.6086542009913126,-0.24538621214831646,0.46365948006895213,-0.5303296379487491,-0.06437143703754557,0.3628423544583967,-0.008567617589709356,0.322703700126314,0.5167194199044486,-1.0520152545549877,0.4470268152044409,0.388737997919678,0.14849723846951376,0.10278685716402863,-0.28153168042804416,0.5838255065158888,-0.25527905605237156,-0.3721742468792995,-0.4068071424725534,-0.11299985983196635,-0.7896666067823316,0.7844836935027684,-0.375055899468495,1.4136989392657175,0.6446326402193512,-0.10231415162000064,-0.40178142604575423,-0.5897435446397026,-0.1220622613991559,-0.16045912683028482,-0.1880256018959866,-0.08602139992103093,-0.33612732201158335,-0.42255889928967655,0.5559378181710298,-0.23160266005170482,0.4027638255136107,0.46955345032696827,0.39427555520241236,0.43092900651355986,0.8282629283373903,1.99194953219425,0.7852713226540533,1.8818962894747215,0.43508975313873977,1.6994406415314476,-0.6675499477086123,0.9063797258207039,1.0849680349428452,-1.1836635022878363,1.579438655565271,-0.26747663038422603,-0.06274514007395554,-0.10022641912074184,-0.06028738363577926
5073,Lafayette,Arkansas,-0.30151002783531144,-0.9814226500821901,-0.48487257739096257,1.1456407519419232,-0.5262309077211834,-1.5282152810184302,1.7792032554403525,-0.2637892728822119,-0.42378172235554534,-0.5965390166810497,-0.4906208176427468,1.8934034555558081,-1.2738688317357305,0.03524179305399396,0.388737997919678,-0.9340883380998994,0.2151197664139661,0.8079312283253016,0.003897095636483076,-0.2705505455795007,-0.34747340226857726,-0.36196241924371797,-0.6805389830437065,-0.37617401064822964,0.23814963522145904,-0.24378321042937723,-0.48710939456146507,2.1084280358918184,-0.20024075385777274,-0.26119288924855055,0.47232092127777775,-0.14717013470195645,-0.0836832042106139,-0.12640889846271566,-0.08602139992103093,-0.4710638582405746,-0.2626314166714947,0.45870951032777973,-0.33411147475090547,0.9206037951185116,0.9674728235379306,0.9680468938719932,1.0022938919676934,1.0843433882445177,2.598298388975487,-0.30232915706522523,-0.15488410393109267,0.9822878864007015,1.1361431851059673,-0.2168438311563316,1.335816288604004,1.3248888421344598,-1.481330951620157,1.579438655565271,-0.3424694915512574,-0.06834720345224161,-0.09357366689255692,-0.757837805550366
5075,Lawrence,Arkansas,-0.27286064579825964,0.18126514652552006,-0.3556938523191502,0.010145725646191617,-0.4813185035250594,0.726128870487131,-0.6111528230763329,-0.21692943839015422,-0.5322293591342943,-0.5698101106080466,-0.574253913264759,0.6715963739152266,-1.1063803638146252,-0.592240145460973,0.03202500630810057,0.5237279836656564,-1.3642958136614325,-1.553802281431512,-1.3099665031384113,-0.2362508605979034,-0.2692086237325028,-0.30049539459188923,-0.5366544212063518,1.125011065131207,0.19658471199698233,-0.4833492929019236,0.02372702212955344,-0.618868695651171,0.048099715130299245,-0.44755545197685215,0.021033562233604055,-0.340246902226524,-0.09161466797720691,-0.3333018967165045,-0.08602139992103093,-0.38002125013343624,1.1966661150824514,-0.9993561772172118,-0.29896389336341267,0.4027638255136107,0.5119295671959863,0.5418167565745913,0.39664711338631226,1.2123836181980814,1.4616583717340046,0.5962845272002772,0.9609842476199516,0.4628663081266566,1.4346533671141488,-0.5548734185705422,0.04750660025410388,0.845047227751231,-0.8859960529555155,1.3072762729445448,-0.29560597162057445,-0.06509433256489101,0.3542541808943346,-0.1620134868316563
5077,Lee,Arkansas,-0.2949700492942425,-0.4371818563409059,0.8907934835541996,-0.040863645188587754,2.8130164684326493,-2.6838898039644743,2.9942451547484534,-0.2365368161741872,-0.4390158648216648,-0.748216188788418,-0.5350235627004178,3.5970499496743646,-1.7367273314045888,-0.47458728198941663,0.3173953995973624,1.4632744356152116,0.34304787709280044,-0.24539930985219144,0.1286177438729016,-0.26268411169826233,-0.3792270559907204,-0.5208546632422635,-0.6734599270605632,1.8882237349573185,-0.8162238152981695,-0.52100857027175,-0.7422702867401857,-0.6335104300673158,-0.3792920995759011,-0.455081148044694,1.1647066996057343,-0.2041802227742989,-0.21059586864743735,-0.16277787326801782,-0.08602139992103093,-0.5316810578927486,1.4898642810951066,-1.218933046626011,-0.2787465875441238,0.7533016510923127,0.8615325313653853,0.8860795597763388,0.808029830913288,1.4951391260122004,1.8208197154720196,1.3466732738549758,1.6458965461581792,0.8350721449647421,2.092874563425077,1.806212032913565,2.194689414170604,1.0849680349428452,-1.481330951620157,1.3072762729445448,-0.33842695149333907,-0.06789818939673163,1.527599038590336,1.7982323747523898
5079,Lincoln,Arkansas,-0.2827657991461751,-0.29860571057489405,2.4117423227710493,-0.9259904375574155,5.133141798148655,-1.1148592689547137,1.3553558442992997,-0.24213059338394838,-0.4944787251967039,-0.5615671528332966,-0.40312916001365723,2.16874026268608,-0.7859557046934283,-0.376543229096453,0.17471020295273174,-0.6763717655219668,-0.7968823639158475,-0.0007963729612128483,-1.6975221343401388,-0.2585334372930659,-0.3565976875439659,-0.3844520199724963,-0.6917876256089396,0.8767930020681425,-0.6263391650783928,-0.37489987182745005,-0.6377410670754151,0.6250425387123325,-0.5396735711784637,-0.25936566244608156,1.2693768298822616,-0.1839557885215447,-0.1905618760324125,-0.2691149697096364,-0.08602139992103093,-0.4820790598400234,0.5799037584885276,-0.35566519535221436,-0.313864382845695,0.8409361074869884,0.9356907358861674,0.9680468938719932,0.8994482125859489,1.2590649520353179,2.139839497262845,0.47585176539149887,0.8814625949806821,0.9211794654272841,1.5970229221813612,0.8484615352399683,0.9063797258207039,1.0849680349428452,-1.1836635022878363,0.762951507703092,-0.3310904899067465,-0.06612814363506685,-1.441400890170655,-1.4779940281751476
5081,Little River,Arkansas,-0.28500632023167344,-0.22640616892854615,-0.09663761802188928,0.2567108520913526,-0.8531590249307045,-0.5494232343838924,0.6965918461088938,0.0014543091233692592,-0.44243736374208614,-0.21699287259603423,-0.43428845500221663,0.5683450712413746,-0.8556281616360194,-0.43536966083223116,0.17471020295273174,0.0038278747585251583,-1.3377893145568143,-1.5384195306155788,-0.9746960259168794,-0.239690745970947,-0.32720874691924134,-0.3896473043539561,-0.5855020064394533,-0.5807022385945811,1.181392002317144,-0.3189021754668733,-0.44826589113302223,0.8753524982294046,-0.040813231099581286,-0.21263648156820036,1.1703455345653246,0.017344518251346693,0.24626964559400785,0.021332364359352075,-0.08602139992103093,-0.4421346652867636,-0.03721229319953093,0.2270626373667666,-0.3194045948271134,0.8489028762501408,0.914502677451658,0.9352599602337309,0.9223028080041145,1.149697255616649,2.556044113241603,-0.3449438266283316,0.37355010392986177,0.9184018099284925,1.2685368223146172,-0.12977560409509556,0.47694316303740386,0.6051264205596165,-1.1836635022878363,0.762951507703092,-0.3171661852628056,-0.06634878813665952,-0.043896787166084764,-0.5333944984991447
5083,Logan,Arkansas,-0.25804098999091124,-0.4009295732224563,0.4912677248495577,0.1247086833557245,-0.0901767363279495,0.5439786896769531,-0.5778398763015442,-0.09969674486164193,0.20385970133342607,-0.40893701403091587,-0.4842361062594579,0.4995108694588065,-0.924820118875558,-0.3373256079392697,0.17471020295273174,-0.25572503224891113,-0.4530877511327922,0.21124561789536178,-1.2295249289047279,-0.2552861981073419,-0.35895990854055326,-0.28530976597153024,-0.480535564519309,-0.7581266964633193,1.4461541764796992,-0.3463526958126771,0.05474148894226786,0.9976928505180243,1.5908681910931224,-0.3352831330783433,-0.5608025147574088,-0.23995932196523895,-0.011353998321889703,-0.19170388123740145,-0.08602139992103093,-0.3904625910595846,-0.09210807349229325,0.2581249310460814,-0.19519661653402431,0.5142985881977431,0.6284638885857862,0.6565710243085056,0.6251930675679653,0.6562088693372895,1.6771551779768135,0.8519725445789152,1.0225493980503542,0.607304394063823,1.339105128939982,-0.529265116493708,0.04750660025410388,0.845047227751231,-1.1836635022878363,1.579438655565271,-0.2700780797733494,-0.06475129422734141,0.8625694783128607,0.36276402965501187
5085,Lonoke,Arkansas,-0.10620395125170913,0.7100434727774073,1.2148842640573345,-1.2591830314582206,-0.44938202601363597,0.3464308867277115,-0.2366095655631499,-0.20529970417506577,-0.14562993994046713,-0.15471411079220257,-0.37380377288066075,-0.6534620103992067,0.48462279580643286,-0.6902841983539365,-0.5387157802704237,0.2906946260280775,-0.13420720496268954,-0.43454337956137146,0.13484159540102367,-0.19139939039245854,-0.16893334009172514,-0.1683496194000814,-0.23235856249950976,1.2190423614996253,0.047959554717248,-0.4940087058006682,-0.5141011576530649,-0.5306217826034609,-0.5774400119219395,-0.4422811024588413,0.886840693326611,-0.19584598969026915,-0.15986703351233658,-0.09972601429656815,-0.08602139992103093,-0.21214776147630232,1.222001099739944,-1.0964638822561739,-0.14214015098616697,0.6895675009870944,0.7873743268446042,0.918866493414601,0.7394660446587918,1.2257211421515772,2.1335013559027622,0.5759035982787918,0.9558538184174181,0.7822966904877,1.6313703280609635,-0.3090337186329345,-0.38192996252919614,0.1252848061763878,-0.8859960529555155,0.2186267424616392,-0.12838330765066552,-0.05178660687986227,-0.44544440443588496,0.14316482275597486
5087,Madison,Arkansas,-0.2723627522237045,-0.003119580564906492,0.03812680533023889,-0.016113810489230516,0.012170172417340915,0.6069992013995805,-0.6237195857882238,0.011748334473670288,-0.3522511246668674,1.678396671234676,-0.2786487739542705,0.32742536500238506,-0.528957006375142,0.5254620575188118,-1.0381139685266323,-0.7923146588607248,-0.6320234321270156,-0.2040342008977545,-0.7524217071305132,-0.27709924272668285,-0.41889658776494515,-0.5345405308765073,-0.15615635898418045,-0.8221988482510404,1.2532047969861406,-0.40946723123168893,2.3763900413506156,-0.5589105607990925,-0.310793509799908,-0.40625367487765895,-0.6186652430260435,-0.40382190308732896,-0.21159421167646267,-0.4224473963664231,-0.08602139992103093,-0.4104399026772535,-0.2425018034864003,0.4129657248975876,-0.11664326143727385,0.22749491272425992,0.2152967491128598,0.017225818362402626,0.19095575462282396,0.37478711391851965,1.2398234241311128,1.0316952814320155,2.7027649618800873,0.18510075824748837,1.547687557372477,-0.442196889432472,0.04750660025410388,0.845047227751231,-1.1836635022878363,0.762951507703092,-0.30172592809714527,-0.06674703910619013,-0.1139509843564771,-0.39453029413651874
5089,Marion,Arkansas,-0.27201715550724853,-1.7331966405870227,-1.1895294554384144,2.189167088833735,-0.4733702555645555,0.710242852039869,-0.6531837306150536,-0.04152012157626426,-0.38816668508914204,-0.31008952712947724,-0.5265346965270263,0.31021681455674494,-1.1643148994397945,-0.18045512331052588,-0.039317592014215016,-0.8922056798535057,-0.3185167401699572,0.12465535780658495,-0.3633619238889545,-0.27435798594824284,-0.41632619616645183,-0.46733371574020355,-0.08282114192178226,-0.8221988482510404,0.7340275630620553,-0.3850734545834772,1.7243669819850183,-0.2430621395191701,0.537207043201321,-0.3898077353998505,-0.6230195805209057,-0.4030719989846612,0.08075332756781176,0.1987029002298299,-0.08602139992103093,-0.3659977225793965,-0.477421603537307,0.6221725211406444,-0.26318335765008566,0.25139521901371664,0.31064301206815037,0.19755395337284137,0.2023830523319068,0.5815187351977109,0.9144655009802052,0.7408038413708116,1.7331138426012493,0.2517644902184889,1.2142054711959729,-0.25269545406389937,0.04750660025410388,0.6051264205596165,-0.8859960529555155,1.3072762729445448,-0.27664720736746673,-0.06543516690677274,0.33351973283280817,-0.7820583063112889
5091,Miller,Arkansas,-0.1942198200901348,0.29817605857403395,0.5407159092341578,-0.5439898611292403,-0.37059388315879993,-0.8533067208898631,1.0658319597701922,-0.17859684612554894,-0.4047826938810963,-0.22666875976594378,-0.4443484468055554,-0.0683712952473792,-0.3306479146439643,-0.47458728198941663,0.03202500630810057,0.8576138117478752,0.4185639267418548,-0.6720402630780329,1.0817890797537881,-0.14427639512555912,-0.07619788447100984,-0.002153238140465824,-0.41552295980318776,-0.2914352123921177,1.1354111416034185,-0.35003184038783375,-0.395745097048204,0.35287348303437277,0.22923082157134445,-0.2672490563832604,1.0549514289708632,-0.07684766768273955,-0.026135832587423843,-0.22596759487624987,-0.08602139992103093,-0.16710890113533908,0.22680174199209283,-0.14835499500825833,-0.26510456019202905,0.9126370263553591,0.9992549111896947,1.0172272943293854,1.0251484873858574,0.8722767573839281,2.4694228479871407,-0.17819077181617643,-0.15231888932982596,1.001731474892243,1.0412194452205208,0.7870016102555664,0.47694316303740386,0.36520561336800217,-1.1836635022878363,1.0351138903238184,-0.21164840356584458,-0.0566987329183495,-0.7760443986873128,-0.733617304789443
5093,Mississippi,Arkansas,-0.20185223570949248,0.9797461826101836,0.00808175369080356,-0.9066460387056988,-0.6112590381500556,-1.4723547039917582,1.7538346950740844,-0.28377579311810713,-0.44861632571233323,-0.5032497522188063,-0.38558008137101607,1.4631896944147584,-1.079884237332024,-0.47458728198941663,0.745450989531256,1.879775891837553,0.43962900148358774,-0.4148202463588624,0.19574147090923114,-0.07555202972941902,-0.13395446944358966,-0.21514560912033862,-0.4609152157447674,2.3294257405866565,-0.832624389022978,-0.5220313365454791,-0.8307220923719711,-0.6393219723789785,-0.7119783387577308,-0.45620951754236083,0.13684426827972193,-0.3396359647409544,-0.09620726024437735,-0.22149940849069036,-0.08602139992103093,-0.255648256068949,1.916861993266543,-1.753241592021647,-0.0551871196595241,0.5859995070661145,0.7767802976273495,0.8205056924998143,0.6480476629861301,1.5524904790122342,1.2440488517045012,0.42397303722771706,1.535592318303708,0.7045223365215318,1.6113863828219215,0.28507888954961735,1.335816288604004,1.0849680349428452,-1.481330951620157,1.8516010381859975,-0.2195650445126013,-0.061641898697746424,-0.48759613023086146,-0.37353919347705217
5095,Monroe,Arkansas,-0.3012845113338953,-0.6254993275427727,-0.9424663321874611,1.0456252263411505,-1.4626577484892413,-1.7989910898257093,2.0673948646209888,-0.17947803170073104,-0.30669424223424996,-0.4197059974509701,-0.5155679117081001,1.8934034555558081,-1.4712169240608035,-0.43536966083223116,0.17471020295273174,1.4361673863281008,-0.2899444747119429,-0.7795292528046512,-0.48357702545235776,-0.24931974668535997,-0.3391709267381047,-0.4321219273357529,-0.774350585069243,1.2362113525970713,-0.8318878744242888,-0.5250501277686931,-0.8016390421466016,-0.6305360818091443,-0.6214712298189232,-0.45489723924118364,3.3860257729009384,-0.2278264621362317,-0.23612683340113594,-0.19927443216482235,-0.08602139992103093,-0.5137964066247527,0.8407885488123534,-0.5956094273281293,-0.2772870693339652,0.7612684198554652,0.8615325313653853,0.8860795597763388,0.808029830913288,0.9389643771514091,0.88700022175318,0.21089968941218545,0.9558538184174181,0.8378498004635336,1.005623042763478,0.8843131581475361,1.335816288604004,1.3248888421344598,-1.481330951620157,1.8516010381859975,-0.3391942854858143,-0.06863355681585542,1.4030728071036307,0.4531872324957914
5097,Montgomery,Arkansas,-0.29459223593472705,-1.269796617576897,-0.7614414950985043,1.549050288676599,-0.20192275816159402,0.628122034802448,-0.624615587873529,0.035492461893501796,-0.12712053165917742,-0.4816304656514223,-0.3767086750962226,0.9297246305998548,-1.107272720406008,0.6235061104117755,0.388737997919678,-1.20365207937875,-0.3108952081382719,0.7502593580290046,-1.5784789969058948,-0.2831955642018207,-0.43940889408130157,-0.5130918783940138,-0.24975905131936357,-0.8221988482510404,-0.0009833080712583983,-0.462634077463219,0.5473213099391567,0.7203399385481787,3.981152365896719,-0.3098571901027204,-0.617616399227324,-0.39641820831913543,-0.15109743331406203,-0.22493232007811756,-0.08602139992103093,-0.4359944855363147,-0.8100028409247857,0.9757348637714662,-0.1440464604851496,0.6497336571713328,0.6390579178030409,0.6401775574893755,0.6594749606952129,1.0536670831514765,2.241249759024166,1.1613921018414701,1.2636795705694306,0.6628575040396574,1.8549407154227386,-0.529265116493708,0.04750660025410388,1.0849680349428452,-1.1836635022878363,1.8516010381859975,-0.32738482818698805,-0.06854069544832003,0.07676804150729495,-0.7642966057532786
5099,Nevada,Arkansas,-0.29674196466251235,-0.2112558379151987,-0.20075187693330038,0.2946038776944664,-0.2290211659488814,-1.1704492317554454,1.4266388752415693,-0.2680463672409322,-0.42924700921407266,-0.5470979098053436,-0.3634351291952071,1.65248374931682,-1.3175256618987727,-0.651066577196751,-0.039317592014215016,0.5854016620711499,-0.13106519063606115,-0.347309136743236,-0.1675351663240361,-0.2717456529318809,-0.38036272577673474,-0.24203412770750432,-0.7218389457762772,-0.8192780606627069,0.0971131248059313,-0.10745721073602198,-0.5507948070786959,2.8058482628689885,-0.2947898670978834,-0.073116811385659,0.8887630503373436,-0.2746539016283642,-0.19619975264945988,-0.39807620205809174,-0.08602139992103093,-0.451180215346909,-0.762739815613033,0.9363409401058013,-0.27774130714426964,0.8489028762501408,0.8615325313653853,0.8696860929572088,0.8994482125859489,1.0523333307561267,2.8180206227916846,0.3906224262652861,0.20681115484752174,0.8878475994417835,1.5077196668943942,-0.10928896243362825,0.9063797258207039,0.6051264205596165,-1.1836635022878363,1.3072762729445448,-0.3365366897069976,-0.06810860101756074,-0.7209719637159719,-1.2761565218341215
5101,Newton,Arkansas,-0.29820342874311845,-1.1573409602266977,-1.035772034399193,1.5820685031223778,0.21583837332930625,0.7182028136906,-0.6483118618409577,0.03831855428044402,-0.4667648847422566,-0.5283225424798224,-0.5621978172770449,0.6199707225783005,-1.2406457094103966,-0.31771679736067504,-0.39603058362579246,-1.5490598018320247,0.126436254878588,0.9592873060631091,-0.23785876800457983,-0.29130268816982274,-0.46346991547691146,-0.6191240033475921,-0.10069933590710471,-0.8221988482510404,-0.1151774353334546,-0.44466249664063784,3.183055239601164,-0.4246338507743204,-0.30987205615450286,-0.4170171208883718,-0.6219199630011267,-0.4034265464225585,-0.24537965663968375,-0.42067504123791394,-0.08602139992103093,-0.4408038895748852,-0.8616739462632481,1.0280469715777991,-0.12693435412318801,0.23546168148741178,0.2364848075473684,-0.031954582094989546,0.15667386149557633,0.6562088693372895,1.6264500470961523,0.7408038413708116,3.10550365427897,0.1767677917511138,1.7937398831281748,0.02102884146848343,-0.38192996252919614,0.36520561336800217,-0.8859960529555155,1.0351138903238184,-0.334253403192803,-0.06891960030367587,-0.27723654677672566,-1.1001542163047464
5103,Ouachita,Arkansas,-0.2524294365271011,-0.26435491330230476,-0.3962272588864647,0.44087320579994993,-1.2633322667178586,-1.7705489706890298,2.0906787372703017,-0.24510413498439182,-0.42152842561542864,-0.3926863823529673,-0.5183775494625749,0.4823023190131645,-0.6403642946685658,-0.6314577666181586,0.745450989531256,0.3029940250700607,-0.06917564239142017,-0.39008644299082196,0.21777980770634414,-0.2368843887840282,-0.2819755263753672,0.022586267557246253,-0.5962226598420302,-0.8116812159358547,-0.66195654089251,-0.27774935321685007,-0.7529583162730235,2.711565219499833,-0.4596925026241704,-0.17854397403687863,2.6524463094788775,-0.14202662113426676,-0.11661018777085123,-0.31913794342552876,-0.08602139992103093,-0.2890622238580902,-1.0987272448925898,1.1930032851198555,-0.18908302239861502,0.8728031825395975,0.87212656058264,0.8696860929572088,0.8880209148768669,1.2590649520353179,2.0870216525954897,-0.2912122867444148,0.6377672078603388,0.8961805659381588,1.2635408360048568,0.3516604749493861,1.335816288604004,0.845047227751231,-1.481330951620157,1.3072762729445448,-0.2602711770402512,-0.06427759316293052,0.0683337760272445,-0.4962563973323958
5105,Perry,Arkansas,-0.29028984969342375,-0.28932151290350117,0.24236723160342968,0.14584316232020716,-0.19159709205918843,0.6425282613557979,-0.5406771511232529,-0.0916769523254721,-0.46367519686195374,-0.49344257269633973,-0.4794730008029747,0.34463391544802896,-0.3543296857229731,-0.3961520396750457,0.03202500630810057,-0.5954579086508754,-0.9552110064223039,-1.146199482597976,-0.10698726903613474,-0.2805025696469435,-0.4210321008749808,-0.4562908389990609,-0.22647594873752588,-0.7515168839195677,0.17969957334421977,-0.29249410835718354,-0.11158214980689,2.1227134105055367,1.331528904680331,-0.1421318652867199,-0.33789873089419703,-0.340682151501479,-0.16094596799303673,-0.26611595792782533,-0.08602139992103093,-0.40402806554673143,-0.6586513250649461,0.8147867983131736,-0.3225395803703623,0.6338001196450279,0.6920280638893135,0.7877187588615544,0.6709022584042957,1.024324530453785,1.8546231360591268,0.418414602067312,0.6813758560818738,0.6989670255239503,1.334733640918942,-0.33976368112513544,0.04750660025410388,0.845047227751231,-0.8859960529555155,1.3072762729445448,-0.3271228117017526,-0.06698794417747166,-0.10061049882008995,-0.5204768980933193
5107,Phillips,Arkansas,-0.2688306366300953,0.6630922341393803,-1.2965770179699851,0.0348241265953657,-1.4154397130596568,-3.1702794702288575,3.5425957191168327,-0.28598609116069784,-0.46161744335857463,-0.5229387664047617,-0.5590979414759312,3.2356703903158817,-1.6612202352106478,-0.5530225243037876,1.31619177610978,2.893440329651076,0.10081612036428718,-1.4896465007361501,-0.14601989291573778,-0.23478930691096483,-0.32181832688124773,-0.4552649785328506,-0.595271154860302,1.8812017139533748,-0.8243436013066412,-0.5208978684153976,-0.7608459898636715,-0.6300601408219474,-0.47481569060904333,-0.45412812690846044,1.0216863314304392,-0.21697444802389493,-0.1657278641141339,-0.009551856003489834,-0.08602139992103093,-0.4647211402131987,1.4792761408793424,-1.23754783242093,-0.19821990425506708,0.7851687261449225,0.9039086482344041,0.9352599602337309,0.8880209148768669,1.4231164966633212,1.106722455569378,0.5610811045177113,1.0148537542465539,0.8850699439429927,1.4296573808043886,0.9201647810551038,2.624125976953904,1.3248888421344598,-2.0766658502847983,2.668088186048177,-0.2962610128336631,-0.06577640764274326,-0.5107224150587248,-0.8627933088476993
5109,Pike,Arkansas,-0.28951957904572956,-0.36697210036491623,0.31899824822826617,0.1792175505824371,-0.10927720985947954,0.5062784404535671,-0.43154719474535486,-0.09452320745388693,-0.32877028753066717,-0.5019173075162675,-0.22885807102266706,0.41346811723059507,-0.7753847112262766,0.4470268152044409,-0.1820027886588462,-0.8802964113996492,-1.001611401340369,-0.5699167225257116,-1.1249143842175553,-0.2708344850852839,-0.38556196397098963,-0.4062661366906898,-0.07594169779714756,-0.8207842629341133,0.07994739952172099,-0.13821371182424746,-0.10814442675206573,1.9652021858820639,0.7765022638151916,0.20905559898213386,-0.35260720689301767,-0.37538156461099875,-0.06960721065198196,-0.25807335130041476,-0.08602139992103093,-0.3331369849358748,-0.7719900902457629,0.8943711082749743,-0.28265601132133433,0.7055010385133993,0.6920280638893135,0.7385383584041599,0.728038746949709,1.3177500574307013,2.6764687990831733,1.7209412413222571,1.391940300632769,0.7295212360106579,2.3270614216950936,-0.529265116493708,0.04750660025410388,0.6051264205596165,-0.8859960529555155,1.3072762729445448,-0.3251015416727934,-0.06723865459482718,-0.8540016425153792,-1.4021031257909218
5111,Poinsett,Arkansas,-0.25200183381013014,0.2734475364290771,0.17453891182114983,-0.3388453673923497,-0.7612260738897888,0.2790822936507817,-0.0928968675906543,-0.2756917871467144,-0.49458105843304917,-0.39545475905542893,-0.46332815141250083,1.4803982448604005,-1.0424052604939407,-0.21967274446771134,-0.39603058362579246,1.0696445503568937,-0.33831457081921634,-1.250851506042366,0.05531820403990506,-0.24917498203664556,-0.28367649132730394,-0.3512864694302838,-0.46255431242756895,2.0979623626533193,-0.7176935324240336,-0.5213704686949285,-0.6950403783549343,-0.6344358885150465,-0.5703168155438658,-0.4529301707561781,0.4884540542124917,-0.30387283136138915,-0.17916361161405828,-0.29297141015323214,-0.08602139992103093,-0.3843734612535288,1.7409617253195393,-1.526652768172297,-0.17130072910341737,0.5541324320135047,0.7026220931065674,0.7877187588615544,0.6137657698588825,1.5885017936866739,1.5525050645618554,0.6778082428862197,1.3868098714302353,0.6600798485408659,1.7687599515793726,-0.3961019456941705,0.47694316303740386,1.3248888421344598,-1.1836635022878363,1.8516010381859975,-0.26809424067085247,-0.06444436628204306,0.7340708705835508,0.5145458344234632
5113,Polk,Arkansas,-0.26244002616139295,-0.28863792140301997,-0.9076418268990104,0.7179381207410283,-0.5533735906189984,0.6250413585038913,-0.6509799623301197,0.15349541633161437,-0.2865093584834315,-0.3765951734454869,-0.22923186784718227,0.9813502819367808,-1.098280511677457,0.5842884892545901,0.10336760463041615,-0.6303427598804799,0.840337848455207,1.2663314958884908,0.7741820126591206,-0.24807797312351484,-0.39052256118756007,-0.41800307378507345,-0.23076150414986635,-0.8221988482510404,0.26583811650443523,-0.2686787063725045,0.721742327282738,0.7401079698882345,2.2451111795095695,-0.08967516751229136,-0.62376406539735,-0.4022016437385455,-0.12518419901845265,-0.3950229138437909,-0.08602139992103093,-0.3760483065993291,-0.6892702054876444,0.8324753330877491,-0.09784079469926125,0.578032738302962,0.5543056840650042,0.4106690220215423,0.5566292813134692,0.6868851744303308,2.1208250731825973,0.8834703438212116,2.0537656677595955,0.5517512840879901,1.7462780131854518,-0.49853515400150705,0.47694316303740386,1.0849680349428452,-1.481330951620157,1.8516010381859975,-0.27483180743404967,-0.06604639607020896,0.2316700193801166,-0.3993743942887036
5115,Pope,Arkansas,-0.13325714506445163,1.0449363087321544,-0.2660358866143197,-0.8301890331787475,-0.20285006963602842,0.5016499560479287,-0.44916046425845496,-0.1041146107413262,-0.11879017818506264,-0.2564672289225992,-0.01225711351383828,0.41346811723059507,-0.5630724852918589,0.01563298247540123,0.17471020295273174,0.3299566616202221,0.26189756058224645,-0.42444872390255106,0.964377379147814,-0.19012622540760288,-0.27871223697218617,-0.2668572174755601,-0.12359515453682589,-0.7407720258097762,0.748224177204515,-0.3405218567518956,1.216998958690403,0.7149985657791847,0.01828369132259704,-0.40258059111381067,-0.5033951226318165,-0.35955402858803825,-0.12990078543959563,-0.22119062601790018,-0.08602139992103093,-0.24911095850631773,-0.39082293011897723,0.48751562057208886,-0.12132712344844607,0.45853120685567716,0.5119295671959863,0.49263635611719675,0.4766381973498903,0.7535727941978119,1.7912417224583006,0.42953147238812245,1.261114355968164,0.4934205186133641,1.3341091426302216,-0.3961019456941705,0.04750660025410388,0.1252848061763878,-1.1836635022878363,1.0351138903238184,-0.13641224137680888,-0.054755350514705245,-0.7745894381225646,-0.6835616032168682
5117,Prairie,Arkansas,-0.2972984339517211,-0.8079049238962628,-0.3186613867501437,0.9030061349982235,0.08045830856800763,0.09577523750171071,0.08964768496345933,-0.2714577529998083,-0.5620637277727731,-0.34116350480413715,-0.558649178091996,0.08650565876339886,-0.6532691438362576,-0.43536966083223116,0.17471020295273174,-0.28402976094141724,-1.121759586439082,-0.5911574589273108,-1.7038407455905196,-0.25072352868133724,-0.3094547727937403,-0.459852037441434,-0.6010130172463075,1.3511914623883736,-0.5686538695166602,-0.5049438407722426,-0.5652704063781958,-0.5229527681719072,-0.49141530007328915,-0.4451758290654064,1.5808972383266815,-0.2710998343489969,-0.17605500427785542,0.018641141405862087,-0.08602139992103093,-0.467499021874386,1.0731102734947437,-0.8414655729044666,-0.2368524576953876,0.7214345760397035,0.8085623852791127,0.8696860929572088,0.7394660446587918,0.7989203756396989,1.3496845410392115,-0.01329052872415626,0.9635494622212187,0.7906296569840746,1.003125049608598,0.12118575625787893,0.04750660025410388,0.6051264205596165,-0.8859960529555155,1.0351138903238184,-0.33511431450143375,-0.06839347055154404,1.7623537877098763,1.165269954866932
5119,Pulaski,Arkansas,0.8269130407508231,0.49374390081020236,0.5594147409669301,-0.7334750736912767,-1.0570461444649402,-1.7432187502275998,1.9263987430215388,-0.25521965673053204,0.3016664184765969,-0.26962778489140315,-0.25310128464436626,0.017671456980830835,-0.20853234725394526,-0.376543229096453,-0.46737318194810806,1.5804506687798916,0.8973772381922624,-0.07012521175657623,0.846030546754123,0.9043902404412704,1.1724528606074354,1.3592147728871193,0.6983038953523125,-0.38564961788657537,-0.033452293866363385,-0.42083095209951654,0.14821072200156446,0.14961872902394605,0.15918753406580008,-0.36766064460612874,0.3271307402013555,-0.30078255838477785,0.16382149651160402,0.03951786068291769,-0.08602139992103093,1.1998990248011165,-0.3948570816924505,-0.13414752880990655,-0.13852858806817236,0.6656671946976377,0.7344041807583315,0.8368991593189465,0.6937568538224614,1.3670988960586374,3.0968988426353197,0.416561790347177,0.9507233892148848,0.7350765470082409,1.9273825169142644,2.2108232057275443,0.47694316303740386,-0.1146360010152266,-0.8859960529555155,0.4907891250823656,1.072045219455538,0.030622882309425992,-0.397898154548478,-0.10388428500544086
5121,Randolph,Arkansas,-0.2683151703411441,0.15525733491846386,-0.15645336982333494,-0.06511904583308398,-0.2222272328710156,0.6069496801678521,-0.6008110030021122,-0.19490621445594805,-0.48332426811409346,6.623168993853878,-0.5412951135581918,0.4823023190131645,-0.8818497168597335,-0.04319344926037889,-0.1106601903365306,-0.014055698022901773,-0.3429786869390074,-0.44528091333698994,-0.11014573082969364,-0.2524019853786557,-0.3980670198863478,-0.4597911690386733,-0.3238487926224905,-0.06315911158352781,0.9693194043320456,-0.4373113608492596,0.9975448926352833,-0.5994952454547943,0.5151912613903036,-0.42380475143726504,-0.09845500772928804,-0.36578954935897384,-0.15172442865713986,-0.3374046905450597,-0.08602139992103093,-0.4189514668693659,0.376414215585263,-0.18508265978598934,-0.25146997936141485,0.3310629066452399,0.46955345032696827,0.5254232897554589,0.33951062484089894,0.9416318819421083,1.7194094537106974,0.709306042128516,0.7942452985376119,0.41009085364961445,1.3815710125729455,-0.47804851234003976,0.47694316303740386,1.0849680349428452,-1.1836635022878363,1.579438655565271,-0.29118912229803406,-0.06516286507323425,-0.7972842168063677,-1.319753423203783
5123,St Francis,Arkansas,-0.24770823392602487,-0.09908328950326147,1.315809247906759,-0.564012632859663,2.335359466361918,-2.6190944101812663,2.914570116515214,-0.21699218709811238,-0.3546973201433933,-0.08436691056597681,-0.3088794572415078,3.0119592345225374,-1.464352642588627,-0.5530225243037876,0.745450989531256,2.0817911339139266,0.653573588034075,-0.8070154094988143,0.6785172897623386,-0.21923021490015007,-0.25683519755053685,-0.37232831773374797,-0.4851874717277118,1.7761045253278338,-0.6989089496105103,-0.5210567573774368,-0.6331859994007386,-0.6323868318420107,-0.1484710388611197,-0.44841423599571173,0.903042365184536,-0.2650427951341558,-0.24167564367510455,-0.28840377242031084,-0.08602139992103093,-0.3834244518973761,1.4325520461281045,-1.2272201420521887,-0.26150789031699545,0.7055010385133993,0.8509385021481315,0.8532926261380765,0.7623206400769567,1.5951705556634221,1.5630686334953265,1.1243358674387685,1.753635559411383,0.7989626234804499,2.01481227733507,0.5514052311486923,1.7652528513873038,1.0849680349428452,-1.481330951620157,1.3072762729445448,-0.28433926275545024,-0.06275180627583166,-0.06861683164645921,0.38214043026375
5125,Saline,Arkansas,0.03768143422327346,-0.045165347309651056,0.9222097234296737,-0.41766670276786994,-0.5479287517688193,0.19419146379802893,-0.1103814587434057,-0.23103886215720926,-0.10083570201921326,-0.3636728637884286,-0.3329019169448776,-0.8427560653012686,0.7703141906784168,-0.651066577196751,-0.8954287718820013,-0.8007914341138989,-0.9162400599631972,-1.0320415877698013,0.011694930851679384,-0.11009582460011912,-0.00023129267021658028,0.23088842620809996,0.5857100684625952,-0.8217334770593213,-0.17931226764559213,-0.257367019154727,0.3419345143638335,1.4931807160173611,0.744989238248758,-0.05245587891458379,-0.20746787839806938,-0.353938657993276,0.06608794557172522,-0.3243554424764359,-0.08602139992103093,0.21574857553024823,-0.8902357658763584,0.772360091555684,-0.19602318041834874,0.6816007322239419,0.7026220931065674,0.7877187588615544,0.6937568538224614,1.2523961900585696,2.9321071672731724,0.3554190035827201,0.9609842476199516,0.7239659250130749,1.8068543471912952,-0.293668737386834,-0.8113665253124961,-0.8343984225900698,-0.8859960529555155,-0.3256980227798136,0.11242855774394202,-0.035824010632899445,-0.09027519296582137,0.046282819712282604
5127,Scott,Arkansas,-0.29079945841090965,-0.11448907370895846,-0.3004474086065917,0.2551046601852436,0.2853711945993712,0.4523107262769521,-0.6257568165860306,0.17241801169564133,0.4864613346921189,-0.44857352516831184,-0.1318669072527079,0.8780989792629307,-1.2120216556714207,0.07445941421117944,-0.46737318194810806,-0.2663768570597823,0.356246484850083,-0.2959769159442609,1.6749730274418242,-0.2735103333922811,-0.4369561456614251,-0.5255719006235836,-0.3765451957735076,-0.8221988482510404,0.18459318532328792,-0.4390968914872659,-0.27085732120231804,2.2059867443292354,3.2761514669941207,-0.30328543857582146,-0.6092944261618435,-0.4026879821385291,-0.20587027673811284,-0.3915428001141849,-0.08602139992103093,-0.472047103746825,-0.7260323008591367,0.909662047606911,-0.07124926649274915,0.5620992007766571,0.5860877717167683,0.5909971570319834,0.6251930675679653,0.6161962974768008,1.8968774117930107,0.8519725445789152,1.58176618112651,0.6017490830662406,1.521458629246235,-0.4473185498478388,0.47694316303740386,1.0849680349428452,-1.1836635022878363,1.579438655565271,-0.32790886115745893,-0.06849474330989806,2.0592772543453295,1.9064172781511803
5129,Searcy,Arkansas,-0.29782854416933574,-1.1238668984033402,-0.4705275990453284,1.2697278276695996,0.033963078368421,0.7060770889713077,-0.654665605867285,0.0655668988390011,-0.4703573538042657,-0.5333653890891306,-0.4979179732055964,1.3599383917409045,-1.4421810134334971,-0.08241107041756218,0.3173953995973624,-0.29361706556462647,-0.8570771231910969,-0.503863212984153,-1.144292615973529,-0.2872024784325519,-0.45441193007039643,-0.5664488974759362,-0.16155061348646174,-0.8221988482510404,0.9838033549532402,-0.3843344805334612,2.4254803507859313,-0.51937314430226,-0.17089584005301237,-0.37972837263301723,-0.6233437001090648,-0.4049526077533896,-0.08758391392651674,-0.41183906747985816,-0.08602139992103093,-0.435673818016919,-0.36440185757284144,0.5423738193040039,-0.2420948088175899,0.2912290628294783,0.3000489828508957,0.08279968563892474,0.2138103500409896,0.7989203756396989,2.144064924836233,1.0279896579917456,1.035375471056688,0.24620917922090507,1.6063903965121613,0.021028841468483137,0.47694316303740386,1.3248888421344598,-1.1836635022878363,1.8516010381859975,-0.329368667289485,-0.0684238199868196,1.3704133731495343,0.14316482275597486
5131,Sebastian,Arkansas,0.053467589322405445,0.5988725902767227,0.31258503125598297,-0.707402562469327,-0.5285257008084812,-0.06297440770699096,-0.1465617496173813,0.19285992388801437,1.2365063666534568,0.6237992689299966,0.3581245370863786,0.2413826127741769,-0.4651878314986228,0.46663562578303364,-0.5387157802704237,1.5789469842291515,0.30667739245058245,-0.699253984521045,0.36833783196332953,0.18304762347943804,0.3134837462807648,0.6828636692800651,0.048608384534706506,-0.772643094151705,1.2143630348496428,-0.10228934332806827,0.41941795048396735,-0.09753673513977824,1.1971906865337965,-0.3220101410733827,-0.40860175512014135,-0.15409038150611445,-0.047383519327355975,-0.24185140359202464,-0.08602139992103093,0.3807595843470032,-0.21128325338761741,0.041027573378542556,-0.332450900460776,0.5541324320135047,0.6814340346720589,0.7877187588615544,0.6937568538224614,0.622865059453549,1.8694121325659863,1.7450277936840128,1.6279400439493117,0.6739681260348243,1.8287117872964975,0.09045579376567797,0.47694316303740386,-0.1146360010152266,-1.1836635022878363,1.3072762729445448,0.11755659466926435,-0.022023867364055375,0.1007599484780792,0.4289667317348685
5133,Sevier,Arkansas,-0.27110044557292046,1.4849081128387125,-0.4898253171532361,-1.1240754628141814,0.00734780595127273,0.24787489359625467,-0.3756706176030928,0.30201752510419766,-0.3669321877961823,4.587012711979288,1.7604441308390233,0.5511365207957325,-0.8394284573616829,1.290205670083928,0.5314231945643092,0.029393832777242317,-0.06382859460911136,-0.15655682019601647,0.12325142518023662,-0.2515792543216124,-0.36393132434011916,-0.3053606098455126,-0.2846476665165391,-0.8181702515920445,0.839359307575011,-0.1570818923733619,-0.2509061265372628,0.8202450849208995,0.9897242140768346,0.004267421256038708,0.7823834530529066,-0.28530108448731434,-0.08839766833838548,-0.16466915321156714,-0.08602139992103093,-0.344723368481239,-0.425793932779888,0.5627941812309958,-0.3071029413414909,0.7851687261449225,0.8191564144963674,0.8368991593189465,0.81945712862237,1.132358474477104,2.173642917849952,0.455470836470013,1.2046796347402948,0.8295168339671575,1.6195048605752826,-0.4678051915093061,0.9063797258207039,-0.1146360010152266,-1.7789984009524775,0.762951507703092,-0.3212461562471861,-0.06476906148669496,0.029669545979903664,1.081305552229065
5135,Sharp,Arkansas,-0.2698264237792057,-0.8556470584393178,-1.0997246442973143,1.3359732788914218,-0.38907924734862265,0.687790149534692,-0.6142744148011362,-0.06385794669849655,-0.38898400168955277,-0.4017703918908825,-0.5167640627498379,1.5148153457516844,-1.2445583498495372,0.01563298247540123,0.6027657928866248,-0.686219839679924,0.3134758569952579,0.7451510631738242,0.22108597108347697,-0.25802640213588285,-0.410934310668844,-0.4682447491397091,-0.02719726897392741,-0.8220119942595212,0.9947458843322944,-0.36497781686090236,1.7961161411154243,-0.542686595816187,1.3946740240649085,-0.4065574389317969,-0.615187209154465,-0.40433728280052655,0.08136058457957722,-0.3871297266191653,-0.08602139992103093,-0.3461107480370004,-0.3592665483036724,0.49871384308186645,-0.28838983286124314,0.34699644417154474,0.40598927502344095,0.3614886215641502,0.2823741362954857,0.9456331391281573,1.8609612774192097,0.5740507865586567,0.7660279379236772,0.35731539917257316,1.3728280365308647,-0.5804817206473762,0.47694316303740386,1.5648096493260741,-1.1836635022878363,2.123763420806724,-0.2685995581780922,-0.06487264188088257,1.6290275849805582,0.23681742569821132
5137,Stone,Arkansas,-0.28428291015570206,-1.209592124778322,-1.2130261212367948,1.7184821419444778,-0.19431552547918662,0.7446585212456306,-0.6651370045442776,-0.10053278821595107,-0.4612787697655473,-0.4217598293725013,-0.5653984720275519,0.8264733279260047,-1.2899312503806235,0.2705475199971068,0.4600805962419936,-0.37053358849261514,0.44792261409973466,0.12465535780658495,1.3645918664956254,-0.2778349562673723,-0.4332886976960023,-0.5094025546455898,-0.24590382701192068,-0.8185425633246374,0.35335348936592026,-0.33348914111766925,2.1704502963646872,-0.19241823881820047,0.8139706217034703,-0.3877920792663283,-0.6230009500089482,-0.40386828791812174,-0.058289153240867905,-0.38380049442039665,-0.08602139992103093,-0.43071106060547226,-0.6460707594664699,0.8140756351320836,-0.28610375076676,0.3549632129346966,0.34242509971991364,0.19755395337284137,0.29380143400456854,0.9256268531979127,2.0067385287011095,0.6611329374050046,0.6172454910502047,0.31842822218948863,1.3996814629458263,-0.45244021026320563,0.04750660025410388,1.0849680349428452,-0.8859960529555155,1.8516010381859975,-0.29831971378908445,-0.0665971992976125,2.105778813121396,0.6033543372135148
5139,Union,Arkansas,-0.20761901481713457,0.2061088588035004,0.09205128253852154,-0.23572725763532534,-0.6056375684049642,-1.3252455128136393,1.562174493678004,-0.2331717534799292,-0.36857714649010287,-0.38245025682331574,-0.4029006880430961,0.7576391261434348,-0.626017946391717,-0.5138049031466021,0.816793587853571,-0.47482087485409663,-0.09492473128473326,-0.5232864586048805,1.1020377972517765,-0.17758533906494847,-0.1972759048635159,0.05878469313931346,-0.7136909526994553,-0.8193361259015148,-0.7091752453686224,-0.1321691011811989,-0.7636227602789734,2.7653194601809004,-0.45920556705178806,-0.05612392426303114,2.214045933274472,-0.1746299122901162,-0.14893340762362278,-0.3195855249011091,-0.08602139992103093,-0.27070800717209237,-1.1276302094760773,1.213179233571409,0.046026000302086645,0.9923047139868824,0.9992549111896947,1.0500142279676477,1.0251484873858574,1.5804992793145762,2.543367830521438,0.09231973932354204,1.1200275528984915,1.035063340877743,1.795613377994335,0.8843131581475361,0.47694316303740386,0.1252848061763878,-1.1836635022878363,0.762951507703092,-0.19834170920853006,-0.06322303479957737,0.5293746419592974,0.278799627017145
5141,Van Buren,Arkansas,-0.27245354458141746,-1.2786561331200001,-0.6419538507830469,1.4977054402899332,-0.11224001056897587,0.7377586953443976,-0.6443836751112678,-0.09739024510227486,-0.45738696857331745,-0.6448179307330724,-0.4754468398929874,0.9297246305998548,-1.209893728415046,0.03524179305399396,0.6741083912089404,-0.8603450477505391,0.1359180838792217,0.24507246716368827,0.8317977527126849,-0.19654427854347306,-0.37998929217028826,-0.4420185533432439,-0.16677287648819983,-0.8221988482510404,0.43593040379776243,-0.3433302109594998,1.5484439540868258,0.27121264980887194,1.1665361989125391,-0.3679151340715991,-0.6212422411422373,-0.39256525420060046,-0.09067944501322495,-0.2783509617456952,-0.08602139992103093,-0.3528905789898619,-0.6123060331198852,0.7476512018107212,-0.20064747025767782,0.4027638255136107,0.4165833042406957,0.32870168792588794,0.3737925179681466,0.8456017094769358,2.2391370452374724,0.6185182678418981,0.9892016082338864,0.39620257615565607,1.507095168605674,-0.529265116493708,0.04750660025410388,1.0849680349428452,-0.8859960529555155,1.579438655565271,-0.27966039694767436,-0.06611070371795248,0.9919525510042112,-0.12326068561417954
5143,Washington,Arkansas,0.3796171685133772,1.9282206685858645,-0.05543029135637157,-1.7488270979465794,-0.023718383295655905,0.17465699860319372,-0.4003525577720022,0.0017529422246727433,0.48215818324000276,10.951400006975527,0.5294366144137537,0.10371420920904087,-0.2446384677975934,0.4470268152044409,-1.1094565668489478,2.3462229505566436,0.591695049394322,-0.8903868532510801,0.4806896242209194,0.01768240323308164,0.18180025345728865,0.10669946123719488,0.30345787579431155,-0.8221988482510404,1.9551613529528071,-0.47115032392188716,1.634836271609197,-0.6116900795059731,-0.32527211324231586,-0.41884826829063654,-0.6005997213901262,-0.4001352736798223,-0.10431375635383616,-0.36331562163376513,-0.08602139992103093,0.1776613931355512,0.07512285914706328,-0.14973827867450484,-0.03072529659640679,0.2752955253031734,0.3000489828508957,0.24673435383023354,0.29380143400456854,-0.00799982354682149,0.9672833456475604,1.4152273074999724,3.0618950060574353,0.2878740117027811,1.5045971754507943,-0.011977414541658552,0.04750660025410388,-0.354556808206841,-0.8859960529555155,0.2186267424616392,0.2677856180253314,-0.01835271962340898,-1.416343921389486,-0.8143523073258535
5145,White,Arkansas,-0.09025964172301255,0.7401903556279319,0.033670592110045056,-0.6986915864035926,-0.6059513169766353,0.46395320497201364,-0.3380446863903516,-0.21276039626172838,-0.28266438173425135,-0.25804322750979275,-0.38272411735823236,0.15533986054596688,-0.6407075087421746,-0.3373256079392697,0.3173953995973624,0.6839773045531548,-0.14377348187894642,-0.7300687765794989,0.17376548984083573,-0.12291808068204381,-0.2015888097488827,-0.19417024716202552,-0.1907337129739492,-0.09813923428613122,1.4645092893849523,-0.4072729956592787,0.008705015390989739,-0.2588664260855522,0.38258729165482697,-0.4289394529945809,0.629341938940887,-0.27748915985465933,-0.06898621508183841,-0.29818011554137835,-0.08602139992103093,-0.2051089704182001,0.5660377862206863,-0.4617614979984406,0.03611468021167292,0.6178665821187236,0.7026220931065674,0.7877187588615544,0.6480476629861301,1.227054894546927,1.8926519842196226,0.29983465197866827,0.8224626591515463,0.6906340590275741,1.4352778654028693,-0.30391205821756767,0.04750660025410388,0.6051264205596165,-1.1836635022878363,1.0351138903238184,-0.06461972442229622,-0.055081627939919914,-0.05536914278323466,0.12378842214723675
5147,Woodruff,Arkansas,-0.30240037869804537,-0.49060557403022026,-0.6025066993489956,0.7520443472048581,-0.7367535070281089,-0.8664160436615305,1.1311294841304897,-0.24907153184607694,-0.4886009853787757,-0.3309585572033227,-0.5429740033872373,2.16874026268608,-1.3147799493099022,-0.3961520396750457,0.816793587853571,0.7711146957743198,0.04453538647099848,-0.5818126440874412,0.3280337253937676,-0.2525409050650167,-0.35534602757136874,-0.46692517363186253,-0.7232731226084333,1.91560477354872,-0.8320857690226939,-0.5224214596698351,-0.8223196746991349,-0.6026818068940604,-0.6885251800051156,-0.45620951754236083,1.6272709139915527,-0.24960698114539426,-0.24754203457338542,-0.2857178582917431,-0.08602139992103093,-0.5173923414203286,1.5096470557234087,-1.2443351826865887,-0.2975565008036168,0.6258333508818761,0.7344041807583315,0.8041122256806844,0.6709022584042957,1.1590335223840962,1.3539099686125997,0.31836276918001877,1.00202768124022,0.7100776475191164,1.2941412521521387,0.5104319478257577,0.9063797258207039,1.0849680349428452,-1.481330951620157,2.123763420806724,-0.34226362145571526,-0.06866434328528252,0.07970101867276598,-0.733617304789443
5149,Yell,Arkansas,-0.25840708820749597,0.2540444275535807,0.2442251831849409,-0.3556746477806782,0.018639698729759027,0.5654142552100565,-0.5386437088746729,-0.1708489537451158,-0.1090616740880416,-0.19962243580042616,0.7694656719813144,0.1897569614372509,-0.7724330701932408,0.36859157289006833,-0.039317592014215016,0.014855472006173865,0.263799870921599,-0.007433120956986177,0.7104158073121948,-0.27010399409354896,-0.416777771567338,-0.472859771451035,-0.438553522884716,-0.7489984677272081,0.6912691095515995,-0.3820556001925756,-0.08772882165760854,1.5603935384731116,1.88777743357333,-0.29644823293690215,-0.16217314596698962,-0.30695033415766304,-0.14880631804514555,-0.25913793872103635,-0.08602139992103093,-0.4640260882189289,-0.4246941958234512,0.6132318993082762,-0.03336136520046873,0.5859995070661145,0.6708400054548042,0.7057514247659,0.6709022584042957,0.6068600307093533,1.4553202303739217,0.42397303722771706,0.7557670795186103,0.6628575040396582,1.0412194452205208,-0.17074888741803015,0.9063797258207039,0.6051264205596165,-1.481330951620157,0.762951507703092,-0.2884005182765996,-0.0661847914874909,-1.4905692903803187,-1.8703661405021026
6001,Alameda,California,4.5740542252816665,-0.04741527426026754,2.4398522473045183,-1.1714065585384914,-0.3568735828770784,-2.0802151340319326,0.14515664665505723,-0.10073783627564394,11.750411498601986,5.668012937992477,0.9016082279224253,-0.9632159184207626,3.5603013950445357,-1.3177661368689038,-0.6814009769150549,2.232556347286129,2.631663004007787,2.0925902281442132,1.6313625288278923,2.218874407129581,3.5482385560241823,0.5968619774520385,0.10001953885741037,-0.7774436885485795,-0.8242990217069264,1.0460479499306494,-0.8302517721086577,-0.5320918863994645,1.27822969812578,0.345378728302025,-0.6148432429439543,0.16541599477771776,0.043484969580919665,0.6884301143696109,-0.08602139992103093,1.7642893397226573,-1.138473606998614,0.3451461704677889,-0.12849067711259177,1.0241717890394921,0.32123704128540503,-0.5401520534880482,0.6480476629861301,0.08803034891835126,-1.1728957202736707,-2.2978073796506813,-2.1198384885014376,0.5073087961073234,-1.5960368280442294,1.268437689300048,-0.8113665253124961,-2.5138440729313705,-0.588328603623195,-1.4143475532627192,4.18010348278165,0.354910694996839,-0.7982476277138907,0.3546905294013707
6005,Amador,California,-0.2044852140831696,-2.0859338585541503,0.5303196791338913,1.6576219377316324,1.985595854987647,0.40255474219667203,-0.48868322591222174,0.16986931969480662,0.23030092915471598,1.5531538695402323,0.3376879905657692,-0.8083389644099845,0.47487551611594225,-0.8471546829826784,-0.039317592014215016,-0.6038857177132707,1.4359191452193925,2.061485200487367,1.032234084291318,-0.23432556893086853,-0.3620970316600074,-0.44558610098852397,-0.36783795879324394,-0.7887293547023745,-0.7983448575481916,0.8202042651902576,-0.724046552579664,2.1471153941408287,-0.4157052529005139,1.2307968253681119,-0.6204970613217954,-0.38170842372555064,-0.11903881289183409,-0.28581313698404204,-0.08602139992103093,-0.41144583418936875,-1.137841896648541,1.283868395260981,-0.2886951402419396,0.6019330445924187,0.0034161647677692342,-0.048348048914121824,0.43092900651355986,1.8552522727565979,0.55530415724219,-2.277426450729196,-1.6170564266531506,0.3073176001943225,-0.1284658495521239,1.719143805852329,-0.8113665253124961,-1.5541608441649128,1.197676092370729,-0.59786040540054,-0.16192141776080282,-0.05716683950163527,0.5757729330361672,-0.2427484893680668
6007,Butte,California,0.3210385250740936,1.0103084610610271,-1.1632160382945795,-0.35147557219880704,-0.2518722138577996,0.2295027081974002,-0.5037732286517412,0.2265388270933148,1.6117830723696536,1.9745568695336124,0.5346934932971414,0.2757997136654609,0.18341812480733014,-0.7883282512469002,0.8881361861758866,1.5571637762501254,2.449227156199206,1.6751801597205338,2.0467183281147032,-0.13669850816213416,-0.11187434963811427,-0.30480488553085777,-0.3917756402107518,0.15824809567573467,-0.8265017724935405,0.8775419232706703,-0.772148929381795,1.581627011783431,-0.6558006095494328,0.14526093980450114,-0.5646233199510143,-0.06930809280093739,-0.15172308479320357,-0.2489238933221571,-0.08602139992103093,-0.27388234628641733,-0.2181643763541598,0.3303479834159613,0.5089390081312166,0.77720195738177,0.3742071873716777,0.32870168792588794,0.6023384721497997,3.235686001943455,0.9398180664205351,-2.2737208272889253,-1.6683607186784861,0.5711948725795323,0.6203075986232097,-0.24757379364853255,-0.38192996252919614,-1.3142400369732985,0.3046737443737671,0.2186267424616392,0.4831070224991761,-0.04354955879950805,-0.5985230734664346,-0.5753766998180784
6009,Calaveras,California,-0.18646439547000465,-1.747830588550291,-0.7934255510897517,2.0053823504492994,-0.12461638604724083,0.5134603939246039,-0.5992884202854409,0.1571411566572818,0.3786315311159757,1.503476670862669,0.23180742820632616,-0.41254230416021886,0.8598244210755976,-0.7687194406683074,-0.039317592014215016,-0.7576947208692782,2.4272596856504167,3.4986193744422445,1.4001779622832464,-0.2707785181157134,-0.41665843210694054,-0.5080183223423687,-0.4290011822993022,-0.8164075169330185,-0.8329734626862695,0.808823997609113,-0.6573257232773785,1.9833236824272393,-0.18558521514902684,1.2945466015333036,-0.616726643579964,-0.394726398296017,-0.21059094903434647,-0.24731153905914102,-0.08602139992103093,-0.47362592509065815,-1.1807634365400903,1.3524428036078258,0.03222759599890356,0.6497336571713328,0.0457922816367872,-0.015561115275859598,0.4766381973498903,1.6938682329192942,0.5827694364692148,-2.288543321050006,-1.7324910837101553,0.35176008817498927,-0.22776107745861082,-0.3141553790483013,-0.8113665253124961,-1.3142400369732985,0.9000086430384084,-0.3256980227798136,-0.13027356943700696,-0.06162885576301128,-0.15710391028734,-0.9467577114855668
6011,Colusa,California,-0.2578037583465644,1.2208056208930056,-0.14652756618694238,-1.0517312699395998,0.40267030628605904,0.45064569208306327,-0.5786974611903802,0.14567380467094415,0.11117374938039902,2.7176009482538284,3.6387796966569566,-0.4297508546058609,0.22831052563536414,0.07445941421117944,6.452858855316498,1.304344444453886,1.3433246279611413,1.5757588910494447,0.3808963115482739,-0.25134225223148265,-0.34759373338106486,-0.48108557972542687,-0.6702339564400681,0.9235563755012681,-0.824083794745228,1.0362042392278485,-0.8308039010443004,-0.5824995173933386,-0.6927389719327052,0.8644788215656986,-0.5904655404529747,0.24969311484873966,-0.11602679878102105,-0.3738686702413044,-0.08602139992103093,-0.505238751749003,0.5364717293730857,-0.303440867468734,0.12116884856081347,0.8568696450132933,0.5754937424995136,0.5746036902128511,0.7508933423678746,1.0950134074073146,-1.0059913311248283,-2.2922489444902765,-2.18909928273564,0.7295212360106571,-1.0901932141809931,-0.42171024777100463,0.47694316303740386,-1.5541608441649128,0.007006295041446424,-0.0535356401590872,-0.3075090062355562,-0.06699184778576238,-0.4096263740431003,0.41927853143049887
6013,Contra Costa,California,3.057520186544034,-0.008744726655346816,1.472741332290641,-0.7253947394358439,-0.5140433216140029,-1.0526756559104733,0.03801229233437655,-0.10399128658208662,6.846960932862775,3.8343220595196077,1.1690871312979112,-1.1353014228771825,3.489324724622231,-1.0432427887686055,-0.6100583785927393,0.7014004785305008,2.2773126908122396,2.348132330625833,1.6952856305250854,1.007978798145728,2.8537104333558836,1.5320593698709766,1.2147277091078903,-0.4564013164506391,-0.7910877728681349,0.8150408629377802,-0.8309806691705025,-0.5504188567167229,1.021226915886837,0.1907362252793385,-0.6062564528373157,0.14874102422097776,-0.20001671544375552,0.4834424647630442,-0.08602139992103093,1.9266164381983255,-0.8073395328174312,-0.046871250371295005,-0.14260928183943217,1.0162050202763397,0.4377713626752043,-0.31064351802021495,0.808029830913288,0.2867594558254447,-1.2848695509684636,-2.2978073796506813,-2.1788384243305727,0.6128597050614075,-1.550448452967666,0.4848236457489236,-0.8113665253124961,-2.5138440729313705,0.007006295041446424,-1.4143475532627192,3.336185814764735,0.22993731567960302,-0.6395421685635112,0.013988818697718525
6015,Del Norte,California,-0.23945491573133953,-0.3135836673586753,0.896437291298968,-0.15754297848547594,2.0624712562165484,-0.2102480608269299,-0.4155555133496044,1.435481415598256,0.8686404801174719,1.252897616032139,0.743535855212663,0.5855536216870165,-0.4628539757980828,-0.6706753877753437,1.3875343744320952,1.0502174319024047,1.8843755779293798,1.5962068057535534,1.469698015341457,-0.2475314650929166,-0.38704797474988056,-0.5539152902660285,-0.16442666800117214,-0.8221067052192956,-0.7425773496205864,-0.28846712011925046,-0.7738657477824814,3.1152994369731384,0.3783356749012908,0.10803143627516285,-0.5992750688242723,-0.15952174316685552,0.018042193828314467,1.1326685579151419,-0.08602139992103093,-0.4035812300036453,-1.1454721364011475,1.287891265916257,0.17575929753363337,0.3390296754083923,-0.37796888705339393,-1.523760062635901,-0.39183642854039075,4.102625058920708,1.603210195442516,-2.1199374545177156,0.06572435177784973,-0.3343208200265566,1.6963181500878477,-0.18611386866413065,0.04750660025410388,-0.5944776153984553,0.3046737443737671,0.762951507703092,-0.258961094614074,-0.0661584235785159,0.013214520024191639,-0.02153458241830248
6017,El Dorado,California,0.24388552251816892,-0.9844428735977323,0.4213596030026002,0.6971036603027474,-0.08244077674356136,0.3789452117206781,-0.6040922700951585,-0.018910337602144094,1.6493559173392676,1.4933963660963112,0.24339991266396258,-0.9976330193120466,2.0922375165901577,-1.1020692205043836,-0.25334538698116177,-0.5091070222283222,1.63359095070295,2.194186738652112,1.2849189284798581,-0.23724637519253056,-0.3345705384155665,-0.3490576261774128,-0.1399734727109913,-0.8220931303582332,-0.8335155157658495,-0.1875806434423595,-0.7849333228709751,3.5818143973667285,-0.41842015877784916,0.7856007112066801,-0.6062528321869898,-0.34174972453612884,0.550260520853117,-0.059800029167305715,-0.07018876291154634,-0.3085254957021178,-1.1866069069760143,1.2868446659592943,0.5902624692186761,0.2991958315926307,-0.4839091792259392,-0.7368736553176192,-0.08329939039515956,2.9622667608967834,0.9567197767140893,-2.25704552180771,-1.4092740439505425,-0.1676614900990557,0.5659762475045664,-0.27318209572536667,-1.240803088095796,-2.0340024585481418,1.197676092370729,-1.1421851706419928,0.458833066688435,-0.04830603561782652,-0.5638882653475311,-0.8175817074273098
6019,Fresno,California,2.6052424497753033,1.7808353503637728,-0.01996455099027058,-1.6307064211812574,-0.06148104424145959,-0.4449389049296512,-0.2606175717052213,0.18488155726608563,3.684200027485463,1.3457034424092853,3.1609498408489984,1.0329759332737083,0.08265047279577982,-0.41576085025364035,2.457673349266828,2.2589426306678466,3.058861008802292,2.025784416842712,2.2853489896645955,-0.03379947476310468,0.04300712270995802,-0.32547030946376837,-0.7276089780016416,0.45611345093770134,-0.8073556559652127,0.6929269125423848,-0.8284417802892139,0.7061600724426461,-0.6172528565217827,0.5634887925206561,-0.6124215351748573,-0.2991444912745884,2.1895579750780656,-0.35016776600890576,2.1183077195294335,-0.3043280600164057,0.08378475885459435,0.04993113014332096,3.7362390781725816,0.4425976693293723,-0.17668233192555804,-0.32703698483934723,0.1223919683683287,0.06669031059275732,-0.9045810693635066,-2.2700152038486556,-1.9300126080076965,0.08232750479219567,-1.4711371703002205,0.40287707910305437,1.335816288604004,-1.5541608441649128,-0.8859960529555155,0.4907891250823656,2.2970845807106426,-0.036118940248752215,-0.5741822903137388,0.8730092456851262
6021,Glenn,California,-0.2377532912206539,1.1000195360488105,-0.378193484279545,-0.8250796873871153,0.4026362004738841,0.35015284584599793,-0.5816793695485907,0.2831552637056444,0.6173830567393601,0.9840090435709203,2.3544996024528886,-0.41254230416021886,-0.0027411887180952364,0.11367703536836492,1.601562169399042,1.50712074402229,1.692343528227701,1.2790379637580718,1.1319530122509944,-0.2297391149320013,-0.3349074508775991,-0.4535058793444161,-0.5103857232750427,0.41335660935630825,-0.7742432557488675,1.2758622232984207,-0.8077761265651201,0.18704152502848556,-0.5448014403188093,0.666380466010753,-0.5782040579936853,0.027293262387707403,0.15093690497365567,-0.3688718770361326,-0.08602139992103093,-0.4438660244235073,0.056668141929573215,0.13653759820657774,0.24770758807726803,0.7612684198554652,0.363613158154423,0.4270624888406746,0.6480476629861301,1.725878290407685,-0.5538705807722683,-2.2848376976097358,-2.0864906986849694,0.5906384610710745,-0.6336849651266401,-0.4319535686017383,0.47694316303740386,-1.3142400369732985,0.3046737443737671,0.2186267424616392,-0.2699283560675006,-0.06641145097788163,-0.8292904773970284,-0.7642966057532786
6023,Humboldt,California,0.07611003182173556,0.3814133015209234,-0.2344467116254762,-0.2346301018837904,-0.20022768175630554,0.13849557642342303,-0.5320654801103011,0.9239744170494764,0.9274420356234852,2.3280143463732306,0.16467303028081776,0.7920562270347207,-0.31492871007268025,-0.4549784714108239,-0.1820027886588462,1.822512437573225,3.254561781028141,2.6424371185964577,2.4353338569047893,-0.25798413070911863,-0.35708455875454187,-0.5380931778739578,-0.02738410250751163,-0.8221149599768297,-0.7130674324047467,-0.14242006140974484,-0.7145747260115548,3.457296950963114,0.11331059121959562,0.04188926847989725,-0.6060688972702942,-0.17521840675480874,0.13698645626006833,0.6079737448878667,-0.08602139992103093,-0.3540130376217747,-1.1321274756428927,1.2535170895812262,2.277510199290902,0.5939662758292663,-0.16608830270830335,-1.2286776598915456,-0.11758128352240721,3.917233475967111,0.8468586598059906,-2.227400534285549,-0.6371444489692452,-0.07322120314013915,1.1786090687389308,0.04436085002737654,-0.38192996252919614,-1.3142400369732985,0.6023411937060877,0.4907891250823656,0.16608579082751548,-0.06389141372471553,-0.3908417864206921,-0.3606215930712262
6025,Imperial,California,0.20982960201859438,1.8227386601442634,-0.3896924247879052,-1.485180144839649,0.5464951228906622,0.3395900436877335,-0.4704529683419068,0.04673394715064216,0.26783331006853367,0.6135513818517292,5.40726344466496,1.2911041899583384,-0.5230537243090703,-0.43536966083223116,12.088924122779423,1.6370264509152834,3.0322037541155997,2.7716985860421888,2.0919334310740423,-0.23912957377783392,-0.30600532511432466,-0.3931076278962541,-0.93470835362285,-0.2076748705179253,-0.7409553320305138,-0.2126619773427329,-0.8315163635477664,-0.6393358987614601,-0.7126824083581372,1.5258709578971712,-0.558288194326166,-0.28221902188449555,24.761711747569343,0.11669714179268524,-0.08602139992103093,-0.5319485705180765,-0.5397529778503142,0.7544188232886994,2.5965340725542423,1.549978527407545,1.8044011317010389,2.820508644433782,2.0878871743305454,-1.3004058946406034,-2.546159681624905,-2.2903961327701414,-2.0480124796659678,1.9989097989584563,-2.6320794890307844,0.35678213536475295,1.7652528513873038,-1.7940816513565272,-0.29066115429087425,1.579438655565271,0.21457755605930443,-0.06242884387069826,0.515196719144226,1.845058676223508
6027,Inyo,California,-0.2680779386967972,-0.8806881016549625,-0.32075327299454515,0.9711016632129161,0.020803583658829405,-0.20479940488979362,-0.5837346862754552,1.8075255045079899,0.2006145911596251,0.5401262629032709,0.9826784414307175,-0.4813765059427885,0.26654457343538696,-0.5334137137251949,-0.25334538698116177,0.7571262425661651,0.8489579049046903,1.4613893786814067,-0.22942330998612223,-0.2874940304975475,-0.4568443681323681,-0.6616870649691898,-1.206668542154121,-0.8210762905107918,-0.8121773851626134,-0.30394791953927824,-0.8307660033015425,-0.413223887650232,-0.7103869598196908,4.037391938883464,-0.5915814885832561,-0.2606787095520309,10.56357606407719,-0.4099760257041262,0.6605539224896501,-0.7538735050330153,-1.1759505211074202,1.4687556779583302,6.87672760079543,0.5142985881977431,0.34242509971991364,1.0172272943293854,0.5223473881862216,-1.028320405989281,-1.842625990655734,-2.24963427492717,-2.1865340681343732,0.56841721708074,-2.3167078532271614,-0.15538390617192968,-0.8113665253124961,-1.5541608441649128,0.9000086430384084,-0.8700227880212664,-0.2929296603785267,-0.07052085405306809,-0.18975525478050978,-0.5656884995137088
6029,Kern,California,2.3155884695992266,1.979426984983162,0.08218080859369033,-1.8645352336703713,0.5291028878141996,-0.07743035579329889,-0.22971322584616996,0.1476363599154136,1.5875057958344543,1.1052553043315565,3.2211252047921044,0.7748476765890786,-0.17002372819503536,-0.4941960925680094,2.814386340878406,1.6433490059151363,2.8361520149436257,2.367979241648384,2.081497277733173,-0.14169938555510675,-0.10855544779441835,-0.4088173001177227,-0.16662793072429763,-0.04274722674136018,-0.8156125684317002,1.1374540091935759,-0.8133405914401759,-0.3141718966350676,-0.6634854409620936,1.863224484733747,-0.617336578204596,-0.3032782377601538,1.3202849128167813,-0.40001311208399526,-0.08602139992103093,-0.2483997698165905,-0.41114228647680856,0.506963480543361,5.337777346005391,0.8170358011975316,0.4907415087614769,0.8205056924998143,0.7623206400769567,-0.6762097736169812,-1.8510768458025106,-2.277426450729196,-2.0685341964761017,0.7378542025070333,-2.1349788512096284,0.35678213536475295,0.9063797258207039,-1.3142400369732985,-0.8859960529555155,0.2186267424616392,1.8407454407466484,-0.047816307465118016,-1.1631995354700555,-0.010231682063204966
6031,Kings,California,0.12701818542713672,1.9391709063249691,0.6441849795999275,-2.107336049998174,2.3090479192962543,-0.1388322081570635,-0.13175891447791158,0.21027181702716954,1.3882396337644909,1.907761442270296,3.268238596104535,0.2585911632198189,0.10811695705755446,-0.47458728198941663,2.8857289392007215,2.3812283358637067,2.168723819261888,1.5962670162249801,1.1982051875278037,-0.04325343887679633,0.06458543843823299,-0.30264856607966883,-0.5934629139285467,1.9473111604914999,-0.8027169026886186,0.6499789994133813,-0.8315503616676112,-0.6390399609376448,-0.7112246943065287,-0.4105063362594283,-0.626106422838431,-0.35699079071281803,-0.0016571248673642766,-0.3350990994915119,-0.08602139992103093,-0.2554486166900154,1.5541549363833764,-1.4006963912993176,0.296244015086522,1.0560388640921012,0.9039086482344041,1.131981562063302,0.9108755102950309,-1.0189841392218335,-1.9778396730041632,-2.281132074169466,-2.2506644331660426,1.0183974078849922,-2.378533183810446,-0.0990456416028946,0.9063797258207039,-1.5541608441649128,0.3046737443737671,-0.0535356401590872,-0.048805157992013834,-0.04789693585081099,-1.2137953095935365,0.39990213082176074
6033,Lake,California,-0.1323375063443909,-0.6737669781720889,-0.44424955724135645,0.841972561270122,-0.019893136972830842,0.3090176566274557,-0.4960846681633668,0.5863634812194466,0.1855449095988236,2.382736861258327,0.8792331036686796,0.6543878234695846,-0.6057683160487966,-0.47458728198941663,0.8881361861758866,0.6441097088611234,2.121378563811859,2.7252808481300765,1.0022379152889187,-0.25627276196378224,-0.36903747446506796,-0.4779006688518935,0.22708183222000683,-0.7917418856400995,-0.8038700686047131,2.6029816903160055,-0.810008003125355,0.18180362981015774,-0.20540417059708724,0.9745296087952218,-0.5981935017310064,-0.307723875941417,-0.1994717441762749,0.041416187088822005,-0.08602139992103093,-0.26722944832779943,-1.1433081852189697,1.2269198815179918,0.24998622365027087,0.6019330445924187,-0.0283659228839948,-0.22867618392456057,0.3737925179681466,3.383732517827263,0.7454483980446686,-2.2477814632070348,-1.9146213204000957,0.2545421457172804,0.5809642064338472,0.4284853811798885,0.04750660025410388,-0.8343984225900698,0.007006295041446424,0.4907891250823656,-0.053820902137949544,-0.06075775205361537,0.3147770439348041,-0.2621248899768055
6035,Lassen,California,-0.23136853832341683,-0.04469308350213804,1.9738153558644522,-0.9418198913512639,5.515467181444415,-0.11605470130462177,-0.07846214572050672,0.4695817447687994,0.19691580446553553,3.85916193553744,0.6867726629775258,0.34463391544802896,-0.14476317237742603,-1.3373749474474963,0.5314231945643092,0.4988045755148966,0.36468123691836063,0.042456756841925763,0.48633300969383647,-0.2842403694639768,-0.45765712322951346,-0.6338958294046796,-1.0582063590036193,-0.7649365974716659,-0.6979644441046611,0.4526642699797215,-0.8295174357971014,1.3684400235604666,-0.6888388242515926,2.290225280206046,-0.4748090404447363,0.09964923589771885,0.49166850877712426,-0.28938861777993996,-0.08602139992103093,-0.7034383889485665,-1.0689943324253859,1.3429961355736386,2.775354839384593,-0.40984658832792614,-1.0242046693059201,-1.5893339299124232,-1.1231834819216813,0.15605172108118187,-0.8940175004300354,-2.1644049358009574,-1.878708315982361,-0.9537379962571012,-1.3780869252809338,-0.3500070019558691,-0.38192996252919614,-0.8343984225900698,0.6023411937060877,-0.3256980227798136,-0.27966039694767436,-0.06953495462792568,-1.2166865179451236,-0.8918579097608071
6037,Los Angeles,California,29.081483045894732,0.44443063863541404,1.6273060356809919,-1.2198723676420606,-0.33850054328251944,-0.8270907705184544,-0.04763937270772851,-0.0970555368109083,5.29492028105851,1.852893125217194,2.791872531303361,-0.18883114836687276,1.1668637313260504,-0.14123750215334038,0.3173953995973624,3.1835172845379747,4.404436801494736,3.9487680853346014,2.581196201744164,1.8977294832783398,2.93826339806764,0.7857848302741427,0.21035037638430776,-0.8090117143204938,-0.7246088696066886,-0.1033553609443165,-0.8314645092158832,-0.4103350199745415,-0.5368090277825031,2.0838276857855216,-0.6045845475166216,-0.34330660805312935,0.4325191306045446,0.7695091968534206,-0.08602139992103093,1.608689587321428,-1.1244480112761486,0.39868772014897963,2.7834343151908283,1.0401053265657965,0.3742071873716777,0.03361928518153257,0.9108755102950309,0.334774542058031,-1.7750191494815193,-2.2903961327701414,-1.832534453159559,0.6878564035287826,-1.5860448554247089,2.07253837451264,0.04750660025410388,-2.273923265739756,-0.588328603623195,-0.59786040540054,27.639693341947766,0.3729736650870406,-0.606852464536715,0.6275748379744378
6039,Madera,California,0.13986676843639312,1.3974772514553115,-0.12172460238769586,-1.2268477337822672,-0.8199382346281022,0.12211433373594849,-0.39770917730191874,0.41211568916130303,0.4565573185798865,1.193641743734205,3.5214617381848927,0.5339279703500905,0.36950879551803373,-0.16084631273193314,2.1723029559775666,0.9258990429013909,2.414889266008751,2.0623509492989593,2.0992343577461665,-0.2285743338077435,-0.3394741553358062,-0.49720846495488485,-0.5272748082399082,0.2050031572806304,-0.8181073486374388,0.7775498476095631,-0.7896368968844257,1.4130959883659628,-0.6846334470763268,0.529453211235412,-0.6131566328721778,-0.3563897551374884,0.9344658265509098,-0.3685476062370163,1.332847635944928,-0.4646272957128883,-0.168329803803911,0.36424863310919775,0.8631328023464917,0.49836505067143877,-0.1237121858392854,-0.294250051201085,0.15667386149557633,0.1760580070114262,-0.7820436697352425,-2.258898333527845,-2.1275341323052377,0.12954764827165474,-1.4280467883785373,-0.17074888741803015,0.9063797258207039,-1.5541608441649128,-0.29066115429087425,-0.0535356401590872,0.08237152379478994,-0.055601435556945286,-0.53752146624444,0.5726750362496786
6041,Marin,California,0.43713559151743153,-1.2038244148420025,0.8789599574651918,0.6713226004612808,-0.5095352729294665,0.16756043511374186,-0.46684033368769484,-0.14873268020592453,2.445286072616431,1.4305239364068882,0.4682175161665429,-1.3073869273336023,3.8678212049980405,-1.2785485157117182,-1.1094565668489478,0.9809371968736615,2.545981922302431,2.857787927518686,1.5279925815535864,-0.06612732145324741,0.18431209583012112,-0.04268365127248458,-0.2391904816319902,-0.7979823123927263,-0.8250729372924857,0.11252783103740698,-0.769012934550429,0.30122347013111966,0.0810215555173102,0.7613233012096722,-0.5795367518993778,0.22748191256409944,-0.2137660919872522,2.7719347138333355,-0.08602139992103093,-0.03838132494043085,-1.1590466437232068,1.1434198835927722,-0.12324087946890917,1.1038394766710153,0.07757436928855048,-1.753268598103733,0.40807441109539505,1.925941149710128,-0.10174983041970805,-2.295954567930546,-2.0249255482545667,0.20732200223782135,-0.39512661883558287,0.9099214602243701,-1.6702396508790962,-2.5138440729313705,0.6023411937060877,-1.6865099358834457,0.7248546610553388,-0.005510638606996068,-1.132139758022247,-1.4763793281244193
6043,Mariposa,California,-0.2705264035693156,-1.7589602781700922,-1.0969822583152993,2.1668124972420726,0.40694191647573674,0.4242593572164382,-0.5699158412673531,0.4254828388216208,0.14411060150918437,1.0036074435671083,0.1636682237041241,0.10371420920904087,-0.20331549333509116,-0.376543229096453,0.4600805962419936,0.39437891778773665,1.8849862411674563,1.4960596453158805,2.096051705888045,-0.28824407533138513,-0.4689475172247234,-0.6611522846558181,-0.8506002872436099,-0.8216050689527546,-0.8336075343534716,1.8024527431430475,-0.7524526567385884,1.9733322419514947,-0.5531630471907725,0.8981948706934225,-0.6174802776409785,-0.3791410187395938,0.13589098505250052,-0.36805193405518466,-0.028026042137276313,-0.6605043242405043,-1.1861679863071954,1.4383787672475596,0.3494866436713893,0.3708967504610015,-0.3038106825326127,-0.47457818621152376,0.09953737295016307,1.1176871981282583,-0.09541168905962556,-2.25704552180771,-1.9505343248178306,-0.006557471169137838,-0.7404741724977678,-0.15026224575656286,-0.8113665253124961,-1.3142400369732985,0.9000086430384084,0.2186267424616392,-0.2854247596228542,-0.06842991087577656,0.07530389402157878,-0.6771028030139554
6045,Mendocino,California,-0.06684107100452288,-0.5734374841823514,-0.3462590813998846,0.7007399610747583,-0.20503414576933252,0.20729945910140496,-0.5860206233661438,0.8177358047930449,0.433998533112047,1.3395098257542017,1.1513970162512857,-0.08557984569302073,-0.23427340277460695,-0.23928155504630408,0.03202500630810057,1.443585811405481,2.8662846711642938,2.94622902260336,1.7813671476103878,-0.2671637823508452,-0.4223242865366717,-0.6039461334727093,-0.036113519874027,-0.815059818865499,-0.7612318011105887,-0.15643289750211906,-0.7866394722393518,2.961750731266076,0.10806128953484324,0.7865431622908453,-0.5816732024596065,-0.35961815418685134,-0.1837415536694089,0.40050158042996237,-0.08602139992103093,-0.4005645500243075,-1.146974448277826,1.2880494450642854,2.1478364742311986,0.6895675009870944,-0.07074203975301276,-0.9335952571471879,0.16810115920465915,3.547784062455267,1.0665808936221879,-2.227400534285549,-1.6298824996594847,0.10454874878252944,0.8288900270557055,0.22361896456521546,-0.38192996252919614,-1.3142400369732985,0.6023411937060877,0.2186267424616392,0.056544184535867244,-0.06621014635455338,-0.8640838883907679,-1.5022145289360707
6047,Merced,California,0.492354917721334,2.2213024081128663,-0.35531976773281104,-1.8694873946053472,0.19863554529910468,-0.08929452818981254,-0.38469492167482683,0.11465480555742638,2.472264232600532,2.1390119183955165,3.6821650012629816,0.43067666767623897,0.27533085371977284,-0.08241107041756218,3.028414135845353,2.3905818091597255,2.48273628855011,1.8849434617402994,1.467695540200581,-0.1448733836834613,-0.093504418937421,-0.3063513743270838,-0.46463212501175233,0.8752816266011654,-0.724523235420212,1.7193899693987256,-0.831345050403265,-0.6368332010644577,-0.5302171639539743,-0.3242517514808377,-0.6059217893111484,2.098885306716487,0.035068560437251504,-0.28455821809188964,-0.08602139992103093,-0.2904591102688902,0.533988821598122,-0.39375436318793505,0.7333771655505035,1.0640056328552538,0.6920280638893135,0.5746036902128511,0.8880209148768669,-0.6215259254076468,-1.842625990655734,-2.2978073796506813,-2.263490506172376,0.8656263554514513,-2.16120777933587,-0.18611386866413065,0.9063797258207039,-1.5541608441649128,-0.588328603623195,0.2186267424616392,0.310063849464394,-0.04152960019465908,-1.0365963019322186,0.24812032605330883
6049,Modoc,California,-0.2950169098659653,-1.182111222310099,-1.1112193616627526,1.642462961832427,0.12018905387426672,0.33591156130444,-0.5449769467758993,0.5754990492950437,-0.03479271559479572,1.7932264070680364,0.3470422724247195,1.0329759332737083,-0.714635820197515,-0.06280225983896945,2.3149881526221967,-0.397558414986999,-0.029816493427525886,0.42577218846217085,-0.4018403639897674,-0.2929202240869988,-0.472675683907406,-0.662416822970636,-1.0600599879821275,-0.7070060081948335,-0.6406038114914757,0.5136545116487773,-0.8302699026972192,1.0901763751978273,-0.7081811643735728,2.1506581805802316,-0.5777367484348053,0.49915079831014125,1.2729659084182832,-0.11245872070556276,-0.08602139992103093,-0.7200889176084817,-0.9859995864045855,1.2694954870329274,2.39018351581085,-0.4018798195647737,-0.992422581654157,-1.6221208635506852,-1.1231834819216813,-0.31076161729118523,-0.9341590623772253,-2.194049923323118,-1.76840408812789,-0.9481826852595174,-1.5916653400231893,0.27382952828015106,-0.38192996252919614,-0.8343984225900698,0.3046737443737671,0.762951507703092,-0.32953710645856493,-0.07044979883011993,0.3257098945274839,-0.4332830953539955
6051,Mono,California,-0.278606923405773,-0.4753816650719095,1.7272187610512044,-0.4222254008554655,1.3456362782144788,0.428037930658334,-0.6016518972933772,0.16651850974409943,0.5962274066949681,1.57774692534141,1.2254259236437361,-0.7567133130730604,0.7210286497081898,-0.23928155504630408,-0.1106601903365306,0.8859288819587134,0.4684391764227356,1.2158618667038563,-0.7524217071305132,-0.27768862612946454,-0.4390339515941169,-0.6334827382332158,-1.1653322756326592,-0.815648941554113,-0.7841556031888715,-0.16854583581846697,-0.8178474034361758,0.6487274464755194,-0.6978327951769732,3.3064302347395857,-0.5490384220539903,-0.05517765275247715,3.5785359792044154,-0.17610205073958515,1.0611115805974753,-0.7255037762618662,-1.1579271851669264,1.4389848691871865,1.5917079105104088,-0.6090158074067342,-1.4479658379961013,-2.0811379344863505,-1.3288748406851687,-0.26141277866324913,-1.4369849436104465,-2.1440240068794716,-2.10188198629257,-1.2676130676205617,-1.781512819794083,-0.559995078985909,-0.8113665253124961,-1.7940816513565272,0.9000086430384084,-1.1421851706419928,-0.34007391225767614,-0.06992477807951,-2.0024263256903323,-1.8542191399948202
6053,Monterey,California,0.9503613593831817,1.2307500277593344,0.2988275158247762,-1.2826875233466632,0.4067696705983542,-0.018923016084874737,-0.42367382889066685,0.1358326339681136,2.37382353007537,3.3981978451542214,3.5638845219790816,-0.3264995519320088,1.4268827134920943,0.01563298247540123,1.7442473660436733,2.5383392975360177,4.062618746281644,3.468240186664519,2.682309674581431,-0.19046232198245902,-0.21928687982535094,-0.44866126863842726,-0.6349829412275197,-0.4751317104503749,-0.7869013452645405,1.2180992112608733,-0.8314561064132886,0.059004247447839754,0.024658587283371208,1.3655122054224562,-0.5582292485237378,-0.23071827601289022,-0.11184448326451518,0.6369848002347301,-0.08602139992103093,-0.43316278549927656,-0.8238876605912416,0.9880114380606323,2.068166140912388,1.0162050202763397,0.2576728659818777,-0.6876932548602247,0.6023384721497997,0.6095275355000526,-1.379941671369703,-2.2922489444902765,-1.868447457577294,0.4517556861314897,-1.349984502288532,0.1724023604115472,0.47694316303740386,-2.0340024585481418,0.3046737443737671,-0.8700227880212664,0.8426123557054415,-0.04681016413278585,-1.360499096225931,-0.8224258075794941
6055,Napa,California,0.0825123574333687,-0.3688752780976065,0.746755900140563,-0.03205992288525729,-0.13133055831533258,0.009512600793185045,-0.5005674590212545,-0.0790466958919223,2.9656733966545366,2.3010581967506356,1.7838883156798448,-1.2213441751053924,2.3687307742894252,-0.6118489560395658,-0.7527435752373701,0.9124653336404043,2.399928182567786,2.4420349803263854,1.7013837028794494,-0.05659217446862819,0.05859056169705738,-0.22463150863976644,-0.5140956373315072,-0.5622624781686596,-0.8101567798601874,0.8380875928673932,-0.770313900324537,0.4565043950911863,0.286201117238953,1.5699701791954328,-0.6042659004606431,0.02179915256126637,-0.22558353257934857,0.04646797018165423,-0.08602139992103093,-0.21159549068031397,-0.9202015621233343,0.9859919451673205,-0.15274399757425797,0.9365373326448165,0.3742071873716777,-0.19588925028629833,0.6366203652770481,1.9072686161752332,-0.37217719511656666,-2.295954567930546,-2.1660123513242393,0.546195973090407,-0.5181527817134317,0.22874062498058229,-0.8113665253124961,-2.273923265739756,0.6023411937060877,-1.4143475532627192,0.17731506876617753,-0.03434766881523231,-0.31137096278427556,-0.2701983902304467
6057,Nevada,California,-0.028749283765318687,-1.8282020817347546,-0.5236537016990825,1.9450759246895644,-0.4173769546177137,0.6211683583386973,-0.6377117828238704,-0.015476760439995437,0.19404590353266396,1.0313700608130125,-0.0011776432177283734,-0.8771731661925526,0.9491973658433351,-0.9451987358756418,-0.39603058362579246,-0.32033616140812465,2.6442505525517563,3.3775128090109794,1.9168735395852643,-0.2163682098238726,-0.33044821495047383,-0.3630577716491907,0.062367230325684156,-0.8221988482510404,-0.8335231642235199,-0.287654800682893,-0.7241212518192331,3.9576237371284892,-0.3992225739173302,0.6800515742657022,-0.611992026571586,-0.35444945040069115,-0.24189978992565064,-0.3018413250934048,-0.08602139992103093,-0.2526082546194951,-1.186714460314279,1.262807920697943,-0.014551451940975737,0.11596015004012696,-0.6110375298329939,-0.9663821907854501,-0.3004180468677298,3.5998004058739013,0.9799596283677253,-2.2014611702036584,-1.2630568116783365,-0.3565420640168896,0.9256872618073119,-0.20660051032559795,-1.240803088095796,-2.0340024585481418,1.197676092370729,-0.8700227880212664,0.1750317822519829,-0.049467293672604086,-0.027367182671624236,-0.9015461100651767
6059,Orange,California,8.980011116449662,0.294361598264158,1.3545141262234033,-0.945761498244737,-0.3201952423631388,-0.7630954570182444,-0.5311320182102881,-0.17166229273236508,7.736603276402841,2.2616006794928856,1.7438158668294388,-0.8599646157469105,2.7483941825155047,-0.592240145460973,-0.8240861735596857,1.7563348774357386,3.319966140881649,2.903370798954882,2.3869538728609188,3.525283816954268,6.7163545057150245,1.7552582906796668,0.3063458287563953,-0.8147084285335126,-0.8058637719644568,-0.20446128164275365,-0.8314432342487649,-0.5932265151153167,-0.62003551467965,1.014599748898574,-0.5812130942127132,-0.2277604836797608,-0.13840492452576986,0.9731701418814831,-0.08602139992103093,3.4448307799508258,-1.1668237482352561,-0.35283620481452294,-0.0340389986551852,1.549978527407545,0.7238101515410768,-0.3762173852967394,1.3565401209492551,0.26942067468589953,-1.9926286695110227,-2.2903961327701414,-1.76840408812789,0.99617616389466,-1.6653561380921547,0.4079987395184212,-0.38192996252919614,-2.5138440729313705,-0.29066115429087425,-1.4143475532627192,9.108053390700258,0.6299207338635994,-0.5413467584689811,0.46771953295234525
6061,Placer,California,0.8457099875831475,-0.4129311143630023,0.8117575830458945,-0.023844115533421487,-0.5519753354431889,0.115109819911633,-0.5238315499340898,-0.095089737846476,3.08268861408815,1.9773709339754648,0.33288850646912066,-1.3590125786705283,2.880668886484345,-1.356983758026089,-0.5387157802704237,-0.030861072873757556,1.5460560385490436,1.823359713932999,1.2586196516191892,0.03993897843397311,0.24877246470990977,-0.20065942445380267,0.02763072140105852,-0.6366192783444816,-0.794274985835501,0.023055077960074107,-0.7724055691307383,2.792350623915249,-0.4054247457548876,0.62641354757499,-0.6025693345876603,-0.3617928124717736,-0.1822760551966418,0.11265158970153978,-0.08602139992103093,0.021584970531597893,-0.9862288895944187,0.9495134254860506,0.37882593830416944,0.26732875654002153,-0.44153306235692125,-0.7532671221367492,-0.12900858123149003,3.242354763920203,0.7369975428978915,-2.2477814632070348,-1.4374914045644769,-0.1815497675930141,0.628426076376571,-0.36537198320196956,-1.240803088095796,-2.273923265739756,0.9000086430384084,-1.4143475532627192,1.2098471752261526,-0.015425696405849482,-0.3057855900232185,-0.2314455890129693
6063,Plumas,California,-0.26582863125410083,-1.7182590229572203,-1.2215969472845667,2.1913755259667616,-0.1325035509380611,0.504367870387137,-0.5793300433501798,0.33432761396796257,-0.0031501632221025283,0.6118124150914932,-0.03357141700162274,-0.22324824925815678,0.2508253688641029,-1.00402516761142,2.7430437425560905,-0.15233014574506112,0.9092036419384162,1.080623083810258,0.8635749742421073,-0.27921616944844135,-0.4515951829755658,-0.6342660698086144,-0.9390996429275325,-0.7993920033222127,-0.8026918544327819,-0.3869193228537205,-0.8300347946182095,4.051208759487352,-0.6936897833094178,1.0066160740278287,-0.5777994185381249,0.11878522592855287,-0.2578191348800601,-0.23374674947329385,-0.08602139992103093,-0.6682504087538095,-1.1503075617774736,1.4068587512994246,1.206045116518959,-0.2505112130648794,-1.0453927277404296,-1.6713012640080787,-0.9860559094126891,2.859567826454862,0.5003735987881407,-2.1792274295620375,-1.4323609753619433,-0.8842966087873092,0.40360669243735464,-0.36537198320196956,-1.240803088095796,-1.5541608441649128,1.197676092370729,-0.0535356401590872,-0.2590733873934606,-0.06938426110418673,0.17621548443046575,-1.03395151422489
6065,Riverside,California,6.914789572195018,0.9407430944064511,0.520585263061106,-1.1259490107369698,-0.08033860632412657,-0.2277332831721428,-0.14073291428413975,0.003952133114122574,2.3750176637978146,2.3699510014395915,2.8925478603214074,-0.5502107077253546,1.1794940092348551,-0.3961520396750457,0.24605280127504683,0.6491112435778397,3.1795685116484673,3.4127551386817796,2.3920150409968035,0.0063008137507629845,0.4731269851873104,-0.054451068514872324,-0.36210709545524283,-0.6505734924787558,-0.7994833661432317,0.13322199417384462,-0.8314182498263365,-0.5228325622856306,-0.6590614926451837,3.3273534576383734,-0.6076824481152641,-0.30254819290245044,4.71261357619136,-0.317635882993518,-0.08602139992103093,0.02603648022328552,-1.0023252767859836,0.9632408069398968,4.697994559973776,1.2552080831709094,1.1475713202312579,1.8041137016476672,1.516522288876413,-0.5668420771983124,-2.2884085996482115,-2.251487086647305,-1.8479257407671599,1.4128244887134123,-2.1505913084276296,1.4528174642532539,0.04750660025410388,-1.7940816513565272,0.007006295041446424,-1.1421851706419928,6.691213330888488,-0.00011597047675816064,-0.5912953605596132,0.5532986356409406
6067,Sacramento,California,4.224735022159483,0.579120648356696,1.1937155911428254,-1.1280239974754978,-0.5201998460623938,-1.1603142142319993,0.19510959652951015,0.04771455286160002,6.378655756584372,7.365148582803217,0.9957280705966216,-0.3264995519320088,1.1098901951069857,-0.9844163570328273,-0.1106601903365306,1.8754550900648752,2.442249118467083,1.7212573557937982,1.793694737142413,1.483855794264973,3.212701849105321,1.1762099137545672,0.8147887952034752,0.2787927200571984,-0.6210899736939959,1.3045091970338631,-0.8276181332429321,-0.6369540941176421,-0.7120359876187128,-0.3008760782844029,-0.5511468896720088,0.11514670808925301,0.19546698683788027,-0.16671983691772152,-0.08602139992103093,1.9030641721388277,-0.006527357611107592,-0.8152693195012886,0.00046073536351271183,1.0640056328552538,0.7132161223238221,0.509029822936329,0.8765936171677833,0.4468097432673991,-0.9552862002441673,-2.295954567930546,-2.199360141140707,0.8572933889550743,-1.3824584133019742,0.8126099123324004,-0.38192996252919614,-1.7940816513565272,0.6023411937060877,-0.59786040540054,4.4732063524439605,0.25565860077368546,-0.43971371665037673,0.4612607327494326
6069,San Benito,California,-0.13695913023055606,0.8895912673503906,1.140896229212073,-1.3877495945938214,0.011111490494671472,0.2626931525440055,-0.5550100967544279,0.24814388111543287,1.1352545597869679,2.220939614316116,3.6693735331556954,-0.7050876617361327,1.9554323868496812,-0.5530225243037876,0.745450989531256,0.9737516026769618,2.916678366326992,3.47729833847628,1.623326330961561,-0.21876763812355143,-0.3377848024173853,-0.5721418099141593,-0.999440137305441,-0.6482119389266697,-0.7932413762913816,2.5076637745252257,-0.8315503616676112,-0.3377602428533165,0.4271621180193011,1.5556953640966924,-0.5925822235174018,-0.2648600757392718,-0.20765348915176712,-0.41662241850906007,-0.08602139992103093,-0.6164351942825238,-0.9971756256148198,1.2356103469917492,0.2955961677177272,0.8329693387238359,0.16232660302658714,-0.22867618392456057,0.6137657698588825,0.07202532017415592,-1.7264267323875524,-2.2903961327701414,-1.9659256124254312,0.4434227196351143,-1.727181468675439,-0.3961019456941705,0.04750660025410388,-2.0340024585481418,0.3046737443737671,-1.6865099358834457,-0.20973942631627204,-0.06144139299470718,-1.6075194042697423,-1.1550540180295057
6071,San Bernardino,California,6.064091539495766,1.4675246200441743,0.6316404695631871,-1.6665700742191663,-0.11268233862612144,-0.4289729907840227,0.007994344503444295,0.049034019104577345,2.5812225855338697,2.3791630465758553,3.2092524894525147,-0.20603969881251477,0.8014780285620978,-0.376543229096453,-0.039317592014215016,1.458546975662957,3.272095613997067,3.0731762171426156,2.356196536906529,-0.19529344729181003,-0.19125527965865247,-0.44490238396731063,-0.7966594595142521,-0.819319071827525,-0.8267523876513138,-0.23699398829799043,-0.8314745981356046,-0.5519177511374754,-0.6966430415127803,4.125863003158275,-0.6175128681259346,-0.3917947886303553,8.222070055880442,-0.4157077513204284,-0.08602139992103093,-0.46850116388673313,-1.1808152857699021,1.3502806846613762,14.232200463055596,0.9445041014079689,0.9462847651034221,1.8696875689241914,1.1737033576039333,-0.8389275658496349,-2.2208017584739967,-2.2403702163264945,-2.0300559774571005,1.17950142681491,-2.29859740285428,0.44385036242598896,0.47694316303740386,-1.7940816513565272,-0.588328603623195,-0.8700227880212664,5.211961832565305,-0.04820661655656184,-0.6211201905408704,0.9715059487795469
6073,San Diego,California,9.456342970440872,0.6065811221220492,1.1838304129353494,-1.1483998075140358,0.126535540307527,-0.44184576704877243,-0.2558957682309335,-0.09777992885148624,4.655621632420183,3.6652170749883015,1.7515115881799879,-0.7222962121817748,1.9119814851308041,-0.5726313348823804,-0.46737318194810806,2.255810388332853,3.3612008325145992,2.918306008422644,2.161479054190043,0.4913017584940162,1.182213351324291,0.26803742783351836,0.4326755148498328,-0.8046464917227367,-0.8047930697678645,-0.015588141831027963,-0.8311677675755574,-0.5050239748477604,-0.5198232083439557,2.56256817994022,-0.5611763329950924,-0.19257703357196784,8.191074756661715,0.12385780570197553,-0.08602139992103093,0.668281858426714,-1.1564320327438964,0.8357881811570278,2.6202363504263597,1.2153742393551479,0.522523596413241,0.09919315245805703,1.048003082804023,0.08136158694160306,-1.9799523867908575,-2.258898333527845,-1.4374914045644769,0.8322944894659497,-1.658486656916234,1.483547426745455,-0.8113665253124961,-2.273923265739756,0.3046737443737671,-1.1421851706419928,9.578054818822958,0.08387785797719079,-0.9452416690253231,-0.24436318941879528
6075,San Francisco,California,2.2609578293275923,-0.9879707096176021,3.6147111501928317,-0.8899914493563146,0.41307041641946063,-1.899093160995914,-0.25943716576607173,-0.18371704662155122,12.919653223593368,2.6259626981258153,0.39253361965570976,-0.8599646157469105,4.535441220981923,-1.298157326290311,-1.252141763493579,4.19735649279907,2.1007517347756974,2.572047960293483,0.15409111510956539,3.3748204712287926,1.3808533491815382,-0.3351385462777098,-0.8309530926827584,-0.8212215734311074,-0.8336075343534716,-0.5030987817979933,-0.8315503616676112,-0.6042387766554531,-0.6920614048034127,-0.44515896734927346,-0.6231725223628518,-0.39871286521478727,-0.10087614935021261,6.436852944491364,-0.08602139992103093,0.7822029774078758,-1.1857903868575377,0.8151474960189584,-0.5672769553452225,1.2392745456446046,0.2364848075473684,-1.6713012640080787,0.5109200904771388,0.7322327558722179,-0.8855666452832587,-2.2978073796506813,-2.0480124796659678,0.33509415518223934,-1.1919864352423604,6.840804221219155,-0.8113665253124961,-2.753764880122985,0.6023411937060877,-0.59786040540054,2.392758028748043,0.724400814943997,-0.8430004438993562,-0.24113378931733892
6077,San Joaquin,California,1.9112578840601604,1.341403670547555,0.4690744086548546,-1.4694165284214715,-0.07291543084923272,-1.0007854066485882,-0.04781592988964982,0.10279041119803559,6.439008479052313,4.953306447519692,2.3177301488684208,-0.15441404747558876,0.8742394121671683,-0.7098930089325312,1.4588769727544109,1.8495596556053195,2.8591217150080914,2.3748031574654487,1.9902143276373097,0.7130049380232412,1.1000379908004185,0.11896904379116857,-0.40093480979571644,1.5715667270878644,-0.7553041558142789,0.5100555816552831,-0.8315503616676112,-0.6391991888073271,-0.6317486524381071,-0.3396451398448419,-0.5786075432340104,-0.2706577446354509,-0.1606294086260589,-0.2344549775896983,-0.08602139992103093,0.4118734714155977,1.2056409521225842,-1.3499686809692248,0.3222472680960824,1.1118062454341673,0.7344041807583315,0.49263635611719675,0.8765936171677833,-0.2560777690818508,-1.4243086608902813,-2.2978073796506813,-2.2096209995457743,0.8767369774466174,-1.8533301229968882,0.2133756437344818,0.47694316303740386,-1.5541608441649128,0.3046737443737671,-0.3256980227798136,1.7263752449413754,0.040885856671313316,-0.5984111253189264,0.6921628400035665
6079,San Luis Obispo,California,0.5082611530355058,0.30761903326326623,-1.0211806407759512,0.22516246244393973,0.27060834014433593,0.36816391818601585,-0.5329652721594281,-0.032933895752529765,1.3029119205350896,1.0615557062341574,0.9439191376765124,-0.49858505638843054,1.433060566817053,-0.9451987358756418,-0.7527435752373701,1.239492371014089,2.526257868661408,2.5699377616377705,1.621108010755553,-0.24543948775272761,-0.27853558306797793,-0.4569508339129315,-0.11307094254657392,-0.6499351514263829,-0.8003958885964334,2.315580070228249,-0.8315222733683155,-0.2935166754144257,0.22450102046944564,1.0522629245241244,-0.5911369787264613,-0.206706929931318,0.07253904208662137,0.30293838863863226,-0.08602139992103093,-0.3232127805695337,-1.0021096524693347,1.113813557503578,1.952372731892152,1.0082382515131874,0.2788609244163863,-0.42539778575413156,0.6594749606952129,0.15605172108118187,-1.5193807812915203,-2.295954567930546,-1.9607951832228976,0.5128641071049064,-1.6272617424802318,-0.12977560409509556,-0.8113665253124961,-2.0340024585481418,0.9000086430384084,-1.1421851706419928,0.8200415070487307,-0.054508671383880186,-0.43730756007530824,-0.5899090002746322
6081,San Mateo,California,1.9242177609272586,-0.3885041897920482,2.108559448153567,-0.6921783056435349,-0.24369194290694168,-1.4522119726207552,-0.4674725497844102,-0.1889454772764317,11.21082248856035,7.999404288417376,1.0222581157632697,-1.4450553308987382,5.457932008027716,-1.1805044628187567,-1.3234843618158942,1.412890596505195,2.452044831845153,2.4443141864138567,1.5081267934410143,0.8074775533416495,1.2461907010538227,0.3114491804908488,0.2827905314567931,-0.807315106610388,-0.8266197918274057,-0.2420114774939056,-0.8220253303437234,0.4902768948897474,1.134501291616117,-0.08194002467897148,-0.5857084199872848,-0.08340631204272543,-0.02569726648684117,2.9995638201820483,-0.08602139992103093,0.728046410081434,-1.1689358785517874,0.8221423604423405,-0.1881671002565257,1.1675736267762338,0.19410869067835043,-1.4581861953593764,0.4766381973498903,1.0216570256630852,-0.5327434429053263,-2.288543321050006,-1.9915777584380987,0.326761188685864,-0.935317638578422,0.40287707910305437,-0.8113665253124961,-2.753764880122985,0.3046737443737671,-1.6865099358834457,1.9905065775219377,0.14552987129137884,-1.0055379866850742,-0.4623476962671038
6083,Santa Barbara,California,0.986789596326225,1.6135732461441565,-1.0508042271349718,-0.963234794331166,-0.02105226305547178,0.15571602144279684,-0.4934235008979114,0.07509930185370724,2.0679648337207275,1.5216944855955048,2.60528322660052,-0.4297508546058609,1.2910385831577225,0.03524179305399396,-0.1820027886588462,2.411364585180265,3.598310441262767,2.7009028684771392,2.5532090752782355,-0.23430888629449637,-0.21193782791508917,-0.4355822003457385,-0.6102246087542043,-0.6982403097082776,-0.792614993405211,0.46612413164584227,-0.8315367310857016,-0.23387472411251833,-0.15467274104240275,1.8826488895686577,-0.5984755810057986,-0.24250051815732204,-0.18030157464488386,1.8471408028700305,-0.08602139992103093,-0.4289273199324745,-1.0461514038619835,1.202272311210742,2.0340610725321513,1.0640056328552538,0.17292063224384108,-1.0155625912428423,0.6137657698588825,0.4601472672208952,-1.502479070997967,-2.2941017562104116,-1.8864039597861615,0.3934249206568645,-1.4611451976806997,-0.12977560409509556,-0.38192996252919614,-2.0340024585481418,0.3046737443737671,-1.1421851706419928,1.0542093829962966,-0.04581563347910308,-0.8677890941844569,-0.3477039926654008
6085,Santa Clara,California,5.3253551277853095,0.2720359097677155,2.0864043171920095,-1.2896874617453522,0.28275669245779567,-1.935306361172186,-0.471733577572358,-0.1347277786437689,13.959460432401901,2.789993614722465,1.0953516305436035,-1.4450553308987382,5.266418554953993,-1.239330894554533,-1.0381139685266323,1.8763361561873715,2.3997256130137035,2.1096555109277526,1.4466107897229175,1.1216641854428546,2.5330539238087355,0.700354977716186,0.2588273345397375,-0.736043811498304,-0.8233114651375059,0.4415136336949931,-0.8294820547424625,-0.12385795706912227,2.6547562659623916,0.9640006381866612,-0.6074776745646621,-0.2351789620052618,-0.18771697325664266,-0.27794698340864316,-0.08602139992103093,1.3077471277950685,-1.0972633802032261,0.5021850040657275,0.22895724698961836,0.928570563881664,0.2047027198956051,-0.6385128544028326,0.6366203652770481,0.7869166040815523,-0.6468299873868133,-2.288543321050006,-2.0480124796659678,0.4239791311435729,-1.0926912073358732,0.14167239791934624,-0.8113665253124961,-2.753764880122985,-0.29066115429087425,-1.6865099358834457,4.6526502139037795,0.23906931222108985,-1.2874013739779917,-0.4623476962671038
6087,Santa Cruz,California,0.4792720318534634,0.6871486822949984,-0.327202881250801,-0.47010398307894774,-0.257576305464931,0.28710660941074684,-0.555782622488506,0.050372690134819,1.9043314082975997,1.547447230831346,1.7415264674057473,-0.6706705608448487,2.0625838206303557,-0.7687194406683074,0.745450989531256,1.4230634923385643,3.267663522430475,2.9294576977329654,2.4916585348873292,0.021551190659123122,0.2536714275580859,-0.11210519281387017,1.0069672712570916,-0.7200520795704084,-0.7858223507603159,-0.23683005095839477,-0.8305467745752818,1.9263828786792936,0.7345574155354725,-0.12815701710361976,-0.5968014675508391,-0.33946868639461114,-0.1329082924939642,1.867906763073243,-0.08602139992103093,0.31638465127942267,-1.0645542600659967,0.8983882782099214,-0.2878387902716934,1.143673320486777,0.2364848075473684,-1.2778580603489378,0.5794838767316348,1.8125721961054104,-0.055270127112435743,-2.275573639009061,-1.8710126721785607,0.38509195416048836,-0.39013063252582264,0.12118575625787893,-0.8113665253124961,-2.273923265739756,0.6023411937060877,-0.8700227880212664,0.571780887288144,0.023248594203383457,-1.1553055836108774,-1.0355662142756181
6089,Shasta,California,0.20650543021200538,-0.23866793741962286,-0.1784635155492489,0.3087581180883607,-0.41444449696350466,0.3555425692079252,-0.5638898629059047,0.3816697790662672,0.8749654443325091,1.389110768200109,0.053346729866143694,-0.20603969881251477,0.3941515660031472,-0.7295018195111219,0.6027657928866248,0.9405381399514656,2.1982168636671235,2.250878719038108,1.4900219030948634,-0.22736221182778513,-0.3349515165088004,-0.5312220296849018,-0.5061265987531954,-0.8056665822235027,-0.6908188431835414,0.7154321032410834,-0.8036494996113891,2.7090238219018143,-0.5395286715841563,0.9578359827752667,-0.5813958921840183,-0.2691566082740266,-0.161457575009854,-0.2894217828741062,-0.08234574219546906,-0.4689563810446324,-1.105864836182716,1.2776088211839864,2.1249533137219263,0.315129369118935,-0.16608830270830335,-0.2778565843819527,0.01954628898658416,2.2860542964545254,1.4870109371743352,-2.1347599482787962,-1.6811867916848198,0.023996739317571295,0.38112475404343304,-0.23220881240243207,-0.8113665253124961,-1.0743192297816841,0.6023411937060877,0.4907891250823656,0.5128458935733994,-0.06109783691190099,-0.14369877694222033,-0.7061674039270632
6091,Sierra,California,-0.3121093034018715,-2.2642937612218272,-1.1927238171989325,2.6800474286180496,0.07730654684270981,0.5722210215841558,-0.5739119092967793,0.07244360319672116,-0.11727820441316125,1.1638718354514759,0.20883603223254793,-0.3092910014863668,0.009614517931822377,-0.9255899252970493,1.0308213828205177,-0.4656489369885687,1.2671779551562823,1.656998372523363,1.1494820794080318,-0.29117355790013744,-0.4690711236324759,-0.6393198532141939,-0.9116456491988666,-0.8086564148584616,-0.8295075148354552,-0.3824212401450839,-0.8235290841508863,4.127650548824134,-0.6460372736099493,1.001503385747536,-0.5966245923679568,0.31871179110097175,-0.2463215970510124,-0.3581515846869815,-0.08602139992103093,-0.6702720766800728,-1.1715632155158253,1.4283967632041799,-0.02344259858857452,-0.2664447505911843,-1.119550932261211,-1.8024489985611252,-0.9403467185763587,3.1036445148038423,0.6398127087099583,-2.1699633709613626,-1.1732743006339998,-0.9204061302716013,0.6253035849329704,0.03923918961200971,-0.8113665253124961,-1.3142400369732985,0.6023411937060877,-0.3256980227798136,-0.3595379940180237,-0.07023646378795004,-1.1688421387331998,-2.020533245219826
6093,Siskiyou,California,-0.19339390251351973,-0.9446420384988603,-1.2330919534248426,1.4843818961199982,-0.14066460649537027,0.28623048814347823,-0.536669440645577,0.8110420874344212,0.3063729374550282,2.174436338761411,0.24575957054758255,0.4995108694588065,-0.6704984903314205,-0.4941960925680094,1.8869325626883042,0.8127792382202557,1.6928198272315915,1.5373986387945802,1.321503957622969,-0.2717834523437648,-0.4032690040355722,-0.5854589643801883,-0.4797094567816874,-0.6757744116330525,-0.6956849218099691,0.20266309888258455,-0.817863319849014,3.1592822497339936,-0.6062690649990625,0.8911022052218096,-0.5940313865280785,-0.14565522160731856,0.5809090695625801,-0.38201109391436316,1.0033873728453562,-0.5102691090463282,-0.9801715261246332,1.1732432171257972,3.9868070794665957,-0.13100968161759458,-0.7911360265263203,-1.4090057949019843,-0.8032191460673664,1.3804364200121333,-0.30245764015565785,-2.129201513118391,-1.34770889352014,-0.6870830683731,-0.48880136214358966,-0.07343733952606046,-0.38192996252919614,-1.0743192297816841,0.6023411937060877,0.762951507703092,-0.12426590573982277,-0.06945487251846087,0.2713876715838865,-0.7497643052967248
6095,Solano,California,0.9901401272044081,0.22540825661966676,0.924915689863714,-0.668288542726916,-0.12751984313833536,-1.3308059126721223,0.47182545395042913,-0.004855728426794623,6.3173015718693355,7.681032192048514,1.257695086842895,-0.9460073679751205,2.058053394858719,-1.1412868416615691,-0.1106601903365306,1.2487281350547639,2.3620454247404097,1.9842927785997935,1.8462704714899356,0.44230602814919,1.0163306075330971,-0.005124159012417072,-0.3481997187469039,0.3960055341828328,-0.7667988691698537,1.000400740709643,-0.8290301728043479,-0.540163705644842,-0.5797140465568948,-0.03599162591376412,-0.6152677106681367,2.6841428605157867,-0.06734796887881718,0.4901007018210112,-0.08602139992103093,0.3015249896936915,0.042952303445156076,-0.1719373769335306,-0.06480057889072188,1.0719724016184056,0.6178698593685316,-0.031954582094989546,0.81945712862237,0.6762151552675336,-1.084161741232514,-2.2978073796506813,-2.2147514287483077,0.7295212360106579,-1.3175105912750895,0.7870016102555664,-0.38192996252919614,-2.0340024585481418,0.3046737443737671,-1.1421851706419928,1.1173179250115772,0.03239679878697746,-0.2849961879531829,0.44995783239433507
6097,Sonoma,California,1.126893919420321,-0.6124332447265165,0.6795646343655906,0.2257877469121345,-0.5651003404522822,0.2607605499182568,-0.5111138161243469,0.1136143269402413,1.5196428321941928,2.492004739991254,1.2593609058174666,-1.2557612759966765,2.152780479174754,-0.7883282512469002,-0.8954287718820013,1.2519330764737278,2.6465558029029097,2.452253921984119,1.9324732998321288,0.01984932406263777,0.2627636654949433,-0.051424283528847835,0.03501896400710493,-0.6088905972678105,-0.7471513407714717,0.74811620674006,-0.7906286964181632,1.290376567158833,0.20618531346466265,0.5344975315228199,-0.5812548526379765,-0.0006944343580182909,-0.18672476252590572,0.5013065825409581,-0.08602139992103093,0.07491793933206241,-0.9376037920833956,0.8792134924536912,0.5767395862102678,0.9843379452237305,0.14113854459207778,-1.0811364585193668,0.4652108996408083,2.9702692752688806,0.7348848291111975,-2.2941017562104116,-1.9761864708304984,0.3100952556931141,0.3536468293397508,0.7818799498401995,-1.240803088095796,-2.273923265739756,0.6023411937060877,-1.1421851706419928,1.6028157566896308,-0.012403751371829266,-0.7102201509595177,-0.7852877064127458
6099,Stanislaus,California,1.2918548470276512,1.349499215096768,0.31994334999088814,-1.402604906626234,-0.2157255205273973,0.03509283616539709,-0.40807279418582654,0.08212488592872383,2.107607089853867,5.22377003224003,2.717299423430067,-0.2576653501494408,0.4831812966972758,-0.6706753877753437,1.601562169399042,1.6993297644663379,2.6243366019173253,2.397534532790119,1.6820673538814201,0.19969604525470494,0.47655577285663586,-0.11236602534392338,-0.47623473203443495,0.7364333859259515,-0.6557967918030503,1.4475815057411392,-0.8309803046566602,-0.6326927854681552,-0.17883664204754146,0.1955389179389602,-0.5762285413580723,-0.212629322355586,-0.08229197307194003,-0.32659198744478957,-0.08602139992103093,0.016698327809943778,0.4283729806676504,-0.4236823939518134,0.3876426197369642,1.0401053265657965,0.6284638885857862,0.45984942247893684,0.81945712862237,-0.2907553313609409,-1.5067044985713551,-2.2978073796506813,-2.248099218564776,0.804517934478033,-1.9032899860944918,0.02387420836590923,0.47694316303740386,-1.5541608441649128,0.007006295041446424,-0.3256980227798136,1.2533980581649302,0.005185645872508115,-0.5357334667828232,0.5145458344234632
6101,Sutter,California,-0.03690302324509298,0.9494052961479145,0.1315118267690592,-0.9401639149609872,-0.1057778528837831,-0.6020257084539263,-0.4527436317621046,0.1844060341579926,5.995335636968707,2.8393047860005827,1.5878826973935445,-0.2920824510407248,0.3561234466472897,-0.5726313348823804,2.529015947589144,1.7127097246806986,2.2517116221675972,1.7283952195017904,1.5819017386233694,-0.09638758060374499,0.17410687835555744,-0.025420731611990863,-0.45496091583995035,2.1146780367123355,-0.8277995902779269,-0.14187082472280596,-0.8282959398350708,-0.6284687359074618,-0.6881710102908348,-0.24383130304298042,-0.5417906875874742,0.22662469917382763,-0.23926710202148196,-0.3328676132548524,-0.08602139992103093,-0.10063180726697468,1.7075990872485118,-1.616717511280288,-0.2868335098718394,1.0241717890394921,0.8191564144963674,0.7713252920424222,0.8765936171677833,0.6535413645465903,-1.014442186271605,-2.2941017562104116,-2.225012287153375,0.9156241544297002,-1.308767615233009,-0.19123552907949748,0.04750660025410388,-1.3142400369732985,0.007006295041446424,0.2186267424616392,-0.048150116778925216,-0.037551555624553465,-0.17622536121834736,0.5629868359453096
6103,Tehama,California,-0.13029321390298196,0.1685728350540653,-0.24308453101659688,-0.0342425162421395,-0.14299119269159297,0.46125116359372265,-0.5945369577641759,0.3656216113947548,0.12186629845480089,1.2324290844768409,1.1498525981882952,0.31021681455674494,-0.277998875752371,-0.6118489560395658,1.2448491777874646,0.7686593303240833,2.4730376743753903,2.788755414269246,1.5736331790347315,-0.25794460980473893,-0.40894433878926967,-0.5801772711443998,-0.5427370840759776,-0.6706194879823415,-0.7225688379635409,1.1600508545852457,-0.8147043324503432,1.0281195610274014,-0.5577225423553703,1.8575162604900581,-0.555748265338182,-0.210117300026731,-0.07779354400990876,-0.3973444399115572,-0.08602139992103093,-0.5244140186553226,-0.9872604201892187,1.18624201068929,1.4664201866026614,0.6019330445924187,0.18351466146109574,0.24673435383023354,0.4880654950589732,2.2473754769893866,0.5088244539349173,-2.244075839766765,-1.812012736349425,0.41842382014598983,0.005176784233965771,-0.49853515400150705,0.04750660025410388,-0.8343984225900698,0.3046737443737671,0.762951507703092,-0.09458318105529277,-0.06629454128172708,-0.875534303592386,-1.1986509193991672
6105,Trinity,California,-0.2849301718026238,-1.8502473200650196,-0.7572255904682625,2.0817086845900787,0.6112546807949577,0.35144428700051306,-0.5963861533140401,0.8150517230119009,0.15529236952372308,1.9044655270132111,-0.171670358757489,0.34463391544802896,-0.8127950452496383,-0.3373256079392697,1.173506579465149,0.32912846654542033,1.8128396441405636,1.7817751386703984,1.6467802895257688,-0.2796186744780077,-0.4604637080751575,-0.6424348575167905,-0.025512581855135656,-0.8221988482510404,-0.8334794148684921,-0.04588288989670161,-0.8031342336809102,3.6153532710585035,-0.3696035647678616,0.9599086628931802,-0.6146546454440043,-0.39962176330295374,0.11144135105517389,-0.3501634349743019,1.0338201785973309,-0.42498803789806555,-1.1866946643966925,1.3372106929264875,1.6485323159273484,0.21156137519795506,-0.39915694548790326,-0.8680213898706658,-0.2661361537404822,3.4064063085482066,1.2715141309315257,-2.158846500640552,-1.357969751925207,-0.24265818856643082,0.9125727977441913,-0.1605055665872965,-0.38192996252919614,-0.8343984225900698,0.6023411937060877,0.762951507703092,-0.3096238535806709,-0.07008855048691212,-0.2527035262761654,-1.0759337155438233
6107,Tulare,California,1.044474960117042,2.17889865346644,-0.34374059460077533,-1.8361882685659063,-0.03112996627434611,0.27114031719919546,-0.5288523959716811,0.1521177265118306,1.0518843025578597,1.0785900312332128,4.01119386836625,0.7576391261434348,0.07235405058751515,-0.4549784714108239,4.169895709002401,1.7962037901643793,3.28512382756236,3.0673254055247834,2.186586813355891,-0.18890864830028026,-0.18744020002827383,-0.46369593377992774,-0.7075397147248588,0.11336251831412995,-0.8103713041250719,0.5666864822170824,-0.8076663596816762,0.9895818793051234,-0.6698303006204567,1.0755502577975828,-0.6009270350102512,-0.30605232729019827,2.607499622307149,-0.40284443633579164,0.34943385294180707,-0.44820719775843904,-0.2550610665127976,0.4414814858829913,2.8632461324177667,0.2991958315926307,-0.3885629162706486,-0.5893324539454403,-0.06044479497699393,0.261418160313802,-0.45457303279764044,-2.2607511452479803,-1.8402300969633596,-0.11210838012322207,-1.2219623531009227,-0.2373304728177989,1.335816288604004,-1.3142400369732985,-0.8859960529555155,0.762951507703092,0.8029542891187333,-0.050734276852880414,-0.9641829632942012,0.312708328082437
6109,Tuolumne,California,-0.16135591538376004,-1.430135945702558,-0.6141881421876983,1.6234330466647704,0.7886178572982815,0.46108740292426914,-0.5379718508881645,0.2051160413697207,0.18187812663563294,1.385273103641118,0.20867855762795,-0.5502107077253546,0.6182703560697084,-0.9844163570328273,0.4600805962419936,0.04188656258584154,1.9916986972216817,2.751384933427344,0.9778110991995533,-0.2773949983445875,-0.4580358067641901,-0.6350909312788509,-0.8851906991051808,-0.8221324227413539,-0.83317390045614,0.05841287529888241,-0.7799342750002676,2.470641522577164,-0.579888525201302,1.8430499781974012,-0.5966518893196108,-0.32070273155522433,1.322515279175194,-0.2591644955483008,0.6289974809743165,-0.6554030427772756,-1.1864910195257197,1.4364904360261954,0.9537048431126095,0.02035892488229943,-0.8970763186988656,-1.3926123280828544,-0.46040021479488685,2.037976350919496,0.6588271327902061,-2.2033139819237935,-1.7247954399063548,-0.5759768484214326,-0.013558164427635404,-0.36537198320196956,-0.8113665253124961,-1.3142400369732985,1.197676092370729,-0.0535356401590872,-0.08064016094812072,-0.06587896512059013,-0.042656969443809784,-0.8676374089998842
6111,Ventura,California,2.156859998031034,0.3882006828039569,0.750195823280064,-0.7312524855442135,-0.2501637249611826,0.05880460452903859,-0.5045258640624528,0.0016077690761387888,2.7262718433794566,1.6765221672963284,2.40482480180933,-1.083675771540258,2.452200436991091,-0.2784991762034896,-0.1820027886588462,1.043077190289139,2.9479390136108696,2.751637168656488,2.342150224964039,-0.06585161257383983,0.5480046579290339,0.004454000517680076,-0.3244395637380759,-0.6417615705065667,-0.7890918322732877,0.49890196036079737,-0.8314813760479456,0.002076212124133232,-0.48601455577155794,1.9300041676769135,-0.5884966262931717,-0.221817383863368,0.11422563225167372,0.9653944818795123,-0.08602139992103093,0.06388210097402175,-0.9889468231812187,0.9338947959638427,0.904364191783472,0.9046702575922073,0.01401019398502316,-0.8516279230515335,0.5223473881862216,0.8135916519885447,-1.3292365404890418,-2.2903961327701414,-1.722230225305088,0.3017622891967395,-1.2032274044393212,-0.13489726451046238,-0.38192996252919614,-2.273923265739756,0.007006295041446424,-1.4143475532627192,2.429421621217775,0.009259985400755446,-0.42461176343509005,0.2513497261547652
6113,Yolo,California,0.32488694952683184,2.242414281973135,-1.0207443579488245,-1.5575442053913062,-0.7131635094793822,-0.46530661767047177,-0.43602847851711624,0.04708336197998644,5.744935424600179,3.9265131337732013,1.5915753346397505,0.41346811723059507,1.0453659492685272,-1.00402516761142,0.17471020295273174,2.4727554768823037,2.2594663314752506,0.8487818037574064,1.7286318862710597,0.06566404445512192,0.14521646015725367,-0.2788488542076846,-0.6451088370893575,1.3731948207388844,-0.7989099236821304,0.707476319124481,-0.8307067938330747,-0.607528127546419,-0.6523626889661697,0.30125089600825244,-0.6152262673366942,-0.18843706099387758,-0.017001858825704687,-0.3301512368299022,-0.08602139992103093,-0.214227748881189,0.9905879784600156,-0.870581203698396,0.02204075461371482,1.0002714827500347,0.6708400054548042,0.44345595565980456,0.8423117240405356,1.0283257876398335,-0.8433123695493744,-2.2978073796506813,-2.242968789362242,0.804517934478033,-1.0883197193148328,-0.08880232077216095,-0.38192996252919614,-2.0340024585481418,-0.29066115429087425,-0.59786040540054,0.21753459924981874,-0.02581110923126869,-1.2365925023269404,-0.46073299621637537
6115,Yuba,California,-0.09050858851029014,1.5505842006737984,0.012275178596722199,-1.4346364486446759,0.25844565205615744,-0.14125941809791967,-0.284838999286457,0.4082132743757994,2.6286039821333,3.8021596516901974,1.391664581908359,0.12092275965468287,0.060753414899536944,-0.7295018195111219,1.601562169399042,1.3683074386441314,2.503434194477757,2.285557371959374,1.7560417127146624,-0.16866367516427688,-0.20107021935704528,-0.44908662166220936,-0.10457035052191996,0.21114026292958477,-0.822249094250653,0.7082524848035697,-0.6882069186227965,1.484929067685916,-0.5355306864335947,0.12156750484730278,-0.5948528970854404,-0.3695663336732183,1.0017498297875287,-0.23718909118117684,-0.08602139992103093,-0.278797756833631,-0.1641611302884468,0.27996704167913805,-0.26039835861641564,0.8250025699606841,0.44836539189245894,0.44345595565980456,0.6480476629861301,2.5608072898965473,0.30811664419896784,-2.258898333527845,-1.6811867916848198,0.6378586045505321,0.1194599710697339,-0.16562722700266333,0.04750660025410388,-1.3142400369732985,0.007006295041446424,-0.0535356401590872,-0.1375913155603684,-0.04533492976578403,-0.8827316831813695,-0.19430748784622098
8001,Adams,Colorado,1.1945049380591821,1.2105359211994475,1.6351520773442618,-1.9295777939988195,0.23347360894206254,0.14566994870108513,-0.3685951644450181,0.10435602155757907,1.2516476545944044,0.8577466165035424,2.2297588336148237,-0.8943817166381945,1.3467079058970735,0.09406822478977217,-0.8240861735596857,0.6657456902442327,1.9200555453266794,1.5174409527654473,1.9041444199362796,0.43404444570533735,0.7474979489178886,0.134415256505249,-0.09367284327347242,1.366020981697837,-0.7562657707654006,1.1756945463946886,-0.8309069700380691,-0.6391580846780608,-0.7126262122166832,-0.42492102148723754,-0.6030139854193913,-0.14798335570194449,-0.2424141421871549,-0.3676990536282983,-0.08602139992103093,0.33639321855550663,1.0028202644278414,-1.1201948576158949,0.14157976393859276,-0.5612151948278201,-0.9288584063506297,-0.4417912525732615,-0.8717829323218625,-1.3724285239894831,-1.371490816222926,-1.2620856280951847,-1.6606650748746856,-0.7259702453561828,-1.8776855562569699,0.561648551979426,-0.8113665253124961,-1.3142400369732985,-0.29066115429087425,-1.1421851706419928,0.7847628588581008,0.020546744136510475,-1.2094954594845446,0.22874392544457015
8003,Alamosa,Colorado,-0.2733673257300129,2.066973054655212,-1.2277594866468151,-1.292816425276082,-0.049872394987407476,0.26386265366316497,-0.5383004365530875,0.6063034100114335,0.14639952364417896,1.2619930303560332,2.7170572068022403,0.8780989792629307,-1.2018625190925996,0.2509387094185141,-0.46737318194810806,1.7049616188815677,1.646402294990918,0.9570893637836406,1.1954958806952545,-0.2261507945072185,-0.23518649355224744,-0.3789889775285242,-1.0869451824136918,-0.21124051082443324,-0.524000169684472,-0.3362198657967154,-0.8071138792163837,-0.28125697248918957,-0.6821168342498743,2.920442466703849,-0.30987469119438554,1.4415917808810979,0.20953478127674413,-0.3769509820170609,-0.06646531694153728,-0.5445615576606234,-0.44509488763402183,0.6678356880459473,-0.20148148066348273,-1.24635730845892,-1.1619270491302287,-1.8516293990185184,-1.4088659246487476,-1.3484209808731897,-1.7137504496673874,-1.7252885581289488,-2.0557081234697683,-1.3953852205649788,-2.219910618475555,0.1519157187500799,0.04750660025410388,-0.8343984225900698,-1.1836635022878363,0.4907891250823656,-0.3209467088354885,-0.0661935637886039,-2.022690931656455,-2.3418585553147397
8005,Arapahoe,Colorado,1.6021011196901838,0.4871212411440813,1.7173903321594413,-1.3040659570322215,-0.18865635138572134,-0.40376450467473574,0.19692067027202143,-0.10169974675720783,2.11861130994523,1.375605671284218,0.7169422294849864,-1.2557612759966765,1.8287863936880255,-0.43536966083223116,-1.0381139685266323,0.9983591004321253,1.4165538079487858,0.6329722655000153,1.5628767462937196,0.5252409450836241,1.1019280766485204,0.8378638197442689,0.396854455070858,0.4535284117452971,-0.805238997364495,2.366114499417929,-0.8314242726078436,-0.6381565412619526,-0.7127453779516705,-0.3806468769305892,-0.6094069175272706,0.03457787349187505,-0.2356783465244508,-0.3820822355260165,-0.08602139992103093,0.8375870593557908,0.08219721929855707,-0.44152772026636633,-0.1401966088797823,-0.5612151948278201,-1.0242046693059201,-0.6057259207645703,-0.9289194208672759,-1.3697610191987837,-1.3355746818491245,-1.176856288968972,-1.670925933279753,-0.7926339773271841,-1.8395911606450472,0.561648551979426,-1.240803088095796,-1.7940816513565272,0.007006295041446424,-1.4143475532627192,1.3635572747432048,0.09965295615385532,-1.1348015091699035,-0.2056103882013179
8007,Archuleta,Colorado,-0.2798223694848342,-1.7840731848755231,-0.48173942423628724,1.8835467792763874,0.1487823468305362,0.5164950707377488,-0.639058444019608,0.27877220039965833,-0.11917182162422317,0.39091108240079836,0.6217729581014562,-0.6362534599535646,0.12919030117713617,0.38820038346866326,-0.6814009769150549,-0.07137169062589332,1.5693278600518314,1.9471858628240883,1.1681134345304656,-0.28731928779300436,-0.4608231190064773,-0.6383948704711853,-1.0853295366484224,-0.8183517600398088,-0.7487407305751191,-0.24159163099324713,-0.22808100592575722,2.475310969199908,0.12897715330178336,1.2169459169729036,-0.4452386086309114,-0.24389787329622695,0.4025821893784157,-0.3968455143633239,-0.08602139992103093,-0.7139709915493643,-1.1445637579407941,1.421013583341032,0.26894506733937174,-0.9436200954591317,-1.3314315166063013,-1.8516293990185184,-1.2717383521397554,-0.5014882098261809,-0.7165495423477221,-1.6474704658832764,-1.5144478426024797,-1.3009449336060614,-1.3705929458162933,-0.29879039780220085,-1.240803088095796,-1.5541608441649128,0.3046737443737671,-0.8700227880212664,-0.3034290352511757,-0.06872362307398863,-0.6484039899627924,-1.366579724674901
8009,Baca,Colorado,-0.3104223228198492,-0.41536490858434116,-1.3742924701173047,1.067089467692584,0.061559010929106546,0.6290013130514407,-0.5826964318176195,0.09286709283719824,-0.4143066233861242,-0.390664331267766,0.11046124600830062,0.8264733279260047,-1.1516159787162679,0.7803765950405174,-1.6801973534274721,0.06439042284522548,-0.48227987282783497,0.5614225002204849,-1.8740081135065707,-0.2941181037554166,-0.4751161243208776,-0.6705009488595733,-0.6123881706688725,0.4241124476006815,-0.6819968954290218,2.711901291745025,-0.8299422654601486,-0.6164974470221217,-0.7125799093822837,0.37279200455385775,-0.6135647385302805,-0.35310533285327295,-0.25918011240856437,-0.42649591502639844,-0.08602139992103093,-0.6019288429764691,0.1089986886661502,0.15390165946195966,1.1646126710020075,-0.2106773692491178,-0.4097509747051579,-0.015561115275859598,-0.3575545354131431,-1.3257471901522462,-1.453886653904,-1.0063976107165469,-2.076229840279902,-0.2704347435543476,-1.8951715083411311,-0.15056351989864328,-0.8113665253124961,-0.1146360010152266,-0.29066115429087425,0.4907891250823656,-0.3584150662241575,-0.07059689654773249,-0.12388893801646164,-0.733617304789443
8011,Bent,Colorado,-0.3045764664974248,-0.6880518427760539,1.7527901473123577,-0.23903148505523683,6.47600582301823,0.06812167036391117,-0.19005349682329392,0.25881578579513875,-0.07297073421187672,-0.04748207512716083,1.6142615105933094,3.424964445217945,-1.3699687723462008,-0.18045512331052588,-0.9667713702043169,1.4954023901448703,1.267553956626373,0.10430049098002851,1.3670018673112678,-0.29200639341779727,-0.47209579401281004,-0.65114740201555,-1.0247679150756432,-0.5270131696086849,-0.8213420871167533,4.734231985272004,-0.8315503616676112,-0.6390749032310461,-0.7127453779516705,0.11847083450998758,-0.5591317712634052,0.06888435556734358,-0.25442292792231175,-0.34190496977319085,-0.08602139992103093,-0.7062337735102383,-0.8905553772749069,1.1707209083170043,0.4077035486051646,-0.2505112130648794,-0.3461867994016306,0.27952128746849575,-0.3461272377040603,-1.3964360671057763,-2.036995659031601,-1.1212719373649203,-2.10957763009637,-0.21488163357851398,-2.1474688169840292,-0.15056351989864328,0.47694316303740386,0.1252848061763878,-0.8859960529555155,1.579438655565271,-0.3558323322982652,-0.07013278642353417,-0.5107893089711122,-0.25889548987534916
8013,Boulder,Colorado,0.6344478863279179,0.787438269994454,0.5565654207398689,-1.0026309964319151,0.14577048799154851,0.4042463848339967,-0.5941570349154012,-0.18775777839136257,1.5865948354503894,0.04798087082649079,0.30181063855278245,-0.6534620103992067,2.2390644972800122,-0.807937061825493,-1.252141763493579,1.1587177775149482,1.5633079219755106,0.3752237042508044,1.9398412819086306,0.10425361612986628,0.3889605657359656,0.4222198029590835,-0.13477119992606656,-0.6000761290352388,-0.5479271389264119,0.3962878747184815,-0.7886262321763907,2.358113633388906,-0.7007438936569961,0.3410138776885897,-0.4652852796465265,0.13506130764852298,1.0406349964644612,-0.28013422980472086,16.222232275700826,0.24725204889625585,-0.838778921839043,0.7087315859590179,-0.18851708676610457,-0.656816419985648,-1.384401662692574,-1.7204816644654708,-1.306020245267003,-1.2377195320591712,-0.8961302142167296,-1.3158171679791013,-1.3400132497163395,-1.200949335649561,-1.614147278417111,-0.07343733952606046,-2.099676213662396,-2.273923265739756,-0.29066115429087425,-1.1421851706419928,0.5939212802905394,0.021260637050508503,-1.6524524749891847,-1.497370428783886
8014,Broomfield,Colorado,-0.11453341787544408,0.22855411543062995,1.9481774745466274,-1.180789127902005,-0.14103128666702297,0.2656670501549231,-0.5770459276940717,-0.1934719962561248,2.2652231467111457,0.328389900285035,0.21187818000540015,-1.7892263398115797,3.5124573531834655,-1.2785485157117182,-1.1807991651712635,0.7886115462818298,0.24124979982388997,-0.3823870448924468,0.4933941372446362,2.4437494014860266,5.919925375518265,3.9413410085356464,2.7841277610409088,-0.11738286728656108,-0.7528860358699554,0.18134897407184614,-0.8300391317491889,-0.6393997489025706,-0.7127453779516705,-0.16848156435671136,-0.5661356058773906,-0.11103744866778717,-0.2180279698210371,-0.3307163447477487,-0.08602139992103093,4.405324679849831,-0.4562476357374884,-1.4583499588296263,-0.7149340297800945,-0.33017890069640293,-0.7911360265263203,-0.4417912525732615,-0.7232280621037883,-1.3697610191987837,-1.4644502228374712,-1.5789164322382796,-1.5965347098430165,-0.5731991929226411,-1.9950912345363383,-0.8058347789235166,-2.099676213662396,-2.273923265739756,0.007006295041446424,-1.4143475532627192,-0.17947652227157782,0.3678384504512857,-0.9754824957281717,-0.07804908419378948
8015,Chaffee,Colorado,-0.26129194215418333,-1.863217600131131,0.5638618069632716,1.4357331925950927,1.3312794110949948,0.586141421926209,-0.5736084983438687,-0.05275199412648074,-0.23922323411555074,-0.1686928866710485,0.01332518138188816,-0.6018363590622807,0.31637925692338803,-0.10201988099615492,-1.1807991651712635,-0.7675745963255104,1.2437932221713408,1.6970966273531722,1.2906751134948533,-0.25963754282088597,-0.3709001272735366,-0.5566905959366448,-1.0519963875747635,-0.8029280385338157,-0.7218103268898886,0.09034946797210215,-0.6669539258508087,2.266245608054902,-0.6281245859780743,1.5754924602952682,-0.4363249743703485,-0.1686101707908275,3.0483200215803645,-0.4127606795927015,8.61950398528291,-0.6439654927368785,-1.1171915712767733,1.364178095824697,0.0160611978649529,-1.3499253023799003,-1.998855357293337,-2.8680243418046323,-1.9688035123937975,-1.0803367494079161,-0.8940175004300354,-1.832751637896782,-1.5016217695961462,-1.9592492868196907,-1.7534103968016808,-0.3346420207097686,-1.6702396508790962,-1.0743192297816841,0.007006295041446424,-0.59786040540054,-0.275243547625134,-0.06669533383312283,-0.7121235869061852,-1.3310563235588806
8019,Clear Creek,Colorado,-0.29250108292159527,-2.216361817192739,2.3346837874374344,0.8791776280829954,1.3092417496918385,0.6281321467376264,-0.6025320523007435,-0.07597561851427702,-0.1323225381449944,0.2365809598680742,-0.15622625496769882,-1.2213441751053924,1.6596504982135978,-0.9059811147184565,-1.1807991651712635,-0.696215760539385,0.3036504473409453,0.5421249828826106,0.5835123235751909,-0.24886854292761562,-0.34882410371631734,-0.5593772011287125,-0.9803571260980211,-0.8221988482510404,-0.8331926575856348,0.1439642568963278,-0.7374826785195192,3.551971438292285,-0.6778524260360751,0.7704220978817136,-0.42842160657847356,-0.24573642821069097,1.5197692981415754,-0.4084147182504086,15.832461341460073,-0.6164866243348862,-1.1865649110886693,1.4197607780005843,-0.4449157143792728,-1.1666896208273967,-2.125983707900391,-3.0647459436342035,-2.071649191775541,-0.9162852047799128,-0.22639994383466616,-1.3936352602247737,-1.1553177984251324,-1.9870258418076074,-1.2469422846497242,-0.09392398118752777,-2.099676213662396,-1.5541608441649128,0.6023411937060877,-1.1421851706419928,-0.34142142561031563,-0.0657681745921279,-1.253721366693221,-1.2761565218341215
8021,Conejos,Colorado,-0.2968796175919482,0.5399328331560073,-1.1879427805723897,0.09418673655037786,0.03732492764416982,0.4720093072579129,-0.6087069410833322,0.338228086794917,-0.25288377946726215,0.5303191049915571,2.9853517194877557,0.9297246305998548,-1.0143989920874608,-0.14123750215334038,-0.39603058362579246,-0.9662654915647385,0.6481254751295249,1.3044733205656123,0.37392121496384745,-0.28719203491048195,-0.43138761898602246,-0.5832003176393187,-1.0407444057041122,-0.4636543374566675,-0.5338998670279873,-0.045568907831557405,-0.5366196353630941,0.8545418850092004,-0.5212025781032587,2.0387514203978094,-0.3649624909639857,0.7751325400087197,0.13840000074968023,-0.3997028669740851,-0.08602139992103093,-0.6739740701155575,-0.698107427106925,0.9696914092533816,0.221451153337374,-1.222457002169463,-1.543312100951392,-2.4581876713263604,-1.6259845811213178,-0.9216202143613114,-0.96162434160425,-1.6789682651255724,-1.8402300969633596,-1.6425965599574386,-1.729679461830319,-0.15056351989864328,0.47694316303740386,-1.0743192297816841,-0.8859960529555155,-0.0535356401590872,-0.34057922976491595,-0.0695603035072616,-0.37438579090934876,-0.6092854008833704
8023,Costilla,Colorado,-0.30952611438564986,-1.1960629812897838,-1.4529147603303918,1.8254867656105274,0.602370559479739,0.2700306886036739,-0.5310566904805472,0.6054063772625913,0.005334630155593357,0.606225406200696,3.693494757499459,1.73852650154503,-1.4408767999537837,0.6823325421475538,-0.1820027886588462,0.3149288365480147,1.2325696593862747,1.6216248998558898,0.5768658856114806,-0.29322920769725663,-0.4752837167958653,-0.6347379182406262,-1.0060505913411077,-0.6347987892966502,-0.7546674704903846,0.01739577648350606,-0.6194710118677033,0.925982729817757,-0.4942584747473801,2.645717025119482,-0.5307762418025264,-0.08313436859668295,1.0009096276474156,-0.4077598032365515,0.01739756771166967,-0.6967048822417886,-0.9665145916106077,1.2404561106470235,0.1764518240313107,-0.9834539392748933,-1.3738076334753193,-2.163105268582005,-1.4317205200669125,-1.1083455497102583,-1.2236008511543317,-1.4325443063476098,-1.8299692385582924,-1.4176064645553126,-1.8089907444977649,-0.15056351989864328,1.335816288604004,-0.8343984225900698,-1.481330951620157,1.0351138903238184,-0.3545971117250124,-0.07022904250702354,-0.5957574270086049,-1.4779940281751476
8025,Crowley,Colorado,-0.30315893420280887,-0.8190716010899648,4.264884728051726,-1.3693928042918149,10.609538217850918,-0.11339207948385946,0.043067339393600565,0.2469091264619317,-0.15672549078271417,-0.5740345135860897,1.6521488156722381,4.388643270173897,-1.2011074481306603,0.13328584594695764,0.03202500630810057,-0.08660125222620504,0.14204850996998444,1.0563482303808573,-1.084743605316011,-0.2926542042389562,-0.4658740752708647,-0.6386519459310463,-0.756438435980127,-0.7382444215710507,-0.8188033072707372,5.302541866830446,-0.8315503616676112,-0.6392208215511045,-0.7127453779516705,-0.04840237036242718,-0.6194882530287772,-0.10117212894345201,-0.25800742746326394,-0.32188889832659656,-0.08602139992103093,-0.6271219562469159,-1.0973902840294971,1.3376549616349094,-0.14464218220358166,-0.3620459757490121,-0.5262852960949571,0.0664062188197948,-0.5175367033403001,-1.4897987347802495,-1.9313599696968906,-1.2361462640132936,-2.2019253557419742,-0.3787633080072226,-2.221159615052995,0.5462835707333256,0.47694316303740386,0.1252848061763878,-0.29066115429087425,1.579438655565271,-0.35989358781941466,-0.06930375799266224,-1.3806536560387543,-0.7755995061083761
8027,Custer,Colorado,-0.30606721843535767,-2.6840211400586464,-1.7885724228626882,3.3634772195335594,0.7474502123258555,0.6454581167728072,-0.579664630788792,-0.07114340716341201,-0.370296673672735,-0.3638267477366863,-0.28674552119041363,-0.46416795549714485,0.11388295349418268,0.2117210882613286,-0.8240861735596857,-1.9164263857180532,1.1362471136716161,1.9494217092732993,1.7662284685911598,-0.2939888545208565,-0.47915334753736,-0.6753526719932463,-1.014374406883698,-0.8190333472629749,-0.5311907031555825,0.9985208256658098,-0.5843800948851562,1.7638009498734983,-0.5149941860039552,1.2805581476899737,-0.4964836907030309,-0.0024158321027238448,-0.053709821704104654,-0.419591328394025,-0.08602139992103093,-0.7142661403209922,-1.0467967882703821,1.3260899147404814,-0.18908302239861502,-0.9595536329854363,-1.6280643346894286,-2.343433403592445,-1.5231389017395742,-1.077669244617217,-0.9933150484046632,-1.4547780469892306,-1.6427085726658182,-1.5287126845069798,-1.688462574774796,-0.9236329684769536,-1.6702396508790962,-1.3142400369732985,0.6023411937060877,-0.59786040540054,-0.3435549884186614,-0.06945661705902173,1.999296211405907,0.36276402965501187
8029,Delta,Colorado,-0.22964348352686975,-1.1181417877608029,-1.0642684423822593,1.5601467770865307,0.09559964334225386,0.6603140394827052,-0.6343435396168684,-0.05010591220793466,-0.2600587962546946,-0.13069845299490912,0.3974429138913966,0.10371420920904087,-0.28808936951647035,-0.06280225983896945,-0.5387157802704237,-0.2540374127087755,0.9699487139577477,0.8609199693043044,1.451732480195668,-0.25762770632895055,-0.35294273247658087,-0.4695540711334229,-0.9407429508149837,-0.4414170420413291,-0.6995035146404603,-0.4679636395352567,0.17910643913056226,0.839570081805698,-0.5415241927259193,1.8298298761999503,-0.44627735585441647,-0.26934426317221055,0.49988092259798234,-0.3804013731844414,-0.08602139992103093,-0.5778730999828663,-0.7511451513533495,0.9797658473032549,0.11530098963425739,-0.7763179514329328,-0.9500464647851382,-1.113923392157629,-1.0203378025399368,-0.7815762128496012,-0.9468353450973905,-1.8512797550981326,-1.8094475217481583,-0.9565156517558927,-1.7103200148799977,-0.4678051915093061,-0.8113665253124961,-0.354556808206841,-0.588328603623195,0.2186267424616392,-0.20339488428092797,-0.06521377263610881,-0.050747683937027395,-0.9354548111304692
8031,Denver,Colorado,1.808934896917605,0.451223605440487,2.7494479186482286,-1.78497699087329,0.03370773983015854,-0.16447967431234994,0.04227059801624742,0.008310493733383216,1.121333861559106,0.645820126037723,1.4021783596491315,-0.41254230416021886,1.3546018295900764,-0.3373256079392697,-1.0381139685266323,2.68185565707358,1.7555396639564622,1.0234436012943737,0.8211374343836163,6.705057407809223,6.37887702343379,5.7339145317621485,2.1265956305109537,-0.3997096824139629,-0.8224477489924317,-0.07741217657897913,-0.8308937300206566,-0.6389373039551712,-0.7127453779516705,-0.4366283499985549,-0.5956237159420884,-0.2704407297612854,-0.22873271481776433,-0.3278808449141851,-0.08602139992103093,5.87621856983121,-0.765709419391973,-1.792517973963914,-0.6247864407383595,-0.3620459757490121,-0.8335121433953391,-0.3926108521158693,-0.7346553598128703,-1.3577572476406372,-1.4686756504108596,-1.5196264571939577,-1.7042737230962206,-0.5898651259153911,-1.9969647294024986,3.660253103276356,-1.240803088095796,-1.7940816513565272,1.4953435417030498,-0.59786040540054,1.3361391211096383,0.9127675796507059,-1.4904401613692686,-0.5834502000717195
8035,Douglas,Colorado,0.7075445206440842,0.29433904769004204,2.490381591270359,-1.5114226985988024,-0.04018777607166272,0.37012768763584114,-0.5575693148295726,-0.2574129530753921,1.7350889204036928,0.29914878968555514,-0.046032987601090154,-2.030146046050566,4.665999854582719,-1.4746366214976454,-1.252141763493579,-0.9109685950944547,-0.271652588910578,-0.19269120219490124,0.4762456538722881,0.094873162308233,0.5640250166835499,0.08228411932143764,0.7841932470824694,-0.8114444077905145,-0.8332174992974509,1.9142530124419186,-0.7031747964966785,1.279041470454595,-0.6837911312434106,0.5201623120313039,-0.55041374118904,0.008404197216076853,-0.2226331625772294,-0.392110728295637,-0.08602139992103093,0.43118494328417745,-1.1759870558331307,0.9571625150484916,-0.11229449289271963,-0.529348119775211,-1.2678673413027741,-1.2778580603489378,-1.1117561842125985,-1.2497233036173179,-1.3820543851563971,-1.2713496866958598,-1.4990565549948793,-1.0037357952353518,-1.7871333043925635,-0.4473185498478388,-2.099676213662396,-2.5138440729313705,0.007006295041446424,-1.958672318504172,0.48772974191725865,0.016264364520543403,-1.2994596244485161,-0.30087769119428287
8037,Eagle,Colorado,-0.1594551334432523,-0.08779793280573453,3.0286388301802076,-1.4274288714401968,1.2639117787614733,0.5851175890426399,-0.5976868686613709,-0.14413656581503217,-0.09880997922216231,-0.06008547882555625,1.4328750418874523,-1.1353014228771825,2.3026963865270877,0.36859157289006833,-1.3234843618158942,0.2247156754696019,2.357714036216792,3.0020196534632544,1.3940508811495924,-0.2554058175849788,-0.32769099419478087,-0.5308292206171613,-0.9913557886554774,-0.7923607776245207,-0.809277421137931,-0.32127326941045853,0.005557538293002358,1.9821595236332967,-0.37532646359862404,1.5761406579632695,-0.4871162704255305,-0.3190339536832621,0.5018159288549163,-0.4025419491479881,2.7967034436905798,-0.6046888888375649,-1.14636430677479,1.3755834389665544,0.5203098464317891,-1.2383905396957675,-1.8081628313827551,-2.556548472241146,-1.8316759398848053,-0.8055837559658944,-0.4017551881302853,-1.6141198549208455,-1.3374480351150728,-1.7842569903958143,-1.365596959506533,-0.21172217074096478,-1.6702396508790962,-2.0340024585481418,0.3046737443737671,-1.6865099358834457,-0.262049146047206,-0.06407555573382018,-2.4820214366887665,-2.713239566982228
8039,Elbert,Colorado,-0.2426267906798293,-0.7869883045693261,1.62494059470193,-0.08421191303718382,0.22917079187232928,0.6320254134695503,-0.5868323844667778,-0.17824253368257578,-0.05161076238554287,0.49708472589423225,-0.15591790254381624,-1.5138895326813062,3.1583290720338826,-0.9255899252970493,-1.3234843618158942,-2.274251167393627,0.572355600607975,2.024065309570848,-1.5715502777931467,-0.2914058739519917,-0.46619748395809585,-0.660838010919611,-0.3918431096393022,-0.42381270937420695,-0.8249469271783081,4.728145724688778,-0.8314954835770337,-0.45330525983478903,-0.7126691461392944,-0.19034135932949628,-0.6163718768587049,-0.0608365534339336,-0.24729000035120235,-0.42537320538066203,-0.08602139992103093,-0.5352899427057923,-0.7905727132102435,0.9997135994757533,0.6380616906013703,-0.6010490386435817,-1.1301449614784655,-0.9172017903280579,-1.07747429108535,-1.3737622763848325,-1.2552915579547446,-1.0953325732830295,-1.8222735947544924,-0.9231837857703928,-1.8271011948706464,-0.29879039780220085,-1.6702396508790962,-1.5541608441649128,0.3046737443737671,-1.958672318504172,-0.28720272862980906,-0.06786815486638112,-1.1177832454155412,-0.8740962092027968
8041,El Paso,Colorado,1.7889957236495362,1.1979628660031,0.5886350139219356,-1.3968105775341468,0.20888148546915405,0.0915340265234272,-0.11027108626951747,-0.028380415696833746,1.0847505889322921,2.3773809873899956,0.5719422688897056,-0.9804244688664046,1.1637061618488491,-0.5530225243037876,-0.6100583785927393,0.9449142176708151,1.2930865744243583,0.5895479082829158,1.4154927074248485,0.04083869638479366,0.237228294515231,-0.02622467189714771,0.151231078535145,-0.7903328016632029,-0.8274335266655702,3.666523641499171,-0.7999864778760891,0.21381479186633714,-0.7075792601874973,0.24286850235343127,-0.5985855868066817,-0.1160091949711863,-0.10131890952228163,-0.4161938674348934,-0.08602139992103093,0.1119814410213668,-1.152582871576588,1.0722191208338203,0.8461100542422948,-0.46561396966999236,-1.0453927277404296,-0.9827756576045824,-0.9974832071217719,-1.3991035718964755,-1.586987622465735,-1.1824147241293772,-1.8171431655519585,-0.8454094318042255,-1.9651153166777762,-0.07343733952606046,-1.6702396508790962,-1.5541608441649128,-0.29066115429087425,-0.8700227880212664,1.651195229142033,-0.0001327741363846694,-0.8740893816051188,0.08826502103121574
8043,Fremont,Colorado,-0.18080012386300628,-1.3326617705203467,1.3815249735278123,0.539731743697563,3.395348517810789,0.42546395911721946,-0.4248511361535462,0.028480180984449304,-0.23072295336486726,-0.28529960845240454,0.2652408785809076,0.2757997136654609,-0.23907839980513046,-0.5138049031466021,0.24605280127504683,-0.42159846863155565,0.19679042145233316,0.23820575797277033,0.5566781067497447,-0.25404990156996743,-0.3701857995369449,-0.5148442251242497,-0.931713234249888,-0.8101322139213306,-0.820157268545804,0.6898758033134655,-0.7095531498617145,2.606814847648477,-0.6614221621557901,1.2672333240702534,-0.567767783921082,-0.23753703700622245,-0.18832338056164605,-0.41804132432754537,-0.08602139992103093,-0.5954207086920709,-1.1687854806289282,1.3933803954322146,0.4021633366237462,-0.728517338854019,-1.2466792828682656,-1.523760062635901,-1.157465375048929,-1.3364172093150433,-1.595438477612512,-1.6437648424430065,-1.7837953757354907,-1.120397326184602,-2.0856434864007447,1.1301528580851437,-0.8113665253124961,-0.354556808206841,-0.29066115429087425,0.2186267424616392,-0.1436925565737081,-0.0643647149630805,0.035494643712092294,-0.4671917964192881
8045,Garfield,Colorado,-0.1450045046382213,0.5680403723683448,1.2302318915637402,-1.1360017136753306,0.4650902804987919,0.6024413317962496,-0.6065860552314483,-0.018585706512490606,-0.19207603195414596,0.3635784811395772,1.4006785856358246,-0.8427560653012686,1.2401056146341731,0.7607677844619247,-0.9667713702043169,0.5857187089996216,0.9788792651750217,0.8865291731824853,0.7419773971310123,-0.27416603711917126,-0.41488412142580067,-0.5867784819843,-1.0491339525017753,-0.7370043194106523,-0.7927317914682069,-0.4073875012024493,0.32593434401543303,1.5755493287081452,-0.512479794873493,1.6747812675565181,-0.5276998667402044,-0.2841616623836978,0.096845270009968,-0.4005940400441331,0.1531977926352386,-0.6697971803594898,-1.0843722836128973,1.3434228860852082,1.4610437980938116,-0.9675204017485887,-1.384401662692574,-1.753268598103733,-1.4545751154850781,-0.6388647065471919,-0.4672493155178058,-1.6178254783611155,-1.6965780792924205,-1.350942732584312,-1.3955728773650953,-0.1963571894948643,-1.240803088095796,-1.3142400369732985,-0.29066115429087425,-1.4143475532627192,-0.21499847148421208,-0.06663883178458503,-1.6231296129214188,-1.2164126199571774
8047,Gilpin,Colorado,-0.3026258951994616,-2.4592137710481623,3.796246900639001,0.3750282928087067,1.1357635159831692,0.5802573843450232,-0.5870400346773708,-0.08497607295681966,0.018388124575475406,0.4464813134166161,-0.19459579420316425,-1.3245954777792441,1.3099840000209293,-1.4746366214976454,-1.252141763493579,-0.9919385117656981,1.097475063080283,1.6557886025692192,1.1365659246607405,-0.24045350751218572,-0.3712806789431821,-0.4280518339742784,-0.42591567172064604,-0.8221988482510404,-0.8336075343534716,-0.3650300710679054,-0.6899766373961129,4.617171779663588,-0.6930322665047366,0.33203871899421344,-0.48749412871451714,-0.28783736018744494,0.10686185063733789,-0.4110052053931742,11.017815287911628,-0.4252766256661079,-1.1867526365145502,1.3373916474575265,-0.6280480171467753,-0.9914207080380457,-1.9882613280760824,-2.786057007708978,-1.8888124284302186,-1.1136805592916565,-0.5897867151460697,-1.3621374609824777,-1.2656220262796032,-1.7981452678897727,-1.46301869254686,0.08021247293494432,-2.099676213662396,-1.7940816513565272,0.6023411937060877,-1.6865099358834457,-0.3574418621361401,-0.062199122752685417,-2.8223675723768418,-3.583562894324733
8049,Grand,Colorado,-0.274828789810619,-1.2306195557126267,1.5584089873895253,0.3576308774324843,1.5529292521496108,0.6712814690672596,-0.6167157120171906,-0.154719550751669,-0.21862098566809726,0.20665489199212608,-0.009851099502147654,-1.1008843219858984,1.0507200888168249,-0.12162869157474956,-1.39482696013821,0.3859294904373484,0.8590687707454576,1.2916256322338018,0.12899270746390806,-0.279942037234314,-0.4291224856154151,-0.6238322657784305,-1.0182797225306919,-0.8219564023359378,-0.7019782576654777,-0.23855527939034202,-0.6673039331238317,2.8043711490232965,-0.6876922879570982,1.491723097611252,-0.2970573737830763,0.11654767009641619,0.37722892136872466,-0.3207674920134327,10.209219563754274,-0.6796305929126916,-1.126953672886061,1.3890668113043292,0.6521356161993284,-1.3817923774325094,-2.0200434157278457,-2.9172047422620255,-2.071649191775541,-0.922953966756661,-0.7693673870150772,-1.5159208337536876,-1.3220567475074723,-2.0092470857979405,-1.4923701121167021,-0.3346420207097686,-1.6702396508790962,-1.0743192297816841,0.6023411937060877,-1.1421851706419928,-0.3281895931059255,-0.06912909348301897,-1.468024980125905,-1.2390184206673724
8051,Gunnison,Colorado,-0.2697678480645522,1.0470085843074781,0.49216998489771924,-1.2096980402246258,1.822301400347381,0.5932660672321318,-0.6418993274750819,0.10110147034198941,-0.19692187135008213,-0.24143997607875362,-0.01211249301822882,-0.49858505638843054,0.3216647536569639,-0.376543229096453,-1.39482696013821,1.2533474079899065,1.3734209646496371,0.927633572888148,1.0303875348999258,-0.28721790641430683,-0.4578245510682138,-0.6634494897214305,-1.1337698891261594,-0.8217005596658009,-0.7209415744996248,-0.3531216257393277,0.174172133636779,1.7748521610642016,-0.3791750349766164,1.5506276879249923,-0.4409360092899895,-0.1340581340301056,0.826440231559257,-0.37610923440509986,2.334959969561846,-0.734861797074049,-1.1352823760589092,1.4210092770160627,1.6871499763247086,-1.493327140116642,-1.9458852112070644,-2.7204831404324548,-1.9116670238483842,-0.6948823071518759,-0.3404864883161535,-1.7438166753302993,-1.60166513904555,-1.9564716313208983,-1.4036913551184558,-0.5907250414781099,-1.6702396508790962,-1.5541608441649128,0.3046737443737671,-0.8700227880212664,-0.33069746517889337,-0.06976901885610434,-1.752369745055909,-1.4150207261967473
8055,Huerfano,Colorado,-0.30071046933029044,-2.1792555372001887,-1.6611928835725647,2.835009194475452,0.45518078975020737,0.34934411602356125,-0.573403460976466,0.6822873123024422,-0.22111686493473542,0.7899716678646285,1.7345189083669228,0.9469331810454987,-1.0822867358472859,-0.592240145460973,1.0308213828205177,-0.02183479728600492,0.5850151019886317,1.0244459827291028,0.05829764888246154,-0.29139102799975886,-0.4673698495159152,-0.6642193138230937,-1.1048684956162023,-0.806030754073026,-0.8218972514686333,2.5619913847530493,-0.6497258434919839,0.71668550535812,-0.5368064617760482,1.1205665673771898,-0.5389589513620612,-0.20336307368998227,0.07317133904781736,-0.41760929216782994,-0.08602139992103093,-0.7309983189176993,-1.1655343946919772,1.4487529321542565,0.44643290682473036,-0.4735807384331448,-1.0453927277404296,-1.2942515271680677,-0.9403467185763587,-1.1910381982219347,-1.3567018197160665,-1.1879731592897822,-1.824838809355759,-0.8870742642861007,-1.8033702598992847,0.08021247293494432,-0.8113665253124961,-1.3142400369732985,-0.29066115429087425,0.2186267424616392,-0.3315958074139863,-0.0699841734890165,-0.42562302869579277,-1.626546432842143
8059,Jefferson,Colorado,1.3862232521202544,-0.4760647552976154,1.8577636347533266,-0.4866097262478923,-0.04680323143653559,0.4857314791790831,-0.5757458514651028,-0.10385453813772327,0.7542045964529853,0.25835817864633315,0.41788659584247434,-1.2557612759966765,2.332075511228003,-0.8471546829826784,-1.1094565668489478,0.11397866931212074,0.6137234892216932,0.13812712199763555,1.2441448335980452,0.3562638751795937,1.090528213010807,1.2555616658665072,0.39624858146521463,-0.8209788225714497,-0.8287226547004589,0.41914651402909864,-0.7030915228941336,2.347757342072802,-0.6560589694782243,0.5712261262626989,-0.5132084296218772,-0.24530031060301452,-0.19288259286831072,-0.3347610282160285,-0.08602139992103093,0.9421903703394775,-1.1833410344549071,0.7436943683448803,-0.1636233654571239,-0.5452816573015156,-1.3208374873890467,-1.4745796621785088,-1.157465375048929,-1.2657283323615134,-1.1517685824067287,-1.408457753985854,-1.481100052786012,-1.06762187170756,-1.768398355730962,0.0033875667044419265,-2.099676213662396,-1.5541608441649128,0.3046737443737671,-1.4143475532627192,1.6092725915043615,0.08666179576022438,-0.3615453275372547,0.24812032605330883
8063,Kit Carson,Colorado,-0.3001247121837549,0.27143907620053737,-0.7334954329205167,0.11522206273202552,0.001725162372347337,0.6672938094648667,-0.6195377498086562,-0.07530276057537062,-0.3279678781057232,0.29181868880313394,0.6747195198238739,-0.22324824925815678,-0.8766328629408793,0.5254620575188118,-1.6801973534274721,0.643865608044736,-1.029400860948758,-0.5104266901227362,-1.8382259289247165,-0.28895312112801547,-0.45658908241600304,-0.6573107227112795,-0.5125259007966423,1.257204944880811,-0.5797227517512563,1.9442743002543836,-0.8306811765411342,-0.6393666602725486,-0.7122885256150053,-0.3215459117421617,-0.6227536117874498,-0.3733278424185273,-0.2571459146655517,-0.42689877679093835,-0.08602139992103093,-0.5635444873926015,0.9755602558057265,-0.7051594198407258,0.8696261690774012,-0.4417136633805353,-0.7169778220055391,-0.24506965074369283,-0.6089550850129618,-1.456454924896509,-1.5616350570254045,-0.7395927230170986,-2.1121428446976367,-0.5315343604407651,-1.907036975826812,-0.15056351989864314,-1.240803088095796,-0.5944776153984553,-0.29066115429087425,-0.8700227880212664,-0.3484771552484416,-0.07020292512182065,-1.9181016242094377,-2.3644643560249348
8065,Lake,Colorado,-0.2971080628790971,0.35280095949646195,1.380948935065579,-1.0127655496998056,1.764342733350975,0.5829319109443689,-0.6134408764839007,0.16968536042230875,-0.3348348354459803,-0.29577686753377463,1.8440272502156858,-0.5330021572797127,0.07743361887692572,0.5058532469402192,-1.252141763493579,0.3911881284559342,0.9864512646503775,-0.3751794538782915,2.4155066680957336,-0.268085571545057,-0.3914765215672441,-0.5924738950095793,-1.1059591351259497,-0.8221988482510404,-0.8336075343534716,0.6346108524040238,-0.7098701480743378,2.272196954193237,-0.6531535489461776,0.8426624663858604,-0.30336154139091703,0.9014828934474254,3.7061129607031034,-0.2607418868611994,11.713838604569284,-0.678926803689222,-1.1867526365145502,1.4469007663045275,-0.45438024318086245,-1.5411277526955558,-2.3802404091144997,-3.5565499482081298,-2.334477039084442,-0.8202550323147403,-0.16513124402053436,-1.6845267002859774,-1.1732743006339998,-2.331455123657775,-1.2862856768390873,-0.3346420207097686,-0.8113665253124961,-1.0743192297816841,-0.29066115429087425,-0.59786040540054,-0.3577413095478378,-0.06645650720633595,-1.0254747139050728,0.5678309360974945
8067,La Plata,Colorado,-0.15625104185170308,-0.5180695015219922,1.091888312752276,-0.06649218613074578,0.1681899238524152,0.27131517417457246,-0.6393345232428163,0.9256794172418586,-0.24037664549545942,-0.0038766487276831814,0.21532988822544072,-0.5502107077253546,1.5174912289248235,-0.10201988099615492,-1.1094565668489478,0.11696044910065545,1.122574207403097,0.9404030807728083,1.349079084522584,-0.2741040094261343,-0.4266695427692296,-0.3820831022304494,-0.9641931215851943,-0.7492692936586363,-0.41752169781122983,0.2351439942128347,-0.13217989227909593,1.6760288124790432,-0.3786884686123881,1.1415281712409435,-0.5384023086683117,-0.31374533455111114,0.7886190582650258,-0.37414837725036343,-0.08602139992103093,-0.579767777299917,-0.9266718301039075,1.1512345523607832,0.5257607001554426,-0.8480188703013039,-1.2254912244337561,-1.6385143303698175,-1.1688926727580118,-0.480148171500587,-0.7947199524554079,-1.893894424661239,-1.534969559412614,-1.1787280916592273,-1.4717616685889405,-0.3346420207097686,-1.6702396508790962,-1.5541608441649128,0.3046737443737671,-1.1421851706419928,-0.173899314228709,-0.06397025468616674,-0.8509728503524304,-0.6803322031154118
8069,Larimer,Colorado,0.7243703946783167,0.9108915697801057,-0.20365139851793376,-0.7377647835561287,-0.09319929628333748,0.5584695228096849,-0.5882715557392331,-0.13007897765367674,0.5228930018102758,0.21787921412367797,0.1539622087231947,-0.7222962121817748,1.3460901205645774,-0.807937061825493,-1.252141763493579,0.8106611985894524,1.178272514574558,0.2742917219869309,1.6267269871957282,-0.15859283594123147,-0.1444536063529316,-0.28944084181596763,-0.6123670608807433,-0.6852832132200903,-0.747663223789804,0.7710571618103795,-0.7917563102737106,2.384469503282385,-0.7012290460709059,0.857249115102711,-0.4606316552148121,-0.07802836190281706,0.07128171039499996,-0.30981780624535116,7.028517630965129,-0.3430594106665411,-1.0130535250377954,1.1330218619866066,1.2212136807745357,-0.8480188703013039,-1.6704404515584466,-2.0647444676672193,-1.6031299857031522,-1.2150457413382278,-0.8242979454691265,-1.343609343781127,-1.3117958891024053,-1.4731595745311463,-1.5847958588472686,-0.411466926940271,-2.099676213662396,-1.5541608441649128,0.3046737443737671,-0.8700227880212664,0.798556155259424,-0.042540299531669934,-1.0886542325156905,-0.79013180656493
8071,Las Animas,Colorado,-0.27842533869034697,-0.776214226041122,-1.0809206959697224,1.2534286517847284,0.9934582945648655,0.379291840847179,-0.5326942093714712,0.3590746067762565,-0.09444775531377878,0.378131981830601,2.2008706431717533,0.5339279703500905,-0.8422428127652752,0.2705475199971068,-0.1820027886588462,0.5202002719986036,1.325482986715566,1.7537465958906182,0.5126933811342806,-0.293722983920327,-0.4785627234101134,-0.6839003675573176,-1.1676620409253735,-0.7977138404420997,-0.8311457913934445,3.2157191903180284,-0.7422006985768722,0.5185432440125339,-0.6499557199646354,0.9600084441196779,-0.594209138196461,-0.30946521423309087,-0.17938578812073835,-0.42417016380581424,-0.08602139992103093,-0.7587222671338247,-1.1615301735023449,1.4568292841893473,2.81522351539066,-0.20271060048596592,-0.6004435006157391,-0.523758586668916,-0.5518185964675486,-1.3297484473382952,-1.6165656154794539,-1.3158171679791013,-1.9556647540203642,-0.45098235097580697,-2.02007116608514,0.0033875667044419265,-0.38192996252919614,-1.0743192297816841,-0.8859960529555155,0.4907891250823656,-0.2977956808186136,-0.07025417359994679,-0.07262255010386062,-0.8918579097608071
8073,Lincoln,Colorado,-0.3042132970665728,-0.05391731018523406,1.1309280122984158,-0.5135490677619587,3.8021091668157263,0.3454726183104661,-0.3119694435570883,-0.04736806857291458,-0.2275405395905935,-0.27581710920280855,0.3590352588847637,0.43067666767623897,-0.867983868285937,-0.2784991762034896,-1.252141763493579,0.10890376804296757,0.4009497262708531,0.24507246716368827,0.6366091482066265,-0.2925993889936122,-0.4705150380626708,-0.6760178207300235,-0.8071167690333126,0.09571248001831428,-0.8029710056825632,4.024571192631316,-0.8312754799699358,-0.6393167815432264,-0.7126908291722569,-0.12183807956111155,-0.6259230399165512,-0.2519331004000469,-0.25950909618835466,-0.426148159547457,-0.08602139992103093,-0.6551614400556294,-0.2690912209064183,0.5444708442024274,1.1858203641781897,-0.48951427595944935,-0.8547002018298476,-0.47457818621152376,-0.7803645506492016,-1.5031362587337458,-1.4898027882778015,-1.1138606904843802,-2.158316707520439,-0.6648618243827662,-2.0450510976339418,0.2338622853959491,-0.8113665253124961,-0.354556808206841,0.007006295041446424,-0.3256980227798136,-0.35678682092305153,-0.07042862960383478,1.5416747080425315,3.1448922170597173
8075,Logan,Colorado,-0.2552791450449963,0.08424048645917055,0.6493925311328247,-0.40101803100661365,3.260529108466614,0.3886738261050078,-0.37717275456405464,-0.05162525898381448,-0.260030780514161,-0.015241261637298255,0.5348479793818188,-0.2748739005950828,0.1858206233225919,-0.12162869157474956,-1.1807991651712635,0.7811628136347504,0.5477245597469584,-0.18912560295348008,0.9029175593029134,-0.27627146120644674,-0.4304565290909597,-0.594853506014982,-0.5596768834827137,0.5256550509482517,-0.7105701332960555,3.314003817054365,-0.8285505413658092,-0.6392446899101156,-0.7108338704830179,-0.4523269655625621,-0.5492116458944463,0.018946986322988548,-0.1366002781838626,-0.38518085147106246,-0.08602139992103093,-0.5443874191989799,0.19605116449144575,0.04442489666898012,0.6339437642227086,-0.6090158074067342,-0.9076703479161203,-0.4581847193923938,-0.848928336903697,-1.5138062778965427,-1.145430441046646,-0.8804064137473628,-1.9607951832228976,-0.7343032118525582,-1.821480710272166,-0.13489726451046238,-0.8113665253124961,-0.354556808206841,0.007006295041446424,-0.59786040540054,-0.2971219241422938,-0.06834892676451292,-0.1558814815737227,0.41443443127831464
8077,Mesa,Colorado,0.1307377433076372,-0.00789516300585522,-0.10396410304490401,0.05904961265668685,-0.24864818722386497,0.6264565432023237,-0.6104025784078796,-0.031960599544293485,-0.09607503174946143,0.3839752594340539,0.3623061451571977,-0.5674192581709984,0.3107505461162033,-0.18045512331052588,-0.5387157802704237,0.42372210709636976,1.14451049012814,0.7067262146019552,1.4211157155056333,-0.20477664450238686,-0.2831885763726614,-0.47552188441975707,-1.01409997803884,-0.6802042505008115,-0.8096482613188231,-0.2853249589506048,0.03426201519638726,1.6080513129022778,-0.5651378116868633,1.7553902850642766,-0.4979891984744785,-0.3309047725072816,-0.09872502162552126,-0.3902343245275034,-0.08602139992103093,-0.5678540389597581,-1.0360999355937048,1.2524792942571505,1.748062522034389,-0.7205505700908666,-0.8864822894816117,-0.900808323508928,-0.9746286117036063,-0.8535988421984807,-0.8897920728566471,-1.9142753535827246,-1.8376648823620927,-0.8731859867921423,-1.755283891667841,-0.3346420207097686,-1.240803088095796,-0.5944776153984553,0.3046737443737671,-0.0535356401590872,0.26913313137797085,-0.06123431414950695,-1.0702479804292773,-1.3633503245734446
8081,Moffat,Colorado,-0.2820072436414116,0.5242851924636726,0.3867114570507623,-0.6756029012198366,0.49563245381215604,0.6529254993372401,-0.6150245511895119,-0.040292970123726415,-0.23213994034608626,0.27874872188792194,0.4613699382849924,-0.39533375371457685,0.5155120624312268,-0.35693441851786023,-0.5387157802704237,0.8435269110452972,0.6052671398167709,0.3409441225750981,0.41861736266600547,-0.29194888260858104,-0.4740516615765857,-0.6758767778846417,-1.1087091085236591,-0.7756683103748031,-0.7781367448599458,0.01626989641795873,-0.5837364222123054,0.19896179182231089,-0.6677236098914053,3.7009121045346944,-0.6056443599298655,-0.37248159378897966,0.022322362148816208,-0.3991773658941724,-0.08602139992103093,-0.7381784248010462,-1.1158377964680675,1.4035367469935625,2.797307184708815,-1.102955470722178,-1.384401662692574,-1.32703846080633,-1.466002413194161,-0.9963103485008901,-1.2637424131015214,-1.8753663074598885,-1.5862738514379495,-1.3287214885939782,-1.8583261093066485,-0.3551286623712359,-0.8113665253124961,-0.354556808206841,-0.29066115429087425,-0.0535356401590872,-0.3332801991047856,-0.07030481510729876,-0.6740372945109397,-0.07320498404160525
8083,Montezuma,Colorado,-0.24422590768987126,-0.6141083390167331,-0.5295188268962172,0.8294758084734554,-0.32570218729751205,-0.12498387703086904,-0.6514265428865217,1.8513701990141904,-0.30032494385346603,0.0499268138935146,0.2058975782818942,0.06929710831775686,-0.21148398828698114,0.40780919404725596,0.03202500630810057,-0.06414670765477035,0.28725407504534445,0.859562725930257,-0.41002944839393923,-0.2887223263985402,-0.46168633660974506,-0.5470689221885459,-1.0205701402126084,-0.5717867578196996,-0.6980755680491414,-0.12202158002497067,-0.37829691680204536,1.393884051736278,-0.5848511587385115,2.123557906139948,-0.5720266741213981,-0.359223556726342,0.09662980007492122,-0.3913755300991531,-0.08602139992103093,-0.6654687000886541,-0.8788643669970508,1.1417550413841606,0.779582831336392,-0.6169825761698864,-0.759353938874557,-0.8188409894132737,-0.8146464437764492,-0.6828785355937294,-1.031343896565159,-2.032855303671368,-1.9069256765962956,-0.750969144845309,-1.7740188403294423,-0.34488534154050227,-1.240803088095796,-0.5944776153984553,0.007006295041446424,0.2186267424616392,-0.2511193155202417,-0.06820554905890831,-0.24721022536003048,-0.7287732046372583
8085,Montrose,Colorado,-0.1956812841707409,-0.6842591819744206,-0.6812454001926247,0.969666923613311,-0.3783833707476476,0.6316799563525269,-0.6430565039898773,0.02928311499550388,-0.2549658018221558,0.18395024193028145,0.7970967427814425,-0.22324824925815678,-0.3442391919588737,0.2117210882613286,-0.7527435752373701,-0.13085938894216256,0.793413031651087,1.2091505687073143,0.36690370447400444,-0.2620256147861892,-0.3979172601817756,-0.5263601472911824,-1.010146950972432,-0.5963596805325426,-0.6961815589368346,-0.4179868139766987,0.013225228824237985,1.868595137577763,-0.6476424642231452,1.6039770602409673,-0.5584822529616364,-0.37113811543906117,-0.0411679693178929,-0.41675998423794697,-0.08602139992103093,-0.6307473539413856,-0.9022024817126612,1.1494544985858388,0.930099370019738,-0.704617032564562,-0.8864822894816117,-0.9335952571471879,-0.917492123158193,-0.9322902335241083,-1.1623321513401996,-1.956890023145831,-1.878708315982361,-0.8592977092981838,-1.8970450032072914,-0.5702383998166426,-1.240803088095796,-0.8343984225900698,-0.588328603623195,-0.3256980227798136,-0.16830339072260908,-0.06690137044832853,-0.957150916919531,-1.550655530457917
8087,Morgan,Colorado,-0.23577636085109654,0.9331410356866912,0.04734158878789874,-0.8832617078490935,0.42317117297116136,0.3938596894295069,-0.397636972941043,-0.04379816461502488,-0.30267746793128186,1.0659009851760235,1.9181922085768055,-0.44695940505150283,0.12445394696133441,0.6038972998331827,-1.0381139685266323,0.9333492082881213,0.9858129246083429,1.2290522750531632,0.2064918616795507,-0.2502486086190396,-0.39162981520702383,-0.5460297261799927,-0.6586239039204567,0.3581295915720658,-0.7463898570883243,3.5890112068356057,-0.8294311076918602,-0.6391233556253308,-0.712309247424271,-0.4150681363362506,-0.5313186227707868,-0.07005259880429951,-0.20701499703180096,-0.3557875200725005,-0.08602139992103093,-0.5374123543915252,0.014893453980837515,0.2175388494459389,0.2235063932659647,-0.6090158074067342,-0.8229181141780844,-0.294250051201085,-0.848928336903697,-1.4617899344779075,-1.403181523023339,-1.1861203475696473,-1.6837520062860865,-0.6843054128743092,-1.9089104706929723,-0.38073696444807004,-0.8113665253124961,-0.8343984225900698,-0.29066115429087425,-0.8700227880212664,-0.28175652882955793,-0.06618981907245164,-0.8827154980769097,-0.4235948950496265
8089,Otero,Colorado,-0.26737795890668725,0.33282992134080197,-0.8455301356193415,0.11445911852806437,-0.4910862061492527,0.4329906270058762,-0.5674164677228659,0.4322062742220959,-0.2092697513465985,0.8074471108858132,2.332148776727579,1.669692299762462,-0.8236406099756771,-0.08241107041756218,-0.039317592014215016,0.9480422934364106,0.7909370257914137,0.659883178221593,0.3931044051067522,-0.2738721389594072,-0.4188315575059063,-0.5566205262907269,-0.8589885863207763,-0.5142366013623098,-0.8314080258912065,4.883298592811405,-0.8315503616676112,-0.6366975864859178,-0.7127453779516705,-0.04919540411711164,-0.5810523998801306,0.06036359504608505,-0.24734233321160712,-0.3862122723364739,-0.08602139992103093,-0.6087584314935625,-0.8825299272076482,1.1208350888252907,0.20611131908774796,-0.2106773692491178,-0.3885629162706486,0.19755395337284137,-0.36898183312222593,-1.355089742849938,-1.9989668108711052,-1.3121115445388312,-2.0839254840837027,-0.2315475665712639,-2.174946741687711,-0.45244021026320563,0.04750660025410388,-0.8343984225900698,-0.8859960529555155,0.762951507703092,-0.2889432667103016,-0.067880105514993,0.41406355942860595,0.0043006183933488994
8091,Ouray,Colorado,-0.3064069575803483,-2.559691062150703,0.29577766116212834,2.2108913242989265,0.29016299075516666,0.7343566458697672,-0.6678315738723791,-0.15610609419925636,-0.25684512099410084,0.4574862496635419,-0.23348752790065397,-1.3073869273336023,1.1747576550190533,-0.6314577666181586,-0.8240861735596857,-0.08397007250104727,1.507805870559438,2.073129862142934,0.8427234041598798,-0.2895281596610142,-0.4614518352327857,-0.5491651943755226,-1.0880192141572773,-0.8036680711188715,-0.6360818907245784,-0.11767197558149967,0.5300165907925642,2.318191617942182,-0.4483856515210012,0.23287806403741348,-0.572789565047273,-0.3605217600900333,4.846661666409981,-0.398480470484342,-0.08602139992103093,-0.6846589101322965,-1.079129413023301,1.3447419547922144,-0.3362262868513394,-1.102955470722178,-1.5221240425168834,-2.179498735401136,-1.5231389017395742,-0.6882135451751278,-0.737676680214664,-1.662292959644357,-1.6940128646911539,-1.523157373509396,-1.5129785556444637,-0.9236329684769536,-2.099676213662396,-1.7940816513565272,0.9000086430384084,-0.8700227880212664,-0.3506855799097118,-0.06897903704596121,-1.802788250877398,-2.542081361605038
8093,Park,Colorado,-0.2657173373962591,-2.426155881624419,1.9936518649185617,1.2422967321899947,1.198296579129187,0.6589743908069372,-0.6269950471202458,-0.0686943945708731,-0.10110171898936397,0.14051393961861142,-0.2438530699485102,-1.0148415697576887,1.4757563975739907,-0.592240145460973,-1.1807991651712635,-1.8214456841936089,0.6414577944291345,1.2073371807797186,1.7162552508189037,-0.2916378889420721,-0.46953396508093015,-0.6668587652977366,-0.9701526036305504,-0.8221988482510404,-0.8288869672419192,1.9197698244994887,-0.6221884488489818,1.7655856455237522,-0.6580697482894602,0.5850785488439899,-0.4506306794127789,0.590704129596212,0.2851183216186951,-0.37402174534135374,1.3721312593386985,-0.6959174863970765,-1.1846166517110739,1.4521595533518075,0.9066055947490727,-1.2622908459852247,-2.0200434157278457,-2.851630874985501,-1.9688035123937975,-1.1670306551056415,-1.2045864270740838,-1.5585355033167936,-1.4990565549948793,-1.9314727318317737,-1.7927537889910439,-0.31927703946366814,-1.6702396508790962,-1.0743192297816841,0.3046737443737671,-1.1421851706419928,-0.3078833155001783,-0.06910687234669426,-0.15504317661116668,0.30786422793025275
8095,Phillips,Colorado,-0.30841903337869775,-0.1774500883644414,-1.1263876752731836,0.7244422034401273,-0.4716157481731719,0.6780993324975957,-0.6241422651119698,-0.21399033209900742,-0.38434103113039403,-0.08626003357407988,0.7382248954780979,-0.7050876617361327,-0.1571875218420654,0.32937395173288503,-1.7515399517497876,-0.03547877948931668,0.7433322620533512,2.1041870979101915,-1.0882417305600698,-0.28340005099009985,-0.4533387932596584,-0.639139671277038,-0.30527740622449995,2.091035311324206,-0.47928623382180696,0.4804146137889698,-0.8303694936383326,-0.6393997489025706,-0.7119251989958993,-0.455955568802508,-0.6268783757608254,-0.4032933329583023,-0.25397446563381976,-0.42646067821451783,-0.08602139992103093,-0.49870501637420983,1.8420168500053467,-1.575539985116206,-0.22763366410265107,-0.6886834950382574,-0.9076703479161203,-0.42539778575413156,-0.8032191460673664,-1.4817962204081518,-1.012329472484911,-0.8099995683822309,-1.8530561699696932,-0.7454138338477251,-1.7171894960559184,-0.15056351989864328,-1.240803088095796,-0.8343984225900698,-0.29066115429087425,-1.4143475532627192,-0.35747929306260234,-0.06959294216530287,-2.2349098942028,-2.8811683722579615
8097,Pitkin,Colorado,-0.2688745684160855,-1.5895974917687572,2.279066346323016,0.32945025756143437,0.7805876105519416,0.6199414397088111,-0.6139693531288698,-0.2688004532553341,0.2575537285515735,0.1547709796856156,0.05449546391446356,-1.4278467804530963,2.5465156644187954,-0.23928155504630408,-0.6814009769150549,0.8190653191395968,1.5446365670908875,2.1171240229421664,0.4294496707376077,-0.2744364255121539,-0.4282958867765724,-0.5995772157235458,-1.0253917350385755,-0.8023635979298656,-0.8068316932952813,-0.29273648276918884,0.2383303446342936,2.038622648498311,-0.3246354553266173,1.015684032019577,-0.4456097144523196,-0.21676626596082804,2.717630481094346,-0.4057110752550035,14.854118549523081,-0.6718179982629356,-1.1551066835536041,1.4130648035793425,-0.015378015825300262,-1.2861911522746816,-1.9776672988588277,-2.8680243418046323,-1.9459489169756319,-0.48414942868663596,0.43487947140062017,-1.6270895369617906,-1.1758395152352665,-1.9259174208341898,-0.9328196454235418,-0.2168438311563316,-2.099676213662396,-2.273923265739756,0.6023411937060877,-1.1421851706419928,-0.32177018921765704,-0.06706996196639871,-1.5456654792447766,-1.3811120251314548
8099,Prowers,Colorado,-0.28526112459041636,0.9228999706724619,-1.0646309439792156,-0.32004493378028587,0.18391943609882516,0.6226373609321794,-0.6024394777220111,0.04485092282540734,-0.37167643230301733,-0.1795871343975404,2.10349053886777,0.6371792730239426,-0.5951973225816448,0.5450708680974046,-1.0381139685266323,0.7610789428074873,0.8266495579312024,0.49374634143499896,0.7459764373508464,-0.2808750447607887,-0.43273892355299415,-0.5818510217447259,-0.8726183834313855,0.6045397938345031,-0.8030184533069356,2.3186748698933304,-0.8305930971328481,-0.6392257692372525,-0.7125737976134344,0.48496602146658424,-0.555085985015637,-0.20098191469750154,-0.24627046805559671,-0.41552761823543327,-0.08602139992103093,-0.6267981808720565,0.23189163138666552,0.045159479165269634,0.4845293107184619,-0.3142453631700983,-0.3673748578361392,0.23034088701110358,-0.3232726422858955,-1.3350834569196937,-1.7538920116145773,-1.0730988326414088,-2.065968981874835,-0.24543584406522234,-2.008205698599459,-0.40634526652490416,-0.38192996252919614,-0.8343984225900698,-0.588328603623195,-0.3256980227798136,-0.3299675621128803,-0.06934125398716137,-1.6309407068371629,-1.92688064227759
8101,Pueblo,Colorado,0.17236750371191586,0.19293964450816423,-0.026284604675910494,-0.16466136237449666,-0.3269521366501103,0.407667130818576,-0.49352064488500025,0.2861692807072239,-0.09386975245424324,0.5380469518569987,2.400434309591303,0.5683450712413746,-0.31897863614126437,-0.43536966083223116,-0.039317592014215016,0.8565570150792053,1.4180672603331979,0.9001909558356602,1.4112899784812083,-0.12403062496804747,-0.1444081291319258,-0.4225218075551504,-0.7869307997572653,-0.747237231023557,-0.8301813727818861,4.540540286555364,-0.7998207512413523,-0.33463326262231635,-0.698808076241677,0.22269050929478676,-0.6036828983887559,-0.05271180209143729,-0.2235937304889563,-0.3838681180160004,-0.08602139992103093,-0.42910991912815294,-1.1113932346099682,1.2657806185498026,1.0463693564147196,-0.20271060048596592,-0.4839091792259392,-0.13031538300977621,-0.448972917085804,-1.4257786198034677,-1.7454411564678003,-1.2305878288528886,-1.881273530583628,-0.328765509028972,-2.0562920668309026,-0.06319401869532681,-0.38192996252919614,-0.5944776153984553,-0.588328603623195,0.2186267424616392,0.34332122762606476,-0.05620193352829758,-0.2649664431744715,-0.4090625945930726
8103,Rio Blanco,Colorado,-0.3023886635551147,0.4343642651128844,0.22620835775355969,-0.512827125903265,0.509025173254223,0.6213340128215996,-0.5641754663482628,-0.020864381420593374,-0.2673634686159111,0.43001882554515114,0.0681686633277497,-0.7222962121817748,0.7027696609922005,-0.4549784714108239,-0.32468798530347687,0.09089851336336449,-0.8599408310205116,-0.4813702170969591,-1.3476251068657341,-0.2910737152993374,-0.4726244068830656,-0.6572573564351141,-1.1151371054691974,-0.8099987449989053,-0.7282829140869246,-0.361494583903939,0.03325910775231039,1.811900931335536,-0.4617970490117167,1.9363888845163284,-0.5782487577969387,-0.34904871849369024,-0.11762002566585382,-0.4155355671676421,-0.07724558333604363,-0.7329110324033062,-1.12708231603335,1.412194797818291,1.6599180472708819,-0.9914207080380457,-1.3526195750408108,-1.4417927285402465,-1.386011329230582,-0.8202550323147403,-0.8940175004300354,-1.697496382326923,-1.6298824996594847,-1.28150134511452,-1.617269769860711,-0.15056351989864328,-1.240803088095796,-0.8343984225900698,0.3046737443737671,-0.59786040540054,-0.3545783962617813,-0.07047929382667328,-1.3213211442772677,-1.2761565218341215
8105,Rio Grande,Colorado,-0.2879116756784896,-0.08283582323573459,-0.4800463352231966,0.31538655788003783,-0.02260467404922968,0.5047170300528472,-0.5994020221871081,0.3237002259435204,-0.284147965996534,0.05140785062394882,2.486358471950972,-0.01674564391045318,-0.49600845530869503,0.46663562578303364,-0.039317592014215016,1.035974081757909,0.7523563526688586,0.7583257201611777,0.17995184383499832,-0.2660040336589758,-0.3601172965662569,-0.49405462747639434,-1.0375017586884208,-0.28667786856543553,-0.5924549461259888,0.045674501120829145,-0.5569519829091001,1.3424853619062034,-0.4093806562594315,1.2425025178143219,-0.351258403001433,0.8721896842618977,0.25306705444058664,-0.4137580607347993,-0.08602139992103093,-0.6165692869187027,-0.5503471746959231,0.8012522677729382,-0.06055606164689327,-1.3578920711430524,-1.5645001593859014,-2.589335405879408,-1.705975665084896,-1.1416893595939988,-1.1897974305672243,-1.632647972122196,-1.9505343248178306,-1.737036846916356,-1.9114084638478523,-0.38585862486343686,-0.38192996252919614,-1.0743192297816841,-0.8859960529555155,0.2186267424616392,-0.3165672904394103,-0.06830635693416759,-0.1275761939726797,-0.8918579097608071
8107,Routt,Colorado,-0.24582209591418053,-0.9031461805512535,2.3889556183865133,-0.3576908311814648,0.817965613534804,0.6829423721801694,-0.6224796413061492,-0.23860661963134921,-0.15284807900368041,0.06881919059641045,-0.20525793963149247,-1.2557612759966765,2.1944466677108654,-0.43536966083223116,-1.3234843618158942,0.048521446220622926,0.8405258966098973,1.4065205921625257,0.1057259793231792,-0.28268193821685655,-0.4548749992548919,-0.645150148322822,-1.0859569926303536,-0.7789963594045662,-0.5965861452528015,-0.35961596498985404,0.7064385536384747,0.9091064049570134,-0.26225714469765027,1.5258993770762523,-0.42835616747721095,-0.16111969149520444,-0.1685846086894825,-0.3979661938897182,1.9500776732472036,-0.7137053476847914,-1.036965793860449,1.316289903614291,1.0236500193780163,-1.2622908459852247,-1.7551926852964825,-2.4254007376880993,-1.854530535302971,-0.6095221538495003,-0.5771104324259044,-1.3806655781838282,-1.137361296216265,-1.7620357464054806,-1.198231418129561,-0.3090337186329345,-2.099676213662396,-1.5541608441649128,0.6023411937060877,-1.1421851706419928,-0.30118317966344327,-0.06862516587191934,-1.2505514530658075,-0.7416908050430836
8109,Saguache,Colorado,-0.3009242706887759,-1.1537456285729417,-0.47760398830539774,1.300778689425638,-0.14661629772116097,0.4963371426204801,-0.5926232841591451,0.3281050005019537,-0.1391938086940653,0.21946427757830816,1.9143076420980278,1.876194905110166,-1.2848516820912128,1.2313792383481499,-0.1106601903365306,0.012656016269441992,1.5326349930405276,2.3928544054523715,0.39745283628434086,-0.2898580767001439,-0.45257063677478077,-0.6469379000033884,-1.2095054558420728,-0.686006755914028,-0.7467815154435969,0.009739737465210207,-0.5491328738620889,1.527651420979983,-0.5442694463501655,2.0742708441863145,-0.4067310961395239,0.5604285145276521,0.39118467265294365,-0.4231840338735454,-0.05925661959682271,-0.7487855105214312,-1.013366983973544,1.3084919060695475,1.6207046651550905,-1.4056926837219665,-1.7657867145137371,-2.622122339517669,-1.785966749048475,-1.0536617015009238,-1.1623321513401996,-1.660440147924222,-1.7478823713177558,-1.8314771338752727,-1.8221052085608858,0.04436085002737654,-0.38192996252919614,-0.8343984225900698,-0.8859960529555155,-0.0535356401590872,-0.351452913902187,-0.07043947957905834,-1.619349829486162,-1.8380721394875383
8113,San Miguel,Colorado,-0.2969557660209978,-1.1579764325994848,3.4446817827560174,-0.6486908537469928,1.2438827221637856,0.6573789515324896,-0.6207496982623275,-0.12186500553434146,-0.20871117870995112,0.04414154795633736,0.12010716807631527,-0.7911304139643425,1.4749326837973296,0.09406822478977217,-0.8954287718820013,1.310780623288146,2.5925937288177585,2.3266476716392566,1.9109523505294388,-0.29305095640202117,-0.47564801978331883,-0.6247042936094432,-1.0980298309815693,-0.7635174888600015,-0.8033745159675325,-0.23681659538917452,-0.05486511057347795,1.9406067964864326,-0.40916370352806114,1.6239904839893653,-0.5783616072565911,-0.3707149147501324,1.8928873355008415,-0.4163731863833611,-0.08602139992103093,-0.7183759860183105,-1.1152934958764806,1.3944582028763903,0.21958952296727374,-0.8161517952486944,-1.2148971952165015,-1.6057273967315553,-1.2031745658852593,-0.8402613182449845,-0.8834539314965646,-1.9105697301424545,-1.8633170283747607,-1.1676174696640613,-1.7521614002242407,-0.5702383998166426,-2.099676213662396,-2.0340024585481418,0.3046737443737671,-0.59786040540054,-0.3557200395188786,-0.06956194520443598,-2.089620274382492,-2.0463684460314773
8117,Summit,Colorado,-0.23008573017250405,-0.7166861676274984,3.251066131641742,-0.9588190287070232,2.09935544381273,0.615425143543683,-0.6003260752854137,-0.21821605958883303,0.0072349094566105865,0.23499911884794883,0.34742302450609275,-1.3934296795618122,2.117498072407767,0.0548506036325867,-1.6088547551051564,0.7527051013346536,1.644156887715581,1.6066035565827796,1.1926121819769815,-0.19188729577775385,-0.19320210523961448,-0.4017155469882428,-0.5899423648761476,-0.8221988482510404,-0.8000289760591301,-0.012103928634353297,-0.627542375935624,2.6047529983746953,-0.6375695914814171,1.093103888647276,-0.34656191808529874,-0.14572765204974425,2.7877800719419557,-0.27869976024623716,19.21036225458766,-0.39721197140302356,-1.171558849720621,1.3105034962771405,-0.2788210527589278,-1.4136594524851185,-2.2001419124211727,-3.2942544791020354,-2.243058657411781,-0.8015824987798454,-0.07005912361929487,-1.60856141976044,-1.1758395152352665,-2.17312876022665,-1.2244603462558028,-0.08368066035679413,-2.099676213662396,-1.7940816513565272,0.9000086430384084,-1.4143475532627192,-0.3110649442494659,-0.060413589732764374,-1.9834930023028923,-1.4715352279722347
8119,Teller,Colorado,-0.2465542923473499,-1.8317980253298989,0.7475167423643359,1.315323558797373,0.29495546456329014,0.6348130045690246,-0.6156339739139228,-0.0331430043324223,-0.05797571017309442,0.07775679275783999,-0.19244095237305103,-1.1353014228771825,1.021203678486466,-0.7491106300897147,-0.7527435752373701,-1.3430740682243423,0.5509619178207918,1.2682616330619185,0.4583778550606617,-0.2669082303206567,-0.43480639413055727,-0.5840297638384663,-0.615640907143686,-0.8221988482510404,-0.822137227244508,0.5556236886526782,-0.7549619107938658,3.332494379670405,-0.6789227181330761,0.7210730313011432,-0.46005155097375405,-0.14108095407524116,0.27443441656256656,-0.4052319650573468,-0.08602139992103093,-0.5552443948337583,-1.1815624970467742,1.3884570429860494,-0.32376825641462836,-1.0551548581432642,-1.8399449190345192,-2.5073680717837536,-1.785966749048475,-1.20704322696613,-1.5468460605185452,-1.178709100689107,-1.5400999886151476,-1.7092602919284392,-1.7946272838572037,-0.5139001352476075,-1.6702396508790962,-1.5541608441649128,0.6023411937060877,-0.8700227880212664,-0.25718312560711915,-0.0613869067983585,0.42675118858303523,0.08665032098048785
8121,Washington,Colorado,-0.30653582415258607,-0.2627455352036775,-0.4193333508404455,0.4508977571204547,0.9477047399492275,0.714923881642151,-0.588790302847126,-0.2301650344653718,-0.37420253122175445,-0.10310735784858326,0.08106621386500892,-0.46416795549714485,-0.16878815753004361,-0.23928155504630408,-1.4661695584605254,0.5800399955493788,-1.0369509384217113,-1.014487619361334,-1.2725777216817278,-0.2926694601045172,-0.476597236488816,-0.672862831735124,-0.624100444518222,1.0333688790658564,-0.7440771405130485,2.635282515645082,-0.830906487500933,-0.639371407636531,-0.7125217746240418,-0.4362010629826187,-0.6188759930066065,-0.3718100902607887,-0.247831414093987,-0.4148920041373862,-0.08602139992103093,-0.606071617981305,0.6807977087384166,-0.40022474259377283,1.1392423723182814,-0.5452816573015156,-0.8652942310471023,-0.4090043189350016,-0.7803645506492016,-1.4844637251988513,-1.451773940117306,-0.9637829411534404,-2.0223603336533,-0.6759724463779331,-1.9413843817064145,-0.15056351989864328,-1.240803088095796,-0.5944776153984553,0.007006295041446424,-0.59786040540054,-0.3566558126804338,-0.07048293690347282,-1.2915863507173166,-1.565187830914471
8123,Weld,Colorado,0.6294572354394354,1.114798704787922,1.0665992364049155,-1.5582276359077278,0.24456125798323453,0.5243081638957747,-0.5731812403274156,-0.026355000924475958,0.20280744421591804,0.40501383146056474,1.4533373053593317,-1.0492586706489724,1.5402120005977276,-0.18045512331052588,-1.1094565668489478,-0.16154236383927745,0.7102811971185277,0.815707353835847,0.7667641131460511,-0.18304930405592473,-0.2239624041079915,-0.4162525186690146,-0.5189952800341406,0.18156490584171195,-0.6668031505800108,3.7079676268840456,-0.8306402854160216,-0.639203906740669,-0.7120430458336451,-0.37229883901069694,-0.6045240275948924,-0.07007924727554368,-0.11903337463618113,-0.35201051677065054,-0.08602139992103093,-0.3902695552810394,-0.12294485480433731,0.2880217553138544,2.2514697136739397,-0.6169825761698864,-1.0453927277404296,-0.7204801884984869,-0.9974832071217719,-1.495133744361648,-1.2848695509684636,-1.1972372178904576,-1.6401433580645515,-0.8537423983006008,-1.8826815425667303,-0.4626835310939393,-1.240803088095796,-1.3142400369732985,0.007006295041446424,-1.4143475532627192,0.44861442376425253,-0.0539915820798398,-1.3154883141453932,-0.4397418955569088
8125,Yuma,Colorado,-0.29156680027287113,0.7395787601345158,-0.6925543166396022,-0.3364553575798672,0.004250320524298977,0.7174240691499434,-0.6515815011552621,-0.21398256032819754,-0.42946331861909204,0.16229662229171826,1.1036051168138747,-0.2920824510407248,-0.19775542534262822,0.6431149209903683,-1.7515399517497876,0.5841161665844955,-0.15792452986248423,-0.10642336225222467,-0.48357702545235776,-0.285207734546132,-0.452760819071521,-0.6496820551244841,-0.618531737104381,0.576042011022493,-0.6157415265021752,3.3181125774433493,-0.8293638367464858,-0.6393695547750994,-0.7123284898036973,-0.45087423505412616,-0.6013924142126353,-0.2537801026731865,-0.24083926799087052,-0.42541254287753527,-0.08602139992103093,-0.5878546757438902,0.28857194954445603,-0.026759503541906482,1.023925540672791,-0.5373148885383632,-0.7381658804400477,-0.17949578346716838,-0.6660915735583751,-1.4924662395709487,-1.6102274741193714,-0.7414455347372335,-2.0172299044507667,-0.5731991929226411,-1.9157799518688927,-0.22196549157169843,-0.8113665253124961,-0.8343984225900698,-0.29066115429087425,-0.59786040540054,-0.3408412462501514,-0.07000494776313793,-0.9997333755804323,-0.859563908746243
9001,Fairfield,Connecticut,2.441906998249609,0.0527610397551016,1.2115350156740248,-0.6519734709492051,-0.6086400037971293,-0.39182858310361457,0.24058085423248343,-0.2838228428198547,1.6308678539167214,0.24018807735439068,0.7737427688917923,-0.9460073679751205,2.831108774255231,-0.4941960925680094,-0.39603058362579246,0.5618681853497827,2.308042811702931,2.6158948347118973,1.551593765781902,0.8914367308146391,1.5795603444982054,1.7376554711210592,3.0929032549092916,-0.8191300943093774,-0.745618563537514,-0.5030422119416894,0.5924401288740938,-0.6197448164344157,0.03597783578417728,-0.4472329845533695,-0.16380216318915553,-0.27309937347491164,-0.13984873535274928,1.739223230743004,-0.08602139992103093,2.1017963097302568,-1.1439173925827066,0.20472588058424507,-0.11672517317355818,-0.29831182564379344,-0.49450320844319384,-0.32703698483934723,-0.3461272377040603,0.2280743504300615,0.5658677261756612,-0.07258050376847813,0.3607240309235278,-0.3732079970096395,0.3374098738330297,0.8074882519170337,-1.240803088095796,-2.273923265739756,0.3046737443737671,-0.8700227880212664,2.5690951233114996,0.16490361076149063,-0.9479973740021002,-0.3993743942887036
9003,Hartford,Connecticut,2.2907465090146557,-0.046487572196776454,0.9841255175091324,-0.4472837170424829,-0.6629783398318086,-0.5907807059944735,0.4672112102537729,-0.25016297111261615,1.6680992871114708,0.06688061997197572,0.6456682136232256,-0.6362534599535646,1.3463646918234646,-1.1412868416615691,-0.1820027886588462,0.9254693528483107,1.3234912707326805,1.0855728836892107,0.9951417580990722,1.13590056195881,2.7565495355369074,2.5486464461701823,2.7885874458517437,-0.6942790959279832,-0.5802157720938247,-0.47894516604006343,0.5504566736005084,-0.5315301519891685,0.7305536556166495,-0.4323881765717265,0.32256773532993493,-0.307917804627705,-0.03971533532883166,-0.24156752380468374,-0.08602139992103093,2.702707381383297,-0.94614367557955,-0.24698692661264013,-0.18104822572126236,-0.46561396966999236,-0.6534136467020117,-0.4417912525732615,-0.5746731918857134,0.3307732848719822,0.5954457191893797,-0.40979223683305854,0.5967237742400705,-0.5482002934335158,0.33803437212174964,1.1660044809927115,-0.8113665253124961,-1.7940816513565272,-0.29066115429087425,-0.59786040540054,2.853663741740427,0.1776549041837445,-0.006201973286798592,0.5403810352351146
9005,Litchfield,Connecticut,0.2072464130023728,-1.1680866349477965,0.738995727972305,0.7081027240247207,-0.23983280774510263,0.5429497683564557,-0.502151269461812,-0.3002854922741481,0.23757506052004143,-0.25591530058365874,-0.19214800637166027,-1.2729698264423184,1.7361872366283653,-1.1216780310829764,-0.46737318194810806,-0.6030474130407194,0.9710292933289177,1.401418551684759,0.8777287400789031,-0.14128881411511648,-0.03315726880315261,0.08984412868598463,0.5290103494698312,-0.7864082834186924,-0.2860858743377998,-0.48616515707542046,1.5749561609036862,-0.43426223524987506,2.072375682907463,-0.4273521217234876,0.10645818075762324,-0.2703480573533999,-0.1427146399203307,-0.1976541693436299,-0.08602139992103093,0.1353411620690596,-0.9037671139458554,0.8202300745677202,-0.03663038813036477,-0.6727499575119529,-0.9076703479161203,-0.8680213898706658,-0.8375010391946149,0.19473054054632097,0.382061626733265,-0.5561643627237278,0.714723645898342,-0.8231881878138925,0.19065277598381908,-0.1605055665872965,-1.6702396508790962,-1.5541608441649128,0.6023411937060877,-0.8700227880212664,0.4172660228521543,-0.030947352121157793,-0.06252207184460719,-0.25728078982462066
9007,Middlesex,Connecticut,0.1548299347446427,-0.960872563605313,0.9659348995616784,0.4041807142633992,-0.6219009691235494,0.2701953420690382,-0.2709724025655961,-0.3120722039793887,0.6963416091315662,-0.10524513936247537,-0.230969741395957,-1.2901783768879602,1.784649063821931,-1.3962013791832746,-0.6814009769150549,-0.23598173043546145,0.9595260513876455,1.270886341279727,0.7676207163714682,0.1095839809281246,0.5167051845538693,0.6794750487090048,1.1306657703020928,-0.8022415522030748,-0.6484774154446585,-0.4705775104046334,1.5992433605609822,-0.6172462061034519,0.05418461680364894,-0.4352521578070389,0.07453524779460038,0.06219317126760675,-0.035361245573901565,0.9363841156551265,-0.08602139992103093,0.7198819690847312,-1.0833336125586839,0.7424429034475446,-0.4129999233142739,-0.33017890069640293,-0.6428196174847571,-0.4417912525732615,-0.46040021479488685,0.4268034573371547,0.5299515918018597,-0.14669297257388048,0.6249411348540053,-0.4704259394673484,0.4591870401334387,0.11094243542714528,-1.6702396508790962,-1.7940816513565272,0.6023411937060877,-0.8700227880212664,0.30306426621596133,0.006504673158694512,0.12538045542328943,0.15446772311107237
9009,New Haven,Connecticut,2.1824898019776953,-0.024247365019081688,0.755656015706899,-0.35399135886166283,-0.8302066957005894,-0.43932350773553563,0.4197290606030511,-0.2538726415593695,1.042318741662945,-0.07982751523165513,0.6731954442434573,-0.4297508546058609,0.9586014314602168,-0.9451987358756418,-0.1820027886588462,1.204413342370892,1.9007551734008326,1.820968929377001,1.1978746468258665,0.8481006289528644,1.9843352352584023,1.6170260390344928,1.700093656009607,-0.8063375508731871,-0.7239609641971485,-0.4825806609338588,0.5824651981132299,-0.6198188463790952,-0.25468510751828916,-0.447494151866615,-0.2015746232914931,-0.08270310244884332,-0.056358616075334746,2.13820182867902,-0.08602139992103093,1.793393378956458,-1.1215217945537066,0.31610009330229494,-0.09804929730071246,-0.3461124382227075,-0.6004435006157391,-0.35982391847760714,-0.4261183216676392,0.4081309238022602,0.7116449774575613,-0.204130135898067,0.5633759844236027,-0.4426493844794316,0.46980351104167956,1.391357539268852,-0.38192996252919614,-1.3142400369732985,-0.29066115429087425,-0.3256980227798136,2.7202412043658906,0.13654745008256627,-0.22082535817313792,0.2255145253431138
9011,New London,Connecticut,0.4558212444919143,-0.16381809566746708,0.5061883137583478,-0.1011682444670419,0.048181536721472754,0.02981690139492972,-0.1021936678004385,-0.06815930659096202,1.197412224029525,0.5015310495046966,0.09553421316814437,-1.1525099733228243,1.3388139822040706,-1.1216780310829764,-0.39603058362579246,0.6460768628898831,1.079536204310538,1.0254602523088485,0.7548496490632842,0.2285774974102542,0.6730806929988374,0.4541518414851013,0.3972574472966653,-0.7682598240889006,-0.5350612557531305,-0.44672654981181525,1.4218637112329333,-0.5726661491220496,0.2846915474069228,-0.42511495344084504,0.4571095742884537,-0.06636566434106134,-0.013716938756267984,0.7408153627007582,-0.08602139992103093,0.5145771371862433,-0.9985552514557421,0.7486564504085311,-0.16533606539761617,-0.29831182564379344,-0.6746017051365212,-0.523758586668916,-0.46040021479488685,0.23207560761611026,0.39473790945343035,0.2850121582175878,0.8250278737528131,-0.4815365614625153,0.5222613672941632,0.31580885204181836,-1.240803088095796,-1.5541608441649128,0.6023411937060877,-0.3256980227798136,0.6710477042659165,0.0010085267449136787,0.04626106419940366,0.2691114267127754
9013,Tolland,Connecticut,0.12051920988632524,0.9406000383178246,-0.46244261422497496,-0.6362520430908563,-0.00993553940546724,0.2597382792932686,-0.3936172069766752,-0.31480550376205463,1.3647036745485013,0.015658004161995632,-0.2797257350293466,-1.1525099733228243,2.3653672763680587,-1.4550278109190526,-0.6100583785927393,-0.019101148213853007,0.5341499391220628,0.39765303866305435,0.8211673891424423,-0.06970629030909122,0.1570355266221184,0.6253640220149016,1.0436955508078944,-0.7141731930490106,-0.4789362364867799,-0.4918620276753132,1.55186268792471,-0.4521593019407069,1.3286413463721212,-0.40915707937323254,0.37978652177440936,-0.30414326560331495,-0.1313543946720189,-0.2835407495510875,-0.08602139992103093,0.5319046273108009,-0.9199044607764985,0.6647096586616945,-0.4293450379637542,-0.48951427595944935,-0.7805419973090664,-0.6712997880410948,-0.6889461689765399,0.21740433126726452,0.6355872811365699,0.12196472684570298,0.5248977654046011,-0.6565288578863916,0.4585625418447188,-0.38073696444807004,-1.6702396508790962,-1.5541608441649128,0.6023411937060877,-0.8700227880212664,0.12902917362993074,0.004701911673063082,-0.4837091586808841,0.11571492189359558
9015,Windham,Connecticut,0.021119150904981926,-0.21098584783522317,1.1366987864380662,-0.3717188130036244,-0.18802615109160706,0.502968770864095,-0.41892116287187237,-0.1839498542533417,0.01869832030072879,-0.028034579684741528,0.19218528151061978,-0.5157936068340706,0.5207975591648027,-1.0432427887686055,-0.1106601903365306,0.3254781905355486,1.0140770256420257,1.1836566125585184,0.63261020401679,-0.06832499145990088,0.10566417788205174,0.182468929399066,0.36949500927595197,-0.7243140830645428,-0.40902396728156404,-0.45857313123056975,1.3445789757797428,-0.42879958759060616,1.6464624936443122,-0.41710800430202344,0.8538648563660814,-0.24843744975865623,0.08282542151985908,-0.2949237785178614,-0.08602139992103093,0.18077874110847234,-0.8982552009147795,0.7952543810457144,-0.3517671771809363,-0.44968043214368775,-0.7911360265263203,-0.6876932548602247,-0.6660915735583751,0.21473682647656508,0.5362897331619422,0.12381753856583799,0.5890281304362703,-0.6426405803924332,0.4441990812041575,0.03923918961200971,-0.8113665253124961,-0.8343984225900698,0.3046737443737671,-0.0535356401590872,0.05854673910159531,-0.0240246929006137,-0.7226716500179561,-0.5931384003760887
10001,Kent,Delaware,0.20857315293927572,0.5498214252511594,0.02017642769184239,-0.5165880465146845,-0.8555386780465718,-1.121064334844845,1.3017869380748697,-0.17880556323088131,0.49969402253277223,0.6081209088548785,-0.16914301482207522,-0.3092910014863668,0.21156167884325358,-0.5530225243037876,0.10336760463041615,0.31481058553246116,1.1851039405174773,0.7688632608823832,1.5323729543629085,-0.006249466194278363,0.04443637195453381,0.09148784656568071,0.3472765652142626,0.44775452852753217,-0.8114192341260771,-0.521801647200072,-0.6755565290384142,-0.6146384431264897,-0.5812133167431902,-0.4493673007762225,1.106107227013871,1.7203376343080439,-0.21392411502772934,1.889231913711899,-0.08602139992103093,0.13808680832612455,0.07371564383682919,-0.13128450549617635,-0.14415815830735568,0.15579399385588857,0.2576728659818777,0.39427555520241236,0.2138103500409896,-0.12537003433758795,-0.3531627710363185,-0.2578616757819838,-0.8603181192794538,0.24065386822332202,-0.4594499425737476,0.7152983644404308,0.47694316303740386,-0.354556808206841,-0.29066115429087425,-0.3256980227798136,0.3222476160278423,-0.023620196934281648,0.7126605886874136,1.2686107581135375
10003,New Castle,Delaware,1.3155575099622105,0.18259846614706166,1.0880320449814491,-0.710083525680207,-0.7431910065659015,-1.2466374758207726,1.185885005130019,-0.265480865028427,1.5870801606318805,-0.29166930286377735,0.04625376523441185,-0.7050876617361327,1.3971603747175703,-0.9844163570328273,-0.25334538698116177,0.45792878275382193,0.5376450623088301,0.34762814332611164,0.5245634076888236,1.2383401005086498,1.7166070739704298,2.1729711447473954,2.594697241738902,-0.1328488979462716,-0.5524410943188199,-0.4970448986678703,-0.3436470338123631,-0.6194086618331011,-0.31672313533603685,-0.4263657913725044,0.28256534735825023,1.3452373510426616,-0.16845400618961004,0.7710181201574773,-0.08602139992103093,2.2299178592905817,-0.3807775964373344,-0.5925288846278338,-0.3723046834238823,0.012392156119146994,0.11995048615756844,0.27952128746849575,0.09953737295016307,0.1853942737788736,-0.1080879717797909,0.29798184025853325,-0.6012314445515102,0.10732640428132097,0.008923773966286182,1.32989761428445,-0.38192996252919614,-1.3142400369732985,0.3046737443737671,-0.59786040540054,1.5060942427112884,0.1658659688158523,-0.6009663216013564,-0.08612258444743065
10005,Sussex,Delaware,0.3650845337078312,-1.408035438884659,-1.3659116762254757,1.9774438193712731,-0.761373605871318,-0.09453803376895069,0.1994010579455695,-0.1718142404079239,-0.08564769021608624,0.28313833031362595,-0.03402369468547469,-0.41254230416021886,0.6258210656891025,-0.2784991762034896,-0.1820027886588462,-1.0681887291135994,0.5658858836183142,1.0090749437242823,0.8449266432638709,-0.03316359469129292,0.21717309322029993,0.28667369257907316,0.45365258250463375,0.4267573608488652,-0.8161479739598498,-0.5108985877834227,-0.7278876333814331,-0.29647011054377437,-0.036580649571011994,-0.43234270836844885,1.1140233469902143,0.4338450555293886,0.014108670029599965,1.4766116106118516,-0.08602139992103093,0.2804207811172356,0.05090161537677938,-0.17055448386307812,0.1504113384143483,0.3390296754083923,0.363613158154423,0.509029822936329,0.3623652202590638,-0.06268367175615594,-0.05738284089912991,-0.3152988391061707,-0.6422748781717785,0.3878696096592807,-0.30894585499221694,0.8484615352399683,-0.38192996252919614,-0.5944776153984553,0.3046737443737671,-0.59786040540054,0.9404567974776501,-0.02990906774705586,0.8041609045510856,-0.1620134868316563
11001,Washington,District Of Columbia,1.7460772975228793,0.6561940499234482,2.2030652153255423,-1.7017040954086315,-1.185459050967847,-2.4356969694548836,2.5077152180448867,-0.22550667155518475,1.2750870206887934,0.22481435647181056,0.10698941344620787,-0.0683712952473792,2.3800568387185166,-1.5334630532334235,1.0308213828205177,3.7008323313424354,1.820683672394587,0.6665721956177967,0.661777913807053,5.934714779570956,8.171630461483339,4.492954776098549,2.4660229134827176,-0.8194342425564826,-0.8239821018144808,-0.5153656603137866,-0.4398119571661816,-0.6383527318396992,-0.6074224413388125,-0.45194667820652085,-0.5293821794566929,-0.3464679260830807,-0.10888520621004642,0.3958907691674853,-0.08602139992103093,5.918172267637192,-1.1796751736039464,-1.4081645943313366,-0.6890871537216224,0.19562783767165018,0.3953952458061863,0.509029822936329,0.33951062484089894,0.102701625267197,-0.05738284089912991,0.0441466346000306,-0.26775354638683035,0.3406494661798224,-0.01917864902611602,10.984227497250918,-0.38192996252919614,-1.5541608441649128,1.4953435417030498,-0.8700227880212664,1.3839196987386453,2.090471677562905,-1.3152172539019895,-0.3783832936292364
12001,Alachua,Florida,0.46705899534819806,1.9924889504058745,-1.2991969512110697,-1.1886185487418037,-0.8350824406421499,-0.8871543260028625,0.7821784504085854,-0.3032474355245468,1.877127881686602,0.026099862839066353,0.05155062162232418,0.6715963739152266,-0.40100679973377296,0.11367703536836492,-0.6814009769150549,2.0473521827312795,1.6466315826294216,-1.2774422502925563e-05,1.6581183047985086,-0.15012291352860035,-0.06792867806713193,0.012176643790600057,0.6066307003641872,-0.7144893778195318,0.6729406999759059,-0.35624850169676997,-0.8132076562617864,2.141701704722544,-0.6804220871269487,-0.2125881505055051,0.8511015086875163,0.5645454827807193,-0.13721435970902288,-0.04587918941365115,-0.08602139992103093,0.11746432906171088,-0.39900899422748326,0.3372116831510279,-0.01846832223966667,1.9403501968020092,1.8255891901355483,1.3614900975311353,1.9050504109852222,0.5335036489651245,-1.022893041418382,2.4750356114172254,-0.5345358649185743,1.848916402023706,0.6515325130592129,1.2889243309615153,0.04750660025410388,-1.0743192297816841,-0.29066115429087425,-0.0535356401590872,0.45679308119624473,-0.012798826883047355,-0.19502998092948234,0.9166061470547878
12003,Baker,Florida,-0.2353604732770563,0.5641004249503332,1.3409170954296123,-1.1874950947326712,1.1570304789059427,-0.12707095260460968,0.301466682729766,-0.2404225793623926,-0.3596647429688558,-0.38555151812304217,-0.4977284898477577,0.06929710831775686,0.32482232313416504,-0.14123750215334038,-0.5387157802704237,-0.4526101032871862,-1.5083669507265676,-0.9876160472635012,-2.041521535440772,-0.265002772909277,-0.36360047353225333,-0.3245120739829848,0.41529407949630764,-0.8203382233942016,-0.470612033427686,-0.2642093801541752,-0.8171458137421279,2.245209412989792,-0.7017221638694529,-0.028239738859105187,3.091331116710472,-0.21446696871111326,-0.12883827255697686,-0.3795960008432466,-0.08602139992103093,-0.16340068683963413,-1.0206706760531834,1.0628628395056101,-0.3015850689245138,1.7810148215389627,1.6666787518767303,1.2631292966163485,1.665077159094487,0.24541313156960642,-1.0989507377393735,0.5110551880740648,-0.5935358007477098,1.6767017610986206,-0.18217270238204775,1.5501290121452236,0.04750660025410388,0.845047227751231,1.197676092370729,-0.3256980227798136,-0.285387328696392,-0.06050958466876161,0.14732154619933208,1.4720629645052916
12005,Bay,Florida,0.19076320689886356,-0.3862350116396611,1.024276800688087,-0.15427702622018327,-0.20984809075624103,-0.07920211758575643,0.13472213753558462,-0.17833918211357425,0.5558567599193449,0.6309270549598516,-0.22350777657606016,-0.41254230416021886,0.18218255414233836,0.5842884892545901,-0.1106601903365306,0.8046307199322535,1.0499283911079202,0.511277423373117,1.134756186716151,0.04019446099864847,0.28029033114552954,0.27230546342836437,0.13950591566119314,-0.8086369594811046,-0.8046531239535651,-0.05116404601512556,-0.8276188588021399,0.30601841565133264,-0.7049630287565366,-0.028453046996848003,2.138643007567182,1.4830440531562201,0.8733389365857486,1.7788307762043982,-0.08602139992103093,0.2242859803310176,-1.1602978254946836,1.0312341996405467,0.029450043486713963,1.7332142089600486,1.571332488921439,1.394277031169395,1.7107863499308167,0.5895212495698084,-0.5137290188250785,1.3503788972952457,-0.537101079519841,1.6683687946022467,0.4485705692251983,0.7870016102555664,-0.38192996252919614,0.36520561336800217,0.9000086430384084,0.4907891250823656,0.30484223522291615,-0.03551731614394449,-0.21571234564722652,-0.03768158292558423
12007,Bradford,Florida,-0.23831561808132798,-0.16023011918573948,1.1398523781017718,-0.4200496269338144,2.5336791703314128,-0.5380137239828394,0.7467872501352399,-0.24807329136307696,-0.3379908702443231,0.057463657562083624,-0.36302687562256947,1.1190186855019182,-0.5637589134390766,0.32937395173288503,-0.46737318194810806,0.2869160950112019,0.11528662318518162,0.2164698283615257,-0.1257575562664306,-0.2457489556980757,-0.2960852310178445,-0.20523979251500277,0.9474023974405763,-0.7953019423184677,0.24780721694593905,-0.339117999692027,-0.811273901546218,2.2056663951235884,-0.6756597846236024,-0.15756334317001333,1.9997007443449755,-0.15966505160170777,-0.04292451159830991,-0.24805644381310474,-0.08602139992103093,0.04687385673969684,-0.6709455351887059,0.6320703065627995,-0.5161789249467105,1.9005163529862477,1.7938071024837834,1.328703163892873,1.8250593270216433,0.3227707704998844,-1.0397947517119357,1.3188810980529495,-0.42423163706410333,1.8016962585442478,0.1850322913853389,0.6179868165484611,0.9063797258207039,1.5648096493260741,-0.29066115429087425,0.762951507703092,-0.2689364365162521,-0.05125768796934533,0.8640776066317454,1.5479538668895179
12009,Brevard,Florida,1.442048836970821,-1.1116882986338503,-0.022622948425874936,1.0354435256009806,-0.5158849869451253,-0.04179261160308829,0.10931314998381168,-0.26346464074850984,0.5893481085260068,0.3769141852438252,0.08102906741555603,-0.8771731661925526,0.12768015925325735,0.40780919404725596,-0.46737318194810806,-0.33607079235391457,0.6619632131301737,0.6325827917860904,1.0837480775691422,0.22287802718033595,0.7305891141049276,0.8706154024218259,0.6174414121269525,-0.7751114939408769,-0.2656964342977335,-0.48266085177949963,-0.8292230329603728,-0.42842877576830757,-0.673950336036525,-0.4169323341497014,1.8315331964913093,3.040689347073815,-0.07498097918149144,2.501574118245099,-0.08602139992103093,0.7338913936402638,-0.8834180961183704,0.5420325253957473,0.39731565114000517,2.2988547911438637,2.0162817160461293,1.3614900975311353,2.2707239376758674,-0.16404885380272705,-0.7397893940013582,1.9747764469807596,0.38124574773366193,2.1127936744089157,0.46293402986575866,0.6948117227789635,-0.38192996252919614,-0.5944776153984553,1.197676092370729,-0.3256980227798136,2.5270040465047483,0.011563100744172624,1.4620603264368928,1.128131853700183
12011,Broward,Florida,5.39835804095803,-0.2714680787708552,1.620983114021801,-0.5571798179622696,-0.6120710346219081,-1.376706206212988,1.4299988206734555,-0.3125475815136991,0.9807941405509998,0.5940179907856467,1.531163646892632,-0.37812520326893484,0.39174906748788546,1.1529439960337788,-0.6100583785927393,1.170432548566381,3.1697803485219076,2.965197251065803,2.45906123611047,1.1010354798213988,2.1480121591987986,1.7084741070635905,0.20765911506497833,-0.8129551356423181,-0.7635550858678993,-0.5148234078790483,-0.831471957434889,-0.6360314736630834,-0.7118740798878374,-0.45324197554230533,0.0037333904389562655,16.23517320702287,-0.21055303102275688,0.25585787777939245,-0.08602139992103093,1.5206810109518587,-1.145953374625428,0.45759187956310565,0.22457124583766208,2.7210935355909367,2.397666767867292,1.5746051661798361,2.613542868948347,-0.5628408200122634,-0.6827461217606148,3.082757855621524,0.25811544687285737,2.4794442002494175,0.6365445541299313,5.196751227886404,0.47694316303740386,-1.3142400369732985,0.3046737443737671,-0.8700227880212664,5.697066639515506,0.24450460775388316,-0.1004416791160186,1.05869975151887
12013,Calhoun,Florida,-0.2795997817691507,-0.5190550397956661,1.2794604871457251,-0.158998470761215,1.777976987022514,-0.09154238291904797,0.19342653548125,-0.059774100882193724,-0.2835157144414482,0.29895276520786657,-0.29207512228274746,0.9985588323824247,-0.9831665113890579,0.7803765950405174,0.10336760463041615,-1.2142980833762713,-0.2742425781582316,0.13637398509281437,0.059478499214895786,-0.28435086187351694,-0.4027588108573437,-0.5031266118988741,0.27195586195422566,-0.5473223473301657,-0.7669406073995718,0.47976558604609,-0.8121939922477317,1.0878283785572487,-0.7024321094112175,0.2697240624676829,2.6280325894900556,0.33162213849868855,-0.20130169244884305,-0.3555860557079284,-0.08602139992103093,-0.2797121228991146,-0.8859364685230693,0.982086893045105,-0.3121516829052028,1.6694800588548298,1.5501444304869296,1.3123096970737407,1.6422225636763215,0.7509052894071127,-0.46513660173111165,1.1206302439984983,-0.7884921104439845,1.6100380291276208,0.3998597027050347,0.1724023604115472,0.04750660025410388,1.0849680349428452,0.6023411937060877,0.4907891250823656,-0.32143331087949717,-0.06575356877436855,0.047236181762737244,0.3223965283868066
12015,Charlotte,Florida,0.23236660823154812,-3.1183839309947547,-2.7415889509142066,4.238266239556503,-0.6001668871885306,0.3647367348759755,-0.2686882706509547,-0.29664983283987056,-0.03806001667795669,-0.1315915307310486,-0.14718430718862754,-0.5330021572797127,-0.06630443515044918,1.0941175642980008,-0.1106601903365306,-0.9955674229096158,0.766455345069908,0.6830734856504107,2.1523650958191225,-0.026170966679288553,0.32369890144051494,0.8544219679100493,1.072292541732963,-0.6998948470133299,0.32527170486972745,-0.49574330152354407,-0.8255219062628837,-0.4786477511192324,-0.5797433851239202,-0.26532005436568973,2.3974869026062557,2.789912266758419,-0.13778184345183006,1.1839068541945132,-0.08602139992103093,0.677688602457421,-0.541953778959102,0.23431836216077762,-0.10019389548706796,2.4342898601174534,2.206974241956711,1.541818232541574,2.464987998730273,-0.21206394003531331,-0.765141959441689,2.982706022734231,-0.5627532255325088,2.287785970832792,0.5428698108219245,0.013630887535175579,-0.38192996252919614,-0.354556808206841,1.4953435417030498,0.2186267424616392,0.9165758663947621,-0.024890371201283595,2.6801154202109743,0.680859939648469
12017,Citrus,Florida,0.11740298186675632,-2.417581357814206,-2.3547017548132434,3.3999537729693907,-0.703337581580008,0.5203414066177893,-0.45468732377691684,-0.2641255992701736,0.03418060658515574,-0.21417974390025415,-0.26207970238604467,0.12092275965468287,-0.4091066518709412,1.035291132562223,0.745450989531256,-1.2687958187965445,0.10634533361693674,0.1559537224082378,1.5033914378997892,-0.13635653320892083,-0.0015878528454692392,1.1010679216694563,2.236888515027682,-0.8198051855761735,-0.20292865143660427,-0.45274247585476035,-0.826362166557209,0.8420413063107641,-0.6778964177418976,-0.39346473253989367,1.2413289113363168,2.3611433189049653,0.012002031888396165,1.3639185644406435,-0.08602139992103093,0.9588968174504046,-0.8990231753984634,0.46006187310703955,-0.1642041941325952,2.0279846531966843,1.8997473946563288,1.394277031169395,2.0993144720396275,0.576183725616312,-1.3672653886495376,3.2828615213961103,0.009289630549980662,1.951689655478998,0.9743981283274759,-0.0017340937109248996,0.04750660025410388,0.6051264205596165,0.9000086430384084,0.762951507703092,0.7244054899377923,-0.03039699563231397,4.92930622837135,2.006528681296329
12019,Clay,Florida,0.3212318249324503,0.030593192433025516,1.2269054595730067,-0.6392054139419601,-0.32302245112708705,-0.1988742807057921,0.23459245262696835,-0.24268079821889557,0.8849673319281035,0.6488784593066781,0.04683048476681481,-1.0664672210946144,1.376567530301041,0.1528946565255504,-0.6100583785927393,-0.4186897776701688,0.04860569875168833,0.05570002861363239,0.4577771666491229,-0.06453391483786028,0.20738713899795372,0.6972474335875211,1.1505258820111,-0.821377173449184,-0.4274765472298443,-0.2572394866020746,-0.8125347054730951,2.235184100404176,-0.6971814263591095,0.07392620156542375,1.093885426993992,-0.08710092821660717,1.0271443970314655,0.06368996639666036,-0.08602139992103093,0.6019365133424583,-1.0021755014364335,0.7144602191844062,-0.26074089860451416,1.948316965565161,1.8467772485700562,1.3778835643502652,1.9164777086943057,0.2560831507324034,-0.9362717761639195,1.0205784111112055,0.04263742036644885,1.8628046795176645,0.19752225715973953,0.23898394581131593,0.04750660025410388,-0.1146360010152266,0.3046737443737671,-0.59786040540054,0.41737831563154093,0.00038392289719037226,0.34719637295265116,1.0603144515695986
12021,Collier,Florida,0.8063851815504861,-1.7064967403924192,-1.6369563933713283,2.387395472528089,-0.35008708106589304,0.25269620428819045,-0.1836220575247055,-0.31675952858305984,0.002992099332524623,0.2608719051964543,1.3500551104809306,-0.8771731661925526,1.4204302889082485,1.858861176863117,-0.5387157802704237,-0.21344920056069883,1.5549142240841067,1.4252022494404109,2.0393437368262464,-0.06497208115671488,0.1243144132379077,0.027060620169725016,-0.33263384279909,-0.7058045909754282,-0.5508040459377306,-0.49782875451616765,-0.8313300628938567,-0.36068923325012386,-0.5720375368794196,-0.44458664870778675,4.409468371989931,5.410203182071948,-0.18357763429830629,0.6205032637885763,-0.08602139992103093,-0.057609951773821465,-0.9441836126576982,0.9428271782493561,0.9764167336278322,2.6095587729068037,2.312914534129256,1.4926378320841818,2.544979082693852,-0.27074904543069656,-0.31935935044921154,3.8146184850748717,-0.42679685166537007,2.3877815687892916,0.9606591659756349,0.561648551979426,-0.38192996252919614,-1.0743192297816841,1.197676092370729,-0.8700227880212664,1.507497902453621,-0.035955353987648084,0.4331002499628277,-0.05544328348359445
12023,Columbia,Florida,-0.11095737049584478,0.020042811903561483,0.06492030007154118,-0.050796505720339086,0.7749434228605699,-0.4419801469147231,0.6139318162868564,-0.2510318011545408,-0.22269332597582234,0.06225500900821367,-0.2173310946411351,0.1897569614372509,-0.5927261812516612,0.46663562578303364,-0.46737318194810806,0.021202094472140828,0.20912545076645556,0.2789408270775491,0.17511740702511178,-0.21259449232815067,-0.2752030104160503,-0.18043185582325696,0.6367238617526861,-0.713841394853287,0.30442149451775913,-0.1730293283927205,-0.8122243606144085,1.9434188413801703,-0.5947991080317039,-0.08193279836222062,1.9388887175610894,-0.232236318271245,-0.18403123849556238,-0.39755500222555196,-0.08602139992103093,-0.015969012493926744,-0.5651203078563491,0.5563161379632813,-0.14321989660082515,1.7571145152495056,1.6243026350077117,1.1975554293398263,1.6536498613854034,0.3734533615231701,-1.022893041418382,1.465253223943619,-0.7987529688490516,1.6433698951131206,0.1719178273222179,1.8574286370672333,0.47694316303740386,1.3248888421344598,0.007006295041446424,0.2186267424616392,-0.07311654472921716,-0.052175735072371,0.958800186774764,1.157196454613291
12027,De Soto,Florida,-0.20961351790108798,-0.3860165996187295,0.05831512829285196,0.3265876576531424,2.831376708136596,-0.06419980838412187,0.1947029840027023,-0.22171412426361936,-0.4328470533747469,0.2591919206857433,1.6068208561947495,1.2566870890670543,-0.9643583801552944,2.8785193269499385,-0.25334538698116177,0.23299134896798654,1.097500983550902,0.6117821321397446,1.609745985033441,-0.2475356915201593,-0.3665242515978689,-0.34714440237778466,-0.11267162220302054,-0.10195104231609538,2.5227937059754,-0.4897286286139152,-0.8281361461179921,-0.5403109813924625,-0.6256115438363473,-0.27698764945538246,1.8530375922363385,0.9482266775620717,-0.19346043406261407,-0.3629692140055968,-0.08602139992103093,-0.31218849556346323,1.0411421817442035,-0.8774381840287607,-0.26374184676111573,2.362588941249082,2.1328160374359286,1.4270639648076573,2.3164331285121986,-0.26141277866324913,-0.8581013660562339,2.6065852435468138,-0.5345358649185743,2.187790372876291,0.3723817780013524,1.1403961789158774,1.7652528513873038,0.6051264205596165,-0.29066115429087425,0.762951507703092,-0.24125626639745018,-0.05845871195375561,-0.13325416094370235,0.42735203168414004
12029,Dixie,Florida,-0.2716305557905351,-1.1489492386661644,0.38487099442511846,0.8668321572836496,2.306213179573366,0.16754486301048438,-0.010963098685150406,-0.20930792306555895,-0.45499761089267704,-0.3380816676245864,-0.3998078616072506,1.3255212908496223,-1.0934068718322116,1.1137263748765933,-0.039317592014215016,-0.8576653359193589,-1.1946759192421446,-1.2495371533792277,-0.366499502786063,-0.26753062611555717,-0.37225451809547305,-0.31271531655602586,-0.06848317057954756,-0.7791605501663105,-0.6147981039207044,-0.35200169340554327,-0.8184378105324637,1.0361908158718267,-0.7089880645951423,-0.21261164069147565,3.2782870335752117,1.1573117531502608,-0.09496468965703167,1.1017988982436036,-0.08602139992103093,-0.2942313027898631,-1.0453680944994421,1.1433580636550416,-0.09690997951421113,1.8447489716441812,1.7302429271802569,1.328703163892873,1.8250593270216433,0.914956834035116,-1.1306414445397865,4.081423372774319,-0.4344924954691704,1.765586737059954,1.364085060488784,0.6179868165484611,0.47694316303740386,1.8047304565176885,0.3046737443737671,1.0351138903238184,-0.2985068684213955,-0.06681360521942882,2.042232991110166,1.9903816807890478
12031,Duval,Florida,2.4841488748720177,0.5776930892902464,1.0917365697737391,-1.075921468658722,-0.7130372493267919,-1.4778209063371368,1.4723077702089828,-0.2718118180059525,1.4865437344853722,0.4317140358650743,0.0535736835965752,-0.17162259792123075,0.1796427699976331,0.4862444363616264,-0.39603058362579246,1.835716375074329,1.4094897873185523,0.6894798355774888,0.9417759016693782,1.262370092845263,1.8319903832169502,2.352517568790361,2.25231530809842,-0.819072801959219,-0.7068679905176214,-0.377425857271681,-0.8206014905403904,0.610863683334206,-0.6835559890263112,-0.2944171472148409,1.1053733694838495,1.4625768386903897,0.049515171214272076,0.9740260706369731,-0.08602139992103093,2.2381335634641357,-1.1263269363019692,0.12876279726613207,-0.05617006049493707,1.8845828154599427,1.7726190440492757,1.3778835643502652,1.8593412201488926,0.07069156777880609,-1.198248285714001,0.6963363600875705,0.2350285154614565,1.8072515695418307,-0.029170621645636528,3.081505476339905,0.04750660025410388,-0.354556808206841,0.007006295041446424,-0.0535356401590872,2.6908392116298274,0.14730790771128582,-0.23797988894509403,0.6970069401557514
12033,Escambia,Florida,0.6113690547544188,0.6432255202032261,-0.19613335787173733,-0.49491335246173795,-0.2960168907716022,-0.92509413368906,0.9603414427261381,-0.15815035434327118,0.9624458234779704,0.9736379510789133,-0.2756636108326821,0.1725484109916089,-0.19905963882234176,0.4274180046258487,-0.46737318194810806,1.1815177291194388,0.6938776145026926,0.13877850176469123,0.5711814320898863,0.23002243289880714,0.4871527299649168,0.7180118898082828,0.724014779005569,-0.5961169421339081,-0.5406447269685458,-0.29760067469532653,-0.8293466357261303,0.9748588433803179,-0.558556455368068,-0.2518764644675922,1.1177967607931196,-0.15468900551906342,0.5918880838042648,1.6777380550453933,-0.08602139992103093,0.638821305404253,-0.8315854250413487,0.5326845996591745,-0.08795181417328862,1.6376129838022206,1.4547981675316397,1.2467358297972186,1.5508041820036604,0.8375991951048378,-0.08273540633946022,1.1780674073226856,-0.42423163706410333,1.5405966416578287,0.6615244856787335,1.5245207100683895,0.47694316303740386,-0.1146360010152266,0.3046737443737671,-0.0535356401590872,0.9361335254712652,0.005164550576195351,0.49131342360141234,0.6792452395977405
12035,Flagler,Florida,0.016137286373697417,-1.82112121955529,-1.3450755128476535,2.3476349730019392,-0.8726766115804768,-0.031031084423425635,0.09377864511184547,-0.28624804784707497,0.4302678500813006,0.26633796044288127,0.07878828162313317,-0.8255475148556282,0.4879862937277993,0.7803765950405174,-0.039317592014215016,-0.540504794334991,1.000586485486208,1.1966974207313859,1.2681217173290182,-0.17185843377520488,0.005328076014039545,0.24800012238094038,0.1727300990432802,-0.7665466483067478,-0.4298399738530399,-0.36634595162037753,-0.8230099281744986,1.2194110249079808,-0.6487312704798488,-0.18214165314375433,2.700493877945818,0.5955990322003637,-0.08255826238754028,0.8269300930869105,-0.08602139992103093,0.0978488016442924,-0.9492573856674268,0.8806433530743052,-0.31492923541739243,2.11561910959136,1.9315294823080935,1.3778835643502652,2.076459876621462,0.09603286329044905,-0.940497203737308,1.7450277936840128,0.560810769822336,1.9822438659657056,0.49166095114688124,0.22361896456521546,-0.38192996252919614,0.1252848061763878,0.6023411937060877,-0.3256980227798136,0.3310813146729231,-0.028710057904419804,1.6540184757901222,0.278799627017145
12037,Franklin,Florida,-0.2853987775198522,-1.3261320105758059,0.5676230190247104,0.9390534909535354,3.113155131146415,-0.08048978979343095,0.2604318555152618,-0.2033956157183226,-0.47436080849792756,-0.24320982744209974,-0.29562909083736566,0.8092647774803626,-0.5641021275126854,1.1921616171909644,-0.1820027886588462,-0.3807177183881982,0.32912026728974303,0.9473542512473501,-0.2738781737433956,-0.23007483969496909,-0.3545983599946378,-0.4023058432522385,-0.6377947097281007,-0.8221988482510404,-0.8332906635297019,-0.50753443361179,-0.831501420139087,-0.35104067779246373,-0.7122014958478156,-0.4188247070536296,3.417309608548068,1.0700546789110716,0.5785884369535248,3.6435659792161137,-0.08602139992103093,-0.46693542214210826,-1.1866092572873848,1.3552377228555268,0.03262970815884519,1.7810148215389627,1.6348966642249656,1.3614900975311353,1.8364866247307268,0.734900260662917,-0.8876793590699529,1.8951055430149522,-0.9501006303237909,1.726699560076871,0.48916295799200066,0.02387420836590923,0.47694316303740386,1.0849680349428452,1.7930109910353704,0.762951507703092,-0.3184575522257517,-0.06844495650520217,-0.7057743286813681,-1.2341743205151878
12039,Gadsden,Florida,-0.18718194797451065,-0.10504203201628057,0.524167707411528,-0.164271547857772,-1.1655068755374478,-2.7728476160561484,3.0735586443634784,-0.28180908528692217,-0.3828943292823781,0.12773359289176792,0.0837097451670596,0.8953075297085707,-0.8749854353875569,0.8784206479334811,0.17471020295273174,-0.16521190168251126,-0.5887769210833884,-0.4452483715834713,-0.6149091975365133,-0.2003958374845329,-0.29562192785820446,-0.24386901905631103,0.11983431395452414,-0.5165288004843492,-0.672528531066302,-0.0826475618080883,-0.8221366580385052,2.367541192796459,-0.47816560086624843,-0.14144330285693738,1.8795127132562262,-0.10546468737525501,-0.17609442759473912,-0.23560949734414177,-0.08602139992103093,-0.18213862461138577,-0.8128963304369622,0.8689500559153828,-0.34632376997876313,1.6535465213285254,1.5607384597041851,1.2303423629780863,1.6536498613854034,0.8349316903141386,-0.6510554149602016,0.644457631923789,-1.0116657807541933,1.5961497516336622,0.16941983416733777,2.451541245249785,1.7652528513873038,0.36520561336800217,-0.588328603623195,0.2186267424616392,-0.1837623633515005,-0.05281964082585896,0.058282773137777195,0.03820931945864144
12041,Gilchrist,Florida,-0.26648760804395333,0.0030346167276521,-0.5090629230783154,0.250726555710086,0.7028223099652271,0.41160800594603164,-0.28822339945335806,-0.21281083530537687,-0.4148593928424771,-0.1694905113673987,-0.27216635715637916,0.08650565876339886,-0.6556029995367976,1.0548999431408153,-0.32468798530347687,-1.4140232838014066,-0.7816453314375442,-0.7311208588473445,0.6132847237687955,-0.2591098160531639,-0.3460484958699661,-0.21292703543426447,0.12271068018871946,-0.4539855995950284,1.2817589376100769,-0.1467913995573783,-0.8039539892442422,1.2674705831746835,-0.7036086693770192,0.00446039971535972,0.9772043556578083,-0.16554574963960245,-0.19295894158083304,-0.3692240171901522,-0.08602139992103093,-0.19819011706691075,0.13297064552169335,-0.04371165678130046,-0.4755134711422406,1.8447489716441812,1.7302429271802569,1.3123096970737407,1.8136320293125612,0.734900260662917,-1.1264160169663981,3.5644889028566387,-0.4729707144881718,1.7600314260623726,1.0974242912053247,-0.15026224575656286,0.04750660025410388,1.0849680349428452,0.6023411937060877,0.4907891250823656,-0.30208152189853626,-0.05994321166976474,0.6949386521174009,1.081305552229065
12043,Glades,Florida,-0.2804608447745579,-1.779631961993939,0.4825487244970565,1.3992227082292055,2.5831242689181537,-0.40104000616104735,0.24769448832024313,0.4153728671958426,-0.3458593156516292,0.06172617827286604,0.8658505151590788,0.8264733279260047,-0.7077028959106169,2.8785193269499385,0.10336760463041615,-0.9966278831793614,-0.004191815646769315,-0.18498863768311033,1.4607377404713413,-0.28039763377954696,-0.42688754455201117,-0.5168038325657237,-0.7667046762914737,-0.47801039668026024,1.240438985236937,-0.39999991066670904,-0.8156033555178667,-0.2776174965269641,-0.5792606463324307,-0.00378826536833241,1.7057814179511908,4.339407248882696,-0.22696554449108114,0.34463623167935664,-0.08602139992103093,-0.5737165854376203,0.09061856909404777,0.15959103751538917,-0.004923099666817161,2.4342898601174534,2.143410066653184,1.4106704979885274,2.3507150216394463,-0.3267666460353806,-0.6679571252537553,2.3879534605708774,-0.6063618737540439,2.2211222388617924,0.3068094576857474,2.774205851417895,1.335816288604004,0.845047227751231,0.3046737443737671,0.2186267424616392,-0.3253448426947978,-0.06796272163738437,1.7329111167340694,2.95274291102306
12045,Gulf,Florida,-0.28096459592057843,-1.333819093023513,-0.45073874213328835,1.4532975196156344,0.213358801007495,0.053092532079113956,0.11909106698296607,-0.18907714634724068,-0.38516708252903603,-0.25049285680519584,-0.4840413744046229,-0.08557984569302073,-0.17119065604530537,0.32937395173288503,0.6741083912089404,-0.31970754531393125,-0.2541837741255764,0.12968448766654123,-0.5510144961089986,-0.2688490035856841,-0.31703582045577244,-0.4375924157938675,-0.13986400951080796,-0.8195105889628519,-0.8202524163608993,-0.3038975004555572,-0.8277317486084508,0.006039132444743035,-0.7127453779516705,-0.32489530068948097,4.163510773285803,2.1705820049521547,0.3521014439760024,1.760330361309132,-0.08602139992103093,-0.34032997464597065,-1.1780627202908556,1.292268867759496,-0.1854491199161794,1.7730480527758103,1.6031145765732022,1.345096630712003,1.7564955407671479,0.6748814028721842,-0.6320409908799538,1.887694296134412,-0.8038833980515849,1.6933676940913711,0.5697232372368869,0.33117383328791883,-0.38192996252919614,0.6051264205596165,0.9000086430384084,0.2186267424616392,-0.3055438825962904,-0.06705809668093753,1.0015593514344152,0.32078182833607816
12047,Hamilton,Florida,-0.27865378397749585,0.22385091556002035,0.05980780525849005,-0.23601485211457782,3.533665100227396,-1.3838872597611553,1.6060121226671196,-0.18408934794330895,-0.29014422049186506,0.07883018166316398,0.0030146390219523552,3.098001986750748,-1.1312977055586257,0.662723731568961,0.17471020295273174,0.4546533425266146,0.3598967092368444,0.08856395528218587,0.4538713040766337,-0.2308638462471278,-0.31567440546150943,-0.36839330188043473,0.008484185036034375,-0.5674483077116761,-0.3000083531906995,-0.04805135163465843,-0.8050324877271413,1.6372441038279595,-0.5167382233554152,0.04276951262374589,1.8613161292599842,0.5613316662048158,1.0722317048836123,-0.1898153398754904,-0.08602139992103093,-0.2677290991044152,-0.6944732597339155,0.7907688891979495,-0.3535394492932717,1.6854135963811347,1.5183623428351665,1.0828011616059097,1.5622314797127426,0.45347850524414723,-0.8961302142167296,0.8853231555413462,-1.0783613603871294,1.548929608154204,-0.016680655871235895,5.237724511209339,1.335816288604004,1.8047304565176885,0.3046737443737671,1.579438655565271,-0.3217514737544259,-0.06507322646227483,1.1266812325816777,1.9467847794193855
12049,Hardee,Florida,-0.24201760324743238,1.1834980884109867,-0.6475217210745842,-0.7678566619482522,1.262281963396455,0.2255633015196187,-0.14369595010183836,-0.18927793525063064,-0.18255056172439604,-0.01963261366860774,2.4338293411442904,1.3083127404039803,-0.9810385841326832,1.584337828762817,0.8881361861758866,0.8267225464214919,0.037350769154101016,-0.531564815026838,0.22287082015301526,-0.25868381382308203,-0.4043118791487279,-0.4963459067863843,-0.4525307682550382,-0.27298208087802944,2.5208865987609066,-0.40626685509990235,-0.8298798717479166,-0.5114442681716458,-0.6590424349043286,-0.3446274390552996,2.3947747631044622,0.6714707704825013,0.8260380143910164,-0.29613172401998133,-0.08602139992103093,-0.46976978115134227,0.8718777318438209,-0.6448427230077528,-0.2646205362958031,2.3307218661964724,2.1328160374359286,1.4270639648076573,2.293578533094033,-0.1720513681748246,-1.022893041418382,2.7511045577173485,-0.3934490618489021,2.17112443988354,0.44857056922519783,0.4489720228413558,1.7652528513873038,0.6051264205596165,-0.29066115429087425,0.4907891250823656,-0.29337883149607313,-0.06206173661568794,0.3675277788258231,1.9064172781511803
12051,Hendry,Florida,-0.19783687046999157,1.2255968622114641,0.47585701114783313,-1.3661038140775388,1.3192941467046233,-0.09672535267355771,0.13333777349128229,-0.04003147062163838,-0.2365552506234127,0.35462329389288433,3.2747050415314116,0.8608904288172887,-0.728638954400755,2.9569545692643073,1.5302195710767263,0.7722329661275257,1.6446991916683082,1.7854110560077638,0.9934168363324741,-0.25259880860956335,-0.3775575188602836,-0.393591643423784,-0.4645338156874355,0.2755253670360455,1.3488836717051103,-0.47768233120032094,-0.8302273464185495,-0.5201948525142088,-0.6757519140486795,-0.43090272385761913,1.7568152266627168,3.049788435642932,0.00980414524278837,-0.21830361851967875,-0.08602139992103093,-0.4283761459809679,0.8816386285776585,-0.6722034639253573,0.14601789074091162,2.5298910852752803,2.206974241956711,1.4270639648076573,2.4307061056030252,-0.2173989496167119,-0.4672493155178058,2.610290866987084,-0.6551009511781124,2.2933412818303753,0.48041998194992,1.1455178393312442,2.194689414170604,0.36520561336800217,-0.29066115429087425,0.4907891250823656,-0.26764506955330597,-0.0635010404038521,-0.4770146733888451,1.2233991566931475
12053,Hernando,Florida,0.24703982475226263,-1.2718536400846607,-0.6751405948659714,1.5079660174581253,-0.8351660612356342,0.3396119819312839,-0.228023839358871,-0.26353999953379886,-0.003956525745073305,0.06737341810319923,0.3640482124493601,-0.3609166528232928,-0.34437647758831724,0.741158973883332,0.24605280127504683,-0.7960497451043299,0.1962428833415243,0.14911822887068493,1.1275535185284842,0.0008476045024042405,0.6120893454769522,1.3616178009668012,1.4601845537004328,-0.8101450566677139,0.06196399371613605,-0.44328318434804304,-0.8287058867426474,1.2050691891205452,-0.6641324861699324,-0.3687162037184411,0.9830632696591334,0.8378243171049008,0.42272187688802526,1.089656130489286,-0.08602139992103093,1.0500963769342473,-0.7696516745570369,0.2949103450583789,-0.3012872080652978,2.131552647117665,1.984499628394366,1.4106704979885274,2.167878258294123,0.3921258950580646,-1.2024737132873895,3.494082057491507,0.04776784956898228,2.0294640094451655,1.0174885102491593,0.2543489270574164,0.04750660025410388,0.1252848061763878,0.9000086430384084,0.2186267424616392,0.732134976252238,-0.0020241931372285593,2.824353959215,1.6561387702883081
12055,Highlands,Florida,-0.00981175521782566,-1.745311398556773,-2.707365318267621,2.956237136819382,-0.5440643458857304,0.040485425274678806,0.053868422058883425,-0.25205599435971277,-0.026031056719829887,0.018583160620928418,0.8136444731080296,0.2241740623285349,-0.686354980532148,1.6823818816557823,0.5314231945643092,-0.4573380371122731,0.1455679120018651,-0.1738751345548403,1.1515360676265785,-0.1909184668038388,-0.16791924255476262,0.08647219430484084,0.39493680646942925,-0.38156200763527476,2.012305165627398,-0.4562142564069102,-0.8217247435348118,-0.44564331104805943,-0.5905432226274666,-0.1656784917706126,1.7395170735015224,1.067108532539854,-0.14801251235652646,0.1380323688823423,-0.08602139992103093,0.04677105180165611,0.5348418114710167,-0.5401770028680386,0.08357136160626868,2.3546221724859304,2.122222008218675,1.4106704979885274,2.305005830803115,-0.45347312359359465,-0.796832666242102,2.3212522386460153,-0.5319706503173076,2.176679750881125,0.20501623662438034,0.47458032491818997,0.9063797258207039,0.1252848061763878,0.3046737443737671,0.4907891250823656,0.24998721249255207,-0.050796645822334376,2.185948873243076,0.921450247206972
12057,Hillsborough,Florida,3.990168572829338,0.3672566217486116,1.5985027607692117,-1.1344289030076125,-0.5019674852215517,-0.622591311214754,0.6095059596138314,-0.2669018005103204,1.196844590101285,0.312767499140377,1.4304363511851128,-0.17162259792123075,0.3714307943302431,0.6038972998331827,-0.5387157802704237,1.6081585648786272,1.6266050439150732,0.8713450994094083,1.2887141505447046,1.1698566609438719,2.125570417666896,1.6988819554488404,2.269358985992467,-0.7271078352119711,0.2838228829992057,-0.39749136035683086,-0.8284225679346778,-0.3864723859712409,-0.6426706538667861,-0.3828514951182558,1.5820327983266784,0.4155819621789566,0.37800284527173,1.1169577763010035,-0.08602139992103093,2.0866192069323497,-0.5875033409759072,-0.3296790511601358,0.2029763335444991,2.2988547911438637,2.154004095870438,1.4926378320841818,2.3278604262212808,0.31876951331383563,-0.9848641932578863,3.92022875312257,0.11959385840445164,2.1850127173774987,1.2085849865974923,1.9905918078667706,0.04750660025410388,-1.0743192297816841,0.3046737443737671,-0.3256980227798136,4.035283228299372,0.1722933463151617,-0.020546113427203624,1.3751809614615993
12059,Holmes,Florida,-0.26345631481063203,-0.315005349895933,0.4821738092348509,0.050077290429946915,1.4018180134444393,0.30619972099299836,-0.20459484806693062,-0.08354183323244332,-0.36325836048457605,0.18378139608444133,-0.4908014601458464,0.9641417314911407,-1.1564896185615132,1.290205670083928,-0.25334538698116177,-0.5886274367472093,0.20553700886463905,0.3663412350433041,0.5094095003081556,-0.2757731659306147,-0.4089387113993724,-0.50385242722806,0.19952512561760652,-0.34248609603243485,-0.3309950137685335,-0.3689901954351137,-0.8212723915170475,1.5558247334085684,-0.5731455870908345,0.03532641505589719,2.7180167750435875,-0.26071428118099865,-0.21820151192372308,-0.35400903317898696,-0.08602139992103093,-0.2997418563030892,-0.4869907338724566,0.6028709947450757,-0.37574497634782755,1.5579452961706974,1.423016079879875,1.328703163892873,1.516522288876413,0.7709115753373568,-0.1841456681007822,0.42026741378744703,-0.3036665508045653,1.5100424311711211,0.3742552728675126,-0.0990456416028946,0.9063797258207039,1.5648096493260741,0.007006295041446424,1.3072762729445448,-0.2939590108562374,-0.0624991345751458,1.9890368332305635,2.489323996464064
12061,Indian River,Florida,0.14746989619842402,-2.008587126251675,-1.8531786916151824,2.7733880019576684,-0.9269624560288662,0.11192595123879336,-0.018279644754129815,-0.29924694961024095,0.017367746492800627,-0.2542770196587285,0.21362409869368118,-0.5157936068340706,0.37417650691911375,1.3294232912411135,-0.039317592014215016,-0.9416762271588651,0.4353657679419681,0.46082843129853485,1.4479479359087195,-0.011908638701882097,0.2780773022389504,0.548024228711213,0.537597911664321,-0.0920584225840906,-0.006959858307938203,-0.48678322922952266,-0.8308919099760547,-0.5260185591689732,-0.6416303200000248,-0.41297378376241317,1.969747596163643,1.5142171466586634,-0.0814386051119198,1.43939896812784,-0.08602139992103093,0.4159502173849441,-0.09379229554617921,-0.08839254767140546,-0.2805560922638613,2.362588941249082,2.0268757452633834,1.394277031169395,2.293578533094033,-0.5214944957564253,-0.8137343765356557,1.589391609192668,0.10163735619558419,2.1489031958932063,0.07574509085933102,0.5053102874103909,-0.38192996252919614,-0.5944776153984553,0.9000086430384084,-0.3256980227798136,0.6139842568742823,-0.016660191727516448,1.2533435154446764,-0.09258138465034335
12063,Jackson,Florida,-0.18497364353207177,-0.5892841809033051,0.8069309399856021,0.14103030236456066,1.7473717787182046,-0.9456824652120017,1.146316093322397,-0.2032886776029809,-0.34336224028666423,1.0023678434405974,-0.3532120499616125,0.8436818783716448,-1.0419247607908884,0.6038972998331827,-0.25334538698116177,0.21981420181651257,-0.10863247121929069,-0.036738763711705404,-0.2669427602160455,-0.2439566411837353,-0.34941781471817296,-0.41791195095535566,0.39880238900574305,0.18281816692433447,-0.5486141587754214,-0.10215577614715672,-0.8116558336111399,1.0194531643506042,-0.6376707826475466,0.026384515435265255,1.6587403905749751,-0.09329036088185697,-0.2045202325443815,-0.2944626234431436,-0.08602139992103093,-0.19134325989098253,-0.06823214128030473,0.14894589012730577,-0.029131740999600895,1.6296462150390683,1.5395504012696757,1.345096630712003,1.6193679682581557,0.9643056726630516,-0.5559832945589624,0.4091505434666366,-0.6730574533869799,1.5933720961348716,0.2612210826091843,4.792140055072425,0.9063797258207039,1.3248888421344598,0.007006295041446424,0.4907891250823656,-0.1662446897671877,-0.060717885949704,0.5641430940503317,0.38375513031447844
12065,Jefferson,Florida,-0.27918682298084313,-1.613176902529537,0.7976332583538058,1.088953245977382,1.129518705745404,-1.3615691295659333,1.5958782257386877,-0.27726922489609496,-0.3415651846508961,-0.1347472443817923,-0.4020468862489081,0.5339279703500905,-0.585518685705876,0.6038972998331827,-0.39603058362579246,-0.6702378801961656,-0.037334056838128495,0.15364215353484112,0.27087893030105986,-0.2829979619647422,-0.44439308139539907,-0.556957603775169,-0.2952964604913925,-0.6357929122384968,-0.5162838342672483,-0.2425409871848534,-0.7966959837802927,1.6447481643654815,-0.20021598135679344,-0.22586650121642718,3.1683134315896173,0.4346580761215072,-0.2285142595824061,-0.03714242367263691,-0.08602139992103093,-0.4649430038006387,-0.8596284615224232,1.0364799575215147,-0.26587899842599083,1.7093139026705915,1.5925205473559483,1.2467358297972186,1.6879317545126526,0.8682755001978791,-1.0250057552050762,0.8667950383399954,-0.8167094710579188,1.6350369286167468,0.19689775887101962,4.377285561427712,0.47694316303740386,0.6051264205596165,0.6023411937060877,-0.0535356401590872,-0.30928697524251103,-0.06620856400025268,0.10458413789052838,-0.28796009078845686
12067,Lafayette,Florida,-0.2962440710879572,0.15458371797697268,1.01998350918086,-0.6503847130566572,2.7148496715179493,-0.023570970582724837,0.19708218531241534,-0.2352573313518007,-0.5175789943486448,-0.07660963791304698,0.29345300965143023,0.6027621721326586,-0.7030351845095368,1.5255113970270409,-0.6814009769150549,-1.5751130528345956,-0.6944580178986701,-0.07428989371073705,-0.6937766662742483,-0.2808665903337321,-0.4082707319242591,-0.3548599460231551,0.25768999917362756,-0.7018189879386255,-0.2929012071279629,-0.13434671198594736,-0.8135685408135974,0.9829015291228286,-0.6651054700026423,-0.0519114295631416,4.151495119194741,0.28980381791553506,-0.19557139951558195,-0.3939087352618777,-0.08602139992103093,-0.23351238383328835,-0.823562175426124,0.9014993540465556,-0.3320190022149128,1.7810148215389627,1.656084722659475,1.2467358297972186,1.7107863499308167,0.710892717546624,-1.1517685824067287,2.7714854866388343,-0.7115356724059815,1.6822570720962051,0.75332573412058,-0.011977414541658552,0.47694316303740386,1.3248888421344598,0.6023411937060877,-0.59786040540054,-0.34954393665261446,-0.06767363059692379,0.991572811300683,2.7605936049864033
12069,Lake,Florida,0.7542996560805486,-1.1127830519953599,-0.6309606831476441,1.3394149922906244,-0.7322129288640429,-0.0760864247763539,0.13206544463745334,-0.24879176228187924,0.2959530065791031,0.4594918650525219,0.4993041794832883,-0.6190449095079227,0.13303429880155498,0.7607677844619247,-0.46737318194810806,-0.35216102182196596,0.791182447233592,0.49354839424758934,1.6713339823028557,-0.07357254860356248,0.2778284033008771,0.43157684204793867,1.2372225088111726,-0.7596357145475313,0.8165563791873133,-0.44714141041194116,-0.8297505411978146,0.38991817170569126,-0.6521319330474696,-0.3078317299072369,2.111455304135081,1.3315677754557642,0.11621779057865912,0.5696635885827498,-0.08602139992103093,0.5534026246784807,-0.37847731623392766,0.12904146543650466,0.12139224420522547,2.163419722170274,2.005687686828874,1.4270639648076573,2.156450960585041,-0.06668492894220472,-1.2151499960075547,2.337927544127231,0.10933299999938478,2.0461299424379145,0.42421513596511606,0.7562716477633654,0.04750660025410388,-0.354556808206841,0.3046737443737671,-0.3256980227798136,1.5577114903026716,-0.004493693054625675,2.4202178317827463,1.6948915715057844
12071,Lee,Florida,1.9359446190008995,-1.390950306322268,-0.9645635973059872,1.7618252152310627,-0.4897554719324518,0.12781866100574424,-0.04102005303610426,-0.2968771153661474,0.09649462185684951,0.049424354384083824,0.9155719266782547,-0.5674192581709984,0.45593009925273525,1.1921616171909644,-0.5387157802704237,-0.08866202440074125,1.156857428885382,1.1217149358425074,1.3648658301141818,0.505076971577763,1.4781543241407433,2.3621181076623476,2.160592022595112,-0.7491352277993323,-0.5047822376968376,-0.4768492761622777,-0.8309141872020569,-0.5831262263283244,-0.6903578663420653,-0.40547392833415813,1.7471464847852511,1.0151489213353724,0.0895962264869391,2.262436321813179,-0.08602139992103093,1.9510708208501588,-0.9660238922413323,0.0968472441213704,0.15158044228677123,2.513957547748977,2.2599443880429835,1.4926378320841818,2.5221244872756863,-0.21873270201206152,-0.520067160185161,3.103138784543009,-0.5601880109312419,2.335006114312249,0.6534060079253726,0.7511499873479985,-0.38192996252919614,-0.8343984225900698,1.197676092370729,-0.3256980227798136,3.268098959529981,0.0637559408276748,0.8345081918277015,0.5177752345249196
12073,Leon,Florida,0.5389284684423724,2.1921220595263797,-1.3869569668403097,-1.328830634517809,-1.2516329728758908,-1.454090541394073,1.5328445474656316,-0.2948758127096679,0.8748743271091886,-0.11588942583567444,-0.22213749468282737,1.0846015846106343,-0.04399552036587571,0.01563298247540123,-0.5387157802704237,2.30130116431286,1.9630509486246153,0.15747880645562048,1.8406400993789096,0.004279948158023774,0.14094454738298207,0.25757048892107803,1.350355694738283,-0.7829621381031107,-0.6181062044641282,-0.19879362493513414,-0.7891484911983938,2.2896535583949325,-0.3625561375612633,-0.18109446234360788,1.7901401384826663,0.4339646776133576,-0.12366796492017239,-0.30610303695848656,-0.08602139992103093,0.4996092719101894,-1.0506080998927394,0.8057254384498984,-0.21739469706709974,1.6854135963811347,1.581926518138693,1.2795227634354809,1.6993590522217346,1.0083195017095894,-0.8771157901364817,0.6500160670841941,-0.8962311236971887,1.6322592731179546,0.21375921266646103,1.6986571641908617,0.04750660025410388,-0.8343984225900698,0.007006295041446424,-0.0535356401590872,0.47195260641343845,0.016630425707924505,-0.9100436378677299,-0.07320498404160525
12075,Levy,Florida,-0.1993569102652512,-0.9874795996952663,-0.5222695385607334,1.1698452467328377,-0.5173421907460138,0.16188300867352737,-0.026751647026066454,-0.20322529471159795,-0.2975275473513974,-0.23946585623401245,-0.07198184587572792,0.6371792730239426,-0.9827546545007273,1.4666849652912626,-0.1106601903365306,-0.7495989564532219,-0.13366517682370443,0.15336668588635535,0.05497048326270881,-0.2713119852525103,-0.3730724676161154,-0.2791756648976479,-0.02160309060572675,-0.6912112811743916,0.14742727659873373,-0.317264773364321,-0.8265529119136582,1.2946288442408598,-0.6998601948353668,-0.29345082676777157,1.4362670509204507,1.3128494392442716,-0.1505758406637933,1.2884260902733335,-0.08602139992103093,-0.2709648783235473,-0.6138756172840958,0.7138071666659981,0.31174022628723647,1.9403501968020092,1.8149951609182928,1.394277031169395,1.985041494948801,0.672213898081485,-1.2954331199019347,3.6497182419828516,-0.1984927521526277,1.8711376460140383,1.1136612467120466,0.3516604749493861,0.47694316303740386,1.0849680349428452,0.007006295041446424,0.762951507703092,-0.1513471810352294,-0.0647422113404763,2.489495139147289,1.612541868918646
12077,Liberty,Florida,-0.29644322851777927,-0.3332778563687631,2.6824880750405935,-1.0288838077686062,5.35396204592432,-0.5086787232169715,0.6887292204792251,-0.1801143444448868,-0.46173099935171696,-0.4546088178107005,-0.19641841265301443,1.4631896944147584,-0.788426846023412,0.5450708680974046,-0.25334538698116177,-0.46906978664509913,-0.701088862326897,0.4603734982693816,-2.26846871372882,-0.2833824643914721,-0.423371281144861,-0.5234055818667731,-0.49765698919958173,-0.8019073047517862,-0.8001743244416338,-0.12937953188651732,-0.8253477235014859,1.4199885549128153,-0.7078935603148276,-0.2135013424048264,5.204336537188711,-0.023580674083529596,-0.12651957263959285,-0.3648257593216604,-0.08602139992103093,-0.5022826240538211,-1.151645047551899,1.3365053352633842,-0.11206365072682724,1.7013471339074395,1.571332488921439,1.2795227634354809,1.6993590522217346,0.7175614795233721,-0.5855612875726814,1.4874869645852398,-0.9295789135136567,1.6350369286167468,0.4379540983169574,0.04948251044274336,0.9063797258207039,1.3248888421344598,0.6023411937060877,0.4907891250823656,-0.3509475963949472,-0.06881715218003373,1.1017559562923263,3.2482330203063228
12079,Madison,Florida,-0.2667482699741616,-0.6769386694850661,0.6711544233802178,0.2894037784542927,1.3854780606136936,-1.6313947349210327,1.8929666214387373,-0.24144831089208352,-0.46274950293317385,-0.4483034200023563,-0.2961280981276554,1.4115640430778305,-1.2220435066207984,0.9568558902478499,-0.039317592014215016,-0.2459577338253471,-0.07302770956019108,0.37450777528240664,-0.4962182325517489,-0.2644123218485249,-0.38924603002058183,-0.45793610504881127,0.021017485697419337,-0.4813720762974092,-0.1433880278665032,-0.08051982143322053,-0.8210528772240071,1.3314467184126382,-0.17418995349669988,-0.039851213152025326,2.576974268295558,-0.0146194896527498,-0.22391191011048434,-0.3975071929683703,-0.08602139992103093,-0.32426227846597,-0.5388520973221087,0.6638779698565093,-0.2068653156938127,1.7093139026705915,1.571332488921439,1.1647684957015643,1.6193679682581557,0.6362025834070454,-1.033456610351853,1.257738311288493,-0.9039267675009891,1.5989274071324546,0.19627326058229969,2.6461643410337246,1.335816288604004,0.845047227751231,-0.29066115429087425,1.0351138903238184,-0.29212489545958925,-0.06548570993212954,1.4350541643768473,1.371951561360143
12081,Manatee,Florida,0.8601313285308517,-1.350871565020051,-0.7813606294165194,1.6336631468088911,-0.7860173109007714,0.08420582458669197,-0.02332357113895322,-0.28870383677670963,0.27591500083145215,-0.06874431429405121,0.5111287489105713,-0.5502107077253546,0.5785948091605284,0.9764647008264448,-0.5387157802704237,-0.15428940885397704,0.9838645918073955,0.7248836687222578,1.5849075729727906,0.29267378048699044,0.9838850002212871,0.783275060273927,0.4919378936545041,-0.6631630801288081,1.4072287733360873,-0.4720780758471237,-0.8133493803260341,-0.4815734847465977,-0.5996030534662371,-0.29709857376898,1.6311374748878134,0.639511255527663,0.2829030864408051,1.094068272779069,-0.08602139992103093,0.7603868318467367,-0.01621763299857092,-0.31251686555231095,-0.07517358331292048,2.3147883286701685,2.1116279790014194,1.4270639648076573,2.3278604262212808,0.07069156777880609,-1.134866872113175,3.073493797020848,-0.31392740920963214,2.168346784384748,0.6571529976576931,0.6589600998713957,-0.38192996252919614,-0.8343984225900698,0.9000086430384084,-0.3256980227798136,1.5171550814808705,0.023606333324243178,0.6410792199779246,0.32885532858971933
12083,Marion,Florida,0.7497922548379579,-1.1686280573672019,-1.3637675438713421,1.7558146197753355,-0.9622083418237307,-0.1591934337104115,0.27003793709276014,-0.2581908960998804,0.08144327075122187,-0.015725316591318855,0.31269987682704936,0.06929710831775686,-0.45598969432590636,0.9960735114050353,-0.039317592014215016,-0.41911903992509963,0.32543206143350817,0.33326836686047506,0.7497611531354109,-0.11253800451054594,0.02845300735207338,0.4151084875985753,1.8043444665626098,-0.788487359545836,0.8749221767097896,-0.3303150521133359,-0.8262975138547407,2.3268857931445575,-0.6911943824265921,-0.24863623940789661,0.32690871354234474,0.2171919509702453,-0.025720073708437506,-0.2688273704575661,-0.08602139992103093,0.6191269671830767,-0.3804757446509092,0.10260902047533181,0.4981489985061157,2.0359514219598367,1.8997473946563288,1.345096630712003,2.0078960903669665,0.4588135148255456,-0.9637370553909442,2.248992581560748,-0.3447099844248336,1.9239131004910794,0.6040706431164892,0.827974893578501,0.04750660025410388,0.1252848061763878,0.3046737443737671,0.2186267424616392,1.8149181014877256,-0.024891771064474634,3.1314566712514913,1.6852033712014158
12085,Martin,Florida,0.15062419843251776,-1.9237171984880952,-1.1595298642347591,2.34974966493601,-0.2809179846853355,0.3267730907285644,-0.28614423302642966,-0.21876097919958803,-0.008435966469741976,0.32243771780285735,0.3173252732564594,-0.9632159184207626,1.0354127411338714,0.8588118373548884,-0.46737318194810806,-0.7952141124141132,0.9478520204628929,1.1749216212789322,1.4336534409757165,-0.047859938676499514,0.238314541567277,0.35945184857129,0.20232827737628842,-0.40777747343909393,0.697592899148501,-0.47207511075281,-0.8253449261343058,-0.5201667709482525,-0.6726434305758073,-0.42541942896690627,1.5619930333526435,1.413670195899715,-0.09621092462014445,1.9626637414746646,-0.08602139992103093,0.24026898837978033,-0.08585790300127435,-0.020259169291949528,-0.17937275838817204,2.6015920041436518,2.2811324464774927,1.590998632998966,2.5106971895666024,-0.5108244765936283,-0.5686595772791277,2.4305681301339837,0.7198540751008754,2.3850039132905008,0.5872091893210482,0.3721471166108534,-0.8113665253124961,-0.8343984225900698,1.4953435417030498,-0.59786040540054,0.4875425872849476,-0.026149187309216282,0.32208234450449835,-0.4752652966729292
12086,Miami-Dade,Florida,7.63642480401237,-0.2480299271202666,1.9719962739271126,-0.7535836605659041,-0.658464202520183,-0.4054206160596406,0.5340785576773072,-0.35471602565592814,0.034426241804549104,-0.09692950321210525,4.286356523340061,0.20696551188289292,-0.050173373690834515,1.4862937758698533,-0.8954287718820013,2.5235661580463953,4.243873088603058,3.757762176649557,2.7745316110633933,0.8537401256808621,0.9337318412496394,0.8161025012207742,-0.35488298272966773,-0.67979891478274,-0.8296048594736171,-0.5158877271718108,-0.8307540058219345,-0.6281827830778713,-0.681130562290991,-0.43058685801324603,0.1405823857086575,14.169490731320133,-0.07158532928774691,1.346736450601003,-0.08602139992103093,0.6438868492223183,-1.0447308887940128,0.7377221185660615,1.0643080266610057,2.7927944544593077,2.429448855519055,1.6401790334563582,2.6821066552028423,-0.8269237942914883,-0.7947199524554079,2.6862561475126214,-0.008666871658886792,2.5405526212228344,0.2812050278482253,4.950911527948796,1.335816288604004,-1.5541608441649128,0.3046737443737671,-0.8700227880212664,8.392767101470715,0.16369249210018638,0.0779750767205884,1.1830316554249423
12087,Monroe,Florida,-0.10351239716337846,-1.8099234673080367,1.469025628983109,0.935846836366337,0.7964801793770268,0.2749536263210542,-0.19232629841580162,-0.25376048698670134,-0.01372696009836328,-0.017248036906372895,1.1176244621298397,-0.7911304139643425,0.8104015944759272,1.917687608598895,-1.3234843618158942,1.4948136541201151,3.1262463500303683,3.066691054256898,2.093420321672786,-0.239699099306687,-0.37384678326287346,-0.6282045976965724,-1.2078067323656023,-0.8221988482510404,-0.8336075343534716,-0.5233667201710054,-0.8315503616676112,-0.637074236162115,-0.7121234275928281,-0.4560971838699985,0.9071853109068273,3.813256393547238,-0.24863875542355562,5.6108436679588065,-0.08602139992103093,-0.7076990862024408,-1.1867526365145502,1.459322706355177,1.962477661541056,2.8326282982750697,2.493013030822583,1.738539834371145,2.7278158460391735,-0.8576000993845295,-0.9257082072304486,2.2916072511238545,-0.3087969800070987,2.59888338669746,0.02203823802940718,3.2607635908777435,-0.38192996252919614,-0.8343984225900698,2.3883458897000116,-0.59786040540054,-0.05720840098277926,-0.06661094117789779,-1.153394395647042,-1.5248203296462657
12089,Nassau,Florida,-0.061346668970019794,-0.9715590461332332,0.32888706722634276,0.7312869888485001,-0.4237969637132617,0.3713665158226629,-0.2612750641445116,-0.27363844427862716,-0.14536832840459923,-0.0963860526375917,-0.36455312215673397,-0.9460073679751205,1.1735220843540615,-0.003975828103191509,-0.6814009769150549,-1.0363971470063151,-0.0339116195005619,0.07854471623783625,0.8378303209964119,-0.19401993546365842,-0.15391006260562937,-0.1411134623236895,0.3768176651319401,-0.8144455432887769,-0.5629839931250967,-0.23050792788937502,-0.813361886683331,1.8116620023872803,-0.6907835426077737,-0.02245660316639105,1.8250256861923788,1.4382593009027191,0.018540667907554105,0.5384549558436984,-0.08602139992103093,-0.032905003475641334,-1.0566654997651772,1.0415184847840024,-0.19944858029933324,1.7730480527758103,1.6772727810939843,1.345096630712003,1.745068243058066,0.09069785370905044,-1.044020179285324,0.8315916156574298,0.14524600441711924,1.7100336270841219,0.04951616273308902,0.0033875667044419265,-0.8113665253124961,-0.354556808206841,1.197676092370729,-0.3256980227798136,0.03603203683457791,-0.045346864585449204,0.5222573223876483,0.22874392544457015
12091,Okaloosa,Florida,0.29629614320443365,0.48248458591873056,0.4860171109986921,-0.6865487742657435,0.2822359381758696,-0.08966271682375668,0.11429050071654581,-0.19137277014432894,1.1404934604558474,1.0078800797185363,-0.0021115752426885417,-0.6706705608448487,0.535281193071095,0.5254620575188118,-0.8240861735596857,1.0083341581841152,0.8275870932930707,0.010901036344221807,1.055791813605176,0.027975112611095546,0.12294485742184491,0.10405528329672925,0.37591527798216184,-0.7007935179453118,-0.695059590529022,-0.14849637420375464,-0.8258720936377614,2.2271410182088105,-0.5749379096975428,0.10501071208360967,0.6642954572194265,-0.319979152627802,0.41634838143549674,0.7592411692924234,-0.08602139992103093,0.18097613020955394,-1.0045230219846901,0.898484961349582,0.06578162178959054,1.5898123712233065,1.4018280214453671,1.2795227634354809,1.5622314797127426,0.7495715370117628,-0.1989346646076417,1.3374092152543005,0.14524600441711924,1.5183753976674965,0.7783056656693816,0.40287707910305437,-0.38192996252919614,-0.5944776153984553,0.6023411937060877,-0.3256980227798136,0.38331617255093275,-0.030145676121288188,0.45775004786166934,1.2427755573018862
12093,Okeechobee,Florida,-0.19740926775302065,-0.2181495169944258,0.45925381351102706,-0.02773955161007396,1.646321056737209,0.1197313241314011,-0.05648988938512824,-0.1475208307708648,-0.2563771813146168,0.06505839782690276,1.16651829848388,0.6715963739152266,-0.7205391022635868,1.996122850913266,-0.25334538698116177,-0.06939498308498607,0.549413051750826,-0.04012068670316182,1.5351894989836157,-0.24383735973167683,-0.3599258318652634,-0.40378744112454046,-0.37920623677868676,-0.7475010718361038,2.7138103520591237,-0.47442864996860273,-0.8234049368358368,-0.5301241904362451,-0.4555883980786218,-0.20167887355021633,1.7163705807442016,1.7884822496908106,-0.2349183041322344,0.6130389144767836,-0.08602139992103093,-0.40150894851881663,0.49194932137077013,-0.3049388160771732,-0.07614163110537267,2.4103895538279954,2.1116279790014194,1.4598508984459195,2.3278604262212808,-0.5254957529424741,-0.7207749699211103,1.9636595766599494,-0.16771017693742624,2.2072339613678325,0.16192585470269738,0.5565268915640592,1.335816288604004,0.845047227751231,0.007006295041446424,0.4907891250823656,-0.21855440949812174,-0.060993967122830804,0.7977528355704638,1.5463391668387894
12095,Orange,Florida,3.7602120322424275,0.8063946320161187,1.7716052428523614,-1.6252063277335271,-0.4406768994932098,-1.025842484045481,0.9335004329945252,-0.2631500389090461,1.643314347864928,0.7957164408718622,1.6454683742404455,-0.3264995519320088,0.5087164237737721,0.7019413527261464,-0.6814009769150549,1.9999392672533243,2.3422486300037493,1.431025291682867,1.7679052446660877,1.1849842731802878,2.4843347904283255,2.4565499711406185,2.436740292788525,-0.801790750049977,-0.04432610833891391,-0.46336445110336394,-0.8302342312152798,-0.23291443890877822,-0.5995343539101299,-0.3734755446743427,2.17901058414355,1.1803218645128288,0.00664832266690442,0.40147741983253865,-0.08602139992103093,2.5037719854769462,-0.8095204658411198,-0.29392792139714574,0.007006227744785273,2.259020947328102,2.0692518621324023,1.4762443652650494,2.247869342257702,-0.04401113822126118,-1.134866872113175,2.3898062722910125,0.22220244245512247,2.1266819519028743,0.503526418632562,2.953463965955734,0.47694316303740386,-1.3142400369732985,0.3046737443737671,-0.59786040540054,3.122923111246312,0.21971929683527705,-0.6291723844047693,1.049011551214501
12097,Osceola,Florida,0.7795838633107538,0.7326596975998722,1.5366084254219772,-1.4402432123715743,-0.29565546738525494,-0.3044096908318785,0.3610008523372334,-0.21246733822427508,0.5716760207425747,0.8375395846046583,3.3095140302314054,-0.18883114836687276,-0.23695047254875576,0.8784206479334811,-0.39603058362579246,1.232503419007007,2.657777504980379,2.1938730541381237,2.195786053505671,-0.131304516759871,0.08081795781002843,-0.025782454576219534,-0.04732191615449552,-0.7801713940501845,1.6518967965574385,-0.48134743360164595,-0.81836906399777,-0.2857370127243016,-0.44956410768351435,-0.11486953642194576,2.6949156138356143,1.4243733820729922,-0.20490136860864197,0.30628846150831346,-0.08602139992103093,-0.025083136386206652,-0.02071843812082226,0.03097211355865018,0.3816556164667218,2.3147883286701685,2.1010339497841652,1.4762443652650494,2.3164331285121986,-0.18805639691902018,-1.0503583206454066,2.343485979287636,0.05802870797404914,2.17112443988354,0.40548018730351487,1.3452625955305506,1.335816288604004,-1.0743192297816841,-0.588328603623195,-0.59786040540054,0.7515990580125855,-0.01870149832292591,0.12746241084197693,1.6286888694259283
12099,Palm Beach,Florida,4.062808316571206,-0.8573207094631534,0.0613940757931971,0.7592576362621332,-0.7142836659539972,-0.6513167877327694,0.6964748459783018,-0.2865181851002017,0.5727837144691864,0.33094392401933564,0.9759748553733499,-0.5330021572797127,0.7481425615232868,1.1921616171909644,-0.39603058362579246,0.3375870324957574,2.3030099101598265,2.2342219996964876,2.1575840822506684,0.3298521052805286,1.1342414067765785,1.0431746323181939,0.2934467887461697,0.3420367473481938,-0.7776041318972318,-0.5025940723208748,-0.8314645068570301,-0.6238300542138879,-0.7100023532201671,-0.45419086338380876,0.2477811207402143,6.190580438384141,-0.0742585961928674,1.0525966352448013,-0.08602139992103093,0.8487001971540317,-0.015075954451245993,-0.3517546118235433,1.0216915842286707,2.649392616722565,2.32350856334651,1.525424765722444,2.533551784984768,-0.29475658854698966,-0.427107753570616,2.3101353683252053,0.4658978295754653,2.407225157280833,0.6278015780878506,2.251796489050479,-0.38192996252919614,-1.3142400369732985,1.197676092370729,-0.59786040540054,5.703860352668396,0.061468541457898,0.7229036883528435,1.0457821511130447
12101,Pasco,Florida,1.3014817657309623,-0.7823291038892051,0.4927086442490307,0.47536708116159226,-0.6463464029968119,0.21279802843760307,-0.1868371160871103,-0.26668372065017665,0.5719529824727194,0.010750536588916894,0.48616774178341504,-0.5502107077253546,0.0015833086093759283,0.7607677844619247,-0.25334538698116177,-0.060773566702947014,0.7339629050633327,0.5279609998380077,1.1590926846790794,0.3962809742798091,1.48064215735564,1.1033234137483652,1.7353944840684532,-0.7563142881425458,0.5292360041774138,-0.42909742495598435,-0.8296782571347081,0.3055270222120873,-0.6730867950821149,-0.39528257421254964,1.7862511343732919,0.6435096181204685,-0.10878368458100246,0.7234736801696313,-0.08602139992103093,1.3800890068257812,-0.5052150539290792,-0.10464913631727861,-0.09364095658431508,2.2032535659860355,2.058657832915147,1.4434574316267896,2.213587449130454,0.3681183519417715,-1.1095143066728446,3.6904800998258227,0.17859379423358743,2.090572430418582,1.1317716970849274,0.39775541868768755,-0.38192996252919614,0.1252848061763878,0.6023411937060877,-0.0535356401590872,2.1116892019433324,0.06262823578036147,1.5009220775514933,1.5221186660778665
12103,Pinellas,Florida,2.534644069689111,-1.5889611558899592,0.47476754313099107,1.2274365524805635,-0.921041321826857,-0.11206225504981876,0.10997184275322305,-0.2881705646018436,0.8387005114591751,0.0862248551091327,0.030424076832965972,-0.5330021572797127,0.06768633918643516,0.7019413527261464,-0.6100583785927393,0.5663813254090695,1.496704546458457,1.2587179728876459,1.4052725337590544,1.8818769555288561,3.556251237905108,2.5966082088892772,0.2404197382742643,-0.8221988482510404,-0.8187297094976228,-0.5182551053418901,-0.8315503616676112,-0.5434756215221006,-0.6981199082646111,-0.44288779912633086,-0.11176595788901965,0.13866799668248622,0.08311730760080042,4.091434359644186,-0.08602139992103093,2.422088090324925,-1.1800206471052468,0.10154573115809191,-0.28745157115471254,2.2988547911438637,2.185786183522201,1.5582116993607038,2.384996914766694,0.4281372097325045,-1.0419074654986298,3.753475698310414,0.20168072564498832,2.2183445833629984,1.2067114917313322,1.8625502974826,-0.38192996252919614,-0.354556808206841,1.4953435417030498,-0.0535356401590872,4.210721980627735,0.26476778026229075,1.5271083676842956,1.3202811597368402
12105,Polk,Florida,1.8018062324442679,0.0685109432141268,-0.08637674377018205,-0.02010066749457986,-0.45576762373255547,-0.35338128335029595,0.4748155757836896,-0.2408444288839638,0.16142079151149027,0.1354456674034591,1.066422632219535,-0.08557984569302073,-0.2680456676177151,1.035291132562223,-0.1106601903365306,0.33511138528862366,0.8899550256282535,0.6051760104613753,1.0678460081578274,0.130375506008761,0.36760112725245736,0.5044718226112092,1.1946600821989537,-0.48187437761932045,0.36879082910221495,-0.14137207434693178,-0.816853376765863,-0.22114211330535485,-0.554049695058397,-0.1949311995824655,2.2380074069016,1.2745010676459159,0.6700371282418646,0.269166264398819,-0.08602139992103093,0.636702287387914,-0.30759353504035647,0.024163567579671537,0.757377304281836,2.3068215599070157,2.154004095870438,1.525424765722444,2.3278604262212808,-0.0026648139654228855,-1.1327541583264809,3.5607832794163685,0.16320250662598668,2.193345683873874,0.9038298217021106,1.2377077268078471,0.47694316303740386,-0.5944776153984553,-0.29066115429087425,-0.0535356401590872,2.549013431264526,0.004515395891659957,1.412880475001078,1.982308180535406
12107,Putnam,Florida,-0.10265426294370393,-0.4909626869589367,-0.8172325195616975,0.8593105835938657,-0.23408348884544455,-0.28502915634765197,0.45399503218918574,-0.23216067393086356,-0.3634373130914678,-0.009710692595698976,0.030331225646565065,1.3599383917409045,-0.9428731791473821,1.2509880489267426,0.3173953995973624,0.10718550571787613,0.38402545539266014,0.15193107822927207,0.6977102122243886,-0.21614087963768103,-0.26593464998787186,-0.035771298213606334,1.5231220041263243,-0.77478760576928,-0.2828769350772681,-0.3279665623435787,-0.8157077772376521,1.8668709078241243,-0.6402412884788444,-0.11413726054366036,1.6998013543754793,0.14589615771659167,0.03680678812288415,0.4816051172017394,-0.08602139992103093,0.27725137475261036,-0.890873102816349,0.7464269439639892,-0.12418658769692001,2.043918190722989,1.9103414238735843,1.394277031169395,2.0193233880760486,0.4094646761976098,-0.6510554149602016,1.6134781615544236,0.08881128318925062,1.9405790334838318,0.5647272509271262,1.1352745185005104,0.9063797258207039,1.5648096493260741,0.007006295041446424,1.0351138903238184,-0.008660489361297026,-0.05203696690556995,2.2504360073203493,1.869279176984432
12109,St Johns,Florida,0.4542572729106645,-0.7564398291849643,1.0137608972509826,0.1920226072705375,-0.6008277668115536,0.271754390741703,-0.2878771154436,-0.3074183380756559,0.7775511047628106,-0.07785299175975578,-0.1657442620870398,-1.3934296795618122,2.41053424845498,-0.18045512331052588,-0.8954287718820013,-1.0805083375452014,0.13058675557987065,0.38262490530067345,0.7731902648091084,-0.06519628704968362,0.42755342192720613,0.570961430643291,0.29274763784113306,-0.6859986201487807,-0.6851187146006292,-0.38996748666391484,-0.7996522610666331,0.7283424257400645,-0.4695554278226592,-0.27413315588658466,1.8418968559538724,0.717906870200156,0.1822704117203777,1.840787321944796,-0.08602139992103093,0.3908407292565618,-0.9854574939934999,0.7893436107692102,-0.12829706755410145,2.043918190722989,1.8891533654390749,1.3778835643502652,2.030750685785132,0.22273934084866287,-0.8369742281892919,0.9872278001487745,0.35046317251846093,1.9350237224862472,0.27496004496102566,-0.10928896243362825,-1.240803088095796,-1.0743192297816841,1.197676092370729,-1.1421851706419928,0.6898380293499443,-0.003481289974222674,0.16370264852075858,0.348231729198458
12111,St Lucie,Florida,0.6406012651522734,-0.8291175372233888,-0.3240229225812365,0.9252190439753365,-0.5740610398014316,-0.6930202097789988,0.8324981390029847,-0.2636630854227311,0.2279823554732358,0.29649778009995725,0.7272088346238077,-0.6878791112904907,0.10777374298394564,1.2313792383481499,0.03202500630810057,-0.20164654397082987,1.5833623618171178,1.5911986896516361,1.845337813495041,0.14866220682709141,0.5733399693809225,1.1272273828101846,1.3654275797255966,0.1409070585377863,0.4855279200099201,-0.498136372654063,-0.8309600134593974,-0.5291184504950361,-0.6748176140036448,-0.42794066668334635,0.8155713377210512,0.6181105243176763,-0.08055390367786729,1.0796018079367025,-0.08602139992103093,0.9630780486737585,0.3584346729992718,-0.764270138716732,-0.22755919888784712,2.4980240102226716,2.154004095870438,1.525424765722444,2.3964242124757758,-0.5628408200122634,-0.6193647081597887,2.013685493103596,0.5043760485944669,2.2766753488376246,0.3548958259171911,2.1954582244814436,0.04750660025410388,-0.5944776153984553,0.007006295041446424,-0.3256980227798136,1.1200878135697805,0.028920826407273423,0.8158927157709482,0.6501806386846328
12113,Santa Rosa,Florida,0.21890298021842944,-0.10050213326226053,1.523138960977861,-0.6659593233046532,0.4173722304647716,0.2335239777248961,-0.20078403486275784,-0.15292957232023122,0.573806719433484,0.6413816620744549,-0.278864176237145,-0.8083389644099845,0.7150567248273964,0.03524179305399396,-0.6814009769150549,-0.5391346833679005,0.09057197313995252,0.26485082139488075,0.3242489774232906,-0.16676303953859853,-0.09584253068076737,0.022506785799290493,0.4891504796830015,-0.5273994772003929,-0.7046781404323079,-0.21679579425808854,-0.8249738286029401,1.9271408415718418,-0.5997531629795967,-0.08516653183717791,1.168758841830197,0.16327419497425733,0.08199013127821665,0.7150080345420506,-0.08602139992103093,0.07714333929766358,-0.8381470845069081,0.7815588215617723,0.13396197246414232,1.6057459087496115,1.423016079879875,1.2139488961589564,1.5279495865854948,0.8069228900117964,-0.2348507989814432,0.8834703438212116,-0.3626664866337006,1.5100424311711211,0.5178898792731228,-0.11441062284899507,-0.8113665253124961,-0.354556808206841,0.6023411937060877,-0.3256980227798136,0.2840306401099292,-0.03803483551964135,0.19792656680848658,0.88754154614168
12115,Sarasota,Florida,0.9494270767344576,-2.484230147990503,-2.2326801734777444,3.400587118889083,-1.0949877441387093,0.418248412402367,-0.3490871395888544,-0.3152221074615027,0.12440809814977727,-0.2560723292861546,-0.01521558374263675,-1.1525099733228243,0.7232252197792863,0.8195942161977029,-0.5387157802704237,-0.41180940834632407,0.9508189059603911,1.0608589118826874,1.2343286565715057,0.5639057800843372,1.7097468670225349,1.6106314458522846,1.8814566403007469,-0.8043864753478339,0.04518941936039093,-0.4814287070648665,-0.7930397246036008,-0.378241216965396,-0.4332066206270871,-0.3743751702466585,1.930055952829345,0.9732586256367515,-0.16748880559482976,1.4582632097251111,-0.08602139992103093,1.698416795559997,-0.7715718685499152,0.016875964076643196,-0.19994005071703969,2.3546221724859304,2.122222008218675,1.5090312989033117,2.3964242124757758,0.02534398633691902,-1.3271238267023477,2.6714336537515413,-0.4473185684755042,2.2155669278642076,0.41110067190199506,0.3721471166108534,-0.8113665253124961,-0.8343984225900698,1.7930109910353704,-0.59786040540054,2.340186292531874,0.054234336945057825,1.3586826630125877,-0.04252568307776905
12117,Seminole,Florida,1.0609669525777492,-0.07655325555511273,1.757252930912544,-0.8046158352499638,-0.7628840708606367,-0.33423545208742267,0.27035808930514105,-0.2678052946053212,1.4159389512040366,0.17817378284220203,0.9112076451847823,-0.8943817166381945,0.976929062990928,-0.08241107041756218,-0.6814009769150549,0.8619304786855978,1.106340062535971,0.7080590675691188,1.001030652143167,0.6467467316836567,1.9557931601047198,2.81690738287047,3.9068488500112046,-0.8179331478080802,-0.37282270344096075,-0.49960732907193567,-0.8312562731395271,-0.2908213840366102,-0.6910937175763389,-0.42062394409651627,2.413211582962305,1.8520800092291854,-0.19315307241164517,0.4028712959259913,-0.08602139992103093,2.756325787030586,-0.9740543932883909,-0.2430003707796075,-0.48281106219303355,2.227153872275492,2.0268757452633834,1.4598508984459195,2.1793055560032064,-0.0346748714538138,-1.1369795858998692,2.423156883253444,0.5248977654046011,2.085017119420999,0.592205175630808,0.7255416852711645,-0.38192996252919614,-1.5541608441649128,0.6023411937060877,-0.8700227880212664,1.1298760008396476,0.21494924930019216,0.014320546637581071,1.1297465537509115
12119,Sumter,Florida,0.06691950219259342,-4.672197118574072,-5.771434873943313,7.178680796473185,-0.1446694805993625,0.3017967334304481,-0.19605988187822196,-0.30874831662221175,-0.27750838131606687,-0.18437823987887492,-0.27593144796230645,-0.9632159184207626,0.5314371954466762,0.13328584594695764,0.6027657928866248,-2.234702330376339,-0.36623495294898584,0.06548320108579221,1.7223280549837954,-0.04944620018835779,0.3500220165854627,0.06410102690899173,0.5664878634333752,-0.816597979731481,1.433166580081337,-0.41784784613678055,-0.82979926846099,0.5036901156545197,-0.7049614914570353,-0.42678628980750166,3.1275468941173146,0.7950513464648702,0.03364740896665967,-0.269903212165707,-0.08602139992103093,0.27104987213963616,-0.1555570767409455,0.03421470688682948,-0.3080933286983843,2.1076523408282077,1.9421235115253475,1.3778835643502652,2.1107417697487096,0.17739175940677582,-1.1496558686200342,3.0382903743382825,-0.14462324552602537,1.990576832462081,0.7320927923040982,0.14167239791934624,-0.38192996252919614,-0.8343984225900698,0.6023411937060877,-0.3256980227798136,0.9892105791946745,-0.023123185575980972,7.141662672827629,1.5414950666866045
12121,Suwannee,Florida,-0.19082242864022886,-0.3533188809779488,-0.2831567855187473,0.4665229017743226,0.6341146513935761,-0.037852102626189064,0.18784739302320852,-0.22280026372321632,-0.3649021051645097,-0.11619811246242269,0.01107108489179401,0.447885218121881,-0.4303172816199664,1.0156823219836302,-0.32468798530347687,-0.3339343552390685,-0.08658162655897014,0.17902088819143616,-0.1737906373487048,-0.2426034268838636,-0.33510217832123673,-0.11456080558172994,0.0947341190268008,-0.4678233635578631,1.2449560781420672,0.07879505828727504,-0.806977730448016,1.5292405248490997,-0.3970810387271268,0.06758312951422929,-0.018908955468430994,-0.3341932140711166,-0.08381419674439634,-0.374914001558021,-0.08602139992103093,-0.1652133367695902,0.10269289696252809,-0.028512155903077114,-0.2244688924734807,1.7411809777232012,1.6137086057904577,1.1811619625206942,1.6536498613854034,0.5228336298023275,-1.0778235998724313,1.8117290156088748,-0.8782746214883212,1.6322592731179546,0.3230464131924689,1.2018561039002793,0.47694316303740386,0.6051264205596165,0.6023411937060877,0.2186267424616392,-0.17462921729472203,-0.05746685804425624,2.1737539443539564,2.250348388956289
12123,Taylor,Florida,-0.25773932506044545,-0.3907740753967609,0.3090956951108162,0.2060774948278893,1.92780094301548,-0.5391420157179294,0.6911715655203928,-0.15012947958294395,-0.2612138522643395,-0.2249801078234081,-0.39700127280855185,0.9297246305998548,-0.8741617216108958,0.5842884892545901,-0.1820027886588462,-0.7126653878228005,-0.48894313104958265,-0.27260201692531544,-0.2405467833582228,-0.2592673825666926,-0.35078986238302234,-0.33093455041440495,0.04663613933323183,-0.8210032250655702,-0.7889779427561326,-0.17718099315741648,-0.8230601350451914,1.0329742045640868,-0.6829744303192589,-0.0415476392069105,3.3384847743774357,0.9785860550378412,-0.06837526545295329,0.8670025104228132,-0.08602139992103093,-0.2609642232157233,-1.1653811842574229,1.2456748095303716,0.1774719974741256,1.796948359065267,1.6666787518767303,1.2959162302546108,1.7793501361853137,0.6375363358023948,-1.166557578913588,2.2212004057587222,-0.76027474983005,1.7155889380817049,0.5172653809844029,2.984193928447935,0.47694316303740386,1.8047304565176885,0.3046737443737671,0.762951507703092,-0.28344092052035724,-0.06722733234777592,0.18201226910108428,0.11410022184286712
12125,Union,Florida,-0.2762843963197597,-0.15121507882845805,2.1601064415019784,-0.9364594772986554,6.587228510462403,-0.6555899206573245,0.8875576464622699,-0.29460636884506697,-0.3893597042202809,-0.33852453300606955,-0.3008484559402418,0.9297246305998548,-0.3314716284206255,0.13328584594695764,-0.6100583785927393,0.6875574916685909,0.028378445029808217,0.42849942150624876,-0.7375969384382227,-0.26902417995567157,-0.3787929344353826,-0.29772436610725866,0.524048137267126,-0.7880301279012446,0.2721396988234047,-0.2691262891850363,-0.8132573536085692,2.17199823062699,-0.6585351669289626,-0.10022994382309616,2.12674403532382,-0.21823867442196979,-0.1695706988842254,-0.31882280565262877,-0.08602139992103093,-0.1299721353135534,-0.6527754437863678,0.690755190786972,-0.5539253423308633,1.8367822028810288,1.7302429271802569,1.2795227634354809,1.745068243058066,0.3307732848719822,-1.0672600309389604,1.4078160606194323,-0.6191879467603777,1.7350325265732465,0.16317485128013723,10.164761830792225,0.9063797258207039,1.5648096493260741,0.9000086430384084,0.4907891250823656,-0.3360313721997578,-0.0581302981358498,-0.9020843813033474,0.26103792645913426
12127,Volusia,Florida,1.299539980790197,-1.0213583159663124,-0.3025902430233557,1.0916528989020096,-0.5800574116262184,-0.03930724206419165,0.14148610900074887,-0.2654213164175331,0.21196446004897299,-0.1086034742767524,0.37504196617577296,-0.2404567997037988,-0.14881309844601012,0.9372470796692594,-0.25334538698116177,0.15954252507705907,1.255048188892535,1.0401998177710396,1.4844299056755652,0.020741596526003225,0.33519342643875066,0.7451066251535442,1.0885460404198182,-0.8201158348357096,-0.4797682909377652,-0.45122559867877715,-0.8295652938719981,0.7974159278684969,-0.692556674615808,-0.338996624734866,2.04475597370967,1.7642637929660407,0.02755748252989544,1.480358386100499,-0.08602139992103093,0.6578173572436362,-1.0245947738474046,0.71213110801512,0.3267300740272838,2.163419722170274,1.9527175407426014,1.4106704979885274,2.1107417697487096,-0.05868241457010693,-1.105288879099456,2.326810673806421,1.2328969953542293,2.0183533874499977,0.730219297437938,0.9918680268702393,0.04750660025410388,0.1252848061763878,1.4953435417030498,-0.0535356401590872,2.394273981269763,0.009913115999301239,1.3955802092978427,0.8843121460402237
12129,Wakulla,Florida,-0.2220960026937597,-0.5000661050936877,2.3747273468532075,-0.7219547687418244,1.8165994907862222,-0.1278525323254355,0.2963287055581462,-0.20815813300335725,-0.3072639000928692,0.017369513577843235,-0.4201794718552295,-0.4297508546058609,0.2003042572288842,0.11367703536836492,-0.6814009769150549,-1.2839691165516112,-0.2869307925285314,-0.06705934324571712,0.60325372864358,-0.2674351129115081,-0.38016439544452374,-0.3922749628932101,-0.21174356734846508,-0.821480142455533,-0.8111539208751317,-0.3209831694600492,-0.8281686114057105,1.2751632515435272,-0.2909173995030403,-0.32180107041618083,3.2617128851203443,1.339311628834077,0.01782037980597712,1.0167695123771807,-0.08602139992103093,-0.3629748855274505,-1.1758850619892662,1.2999282551059288,-0.19208397055521662,1.7332142089600486,1.6243026350077117,1.3123096970737407,1.7793501361853137,0.8375991951048378,-0.9003556417901182,1.1558336666810647,-0.9501006303237909,1.6850347275949975,0.2843275192918258,0.9201647810551038,-0.38192996252919614,0.1252848061763878,1.197676092370729,-0.59786040540054,-0.26143153576057965,-0.06129647171661553,-0.07249072662960038,0.6970069401557514
12131,Walton,Florida,-0.10397221652340884,-0.899421320131732,1.0792800191897436,0.29111901064024664,0.1947993241018318,0.3731129895059177,-0.3070796847467898,-0.1259059453043746,0.05574025630812725,0.2661504937486668,-0.2371122292936191,-0.6362534599535646,0.4721298035270717,0.8980294585120717,-0.7527435752373701,-0.3738848320883256,0.9430531692932452,0.7720873264234611,1.6500434317288488,-0.22210045907757367,-0.20500686794119566,-0.25212775905405094,-0.07869216417141173,-0.6597322874287458,-0.6465831233400778,-0.11082122317028273,-0.823962167335922,1.8796189451962904,-0.6482467619314513,0.042510701834251194,1.4788926730762022,-0.08527547348410008,0.24109626742891735,0.8257002629118114,-0.08602139992103093,-0.21640139836658676,-0.9421582255827656,1.0094135412109793,0.18188778471200343,1.5898123712233065,1.423016079879875,1.328703163892873,1.5850860751309082,0.6388700881977446,-0.22639994383466616,1.4078160606194323,-0.057405949082955265,1.537818986159038,0.6927494001147356,-0.24245213323316572,-0.38192996252919614,0.1252848061763878,0.9000086430384084,-0.0535356401590872,-0.07612973430942481,-0.05837261818216665,0.40704383841625286,0.6421071384309922
12133,Washington,Florida,-0.2463053455600723,-0.18436715876699192,1.3905554003049643,-0.5226671543705586,1.8583998524553051,-0.2650394909148573,0.3945943256291986,-0.09964401187064713,-0.34310314116934004,1.1772110072013215,-0.42684237046218226,0.9641417314911407,-0.9063552017154033,1.1529439960337788,-0.25334538698116177,-0.7563035761813183,0.026749105326081036,0.52534358175092,-0.1740293957847596,-0.26508643614074834,-0.35190626742250936,-0.20560785111400745,0.5185521723959589,-0.6005848348754208,-0.5994256668468954,-0.038330138200922605,-0.8228118538950137,1.8454098418864449,-0.6841162135053296,0.2514243590865146,1.9798506884715696,-0.09979854809195826,-0.08602119713467492,-0.18859697110651805,-0.08602139992103093,-0.0908774509954435,-0.8625821069859443,0.8778551594937822,-0.281293297890421,1.6296462150390683,1.497174284400657,1.345096630712003,1.573658777421826,0.8082566424071462,-0.30245764015565785,0.816769121896349,-0.3703621304375012,1.5711508521445379,0.4741749990627199,2.6359210202029906,0.9063797258207039,1.3248888421344598,-0.588328603623195,1.0351138903238184,-0.27142559312598885,-0.062238065967800286,1.2132649451469288,1.610927168867918
13001,Appling,Georgia,-0.2670616500475581,0.4243176630755761,-0.04101981518302431,-0.3704870557631528,-0.10921795223162545,-0.4874350059119369,0.6794948125888596,-0.28905689744434143,-0.35103640890351917,0.16496247060896999,0.01886169369577116,1.1018101350562763,-0.8169136141329442,1.7215995028129678,0.10336760463041615,-0.5927669563189926,-1.333642858164147,-1.2351778397645892,-1.0445263055356009,-0.2089874514079261,-0.24585731913885894,-0.0829466731657228,-0.2458320702369819,-0.07561859464469455,-0.5262788377202544,-0.18238907957166173,-0.823915866432138,1.1699760072085807,-0.5945734981780985,-0.05216591375970212,2.371694380264363,0.30071317647521373,-0.21140978663277366,-0.36172270603324647,-0.08602139992103093,-0.21323034726951504,-0.31258916033069933,0.3959642730734253,-0.35859563737846395,1.5260782211180883,1.571332488921439,1.2959162302546108,1.4022493117855863,-0.01733609031426887,-1.3440255369959015,0.3628302504632602,0.09907214159431747,1.5044871201735366,-0.2589859918946131,0.22874062498058229,1.335816288604004,1.0849680349428452,-0.588328603623195,0.4907891250823656,-0.3051882887948994,-0.06337930571608481,-0.015111640662912817,0.26103792645913426
13003,Atkinson,Georgia,-0.2969967690212553,1.039928670169064,0.20220493064135064,-1.0587677553855506,0.33140425194588746,-0.4827013917760109,0.5540628735402212,-0.08951022398272326,-0.26361126731545437,3.6818003821026006,1.1229221079452674,1.4976067953060406,-1.1766019632749902,2.3490814413279346,-0.46737318194810806,-0.20461910347495454,-0.6380293271587636,-0.15013534435192458,-1.166745112660485,-0.25569323715745934,-0.3361448429595314,-0.3124592959241132,-0.29915017490099777,-0.12699697221069525,-0.6803504765993499,-0.17924110771281382,-0.8253657267435099,1.5135324645427441,-0.6399251508545828,-0.14967115522949048,2.581075488175631,0.3975067992967713,-0.24746605403679592,-0.3847140379419011,-0.08602139992103093,-0.34363635436974943,-0.43289269102316685,0.5692264428412319,-0.4831759417455732,1.5579452961706974,1.5395504012696757,1.2631292966163485,1.436531204912834,0.16405423545327966,-1.2848695509684636,0.8649422266198608,-0.7423182476211825,1.5100424311711196,-0.19216467500156825,0.6948117227789635,2.194689414170604,1.3248888421344598,-0.8859960529555155,1.0351138903238184,-0.35107860463756496,-0.06593629438589144,-0.280974331602418,0.7632096422356079
13005,Bacon,Georgia,-0.28821334060895537,0.6150579479839583,0.2047100070991526,-0.6685901596755381,-0.5354801756071812,-0.25439791647282495,0.4662096805012619,-0.32251247231825686,-0.3713333798320474,-0.012253567051140878,-0.08558271258805258,0.8092647774803626,-0.955160242982578,1.5255113970270409,-0.1106601903365306,-0.09640168939604134,-0.5065888457257313,-0.26578799677553977,-0.7151519615396161,-0.21805257152761126,-0.25008165299899354,-0.08980967947121742,-0.17308829873075324,-0.030559681155165556,-0.29237095134593605,-0.17118842534709197,-0.8262201550201779,0.9162148921647563,-0.6604219841253675,-0.010130311857468462,2.259022086438032,0.3685696164710363,-0.25482306219180173,-0.3757273936525994,-0.08602139992103093,-0.19895266157497846,-0.16238324734909867,0.2437667946989785,-0.5271402045658609,1.549978527407545,1.571332488921439,1.2959162302546108,1.3908220140765026,-0.0760211957096521,-1.3947306678765623,0.6296351381627086,-0.6833183117920469,1.5100424311711211,-0.4019961000115033,1.53988569131449,1.335816288604004,1.0849680349428452,-0.588328603623195,1.0351138903238184,-0.33496459079558494,-0.06271768864766492,-0.5627081242463676,-0.3541627928683135
13007,Baker,Georgia,-0.31201265347269314,-0.8315058703459342,-0.3278611700568073,0.9293308837778403,-0.39305452888910564,-2.058794630271567,2.316522111256721,-0.30845421991141314,-0.20411672291350869,-0.5746881780129831,-0.24568422394862677,1.772943602436314,-1.1124895743248622,1.2313792383481499,0.6027657928866248,0.7828651637951652,0.04747272319341251,0.5633793422563901,-0.8732660337434218,-0.28701570723310027,-0.4339031040715466,-0.41927720251240536,-0.4736215665019404,0.7271861039089393,-0.773368111839641,-0.29326185003895383,-0.7626416002934537,1.1531485594289295,-0.1477029427441143,-0.355331880234807,1.1039764322010306,0.045631652214011595,-0.2369164442425835,-0.34799844444454436,-0.08602139992103093,-0.4638391824631437,0.36606863778122095,-0.15564497033295518,-0.4798622396867948,1.542011758644393,1.571332488921439,1.2467358297972186,1.516522288876413,0.9002855576862703,-0.5834485737859872,0.6944835483674352,-0.6320140197667115,1.5294860196626625,0.32929139607966945,0.8382182144092346,1.335816288604004,0.6051264205596165,-0.588328603623195,1.0351138903238184,-0.363393379443631,-0.06907020086076962,0.43594130129218966,0.4531872324957914
13009,Baldwin,Georgia,-0.18943711298867236,1.3053586101424097,-1.0751051087935661,-0.6671803529171515,0.2738181366791704,-1.9886217607239598,2.2037481371582466,-0.33399472624089294,0.031644080925437676,-0.18637469995723924,-0.5339145861408005,1.4459811439691146,-0.7751787827821114,0.9960735114050353,0.3173953995973624,1.6222913370558691,0.9111310386858461,-0.09983926370341252,0.8634780803290856,-0.13130240682765928,-0.1400406665545608,0.07927385101763003,0.6767594171807534,-0.8026354409739932,-0.07284632315473462,-0.056946392746608204,0.17752504303593508,1.1313202208856035,0.9010841637288595,-0.19513704049466,0.12644614552891398,-0.3247245075184238,-0.03337484731572866,-0.09315650586715396,-0.08602139992103093,0.14194932602029142,-0.823257133343298,0.7391036249001444,-0.5401194915061999,1.2074074705919953,1.2217295247520399,1.0828011616059097,1.265121739276594,0.328105780081283,-0.9109192107235891,-0.17448514837590606,-0.2857100485956978,1.232276881291953,-0.24399803296533187,0.7972449310863,1.335816288604004,0.6051264205596165,-0.588328603623195,0.4907891250823656,-0.20706311507422426,-0.035895826742030575,0.18734633376731985,0.648565938633905
13011,Banks,Georgia,-0.26457803974624755,-0.08880973526217113,0.9678574644927207,-0.40019135133450445,0.35120702603974197,0.5662747841995193,-0.48228655759564615,-0.22983985384502456,-0.2312425530572943,-0.15046113630875896,-0.1813991380499218,-0.2920824510407248,-0.15382402392069894,1.858861176863117,-0.8240861735596857,-0.4646778352562003,0.26482163258150226,0.7122418628814535,-0.019711979805860116,-0.18030687752220068,-0.17705112876839668,0.012216765813416687,0.571450286072051,-0.818647059638178,0.8663854357883467,-0.3488985895132969,1.4714981458051073,-0.2716260883579146,0.537867139827015,-0.30759387372644975,-0.28894192912706756,-0.3276965819836866,-0.06059699310022408,-0.374414744116151,-0.08602139992103093,0.068787270892388,-0.41403449825062943,0.3728352785562296,-0.5657429719202599,0.8489028762501408,0.8933146190171494,0.5418167565745913,0.8880209148768669,1.996630026663658,-0.17146938538061685,0.4814102005519039,-0.337014340621033,0.8378498004635336,0.9644061557079548,-0.3551286623712359,0.47694316303740386,0.845047227751231,0.007006295041446424,0.2186267424616392,-0.3111210906391592,-0.05369060940932399,1.2668278114328395,2.807419906457521
13013,Barrow,Georgia,-0.0771181801404884,0.8420593444542069,1.4697046738017878,-1.5077117432261176,-0.4501528888792335,-0.2618978968076817,0.24691076332580286,-0.24982246711822037,0.8891233735782743,-0.038716981897054935,0.17285171052705814,-0.8255475148556282,0.9062269638275104,1.1725528066123716,-0.6814009769150549,-0.4969025806509129,0.07226808200370098,0.2930395740576332,0.18699682564971065,0.23715391331718944,0.6622665401471595,2.200911435996376,2.246684900805945,-0.8221988482510404,1.1309409721068275,-0.41233058938550987,0.42486973604908235,-0.11169042382211176,0.43636103406125437,-0.413310559094444,-0.2892783386532511,-0.3722351509717338,0.09203130331819379,-0.35889190039782026,-0.08602139992103093,1.6177692107871031,-0.2978243242314203,-0.40889310024123166,-0.6186430605170287,0.8648364137764457,0.9250967066689126,0.5909971570319834,0.9223028080041145,1.5391529550587382,-0.41865689842383896,0.7000419835278405,-0.4806663582919722,0.868404010950242,0.7158558367973772,0.04948251044274336,0.47694316303740386,0.1252848061763878,-0.29066115429087425,-0.59786040540054,-0.13315575077459688,0.036002335241538494,-0.09859124414874025,1.3606486610050454
13015,Bartow,Georgia,-0.0053687872613538195,0.46855420280591387,1.26230540015223,-1.0603202038143895,-0.31676931274616477,0.026967364965552215,0.12128561552319443,-0.24567788019450584,-0.19777112029110247,-0.09031047240053024,-0.04411299219978477,-0.3437081023776508,0.31109376018981216,1.2117704277695571,-0.32468798530347687,0.6550167129786565,0.6890107628102602,0.6119073773752955,0.41122910355056985,0.12939336715814298,0.07952308528345975,0.4675303316536617,1.4155034313439552,-0.7395311870309232,0.5796250907246285,-0.279527325107641,0.4841627797479899,0.633003782521611,0.6171259342109935,-0.22035022763743153,-0.5871224094701004,-0.3733719402455213,-0.012072749003865466,-0.23127622016261465,-0.08602139992103093,0.5974329432272913,-0.4658896903968439,0.19501626929498944,-0.38986358107466795,0.7612684198554652,0.8509385021481315,0.5909971570319834,0.7737479377860395,1.5938368032680728,-0.274992360928633,-0.2838010398638747,0.18885465263865428,0.7767413794901161,0.61531161231345,0.2697139083035169,0.04750660025410388,0.1252848061763878,-0.29066115429087425,-0.0535356401590872,-0.030651158657843527,-0.022949236318727268,0.25680086412465125,1.5059716655705842
13017,Ben Hill,Georgia,-0.27199958279285247,0.3177949334423714,0.015307372751600375,-0.3004016582860119,-1.2781513512687608,-1.6023867076503067,1.8355884202150394,-0.2595398514330274,-0.3212131491821422,-0.5024731952700354,-0.2512464256625219,1.4287725935234743,-1.3585054222876662,1.035291132562223,1.2448491777874646,1.5703493082257083,0.49376918419097626,0.9575668411301919,-0.6320333968444458,-0.16900844471557336,-0.30586190328856666,-0.21903733610019868,0.10868538095905783,0.012606717936537705,-0.6911821422042241,-0.15523646025602755,-0.8047528287437172,1.7098234979573808,-0.46439502217400436,-0.1275247100438026,1.5522961468523757,-0.19139249614470644,-0.23314313267138093,-0.31175720169549914,-0.08602139992103093,-0.17311133230499592,-0.3003365090271601,0.3667312916517443,-0.5508797150453794,1.494211146065479,1.486580255183403,1.2631292966163485,1.436531204912834,0.43080471452320374,-1.1285287307530922,0.6889251132070304,-0.21644925436149517,1.473932909686829,0.04764266786692881,-0.36537198320196956,1.7652528513873038,0.845047227751231,-0.8859960529555155,1.579438655565271,-0.3047016867508907,-0.05713044362616263,0.7102525138335969,0.7809713427936182
13019,Berrien,Georgia,-0.2641006476718211,0.28116226725169313,0.4758549798183359,-0.49601350103789993,-0.32510606853781043,0.04231452733224343,0.08267813597063704,-0.3089156049904005,-0.17012644730902926,-0.3424001221337454,-0.30838259598504986,0.9641417314911407,-0.937930896487415,1.8196435557059314,0.17471020295273174,0.9112860135930787,-0.419906946509268,-0.901393457723183,-0.33623109460218487,-0.2491257259490948,-0.3657234743450263,-0.39824437389994016,-0.15790841732378094,0.3655881761276606,-0.7996695569541447,-0.2910311275378227,-0.8225644025538079,1.1822785915621954,-0.5672702772430926,-0.3171364587718875,2.3407444382612352,0.030367297981659016,-0.24302480647520625,-0.3440228746211043,-0.08602139992103093,-0.3421825178218354,-0.0018708875020036157,0.14955035581041726,-0.3991196072748065,1.5101446835917833,1.4442041383143844,1.148375028882432,1.4022493117855863,0.3961271522441136,-1.0693727447256545,0.9186737665037772,-0.7756660374376506,1.4406010437013275,-0.00981117469531499,0.6948117227789635,0.9063797258207039,1.3248888421344598,-0.8859960529555155,1.3072762729445448,-0.30537544342721046,-0.06202425095410724,1.1022599664842918,2.1017959842892937
13021,Bibb,Georgia,0.1276595895025931,1.0316742387901425,-0.3187091355444348,-0.7917387405797418,-1.4746894208438486,-2.8808845549906086,3.1225677354415695,-0.3275315960230002,0.23383456431189725,0.15398911670223348,-0.4512974010548601,1.4976067953060406,-0.8687389392478764,0.5450708680974046,0.10336760463041615,2.379466002782437,1.6044063723359971,0.1267738436173722,1.2900894938450027,0.9688568422250864,1.2681416362789024,1.708442016057205,2.5610226298929875,-0.7461756518822469,-0.16737451798156314,-0.269424322636792,-0.28227784729141414,0.07618241333767756,1.1924048010079833,-0.3632082354003101,0.9392856882713954,-0.210517113956638,0.13777638567446338,-0.2130891747205409,-0.08602139992103093,1.8696441584476846,-0.8104379583284291,-0.019262090506392805,-0.5501648489832609,1.2233410081183003,1.2535116124038033,1.0991946284250398,1.2994036324038418,0.3721196091278205,-1.1116270204595387,0.18496032533029488,-0.195927537551361,1.2572757807810775,-0.1397068187490847,4.0085260115213,1.335816288604004,0.6051264205596165,-0.8859960529555155,0.762951507703092,0.20389102655434438,0.05482465794770022,1.0217241503376173,1.7982323747523898
13023,Bleckley,Georgia,-0.2832080457918094,0.9365779351196303,-0.5172621034569506,-0.6052454874824065,-1.0455028554961503,-0.9451364685935281,1.1559009104825162,-0.3285688982728596,-0.23937188279362445,-0.5583150748622135,-0.47106388939209864,0.6888049243608686,-0.5221613677176873,0.5254620575188118,0.9594787844982022,-0.3412952481369313,-1.1669200215631408,-0.7467689408259834,-1.5537212373348,-0.2324924353648262,-0.32020317619185057,-0.21113658980590116,0.06368743516328254,0.39273696036595196,-0.4799323502107023,-0.1882001745450195,-0.6927549896217018,0.7995859775968633,0.1865695814738561,-0.26034350763267927,1.2010155701624805,-0.20655990399203555,-0.21817882456756552,-0.3404871383620012,-0.08602139992103093,-0.2002954480076531,0.16953671818512522,-0.0783530173311778,-0.5767712702327338,1.3348757708024326,1.3700459337936024,1.1647684957015643,1.367967418658337,0.5161648678255792,-1.1200778756063154,0.1423456557671885,0.48128911718306605,1.3544937232387864,0.07574509085933102,1.155761160161978,0.47694316303740386,0.36520561336800217,-0.588328603623195,0.2186267424616392,-0.32792757662069005,-0.05860071439574654,-0.8164492239035256,-0.757837805550366
13025,Brantley,Georgia,-0.2649441379628322,0.13457287055403502,0.8231639576376549,-0.5339295084546847,-0.16152646548383154,0.5552649950735482,-0.40107592722627583,-0.23005957547291472,-0.5084701316096508,-0.5028830489304669,-0.5393270588410082,0.2757997136654609,-0.7579494362869484,1.3294232912411135,0.24605280127504683,-1.0812289530935626,-0.1531630530397478,0.14033009101973398,0.3487045823796462,-0.2783231881616723,-0.3747124151744332,-0.32892448260774426,-0.1516739242185881,-0.7717847456498492,-0.518096117731537,-0.10090825535872452,-0.8289392353212055,1.4832096769180794,-0.7102221453558325,0.1652815778426201,3.6386998733633273,0.1788450198826278,-0.05127507770030514,-0.38908759959890216,-0.08602139992103093,-0.32547114280247863,-0.9943495120631921,1.1072439957968885,-0.40689377570034513,1.6296462150390683,1.645490693442221,1.2303423629780863,1.5050949911673293,0.030678995918317624,-0.8242979454691265,0.8297388039372944,0.3222458119045266,1.5739285076433303,0.12882744540053492,-0.22196549157169843,0.47694316303740386,1.5648096493260741,-0.588328603623195,1.0351138903238184,-0.31089650508038597,-0.06195201995918189,-0.1698343162189383,0.5210046346263765
13027,Brooks,Georgia,-0.2756400634585706,-0.38304634190986925,0.36271856292213933,0.17225295231589766,-0.6399098629422282,-1.5007884500777637,1.7161755465105628,-0.2806143070759202,-0.2079460214168144,0.5368642963452885,-0.257287495028849,1.2738956395126944,-1.1098125045507135,1.44707615471267,-0.32468798530347687,-0.28982302455811965,0.8283462536183588,1.6968461548592562,-0.20862223737242458,-0.2633106283152515,-0.3716324945004733,-0.4834283414472125,-0.2287626391513496,0.41102348967368624,-0.7226259064829759,-0.3439505665347313,-0.8119601867495393,1.1471346215626022,-0.1815259862870883,-0.29682078469158907,2.023516190704567,-0.046306846156743534,-0.25063669048140935,-0.36949021232376844,-0.08602139992103093,-0.3955409040479972,0.07772695820021525,0.09520023347950222,-0.36937075396060426,1.5579452961706974,1.4653921967488936,1.0664076947867775,1.436531204912834,0.6188638022674999,-0.6911969769073918,0.6592801256848695,-0.9449702011212572,1.4572669766940782,0.07761858572549123,1.7037788246062284,1.335816288604004,0.6051264205596165,-0.8859960529555155,0.4907891250823656,-0.30333545793502015,-0.06439218518462682,1.2440499399459768,0.979579449033188
13029,Bryan,Georgia,-0.2048513122997543,1.2591359963258941,1.755349003140263,-2.0342122850976887,-0.36610540834708327,-0.31744462601340573,0.4364788903662679,-0.22796254701016647,0.45222495613691893,0.7001148988988006,-0.15565238523927788,-1.1525099733228243,1.618190238121652,0.1528946565255504,-0.6100583785927393,0.1793083582930355,0.6078070828943826,0.1715939031661826,1.1263275093122784,-0.240025116619969,-0.28753882041590795,-0.26053671848992777,0.09559757928231953,-0.7714232788947774,-0.7444562540201213,-0.24353801054207833,-0.8269697888719698,1.887858937940687,-0.6444602917330142,-0.19570411363540785,2.9175872776520504,2.0952869178334197,0.15507593325466618,-0.10765677265158088,-0.08602139992103093,-0.20037433552188605,-1.0964181207268897,1.1524688298841599,-0.40150994067001516,1.5340449898812407,1.6031145765732022,1.3123096970737407,1.5050949911673293,0.15738547347653145,-1.3841670989430912,0.9779637415480991,1.0635928316706225,1.5433742971566211,0.2531026048558236,-0.05807235827995999,-0.38192996252919614,-0.8343984225900698,0.007006295041446424,-0.3256980227798136,-0.2705085354276648,-0.05265005540550048,-1.6078976503647322,-1.1728157185875159
13031,Bulloch,Georgia,-0.08775552992157325,2.8099452252845865,-1.581491377975662,-1.801137593396368,-0.4538313898439696,-1.1557031734108378,1.3561422694333485,-0.29323717773525515,-0.05357690745631132,0.06330294728935178,-0.39743638727209507,1.2738956395126944,-0.4759647534099398,0.9568558902478499,0.03202500630810057,2.183156502109285,1.1759043708974535,-0.49658869248888954,1.1869788592124428,-0.149135988533349,-0.1556632301736268,0.06042499154891474,0.23423793197590312,0.15937906494432016,-0.596557843808693,-0.3182888688451097,-0.8183505283565061,0.6283146525730157,-0.5869539533371348,-0.2505997225204341,2.9338320014306665,0.10768585671814775,-0.23436284205524696,-0.3363191330575666,-0.08602139992103093,0.006503166555684909,-0.11300466566395757,0.10705787022406824,-0.22720176585678795,1.4543773022497175,1.5183623428351665,1.1647684957015643,1.3565401209492551,0.022676481546219835,-1.5130426399314378,0.8315916156574298,1.2944621457846317,1.4322680772049536,0.15880336325909736,1.037962970608541,0.9063797258207039,0.1252848061763878,-0.588328603623195,0.4907891250823656,-0.1772119512206143,-0.046703816729944336,-0.927351348874781,0.4338108318870527
13033,Burke,Georgia,-0.25535529347404595,0.7055016858071373,0.023838343849659317,-0.6618369541478779,-1.1196191967164488,-2.2096944844354747,2.519019638776601,-0.29116070553227613,-0.4143280183502616,-0.05013363024369425,-0.452075050091546,1.56644099708861,-0.8985299208371221,0.6431149209903683,1.0308213828205177,0.10258709846348543,0.20980378076501383,0.08763055694103804,0.3798316077728975,-0.21927198587483912,-0.3445199340319084,-0.3173508986799974,-0.4874695472293107,0.11725562855845345,-0.5748339708577785,-0.11058933184601771,-0.6068277859418915,0.7700757726205969,-0.5917329195710627,-0.0644288527365616,2.2696505638739852,0.0830892505732629,-0.23842397277666588,-0.3798779170177826,-0.08602139992103093,-0.3914702436681087,-0.1446507510475198,0.3096430585535989,-0.11840808702812881,1.279108389460366,1.338263846141839,1.0828011616059097,1.2765490369856762,0.017341471964821466,-0.8200725178957382,0.24239748865448174,0.14781121901838595,1.2906076467665772,-0.11660038206644274,1.8727936183133336,1.335816288604004,0.845047227751231,-0.8859960529555155,0.2186267424616392,-0.2892239986587682,-0.06527983968371244,0.8114814191946018,1.3654927611572298
13035,Butts,Georgia,-0.24787810349852016,0.17013980666906214,1.3971947392462125,-0.8525740634327262,1.2753799817751794,-1.0560858907585597,1.2901515825179521,-0.3045172034838084,-0.3398872153241333,-0.420488736215658,-0.44684612832707393,0.03488000742647284,-0.5705545520965313,0.6823325421475538,-0.32468798530347687,0.21462089519227043,0.4265640018561757,0.009481323280195988,0.8938703415960448,-0.14562709702913587,-0.250824831269761,-0.167337884748625,0.6018816638162778,-0.8119521745292908,0.45613143140166773,-0.23129756668802967,0.5176317207234841,1.2233079340865805,0.26954969909475845,-0.2647544028986902,-0.20118019592423309,-0.3845344322316349,-0.015178599758245119,-0.17966219181670082,-0.08602139992103093,0.00043881649750919966,-0.5930762397497809,0.5764116809553905,-0.599967184644183,1.1118062454341673,1.1051952033622392,0.9352599602337309,1.1737033576039333,0.9576369106863039,-0.7524656767215235,-0.2838010398638747,-0.5268402211147739,1.121170661340284,0.0020542927903657226,2.1083899974202076,0.9063797258207039,1.0849680349428452,-0.588328603623195,0.4907891250823656,-0.2871091513136535,-0.043140407603659496,1.1104550883613216,2.2422748887026476
13037,Calhoun,Georgia,-0.30278404962902616,-0.5728021411119792,2.542876299371901,-0.7386856032790374,4.751240872926434,-3.142570166968124,3.4533433245432077,-0.2849606304562219,-0.34301123643979997,0.7169972788179583,-0.33760460281001803,3.683092701902575,-1.4251575953824995,1.290205670083928,-0.1820027886588462,0.7282013041903893,-0.4009173506264132,0.8216309951527447,-2.025856880009398,-0.2834986873024825,-0.4301890627644838,-0.4841963727352382,-0.519228415802481,0.6802139673961307,-0.7927520016370414,-0.4112793081368723,-0.742759410395044,0.5114030049053818,-0.025917428992644022,-0.39256043447541933,2.466358718156863,-0.14809316075475254,-0.23888815175241795,-0.35162498824285077,-0.08602139992103093,-0.496740228643857,0.311047761598107,-0.08794805997477527,-0.5287337601626667,1.4782776085391742,1.5183623428351665,1.2139488961589564,1.4708130980400815,0.9429656343374576,-0.7566911042949119,1.0205784111112055,-0.17540582074122685,1.4767105651856196,0.5191388758505631,1.9752268266206703,3.0535625397372037,1.8047304565176885,-1.1836635022878363,0.4907891250823656,-0.35392335504869266,-0.06632523689808187,-1.522242738512695,-1.6846756346683585
13039,Camden,Georgia,-0.16080530366601664,1.481298043428461,-0.2854348885228905,-1.2225396041553007,0.6127917103797821,-0.5365702353661029,0.6987939035925261,-0.2109510064480029,0.20897647067276057,0.9079159271485514,-0.18914891015361643,-0.11999694658430474,0.19426368953336892,0.46663562578303364,-0.1106601903365306,1.1191195106323706,0.6510266402326154,-0.08662630864567003,0.7419947791198029,-0.21924285746449645,-0.28576233606346824,-0.33350177703451744,-0.29404815548380037,-0.8221988482510404,-0.8044095546186829,-0.3020824364142322,-0.8228553919731475,1.1493291170188904,-0.709320192239171,-0.20265063263130179,2.0273626631005346,4.326761042679383,0.36261421808200234,1.240138576163435,-0.08602139992103093,-0.3266978813196003,-1.1735409948766005,1.2819873289292503,-0.15723425002693978,1.7013471339074395,1.6348966642249656,1.2795227634354809,1.6879317545126526,0.12270791119744136,-0.8897920728566471,1.100249315077013,0.4966804047906668,1.6489252061107051,0.28620101415798604,0.1724023604115472,0.47694316303740386,-0.354556808206841,0.007006295041446424,-0.0535356401590872,-0.2106939149410583,-0.05627569569732745,-1.144833665848369,-0.6480382021008477
13043,Candler,Georgia,-0.28927063225845195,0.4009444674343496,-0.11052339896467557,-0.31433977610451946,-0.5422116650495783,-0.8282006067384513,1.0224589455381796,-0.31633856555252077,-0.23116827462993256,-0.20746216936055054,0.18309832996142947,1.4803982448604005,-0.9649075226730685,2.0353404720704513,-0.6100583785927393,1.721429897071521,2.21445957664732,1.4075406657192773,1.7693150496888572,-0.2384879097129107,-0.2864554424850632,-0.10925386520962925,-0.15589864934153272,0.09427567203623126,-0.39828638165429997,-0.257244369506663,-0.8154299280738928,0.8649595339539794,-0.517727099318549,-0.13018957287225597,2.3853718169408964,0.052164014858330394,-0.25063717531785795,-0.2965659778955847,-0.08602139992103093,-0.21617664366346842,-0.08739230274732568,0.17829518809855738,-0.5546551014359427,1.4543773022497175,1.5077683136179125,1.148375028882432,1.3336855255310893,-0.009333575942171083,-1.3820543851563971,0.4091505434666366,1.1148971236959582,1.4211574552097876,-0.003566191808114452,0.7460283269326318,1.7652528513873038,1.3248888421344598,-0.8859960529555155,1.579438655565271,-0.3319701166786084,-0.061807713077960014,1.029923038650724,1.3848691617659683
13045,Carroll,Georgia,0.030520553106876857,1.3312436879024585,0.10686424448388092,-1.2796693007008715,-0.6071442481315172,-0.5021719085156221,0.7164374860555238,-0.27782066339692607,-0.2166220706961849,-0.13665773461757744,-0.18544208416393215,0.06929710831775686,0.23826373377001997,0.9568558902478499,-0.25334538698116177,0.5806756793233532,0.2613013437007418,0.12771984364347616,0.1201928229283086,-0.024792779956641225,-0.06355787438583653,0.4788304930347697,0.8541722870807935,-0.8221988482510404,0.9865097681353884,-0.30854936054195103,0.6264733199891821,0.5699502263648974,0.25645815337059935,-0.23736272832758648,-0.3609754955359057,-0.37788353100595506,-0.1464952083580801,-0.28617566498842234,-0.08602139992103093,0.37307521157244966,-0.3631772467808776,0.19201968896104227,-0.3648283758575596,0.9763711764605781,0.9674728235379306,0.5909971570319834,0.8537390217496176,1.641851889500659,-0.17358209916731102,-0.21895262965914747,0.560810769822336,0.9017358769357419,0.7801791605355424,0.46433700408745626,0.47694316303740386,0.36520561336800217,-0.29066115429087425,0.2186267424616392,0.015838052008217335,-0.021059897048894494,-0.12573334711999298,0.7922742431487158
13047,Catoosa,Georgia,-0.1229829647142188,-0.11508434448551984,0.9632260105587552,-0.37367851720004114,-0.6930168269547441,0.547316449680347,-0.4610454821346503,-0.2651079863124136,-0.0613328426500337,0.03388745620269178,-0.4737638780738988,-0.7739218635187005,0.3453465247359726,0.17250346710414313,-0.6100583785927393,-0.2968676937654981,-0.6115894098210699,-0.5345637520426773,-0.44899736530897105,0.1723110147026426,0.5038956892559274,1.2840946964665916,2.1327943468621013,-0.8154579334441443,1.2083498006618985,-0.4166177937410039,0.7312375244808036,-0.2009995481362821,0.6589810853406065,-0.3476096650290105,-0.5878746906702715,-0.3685561967410709,-0.19803780278655855,-0.40434012815471565,-0.08602139992103093,1.2101586482765476,-0.25616073068015544,-0.2734204406343428,-0.6189558144192056,0.77720195738177,0.8085623852791127,0.5909971570319834,0.8423117240405356,1.8792598158728915,0.12008511718318338,-0.3356797680276562,0.6249411348540053,0.787852001485283,0.9544141830884344,-0.4319535686017383,-0.38192996252919614,-0.1146360010152266,0.007006295041446424,-0.3256980227798136,-0.11943731622619809,0.01611695556613186,0.04467118453383292,0.41604913132904253
13049,Charlton,Georgia,-0.28168800599654975,0.020111681914751853,1.700674747234194,-0.8654944394286039,3.784963380579925,-1.2921074928176757,1.388664031603713,0.04604602354800549,-0.29334294784019654,-0.299559005002556,-0.3147736464313412,1.9622376573383762,-0.8807514318241851,1.66277307107719,-0.039317592014215016,0.038696003597345915,-0.6262349987323603,-0.768744608117018,-0.3744252352607524,-0.28241885786439225,-0.3981985439670257,-0.4975241542160202,-0.7645713641578558,-0.8203199813161386,-0.6610522272055908,-0.14348770425975726,-0.8231306521221139,1.2951537260803176,-0.7069873869152368,0.055609483520236085,4.826269537082871,0.1902649799578438,-0.1066635885942612,-0.4073223813982581,-0.08602139992103093,-0.5583130264504768,-1.106824004936021,1.3171195459229814,-0.15614705789080127,1.7013471339074395,1.656084722659475,1.328703163892873,1.6079406705490737,0.13071042556953916,-0.9320463485905311,0.5092023763539298,-0.17284060613996013,1.6433698951131206,-0.08475096934172058,1.6371972392064595,1.7652528513873038,1.5648096493260741,-0.8859960529555155,1.0351138903238184,-0.3365554051702287,-0.06731632353460013,-0.7637064454309545,0.08665032098048785
13051,Chatham,Georgia,0.5267681500802952,0.7066181183270145,0.359351532440174,-0.829956970887262,-0.9036756124161062,-2.0017287176417966,2.1577194896640397,-0.2888857288896974,0.6124086194347464,0.18973924116751772,-0.22210328756222394,0.052088557872114846,0.09610446448124567,0.8980294585120717,-0.39603058362579246,2.084658601224285,1.4644552979000458,0.6904367003260503,0.8917149452571734,0.6751271655765408,0.6740777045764138,0.7611455484362222,0.6368965107571231,-0.8220196451370168,-0.8041010662292363,-0.4497416591857503,-0.828418437446354,0.0651849274108463,-0.652060177466464,-0.4303276039052319,0.6256896476606832,6.279142402381855,0.4257337485037,2.4477910454679694,-0.08602139992103093,0.7795958451869627,-1.1732249606270853,0.804056710333821,-0.2691107887484849,1.5579452961706974,1.5925205473559483,1.345096630712003,1.5622314797127426,0.024010233941569425,-1.248953416594662,1.1039549385172829,1.0174189688478206,1.5683731966457455,0.2618455808979042,2.774205851417895,0.47694316303740386,-0.5944776153984553,0.007006295041446424,-0.3256980227798136,0.5627413185475211,0.024869681950262047,-0.7955265938334711,-0.2701983902304467
13053,Chattahoochee,Georgia,-0.2889660385422535,5.573712726253289,-3.2944869312540632,-3.494241151450247,6.3222722068790125,-0.7721904591813772,0.7484692226906431,-0.04468860794420532,0.9452877782504074,5.488055957744279,0.5119357724716971,0.6888049243608686,-0.6600647824937123,-0.21967274446771134,0.5314231945643092,5.812346708093026,2.445208117440255,1.283590394423364,0.5014939087034297,-0.01355470984250488,-0.03156656648209486,-0.23570938993682333,-0.09097794498819108,-0.8012848699342322,-0.7684533963764602,0.04086265738806124,0.06797067337509384,1.6567149263016225,1.763846779122541,-0.11702580288219944,0.12795869930026646,-0.3574486629481642,0.35617360924207314,-0.34991466928081316,-0.08602139992103093,-0.1181961040569914,-1.1366789450154964,1.1561322022907135,-0.5530243132317348,1.3109754645129752,1.2641056416210572,0.9844403606911231,1.265121739276594,0.4694835339883426,-0.5221798739718552,0.3480077567021797,0.09907214159431747,1.2628310917786605,0.20688973149054057,-0.23220881240243207,1.335816288604004,-0.1146360010152266,-0.29066115429087425,1.0351138903238184,-0.36545208039905236,-0.06180027564447434,-2.8223675723768418,-3.583562894324733
13055,Chattooga,Georgia,-0.24830863500122377,0.16333093168315987,0.40777378010540655,-0.35355213872579905,0.4130447315828376,0.14655211171028534,0.03169368369995146,-0.27408307651393293,-0.4098259404828877,0.8282195485536746,-0.30794607381118877,0.4995108694588065,-0.972046375404132,1.074508753719408,0.8881361861758866,0.4208141332216829,0.3845189706578072,0.43750466488268036,0.11421061139737437,-0.21479294636272694,-0.3609949492822837,-0.28753390075281043,0.4371452274315561,-0.7713617412896635,0.6008296645401252,-0.3088774720762306,1.2056644963458276,0.38051438917066593,0.8008645006590573,-0.22420492516903562,-0.5802832944105408,-0.3746234951782259,-0.1956763134980272,-0.4023683752593373,-0.08602139992103093,-0.13339442327192907,-0.4876361170674328,0.531680795433771,-0.5064835539792285,0.8011022636712268,0.7979683560618588,0.49263635611719675,0.7737479377860395,2.105997723082327,0.08839441038277059,-0.002173658403345826,0.7301149335059428,0.760075446497367,1.1892255396471707,0.37726877702622025,0.9063797258207039,1.5648096493260741,-0.29066115429087425,1.0351138903238184,-0.2704711045012026,-0.05434957728727562,0.3711118907520994,0.3805257302130221
13057,Cherokee,Georgia,0.4369803658735996,0.2124943502073855,1.7799857864105755,-1.0822311583067137,-0.37084689690987827,0.19419621297716008,-0.12799287692133626,-0.26808279264317514,0.2914852706078234,-0.05120367182629467,0.09215203485619602,-1.3762211291161703,2.259245484808211,0.4862444363616264,-0.7527435752373701,-0.6350840778318672,-0.3530707837334347,-0.4594225059585441,0.4386822559120927,0.08086632678243923,0.5048997656739591,1.0477693624345201,2.939778218099894,-0.8221988482510404,-0.2350564390626225,-0.3673961587459612,1.0117953410091334,0.20494721448122208,0.862067688623563,-0.3393188247341583,-0.5705061324772077,-0.3901451135632573,0.013692494642306301,-0.19466449664538898,-0.08602139992103093,1.329727558968427,-0.9159173717183711,0.31638694473093454,-0.41643276971673887,0.729401344802856,0.7767802976273495,0.4270624888406746,0.7508933423678746,1.8299109772449555,0.0038858589150022682,-0.002173658403345826,-0.026623373867754246,0.712855303017908,0.8507474671609067,0.02899586878127606,-0.8113665253124961,-1.3142400369732985,0.007006295041446424,-1.1421851706419928,0.3993366090767573,0.05371379910302641,-0.7299210917664344,0.11894432199505194
13059,Clarke,Georgia,0.05494369733167493,2.9938852805020044,-1.6530578589909566,-1.9349566375971923,-1.1998173990895704,-1.2526302827081217,1.2708932523412193,-0.3019338909065151,1.0778651089624631,0.16161169539797526,0.08824320620303029,1.927820556447092,-1.0080838531330583,0.9764647008264448,-0.1820027886588462,4.020471885152041,2.8950418143038408,0.522370873505006,1.8019262611253837,0.820029756309223,1.7169380619191237,2.3450334328619595,3.664488541809616,-0.8128374694508784,0.11566913951505621,-0.4431184324670045,0.36488826720438367,-0.0898688989749499,0.8245345240467153,-0.3970275441966159,-0.28609172230827906,-0.35564398287148347,-0.045682575367810556,-0.3541421900755807,-0.08602139992103093,2.492671431133281,-0.7480019312470197,-0.34894505405399306,-0.6498216459554679,0.9126370263553591,0.98866088197244,0.6893579579467677,0.9337301057131965,1.2430599232911221,-0.8707776487763992,1.1632449135616048,-0.5191445773109739,0.9211794654272849,0.5903316807646474,1.1250311976697769,1.335816288604004,-0.354556808206841,0.007006295041446424,1.0351138903238184,-0.05675922986523278,0.15091149927319722,-1.3673741089605256,-0.4849534969772983
13061,Clay,Georgia,-0.31261012576215935,-1.0287136823656815,-1.4465006010380335,1.6681167334351694,-1.4899064809217872,-3.0606465343497007,3.399236075075641,-0.3253757297817217,-0.4656690201199392,-0.5556757230933211,-0.5829766816764839,2.4612856202619935,-2.127236304356707,1.074508753719408,2.2436455542998814,-0.1700581000005956,1.2821634331013605,2.7110729387124772,-0.6333810271834694,-0.28513564008043607,-0.42528736178112386,-0.5014614426164367,-0.4566994325263426,0.023375772430282157,-0.771176764879064,-0.2546626813079056,-0.6714248308582266,1.6101007454282084,0.972544536047436,-0.14010751921637332,0.09511516932365789,-0.3417922955021273,-0.24197086711923463,0.4441172636723911,-0.08602139992103093,-0.48452195823711,-0.3259293737194127,0.5260594130092981,-0.5782010023569707,1.4145434584339558,1.423016079879875,1.1811619625206942,1.4022493117855863,0.818926661569943,-0.8264106592558207,0.14605127920745853,-0.2780144047918972,1.4072691777158277,0.12070896764717419,1.596223955883525,3.482999102520504,1.8047304565176885,-1.7789984009524775,2.123763420806724,-0.3618774269219116,-0.06816043496045139,0.2975784357437732,-0.3541627928683135
13063,Clayton,Georgia,0.5350448985608419,1.784329188173333,0.919832592818474,-2.101960733497967,-1.511047241158362,-4.180970680859148,4.3288063178160145,-0.23899075720851315,1.2369033628754171,0.2374504840940064,0.26142819138396534,0.2585911632198189,-0.34217990751722077,1.2509880489267426,0.388737997919678,2.7269287910758497,2.3027363340642846,1.4145905365481248,1.3282205638199542,3.4984593227957665,3.216083608954749,5.021422068495006,4.467812797375121,-0.8221988482510404,-0.4670829142617446,-0.42034578360992886,-0.32978979699347416,0.07378700556923638,-0.35130095758414287,-0.41991354087479893,-0.17908311628899556,-0.3759572789498492,-0.04962033052742815,-0.3112076716899795,-0.08602139992103093,4.645211471355117,-1.020905821901964,-1.0129444653222583,-0.6324191252557706,1.0002714827500347,1.0734131157104758,0.8368991593189465,1.048003082804023,1.3924401915702798,-0.14189139236689785,-0.18374920697658148,-0.40627513485523586,1.0267303743813676,0.44919506751391775,4.254365711458908,2.194689414170604,-0.1146360010152266,-1.481330951620157,-0.3256980227798136,0.2969255942761594,0.3524875199217976,-1.1700557747713176,0.220670425190929
13065,Clinch,Georgia,-0.3015276005497075,0.6412190111198568,0.09229087201312605,-0.6367051339262628,-0.7728968393132365,-0.9860801431845116,1.2377592927154728,-0.22655097919912331,-0.5134423356607924,-0.29320334649998325,-0.2863235074601616,1.2911041899583384,-0.8782116476794799,1.1921616171909644,-0.1106601903365306,-0.4126637767529691,1.3291179306626073,2.891435894724116,-0.7845818908258846,-0.28067191990348406,-0.41748367480122456,-0.36702880339667115,-0.6289280963146424,-0.7901689793290388,-0.6870316935783708,-0.04331268639748321,-0.8254516862328133,1.4789111569205367,-0.7086378661783169,0.09504187298595819,4.116245105748093,0.42977014207231584,-0.23629632827166064,-0.4161872428098158,-0.08602139992103093,-0.48189939153579814,-1.088891874413887,1.266695275575229,-0.12615991588922634,1.6216794462759163,1.5183623428351665,1.2303423629780863,1.4822403957491637,0.27075442708124914,-0.9975404759780515,0.32206839262028913,-0.914187625906056,1.5322636751614533,-0.282092428577255,1.7242654662676957,2.194689414170604,2.2845720709009174,-1.481330951620157,2.123763420806724,-0.34877660266013927,-0.06921014935255555,0.9894846607643812,1.2605372578598963
13067,Cobb,Georgia,1.9053798110946765,0.5763335321752007,1.8938475812303461,-1.4741343266280391,-0.7118616668061403,-1.387013114136874,1.337578607975135,-0.2641628860405074,1.5781794806228757,-0.1653361183994766,0.2536837470729061,-1.0664672210946144,1.6405677957209472,0.5058532469402192,-0.6100583785927393,0.8736182077382093,0.4020720495006897,-0.28887966101403745,0.6475705396319432,2.070536081511291,3.025102703279947,5.220218262127272,6.700645957642744,-0.8221988482510404,-0.6227254071378443,-0.47441810926319866,-0.2605946885669708,0.037973551384358005,-0.13704654989012693,-0.44725046525857953,-0.47348085977076826,-0.3791638469587846,-0.13853441144556475,-0.3248728962910643,-0.08602139992103093,4.964317722373561,-1.0913316821222223,-1.08224362708548,-0.4833993373899852,0.8568696450132933,0.9674728235379306,0.6729644911276378,0.9108755102950309,1.5591592409889823,-0.27287964714193885,-0.20042451245779697,-0.02149294466522036,0.8878475994417835,0.5765927184128069,1.770360410005997,-0.38192996252919614,-1.5541608441649128,0.007006295041446424,-1.1421851706419928,1.5569254408469653,0.39067059362239864,-1.17172601230525,-0.14102238617218976
13069,Coffee,Georgia,-0.19417295951841196,1.0211477260710333,0.7103144143395745,-1.2945126950687695,0.5970340100899562,-1.074212103166942,1.2943108094488374,-0.29313797086416477,-0.3143059770341697,-0.3381527492697417,0.16591083782411842,0.9813502819367808,-0.9642210945258508,1.7412083133915603,0.03202500630810057,1.0469793949776998,0.3827501094075988,0.6974627600008857,-0.4491194676598044,-0.18766062774333936,-0.2604426549908133,-0.11393621375113555,0.09733492297795727,0.18110710075448902,-0.6569461266560568,-0.21247659611686315,-0.8194139673685541,1.3601888081500173,-0.5504793262784283,-0.22150616486147584,1.7590569062220824,0.07605145947774267,-0.24401577022944054,-0.30902038858706044,-0.08602139992103093,-0.13032628210431763,-0.11893546797364953,0.17189769065997432,-0.29131631580304074,1.5340449898812407,1.5289563720524202,1.2795227634354809,1.4251039072037504,0.18672802617422318,-1.3123348301954882,0.8723534735004008,-0.6243183759629112,1.4989318091759534,-0.15844176741068586,0.5411619103179587,1.335816288604004,1.0849680349428452,-0.8859960529555155,0.762951507703092,-0.24041407055205052,-0.055864061689058955,-0.5322501942187273,0.2820290271186014
13071,Colquitt,Georgia,-0.18735767511847132,0.8344355582135551,0.24226643956836016,-0.8894022672074248,-0.29851543220739646,-0.8000679575686458,0.9316733074623013,-0.18567467281728672,-0.30727882270630685,0.13780370499418523,0.7042880856688495,1.2738956395126944,-0.9488451040281756,2.2902550095921566,-0.46737318194810806,1.0647012327958378,0.7464079164691498,0.041088884578049614,0.8350811584176341,-0.14719004360825325,-0.2346125304238482,-0.13994339419777924,-0.026551914534719275,0.7476900389407537,-0.7455862218756804,-0.412107886823778,-0.8245246944829371,0.7041308679671016,-0.4985447177087723,-0.4032564906979858,1.9870284643286347,-0.19813399001065346,-0.24112365768411084,-0.29313291961149496,-0.08602139992103093,-0.15675419778859676,0.3988282165494174,-0.3200731995970554,-0.3255479750484443,1.4862443773023266,1.4336101090971305,1.0828011616059097,1.3793947163674207,0.5855199923837594,-0.6024629978662351,0.6592801256848695,-0.9090571967035225,1.4128244887134123,0.09697803267581231,1.6371972392064595,1.7652528513873038,0.6051264205596165,-0.588328603623195,0.762951507703092,-0.21241573755831983,-0.053748122621483825,-0.26077844616585,0.1948352243792776
13073,Columbia,Georgia,0.13807142278226178,0.5712449112165651,1.435203878841414,-1.2410336480610518,-0.5517244708384288,-0.6655969088183491,0.6590263802827315,-0.26787904476822916,1.3087621304214891,0.5052431763411291,-0.19198883015379314,-1.53109808312695,2.2352204996555933,0.07445941421117944,-0.5387157802704237,-0.9753717168930225,-0.9112536352540554,-0.7808840845666872,-0.30726493188668264,0.057604035494241805,0.5138393944759141,1.1936214192655776,1.00534021225274,-0.818760295760556,-0.31544917404333644,-0.20966699394649826,-0.16818941456571368,1.8572101906975307,0.28166693799068504,-0.27480466403738835,-0.20497077395018112,-0.35788319021167114,0.13017348433918913,0.12846224136923998,-0.08602139992103093,0.8508465492212168,-0.9489081749886545,0.5552099659245558,-0.5109291273030279,1.143673320486777,1.2641056416210572,1.0172272943293854,1.1622760598948496,0.1707229974300276,-0.940497203737308,0.5796092217190618,-0.7500138914249829,1.185056737812493,-0.1852951938256478,0.02387420836590923,-0.38192996252919614,-1.0743192297816841,0.007006295041446424,-1.1421851706419928,0.06202781526258054,0.035705822017176835,-1.0314119558246473,-0.1878486876433077
13075,Cook,Georgia,-0.27033017492522626,0.5196336659209868,0.41090417299944443,-0.6833659379577571,-0.9273915394204981,-0.9982238130872422,1.2251811099251089,-0.30269914443131346,-0.3515559837086058,-0.3741863992150433,-0.2702884390834012,1.1878528872844862,-1.033207123321224,1.3490321018197062,-0.32468798530347687,0.6460464733684479,1.028736456525744,1.4781923203579475,0.15391074246630135,-0.12697102225305082,-0.15813901161048818,-0.16818388872579274,0.20543719487207063,0.6892830628636403,-0.7455049251300909,-0.41128412415897325,-0.8239300615901526,0.38733368163881177,-0.5391439973981762,-0.39877469406479493,2.553495374598208,-0.035974824293785165,-0.23373893590162229,-0.34837099211700945,-0.08602139992103093,-0.07607460019331053,0.34135600712668074,-0.2990295488564915,-0.5662865679883291,1.4862443773023266,1.423016079879875,1.0828011616059097,1.367967418658337,0.4468097432673991,-0.8665522212030109,0.8149163101762142,-0.9577962741275913,1.4072691777158277,-0.005439686674275102,1.6679272016986606,1.335816288604004,0.845047227751231,-0.8859960529555155,0.762951507703092,-0.3118509937051722,-0.055398495293041305,-0.35681097923731225,-0.08450788439670218
13077,Coweta,Georgia,0.11404073584564249,0.3356997345610663,1.6404810069893758,-1.1262620589569503,-0.613526924012344,-0.4964251940916149,0.5946672211394544,-0.2789067398001487,0.30865055364796223,-0.01483968815006948,-0.17720513101920676,-0.9460073679751205,1.6137970979794591,0.13328584594695764,-0.6100583785927393,-0.15057083485333594,-0.009181417397841597,-0.4726266388981464,0.873464354854832,0.062336507867092855,0.04420390369483496,0.7491448565330325,1.196369322908914,-0.8210974338073717,0.4137945982543256,-0.33226525043407124,0.3565570402539291,1.1773614299567694,0.12931237580516994,-0.3096324467729249,-0.01653337169300269,-0.3761573146135831,-0.09266589752797642,-0.27389684221803057,-0.08602139992103093,0.6099374920794082,-0.6212376676842731,0.3406501992686524,-0.407988414357964,1.0799391703815582,1.1051952033622392,0.8368991593189465,1.0137211896767755,1.399108953547028,-0.023579420312022578,-0.018848963884561313,-0.1317971725196918,1.0545069293692844,0.6096911277149698,0.2133756437344818,-0.38192996252919614,-0.5944776153984553,0.007006295041446424,-0.8700227880212664,0.06423623992385075,-0.0011992107668614132,-1.1180340626270757,-0.536623898600601
13079,Crawford,Georgia,-0.2845816463004352,-0.5865947653197137,0.948703631801826,0.06794730178466102,0.2165834053489872,-0.6028608347571107,0.7345317239768138,-0.2363685886210367,-0.15751686332600504,-0.4830198576149455,-0.44552893696835827,0.13813131010032487,-0.364557465116516,1.0941175642980008,-0.1106601903365306,-0.7815073886082465,-0.6331059623809325,-0.07695337293781243,-1.0129353559593464,-0.26685083950644545,-0.38826400348025414,-0.3401224472006415,-0.3553188328493842,-0.649381121188117,-0.2013057605696984,0.16809737896778149,0.04863970621777601,1.2656122999974484,0.41056721858406686,0.028222928534388847,0.5048153891422555,-0.27848885013488606,0.17401756407059826,-0.3661691781275066,-0.08602139992103093,-0.3864456988722041,-0.7304849712891903,0.877034086948345,-0.4968105225761875,1.2074074705919953,1.2217295247520399,1.0336207611485175,1.2422671438584285,0.45614601003484645,-0.9088064969368949,0.2405446769343464,-0.018927730063953648,1.2183886037979945,0.02141373974068726,0.2748355687188837,0.9063797258207039,0.845047227751231,-0.29066115429087425,0.4907891250823656,-0.3257752983491132,-0.06294261271885303,1.9869548167160318,2.666941002044167
13081,Crisp,Georgia,-0.2553875101171054,0.2136225491157658,-0.1836459099813435,-0.10534742403584399,-1.1879339522406973,-2.106148874192293,2.3624955658907507,-0.32659092688370756,-0.14981871889027693,-0.37254571277638227,-0.4304345051113166,2.0999060609035123,-1.0461119724889159,0.9568558902478499,0.03202500630810057,2.1096106487745994,0.6210057420886068,-0.9811836731733413,0.7283468020699146,-0.07078540753866883,-0.16682548860808774,0.08398233737948937,0.03314051760410247,0.9514537862162109,-0.7631630217130059,-0.42735807256559827,-0.8017535814281388,0.39153272938189665,-0.1974893445807506,-0.4009076139977663,1.353175697838088,-0.2257201429489268,-0.2280023473417828,-0.18784194927421535,-0.08602139992103093,-0.027049534802496656,0.5915059528881144,-0.5633962934692939,-0.5305730509683259,1.4304769959602601,1.4547981675316397,1.2303423629780863,1.4136766094946682,0.7842490992908532,-0.765141959441689,0.5388473638760908,0.11446342920191821,1.4322680772049536,0.35052433789615073,2.7383542285103273,2.194689414170604,1.3248888421344598,-1.481330951620157,1.579438655565271,-0.2926863593565223,-0.0542448754121525,0.34196073499143975,0.902073846598234
13083,Dade,Georgia,-0.2737099936607361,0.007784056094937962,-0.3569386824151087,0.17059044172122484,-0.41378055995469665,0.6581525792069443,-0.5873260115798635,-0.2247915927530507,-0.20585800989962064,-0.4404956139855979,-0.5358407697670318,-0.17162259792123075,-0.668301920260324,0.9176382690906666,-0.39603058362579246,0.011941985317355464,-0.721178816502096,-0.728503033244197,-0.6394510901836019,-0.2274829845804303,-0.3024051817771325,-0.11296813218433567,0.7621988065551545,-0.8057139044278736,0.3803735424363764,-0.41921920288129905,2.1571179124924122,-0.40610080098554735,0.45629577582178155,-0.329784959106921,-0.6126899404520825,-0.3895069462599425,-0.19805026961025715,-0.3900933341917622,-0.08602139992103093,0.03011749847498104,-0.6212131725026628,0.5909537333495941,-0.6102880634160188,0.7055010385133993,0.6708400054548042,0.24673435383023354,0.6823295561133786,1.9392786736636243,0.403188764600207,-0.2115413827786074,0.5967237742400705,0.6295256380541575,1.101171280937645,-0.15026224575656286,0.04750660025410388,0.6051264205596165,0.3046737443737671,0.4907891250823656,-0.3076587299414051,-0.05152802795605694,1.12356424895675,1.3235105598382966
13085,Dawson,Georgia,-0.24444556661982209,-0.48353401045506766,0.6359950290635692,0.12873380854183664,-0.3031748952388172,0.6968252302828685,-0.6019999253433415,-0.2646779551178138,-0.2630181012915804,-0.4700016752161655,-0.3253840122193088,-0.9804244688664046,0.9220834540282381,0.9764647008264448,-0.6814009769150549,-1.2244317366144586,-0.48648291900821905,-0.09096261412682893,-0.15543626128830051,-0.1604692376703906,-0.24497613486827882,-0.23650875708741637,1.2590196127169202,-0.8181475914820334,-0.28665079180008124,-0.4019268953891281,1.8227565861854143,-0.030682837063222855,1.432625208535203,-0.3481132316659059,-0.579288088299104,-0.39401643118443064,-0.09119954055798905,-0.30398480130842614,-0.08602139992103093,0.1542542861798314,-0.9352740609120123,0.8426963704835719,-0.5802785818500027,0.6656671946976377,0.6072758301512768,0.11558661927718697,0.6137657698588825,2.527463480012807,0.5658677261756612,0.37950555594447566,0.24272415926525664,0.5600842505843654,1.5376955847529568,-0.12465394367972873,-0.8113665253124961,-0.5944776153984553,0.3046737443737671,-0.59786040540054,-0.280315438160763,-0.045418594675579044,-0.23109498630337338,0.151238323009616
13087,Decatur,Georgia,-0.24357864604294951,0.6303414558437346,0.11287791959153466,-0.6369365647054527,-0.6994104713384156,-1.9714946031093434,2.222114098339751,-0.23423674939958652,-0.38309730023353916,0.012098452696034255,-0.231917915619232,1.5320238961973245,-1.0467297578214119,1.2705968595053354,-0.039317592014215016,1.7396503282111824,0.797659867574706,0.5174568689737606,0.14566174234161533,-0.19445020929993986,-0.2661929342855527,-0.20789466609172053,-0.35683776077552937,0.36404393631585114,-0.6926047992398044,-0.20839465875549001,-0.8128076279455239,1.5748574461031966,-0.5273255176676641,-0.23890363561214709,0.9710173294044466,0.0006193446568479472,-0.2109094498685937,-0.13794985932839443,-0.08602139992103093,-0.2895004231291225,0.045053788760012,0.08118461164884903,-0.2759541419889734,1.613712677512764,1.571332488921439,1.2631292966163485,1.5850860751309082,0.8816130241513755,-0.7017605458408626,0.31650995745988375,-0.937274557317457,1.5739285076433303,0.08386356861269176,2.3183780744502474,1.7652528513873038,0.36520561336800217,-0.8859960529555155,0.762951507703092,-0.2689364365162521,-0.06202505035578784,-0.028568185321834104,0.05758572006738012
13089,De Kalb,Georgia,1.9029079159362967,0.6032730115041421,1.7998818884141745,-1.4521565794599267,-1.2845214845506456,-3.112692056372177,3.0806206331781416,-0.25144989958131064,1.8425475831866307,-0.10118080416863076,-0.08936249238214115,-0.2748739005950828,0.5411844751371668,0.9960735114050353,-0.25334538698116177,2.0941290700966433,1.7680696844287023,0.7461211508729846,1.3061764651207863,2.4892882751643564,3.1450561061218485,4.912330517878867,6.765091883728431,-0.8221988482510404,-0.6962870960846876,-0.4651427917614075,-0.3129710320391332,0.11055892114740834,-0.16017956532681418,-0.4465434865045515,-0.47117599804014015,-0.39765328256825466,0.46807510331853386,-0.3477703228130646,-0.08602139992103093,4.999962646369838,-1.124617227268692,-1.0652718087481123,-0.5380568050561289,0.928570563881664,1.0098489404069493,0.7549318252232922,0.9908665942586098,1.5311504406866403,-0.08062269255276605,-0.1429873491336101,-0.3087969800070987,0.9572889869115755,0.5697232372368869,6.303029877605638,0.47694316303740386,-1.3142400369732985,-0.29066115429087425,-0.59786040540054,1.5819292997237193,0.5149724713942216,-1.0087705960420668,0.14639422285743178
13091,Dodge,Georgia,-0.26056267450674664,-0.4870703933859001,1.3024757336522579,-0.19992730361268712,0.9470105789818868,-1.1623856348224748,1.4088945643351296,-0.3046425380930602,-0.45525986587146117,0.03739244760208731,-0.4430506810609396,1.0501844837193504,-1.0024551423258736,0.9764647008264448,1.173506579465149,0.4667485458251463,-0.23806434419651362,0.08315896263360456,-0.8173970680792059,-0.2533711216227791,-0.37899969120896154,-0.3654236193763978,-0.022024486956042633,-0.10671949891690231,-0.7016187380530687,-0.018968230220915337,-0.8035952813783422,1.8301854797948256,-0.39198977758363523,-0.15861393739156043,1.615051794553169,0.003119842790843241,-0.24778477742120794,-0.3242100200620715,-0.08602139992103093,-0.2987611347572761,-0.42255053955634525,0.5397974794708005,-0.36529006018934457,1.4145434584339558,1.4547981675316397,1.1975554293398263,1.4022493117855863,0.4948248294999856,-1.2045864270740838,0.15531533780813395,0.5659411990248694,1.4183797997109953,0.06575311823981007,1.4374524830071533,1.335816288604004,1.0849680349428452,-0.588328603623195,1.0351138903238184,-0.29873145398016876,-0.06232247490081464,1.0020561108206683,1.7982323747523898
13093,Dooly,Georgia,-0.2816938635680151,-1.1427781212829058,1.2486025247952806,0.43099333251673605,2.051478856092556,-2.4133659060967605,2.709895304340873,-0.3356149960225448,-0.3664679071982631,-0.20958950521833142,-0.19720242344629996,2.3580343175881415,-1.2776441865454276,1.3490321018197062,-0.039317592014215016,0.24493831271430586,0.4459532941319167,0.6837881159420717,0.04515084851468363,-0.22590759660177417,-0.31546286341454194,-0.21408450323524397,-0.31144036751682913,1.0944984167579512,-0.7731849775646455,-0.3736997509974747,-0.797288866742231,0.4048222721455948,-0.08124950056779011,-0.32967012783366884,1.2089149908170398,-0.21381283593629907,-0.23624756892370918,-0.3774257129099577,-0.08602139992103093,-0.30067051994054944,0.727816553705391,-0.5777891396749576,-0.44418595527419347,1.3747096146181943,1.3912339922281118,1.2139488961589564,1.3793947163674207,0.685551422034981,-0.9109192107235891,0.36097743874312516,0.20681115484752174,1.3850479337254955,0.22375118528598154,1.657683880867927,1.7652528513873038,0.845047227751231,-0.8859960529555155,0.4907891250823656,-0.33472128977358057,-0.0638372892570254,1.1440101618500185,3.175571518023553
13095,Dougherty,Georgia,-0.06330602662518107,1.1389815655776074,-0.6911800296927606,-0.7051018460420599,-1.852016649038718,-3.7744712510736234,4.139988463542227,-0.32828463557543974,-0.2542446370038667,0.3608415980260849,-0.48247525155336546,2.25478301491429,-1.292402391710607,0.9176382690906666,0.6027657928866248,3.1618907273236494,2.04927739440905,0.7190356431302639,1.1440334054913477,0.3466656396074421,0.32403993835429434,0.8599295703192427,0.679926419773712,0.09455305416632064,-0.7773892538817175,-0.3288821326072644,-0.7250785962868725,0.7744144210776271,0.044879590374612754,-0.3807123779124041,1.9489395120547275,-0.055069415471841396,-0.21338302602938275,-0.340664067084177,-0.08602139992103093,0.6511704674895142,-0.2586574675929964,-0.029659490240622668,-0.49065224931189577,1.5101446835917833,1.5501444304869296,1.2467358297972186,1.5050949911673293,0.7509052894071127,-0.6088011392263176,0.9816693649883691,-0.1600145331336261,1.5100424311711211,0.463558528154479,4.515570392642616,2.194689414170604,0.6051264205596165,-1.1836635022878363,1.0351138903238184,-0.04910460540371149,-0.0159288258287392,-0.06754614682896304,0.3433876290462732
13097,Douglas,Georgia,0.10769698594866292,0.9681324017343084,1.5093191274137507,-1.643589103888337,-1.1855039819410302,-2.4768149251360336,2.763580978632803,-0.2506631936635848,0.07349183772149333,0.309890719623605,0.0333824828892932,-0.6190449095079227,0.4937522901644275,0.5842884892545901,-0.1820027886588462,0.8994724684141141,0.6946116543217842,0.19049022811934066,0.7063862151606998,0.631453607063642,0.812892267825792,2.1690719214290612,2.398756114947794,-0.8221988482510404,-0.16324285622453602,-0.41593462207719867,0.9894835690164524,0.43838837842255707,-0.1549731075376653,-0.3913290477288611,-0.4484436173132943,-0.3961047830677911,0.006045510922451431,-0.30816421420363915,-0.08602139992103093,1.7763195234899158,-0.8834228179919853,0.09198662983250754,-0.5902271345478184,0.9524708701711208,1.0204429696242032,0.6893579579467677,0.9337301057131965,1.5991718128494712,-0.2137236611145012,-0.24489199374103837,0.09650692699305076,0.9434007094176171,0.6265525815104107,1.5040340684069222,0.9063797258207039,-0.354556808206841,-0.588328603623195,-0.8700227880212664,0.01082230786228162,0.08137029595500761,-0.8361042798118158,0.3982874307710323
13099,Early,Georgia,-0.29106597791258326,0.3990010627680405,-0.5067373196201103,-0.11522785374147824,-1.5396650527200522,-2.5255160964018257,2.8140379207510806,-0.30683109160664607,-0.3651110347953878,-0.44508856756646714,-0.538551521046722,2.2031573635773642,-1.078442738222867,0.7215501633047392,0.10336760463041615,0.9478559349335544,1.0846151702064433,1.6002464617839405,0.02073536211738141,-0.25447023404534175,-0.3823458949454718,-0.4280138794968355,-0.3407349841605094,0.653466587253505,-0.7699455897030522,-0.38131537057832676,-0.7527900016194743,0.8336646368895905,0.1398366897956833,-0.29640522077068937,1.5826110219109524,-0.15428951745608577,-0.2292748231573482,-0.34875168485151764,-0.08602139992103093,-0.40833220592357067,0.29503116489654535,-0.11054503866906297,-0.3554085261848524,1.5101446835917833,1.5183623428351665,1.2631292966163485,1.4936676934582471,0.9989832349421419,-0.8073962351755729,0.3368908863813696,-0.693579170197114,1.5017094646747458,0.17379132218837812,0.4797019853335568,2.194689414170604,1.3248888421344598,-1.1836635022878363,1.3072762729445448,-0.33112792083320874,-0.06676178685534585,-0.33794167234002315,-0.6173589011370115
13101,Echols,Georgia,-0.30917758888346125,0.6815317815976791,1.3520566499517779,-1.301230023389837,0.7928843399111215,0.21450669984094592,-0.25646961180773165,0.18546245601181902,-0.3122937609916454,0.26284733106379166,1.439360923498548,1.2222699881757704,-1.0511915407783265,2.2706461990135622,-0.7527435752373701,0.4909609695274537,-0.7339597150480225,-0.827510747471521,-0.8313892868973646,-0.2847825984374722,-0.4391713535308821,-0.47511425759242865,-0.637780895737213,-0.7252927655813542,-0.7609739801691733,0.11927025641841796,-0.8221413452514904,1.5753715322463364,-0.6624754652351436,0.03079805299502393,3.8452895064178767,0.19950256364709884,-0.23595718213942513,-0.4151076198627763,-0.08602139992103093,-0.5288710415421363,-1.0584708632037687,1.2573985369873666,-0.42650046675824105,1.6376129838022206,1.4547981675316397,1.0828011616059097,1.4936676934582471,0.4454759908720495,-0.817959804109044,0.48326301227203894,-1.1117091502035972,1.4989318091759534,-0.14095581532652454,0.9415648398607129,1.335816288604004,0.36520561336800217,-0.588328603623195,0.762951507703092,-0.36590125151659886,-0.0688988864693129,-2.8223675723768418,-3.583562894324733
13103,Effingham,Georgia,-0.13260109706033185,0.8650640800005303,1.6762893874579867,-1.6317883814598166,-0.19165587236158596,-0.16490761524847766,0.3244470964321415,-0.26086742280216196,-0.12403900066019923,0.009822158221584268,-0.3522512829437322,-0.9287988175294786,1.0918371348351616,0.23132989883992133,-0.6814009769150549,-0.5340427689579147,-0.20700516524339763,-0.1358426190452529,0.1789927592264874,-0.1765171156542038,-0.21048809836748464,-0.06487045871506737,0.1683631103827417,-0.5802034789758564,-0.6837117619787703,-0.1373901431771846,-0.8191466760373338,1.2350364955598796,-0.5897983350474797,-0.16902969305494303,3.816327238598359,0.27984185569869646,-0.007900453448958828,-0.3357700898645115,-0.08602139992103093,-0.07675968444737813,-0.8806522811041223,0.8893282571098078,-0.3802426753219898,1.4543773022497175,1.497174284400657,1.2139488961589564,1.3793947163674207,0.022676481546219835,-1.4052942368100332,1.2355045706468721,1.1610709865187598,1.440601043701329,0.2943194919113472,-0.16562722700266333,-0.38192996252919614,-0.1146360010152266,0.6023411937060877,-0.8700227880212664,-0.2023281028767551,-0.04304498639422221,-1.3850677328496201,-0.767526005854735
13105,Elbert,Georgia,-0.2646951911755546,-0.24135316598076698,-0.1728084261517949,0.3084156331724351,-1.1265395428767524,-1.0841693904576915,1.2928295800200302,-0.3023979776219334,-0.28499159604226393,-0.4834681073465733,-0.2712768778863715,1.0501844837193504,-1.013163421422469,1.2509880489267426,0.10336760463041615,-0.07605217055033849,0.4497388226238481,0.8247360247221516,0.04515084851468363,-0.16512195851795325,-0.25263293171413664,-0.20109169475331432,0.016961419827727177,-0.791912549639018,0.6786748055910617,-0.3173501702150884,0.39238227988921814,1.065246539903685,0.7906069365524659,-0.2761052221524339,-0.4373816676175753,-0.3384180883535603,0.09236451154343447,0.09669550367236962,-0.08602139992103093,-0.1751191242765398,-0.4726472238781669,0.5351222046151446,-0.4613576338079982,0.928570563881664,0.9992549111896947,0.7385383584041599,0.9337301057131965,0.7882503564769017,-0.9637370553909442,0.19793000737124034,-0.6474053073743122,0.937845398420034,-0.006688683251714943,0.3106871916264515,1.335816288604004,1.0849680349428452,-0.588328603623195,0.762951507703092,-0.2799785598226031,-0.06015721295475771,2.476326068581045,2.0113727814485136
13107,Emanuel,Georgia,-0.25458502282635176,0.7250743844451489,0.08648600582794895,-0.7110685398787244,-0.22045986647742388,-1.437539484683539,1.6764571213120776,-0.3080437085901832,-0.36805233804533044,-0.4490525781895568,-0.3718537655965366,1.1018101350562763,-1.180171389640522,1.0941175642980008,1.1021639811428334,0.9629097107820361,0.3238319699021646,0.32115299377275125,-0.16771036073494117,-0.2487918219423927,-0.32251034469583006,-0.17693658742530965,-0.14567182852865018,-0.31902880255988025,-0.532308406504718,-0.0040404175014573775,-0.7509853007254775,1.6369136392219366,-0.4654105701226981,-0.01148951724829334,1.901309318946337,0.028316883212527642,-0.22790202294794404,-0.35551403297967066,-0.08602139992103093,-0.2496676739939956,-0.5549853333979556,0.6473580970813215,-0.22604010850584524,1.3587760770918893,1.3912339922281118,1.0991946284250398,1.3108309301129237,-0.020003595104968054,-0.9848641932578863,0.25536717069542686,0.6685497830755402,1.3433831012436186,-0.051652560039558114,0.8945564789782697,1.335816288604004,1.0849680349428452,-0.8859960529555155,1.0351138903238184,-0.28392752256436593,-0.06402519123692454,2.4045368462968777,3.206250818987389
13109,Evans,Georgia,-0.2897070213326209,0.8115816442321684,-0.011996801155106533,-0.7417198328888073,-0.7215618819680469,-1.2661938628794163,1.4360256133309013,-0.2659977095956177,-0.1755060892629801,0.931096316627697,0.1442249952332593,1.65248374931682,-0.981381798206292,1.3882497229768895,-0.32468798530347687,0.44077410707697223,0.811542740877356,1.0511553107272364,0.2872156708505789,-0.20442469594977106,-0.2568274609963206,-0.10015738784614665,0.10986114525737696,-0.24869418121874198,-0.3382907043602219,-0.185320344478499,-0.8193207553913592,1.23056213417342,-0.50888586871376,-0.09930760626983631,2.436891417649943,0.1215259839021641,-0.005621347006506549,-0.33777916741183606,-0.08602139992103093,-0.12461163402151089,-0.39794201676964563,0.440686495171541,-0.6008235346144291,1.494211146065479,1.5925205473559483,1.2467358297972186,1.4022493117855863,0.16405423545327966,-1.525718922651603,0.6333407616029786,1.2842012873795647,1.4905988426795798,0.15193388208317643,1.5040340684069222,1.7652528513873038,1.0849680349428452,-1.1836635022878363,0.762951507703092,-0.336967145361313,-0.05896079302571565,-0.5689740255895499,-0.3541627928683135
13111,Fannin,Georgia,-0.24421126376120786,-1.9772614228048442,-1.267272044546373,2.4527364226190893,-0.6790846230218092,0.7351562764849118,-0.6343939811593309,-0.25525022462518054,-0.38993760836105956,-0.532408972516979,-0.5141974200033579,-0.41254230416021886,-0.5314281477051256,1.4862937758698533,-0.32468798530347687,-0.919826700560882,-0.013824378956591296,0.9340242569707438,-1.035962409252086,-0.2463414762089291,-0.3857762617542981,-0.5236581654053382,0.7683878452499523,-0.8208502965640478,-0.38483806650100344,-0.46506271280991457,1.305678926222333,-0.07285844502308228,3.9517178282672574,-0.38862974526456984,-0.6244128198262326,-0.4032855139013654,-0.14020300619497464,-0.31916440614926744,-0.08602139992103093,-0.13848305928878019,-0.9823634611816175,1.0148620046879573,-0.44796878818623714,0.5222653569608955,0.4165833042406957,-0.2778565843819527,0.32808332713181615,2.4781146413848707,0.8489713735926844,0.3980336731458265,0.8019409423414121,0.32398353318707246,1.7406575285869712,-0.17587054783339698,-0.38192996252919614,0.1252848061763878,0.3046737443737671,0.4907891250823656,-0.22349529179113303,-0.05691788718290269,0.9865107829709482,-0.12326068561417954
13113,Fayette,Georgia,0.014204287790130235,-0.10243375044225007,0.4251418154605016,-0.11735787125186316,-0.7229249426104101,-1.1307400673367756,1.0737817739694204,-0.269029703011102,1.4099861502724054,0.13245715609203473,-0.1644294593517257,-1.5655151840182324,2.6661600904788307,-0.10201988099615492,-0.6100583785927393,-1.2771378513182698,-0.26288188235462445,0.20075722019446732,0.007301807015701896,0.29372291940511824,0.6228762234249074,1.9148027316067988,2.954235613823956,-0.8220093442472319,0.3305086895519295,-0.4102178298532044,0.09426771063786168,0.7633319972350999,-0.13022943663845046,-0.4164699565727646,0.2629336122836404,-0.35502854122457217,0.012184226784319404,-0.2011321374199167,-0.08602139992103093,1.7121042512319724,-0.6598211645595433,-0.09767973360754534,-0.591537722328369,1.0560388640921012,1.1157892325794947,0.8860795597763388,1.0594303805131067,1.311081295453953,-0.07217183740598941,-0.07813893892888318,-0.38575341804510194,1.0683952068632427,0.4723015041965597,0.24922726664204958,-0.8113665253124961,-1.5541608441649128,0.007006295041446424,-1.6865099358834457,0.06120433488041199,0.049208835730980345,-0.660430601768833,-0.5850649001224475
13115,Floyd,Georgia,-0.03243076743129437,0.5857578035057726,0.1697550284732107,-0.6241883098656273,-0.7374369604587566,-0.2634858579977062,0.3712839565995356,-0.22717663912734243,-0.0032668248745425068,0.49313189026391097,0.1306073428357233,0.32742536500238506,-0.35707539831184365,1.2313792383481499,0.03202500630810057,1.303784269507571,0.7992057667336654,0.10887986873255942,0.7078820008673462,0.01208511067441413,-0.01805591120141349,0.2502363749340083,0.8007226133410216,-0.7374041984074629,0.4540459212780247,-0.28939251234547597,0.7131779813932537,0.5648603025564477,0.9140525621184579,-0.25772904433597466,-0.5199733896139679,-0.3263576842939841,-0.0730755343818072,-0.28056441625842254,-0.08602139992103093,0.30128740992037406,-0.5206180669964342,0.3760801028698286,-0.35386709623840934,0.8011022636712268,0.87212656058264,0.6237840906702457,0.7737479377860395,1.9619524643845676,-0.14611681994028655,-0.07813893892888318,0.41972396675266355,0.8017402789792423,0.9512916916448338,0.5411619103179587,0.47694316303740386,0.36520561336800217,-0.588328603623195,0.4907891250823656,0.009287639877331142,-0.03114714875679779,0.7428008721117426,1.2460049574033425
13117,Forsyth,Georgia,0.3944514682493889,0.3704458183578715,2.71637673261973,-1.6940879477497832,-0.21016324789068833,-0.44917331043217607,-0.37654384232526894,-0.28403818293875277,5.062205971003914,-0.19656193922052254,-0.0077370191229966,-1.7203921380290101,3.9545170799916294,-0.18045512331052588,-0.7527435752373701,-1.5346683543918536,-0.799387187043801,-0.5581438455673634,0.24047473969309874,0.48911304463947475,1.4865521107910848,2.5058177346796726,4.1177471047628,-0.8221988482510404,0.009699291452051603,-0.43385981846414945,0.6114822189247653,-0.37809481600489153,0.09146537448894157,-0.43005431798865523,-0.49997156408963994,-0.38619469709392357,0.1927806943326232,0.3042639878010685,-0.08602139992103093,2.5327160616444955,-0.8051691271560367,-0.3106544929513771,-0.5559061170446501,0.7453348823291609,0.7449982099755862,0.3614886215641502,0.7737479377860395,2.2020278955474994,0.1792411032106214,0.49067425915257934,-0.3677969158362345,0.7045223365215334,1.1598741200773286,-0.49853515400150705,-0.8113665253124961,-1.7940816513565272,0.3046737443737671,-1.6865099358834457,0.20162645550338085,0.13584870172673222,-1.3311705423305265,-0.24113378931733892
13119,Franklin,Georgia,-0.25252608645627944,0.27871373835035257,-0.2578954436068149,-0.1283371023708109,-0.48291927656129974,0.13067038354628563,-0.004063744710145191,-0.26958254237794743,-0.11837606041276134,-0.34050704931045084,-0.3562572255644103,0.4823023190131645,-0.5512659211597155,1.4666849652912626,-0.25334538698116177,0.6388164493992974,-0.00833369850737553,0.013844476924290553,-0.33818948192746257,-0.07780396337655447,-0.08212886201506293,0.16611013641969744,0.5877911011366923,-0.8066083768266122,1.9973216519022807,-0.3039320403554905,0.6952563001221822,-0.28862145184392396,0.3878068095085967,-0.32421093505230103,-0.29070338454330985,-0.275981511465415,-0.05992852312424568,-0.31531374272745283,-0.08602139992103093,0.1762239715985464,0.10955052793717775,-0.18258899666772457,-0.5415119910230348,0.8489028762501408,0.914502677451658,0.6073906238511133,0.8994482125859489,1.5444879646401366,-0.6658444114670611,0.2294278066135363,-0.43705771007043714,0.8572933889550751,0.49728143574536143,0.24410560622668276,0.47694316303740386,0.6051264205596165,-0.29066115429087425,1.3072762729445448,-0.27501896206636073,-0.05256037616474487,1.374154265946552,1.543109766737333
13121,Fulton,Georgia,2.7951332015391848,0.7379323633109715,2.0078912911031472,-1.6798079734276443,-0.7639821583745189,-2.5040339622695544,2.3760499114496447,-0.30332757316786263,2.269845809112158,-0.33765412547901813,-0.18367300416441396,-0.11999694658430474,1.6140030264236245,0.1528946565255504,-0.1820027886588462,2.468980747264747,1.456304982080243,0.35483578544655375,0.8911091781939126,2.640321789144496,2.9072610097854414,3.6209131216350317,4.862388061245637,-0.8221988482510404,-0.5211988874574591,-0.4569068537643054,0.07229591123690887,0.1846154557252648,-0.00042136706058074503,-0.4272164977645821,-0.4616248799289807,-0.39042706085161655,-0.14471384554932865,-0.31930779324616504,-0.08602139992103093,3.997801201944501,-1.0453924765008373,-0.7096297348158306,-0.3420718062134542,0.928570563881664,0.9992549111896947,0.7385383584041599,0.9680119988404441,1.6311818703378618,-0.08062269255276605,-0.09851986785036904,-0.2472318295766962,0.9461783649164094,0.6465365267494522,7.988056154261324,0.04750660025410388,-1.5541608441649128,-0.588328603623195,-0.59786040540054,2.1706616265845393,0.34566860655022663,-1.354666065660412,-0.33155699215811846
13123,Gilmer,Georgia,-0.2290372248802055,-1.1970421481438414,-0.47305909058646634,1.3384034953775974,-0.02708898306508538,0.6539592305127717,-0.5974076540352812,-0.22612546153191104,-0.37333417837345834,1.2843005906626508,0.14716895022707918,0.017671456980830835,0.08821054078824275,1.9569052297560805,-0.1820027886588462,-0.35215375917158864,-0.038243468249515127,0.2686177120100483,-0.18087134152157744,-0.2212338408932671,-0.3548760501265382,-0.4918551287030797,1.1076846252207708,-0.8197447113750435,-0.4355642760826461,-0.4766079757688058,1.5314517053594559,-0.13285730130391546,3.3727518937631693,-0.3882305598551617,-0.6203973031516262,-0.400845517851135,-0.1912952585391508,-0.3309886801986575,-0.08602139992103093,-0.020578058171084122,-1.0042277120023742,0.9852154226275631,-0.4190613917993204,0.5620992007766571,0.4907415087614769,-0.11392191619064394,0.41950170880447707,2.614157385710532,0.6461508500700408,0.26092560585583224,0.6813758560818738,0.40731319815082295,1.6688402253841657,-0.10928896243362825,0.04750660025410388,0.1252848061763878,-0.29066115429087425,0.4907891250823656,-0.21604653742515387,-0.0556613607475516,1.0087196496609407,0.3918286305681196
13125,Glascock,Georgia,-0.3122088821167825,-0.2763535373578094,0.9678688024305111,-0.22741652513090885,-0.25672797519280655,0.26999861083581334,-0.09185514812829594,-0.2620350201510711,-0.5112583325801842,-0.5687318305178382,-0.5691244414403418,0.41346811723059507,-0.4373874915363082,0.4274180046258487,-0.1106601903365306,-0.3910990692484973,-0.2574063840437709,-1.0654912531485656,1.4551451879588702,-0.27958891124058544,-0.4206192537244248,-0.3593546213784377,-0.21685201002489354,-0.6315704811345219,-0.1428179831206977,0.22448821410935046,-0.29438785131209316,1.6873839358029834,0.6204145170631856,-0.17315970082684687,0.6173174203094945,-0.2689100844659235,0.03866773349429459,-0.3930006776075682,-0.08602139992103093,-0.36774211404512913,-0.6864833323394882,0.8261798203538807,-0.6323967856913295,1.143673320486777,1.2005414663175304,0.9352599602337309,1.11656686905852,0.1880617785695728,-0.6869715493340031,0.27760091133704773,-0.049710305279155126,1.1433919053306194,-0.03354210966667686,0.48994530616429044,0.47694316303740386,1.0849680349428452,-0.29066115429087425,0.4907891250823656,-0.36530235669320354,-0.06658674696662614,-1.4009644601779927,-1.565187830914471
13127,Glynn,Georgia,-0.07110831181703406,-0.25435928100757677,-0.06980192659723018,0.2690988665516115,-1.3897017834692793,-0.992939739646053,1.1565590372468468,-0.27085123763809943,0.03340004894763532,0.37949587057906703,-0.2110183947759356,0.15533986054596688,0.1575397836572249,1.3098144806625207,-0.32468798530347687,1.1184798330509376,0.7075553075884727,0.25748660214895536,0.5253793943433047,-0.0005630756081373857,-0.09164816285544422,-0.033063510918880795,0.2825847069533291,-0.8220052086840892,-0.8116964172463561,-0.38805582104936687,-0.8287735580441786,0.7566650258955047,-0.7125042972551214,-0.3334933761951935,1.2103068059239637,5.255152630436897,0.2734159734961756,2.052165578331392,-0.08602139992103093,0.03795089242720515,-1.1766475269145047,1.1275767034597708,-0.3042136910070953,1.661513290091678,1.656084722659475,1.2959162302546108,1.6422225636763215,0.08402909173230248,-1.065147317152266,0.9131153313433719,0.4735934733792659,1.6322592731179546,0.14756239406213612,1.4886690871608217,0.04750660025410388,-0.1146360010152266,-0.588328603623195,0.2186267424616392,-0.023164973365402165,-0.040397154672619236,-0.46612411688990546,-0.5656884995137088
13129,Gordon,Georgia,-0.15114909710537877,0.45844302580784085,1.1394390616075831,-0.9898153746441548,-0.32005696977770653,0.42814080473608207,-0.35349221165706757,-0.26784571169623894,-0.09321935982631271,0.7116558354295607,0.48401520263882924,-0.37812520326893484,-0.1612374479106495,1.5255113970270409,-0.32468798530347687,0.7967355427148216,0.5960467864197532,0.06213195388133898,0.7197202396116668,0.0722471243222392,-0.0263231908100621,0.12423402513412629,1.1415888697195833,-0.7038510258511914,1.2564687335546965,-0.29424097224611595,0.4180301515760846,0.3399095380558854,0.6846464284956979,-0.24314826469889053,-0.554881865668988,-0.26938120862572473,-0.1306573570807646,-0.34539547523616326,-0.08602139992103093,0.3609356467370027,-0.12449664423990323,-0.03478953890441881,-0.4733093007840418,0.7533016510923127,0.8085623852791127,0.5909971570319834,0.7737479377860395,1.9352774164775755,-0.055270127112435743,-0.14484016085374546,0.560810769822336,0.7628531019961577,0.9775206197710758,-0.28854707697146714,0.47694316303740386,0.36520561336800217,-0.588328603623195,0.4907891250823656,-0.17807286252924506,-0.03702627028157246,0.08777112730856702,0.9279090474098853
13131,Grady,Georgia,-0.24876552557552145,0.23415141105958892,0.1519923664946408,-0.29141403200862537,-0.7877186322616733,-1.1873781137951842,1.3426403694696116,-0.1365369922650165,-0.3682832758888773,0.4967441001726016,0.16415485412694877,1.2394785386214122,-0.9005205624640533,1.6823818816557823,-0.32468798530347687,0.9068831984102707,1.3327794070472165,0.5124381103131912,1.5987684454223243,-0.24072019735309122,-0.358507551887427,-0.33010730051046666,-0.13925286386441904,0.35472947988113346,-0.747703607872811,-0.39724495726544873,-0.8216199851502062,1.4585400781049827,-0.4209170795297074,-0.357499498887697,1.9944016025754459,-0.07786745306858901,-0.24313127022944275,-0.32612006856761167,-0.08602139992103093,-0.3097273840496868,0.010951165241490172,0.1230725397999229,-0.3972654234261864,1.6057459087496115,1.5501444304869296,1.1811619625206942,1.5508041820036604,1.149697255616649,-0.7123241147743338,0.16272658468867401,-0.6320140197667115,1.5433742971566211,0.2287471715957418,0.7665149685940991,1.335816288604004,0.6051264205596165,-0.8859960529555155,0.762951507703092,-0.2751499703089784,-0.05969201425245765,-0.5701638558506963,-0.6771028030139554
13133,Greene,Georgia,-0.2672432347629841,-1.3413981513580986,-1.6661904226090585,2.0655962740842906,-0.5393060497628471,-1.3986223919993908,1.5601525101152167,-0.1885157559869295,-0.18755224696391348,-0.11627649029846913,-0.23984135472780102,0.08650565876339886,0.3604479439747608,1.2117704277695571,0.03202500630810057,-0.37129329936086336,1.0517966137593187,1.6570996978566104,0.48139219110514914,-0.2539619200180272,-0.3467798978859659,-0.34079893829148106,0.14076354349103987,-0.8136455967472919,0.02498254077023,-0.1108514242197095,-0.0981251053790068,2.1386561443975927,0.7585215361515921,-0.21910234773893278,-0.24189889786237784,-0.37969059600063837,-0.07796425512133626,-0.019089020909570608,-0.08602139992103093,-0.23640279772906914,-0.7898319402549157,0.8699540001722045,-0.4374319602914697,1.0241717890394921,1.0946011741449853,0.8205056924998143,1.0251484873858574,0.7549065465931611,-1.010216758698217,0.4814102005519039,-0.7782312520389174,1.0322856853789506,0.027658722627887357,-0.047829037449226335,0.9063797258207039,0.1252848061763878,-0.588328603623195,-0.0535356401590872,-0.26659700361236416,-0.06145402258171424,0.645265444543253,-0.514018097890406
13135,Gwinnett,Georgia,2.4211653376907867,1.1037388835117272,1.8671215268841763,-1.9467126173812253,-0.5731084230736496,-1.9233172955705318,1.4148766900513787,-0.1970216745283119,4.071829610144786,0.10393772623254058,0.8605049578417407,-0.9115902670838365,1.1328168952240552,1.1529439960337788,-0.5387157802704237,0.659008401649717,1.2913996768314326,0.7526026852552086,1.4742525576192145,2.119797299860563,3.808261039951709,5.292661698763077,4.755086863883172,-0.822112380351956,-0.4742263397922016,-0.46812658768873444,-0.12489218019407064,-0.09956054614380186,-0.1233491319487008,-0.44154346087999624,-0.44465423790854935,-0.3868922548268167,-0.037621352415102643,-0.3356526031251446,-0.08602139992103093,4.70486963289053,-1.0240529747869465,-1.0356411266064802,-0.4146828371688445,0.8409361074869884,0.8933146190171494,0.5746036902128511,0.8994482125859489,1.7672246146635235,0.048252848435580406,0.20163563081151037,-0.3703621304375012,0.8434051114611167,0.8195225527249049,1.1301528580851437,0.47694316303740386,-1.3142400369732985,-0.29066115429087425,-1.4143475532627192,1.6051551895935188,0.37750511602308656,-1.2748267685796268,0.2949466275244268
13137,Habersham,Georgia,-0.1881543048377596,0.252641655233593,0.07673193154872827,-0.2709677155454398,-1.0370947043962995,0.37591017618845846,-0.3986653301868784,-0.17753549039959865,0.24859863550707592,0.5773698323133346,0.4148869793416003,0.12092275965468287,-0.3038085740877544,1.66277307107719,-0.32468798530347687,-0.8224310537199273,0.0961161612138323,0.4236657749232747,0.2960589321295094,-0.10902037656003474,-0.06534881852836724,0.16522112738296882,1.3328733485367494,-0.8200328242797688,0.28993893238510426,-0.43265414961912146,1.366798426158388,-0.18540335576560446,1.9974316217061066,-0.3988055730021487,-0.5987723833122143,-0.397896108675038,-0.1524109249129736,-0.3806298854462474,-0.08602139992103093,0.37732396674760216,-0.6762322306277329,0.4945439687598771,-0.5321963926510532,0.7214345760397035,0.6920280638893135,0.13198008609631925,0.6251930675679653,2.6848462626640615,0.6546017052168178,0.5462586107566308,0.5043760485944669,0.6073043940638245,1.7575189823824113,-0.06319401869532681,0.04750660025410388,0.1252848061763878,0.007006295041446424,-0.0535356401590872,-0.19486063304754483,-0.036901942581066924,0.9960387277201307,1.4736776645560201
13139,Hall,Georgia,0.2778535794457631,0.7659171704076938,0.5695382695371657,-0.989264731056943,-0.14468507418397952,0.14330372137033712,-0.11421900804670036,-0.21708933594969562,0.19211666312386916,0.1482980125851658,1.3875497920377247,-0.17162259792123075,0.7534280582568627,1.917687608598895,-0.7527435752373701,0.26535447277768465,0.8281528540400322,0.5287264477762922,1.0847748055551274,0.32861896772249155,0.6591139442428979,1.3405073028382066,2.1947210800376458,-0.8195594322483114,0.28828505791516346,-0.40425919769171476,1.1307040665802341,-0.33851865309548773,0.18829370855334499,-0.40208110968889177,-0.5745827136389594,-0.39470857883508753,0.02575575370566873,0.26238305723418326,-0.08602139992103093,1.3258864879934396,-0.6765144698239417,0.08529274976230428,-0.4202751748006257,0.77720195738177,0.7873743268446042,0.3778820883832824,0.81945712862237,2.1420090377567664,0.17290296185053855,0.2220165597329959,-0.195927537551361,0.7406318580058248,1.0811873356986037,-0.02734239578775903,0.47694316303740386,-0.5944776153984553,-0.588328603623195,-0.59786040540054,0.27864058669937136,0.028735245566459868,0.002211992142116756,1.0926084525841626
13141,Hancock,Georgia,-0.29614156358731347,-1.113464896697138,0.32273102138590476,0.8650879197758772,2.6901490126569017,-3.7741028512240793,4.116172129867691,-0.30093081001441335,-0.29481601137627356,-0.5067286371294727,-0.5067294778157176,2.8742908309574013,-1.6479035291546253,0.2509387094185141,1.31619177610978,0.12562144972356795,1.4784282197582834,1.4540220174552454,1.480781448676037,-0.2861354549502492,-0.45201385254713466,-0.5265065776855117,-0.16074131238564857,-0.8189580735922403,-0.4037759671580141,0.12816269521564505,0.1018751051728597,2.173333498069683,0.6571031508902493,-0.040844105041719383,-0.17300565019970382,-0.37756530562390234,-0.10877897958410364,-0.3076980274237144,-0.08602139992103093,-0.4207677887950156,-0.9890694422339823,1.1432532956979629,-0.38412975953475914,1.1197730141973197,1.1687593786657673,0.9352599602337309,1.11656686905852,0.2934282178021927,-0.8221852316824324,-0.08555018580942358,-0.4191012078615697,1.1267259723378686,-0.2365040535006915,1.4425741434225203,3.0535625397372037,1.5648096493260741,-1.1836635022878363,-0.0535356401590872,-0.33363579290617656,-0.06718729739586997,1.8417308862095565,1.3089782593817427
13143,Haralson,Georgia,-0.23365591998063798,0.37481096439102174,0.8853924496573766,-0.7862470951274031,-0.666272387612067,0.49396634499814396,-0.35513010804149725,-0.27557560751538956,-0.3002930888701293,-0.502140959234953,-0.5600848930262665,-0.01674564391045318,-0.4600396203944904,0.9372470796692594,-0.32468798530347687,0.39771964148211125,0.05659013141241445,0.01310011364026317,-0.06910814119853284,-0.1751084171108082,-0.2468935421180652,0.10419300766189829,0.33122487104211235,-0.8173970629349198,0.13349451774092458,-0.21138741341203218,0.9442304485872568,0.9349018288607255,0.25422988334755936,-0.06873164793831193,-0.36930391347415187,-0.38462535587549684,-0.13283189959212413,-0.37828619384750206,-0.08602139992103093,0.015123762072510982,-0.7444257105543653,0.7172168303131021,-0.529091193193726,0.8648364137764457,0.8933146190171494,0.45984942247893684,0.7508933423678746,1.712540766454189,-0.2707669333552447,-0.1485457842940155,0.42741961055646416,0.7961849679816584,0.7758076725145016,-0.2373304728177989,0.04750660025410388,0.6051264205596165,-0.29066115429087425,0.4907891250823656,-0.2597284286065492,-0.04888011334910537,0.5120102786880611,0.9327531475620695
13145,Harris,Georgia,-0.2177116104519414,-0.5353257531690307,1.0339444555803377,-0.02173727567616139,0.008947727611096688,-0.32056484160750737,0.46649826507198316,-0.2707384299357095,-0.07413582935677851,-0.041777742975991544,-0.42420584580829107,-1.3762211291161703,1.258227317720719,-0.18045512331052588,-0.5387157802704237,-1.9813742753758539,-0.32496369061550934,0.6466511894370248,-1.0315721016063317,-0.26074133671524885,-0.40679598057689015,-0.2182050426772537,0.0001137002690793308,-0.8220390764955453,-0.16590750982607075,-0.12997446690808562,0.7365539659691278,1.4756952313568656,0.28620761010784573,-0.12214875897858098,-0.251094357748318,-0.3797276876855987,-0.17380811603297094,-0.21378575967165694,-0.08602139992103093,-0.2519794689533287,-0.8844712178727454,0.9686892474699187,-0.38788280636088124,1.1675736267762338,1.1157892325794947,0.8205056924998143,1.0822849759312707,0.6882189268256802,-0.055270127112435743,0.29798184025853325,0.1708981504297873,1.1017270728487427,0.4479460709364779,-0.15538390617192968,-0.38192996252919614,-0.8343984225900698,0.6023411937060877,-1.1421851706419928,-0.2451490827495197,-0.055298921643213816,0.5124145878725904,1.165269954866932
13147,Hart,Georgia,-0.24416147440375235,-0.4829760471132897,-0.1706624164756872,0.5299493634679056,-0.23217750408702023,-0.4463599346681276,0.6527288454416751,-0.33635878395127977,-0.2218540500969285,-0.609158855396227,-0.4304195287622119,0.017671456980830835,-0.34835776084217956,1.505902586448448,-0.25334538698116177,-0.392283774212712,0.6798997138096324,0.9288521179906593,0.6998985400704976,-0.07579858006303092,-0.1406996542684021,0.31374586944719074,0.7082959681917359,-0.7788154324323247,2.008755654152077,-0.3472280683706652,0.3790152364356218,-0.1918841586187614,0.26441818673507345,-0.37593628428996406,-0.508095767700264,-0.3642308576480994,0.04120919628911695,0.35724516734927897,-0.08602139992103093,0.24266928323443754,0.1420898803230519,-0.24291106101904197,-0.5487053307731022,0.8648364137764457,0.9462847651034221,0.6729644911276378,0.9108755102950309,1.0723396166863712,-0.9257082072304486,0.24239748865448174,-0.38062298884256807,0.8850699439429927,0.217506202398781,-0.032464056203125854,0.47694316303740386,0.845047227751231,-0.29066115429087425,0.2186267424616392,-0.2545255298283025,-0.049544618400496725,0.38146630446896246,0.07050332047320552
13149,Heard,Georgia,-0.2859903922378531,0.05691353744961338,0.5049350331693111,-0.30389986735532687,-0.014901921490900454,0.17018074386433338,0.028047626802123513,-0.23351112108096733,-0.40323018820625434,-0.636914491282043,-0.4912198822130542,0.37905101633931104,-0.462510761724474,0.8195942161977029,-0.32468798530347687,0.06108589123591721,-0.2742425781582316,0.15820908359098612,-0.829111375942551,-0.21808104363571934,-0.37894052471492984,-0.28480534858706386,-0.32056733782487795,-0.8214464819352001,0.09276345367277486,-0.21019976840401408,0.4616100980176063,1.9181534988919056,0.21926502336748277,-0.10895317091632425,-0.33515973188896386,-0.34427153242416497,-0.07582684662728775,-0.2879720899846884,-0.08602139992103093,-0.3449022294360803,-0.7668430583947964,0.8944464989417259,-0.5156576684430826,1.0480720953289488,1.0204429696242032,0.7057514247659,0.9223028080041145,1.4711315828959075,0.05670370358235742,0.04044101115976023,0.38894139153746254,0.9767325754031178,0.8139020681264243,-0.262938774894633,0.04750660025410388,0.845047227751231,-0.29066115429087425,0.4907891250823656,-0.33438441143542075,-0.06260889822181041,-0.47525820631623084,-0.05059918333141021
13151,Henry,Georgia,0.36606860571401084,0.8561426926168075,1.7034093485706825,-1.6370754976770372,-1.103783222653599,-2.496039340038278,2.6702388514769497,-0.2707334579708477,0.7724605707477632,0.1652207216323142,-0.18191992728361508,-1.1008843219858984,1.181004151158734,0.07445941421117944,-0.1820027886588462,0.15428599007966726,0.24280934285354633,0.12586042988862842,0.3664814119988188,0.53031202815943,0.8522342589549883,2.0154998456490967,3.124212549310765,-0.8147943185936878,0.4533832045299401,-0.37940026793173043,0.1839650356735857,0.6520927192538318,-0.21450789160508307,-0.37700202968236046,-0.2086669992507655,-0.38034498526705324,0.0016770959902353132,-0.22910387208390048,-0.08602139992103093,1.9116276366591998,-0.5971182179717355,-0.24478165399626378,-0.49685520170506997,1.0401053265657965,1.0840071449277306,0.8696860929572088,1.0822849759312707,1.2470611804771712,-0.3595009123964013,-0.2726841695430643,-0.45244899767803765,1.0572845848680767,0.2755845432497452,1.5142773892376558,0.47694316303740386,-0.8343984225900698,-0.8859960529555155,-1.4143475532627192,0.2540297525504704,0.07941998430214754,-0.5978022536515629,0.8068065436052696
13153,Houston,Georgia,0.1414365975891083,0.9246026217076885,1.1522402276555392,-1.4256543880441048,-0.7636091261564042,-1.5083855770520587,1.6149197004290115,-0.2531242732623492,0.877440729770847,0.457338441932728,-0.23074755312520911,-0.6018363590622807,0.6808726030959575,0.2705475199971068,-0.32468798530347687,0.9874858872688538,0.12145086337484418,-0.6404694468533144,0.3816177682089721,0.3362603037416855,0.5459410766714597,1.0645699286967798,1.1856360651837752,-0.07733384236970772,-0.6056407531816492,-0.3077455812516875,-0.6100008740901876,0.7569680304528339,0.7458522435290134,-0.3294632559577022,1.0887128217735522,-0.28879354246154915,-0.11457380176841105,-0.36650724066236895,-0.08602139992103093,0.9237495334617124,-0.3501880962945259,-0.05835283935221155,-0.45698652569900283,1.295041926986671,1.338263846141839,1.1647684957015643,1.3565401209492551,0.5468411729186206,-1.0524710344321009,0.16643220812894438,0.28120237828425826,1.3294948237496618,0.06950010797213048,0.7152983644404308,0.47694316303740386,-0.5944776153984553,-0.29066115429087425,-0.3256980227798136,0.0958092263947222,0.016017884842170763,0.9910643016457434,3.17880091812501
13155,Irwin,Georgia,-0.2933328580696757,0.21800109894564398,0.6623777533658717,-0.5307159618009462,1.2291807100936871,-0.992172615154301,1.2069403715944693,-0.32759960843914526,-0.3199890464506518,-0.49794186528335704,-0.4251444004885216,1.0329759332737083,-0.920152407474478,0.7607677844619247,0.6027657928866248,-0.24284170515524653,-0.5993915769937432,-0.6203743085899169,-0.3219137935720262,-0.26539975301966956,-0.3975290059197016,-0.4080985534748168,-0.24813466388479902,0.725502963312002,-0.745748280188232,-0.35344209442548347,-0.8207782268733012,0.748629525172434,-0.5817644076179768,-0.38352319760123255,2.111270933704579,-0.06303465184456047,-0.24409155045035968,-0.2617153052446664,-0.08602139992103093,-0.38311636625447104,0.3769089283563331,-0.20103482066201853,-0.4696753983016062,1.494211146065479,1.4759862259661476,1.2139488961589564,1.4251039072037504,0.4321384669185533,-1.124303303179704,0.8149163101762142,-0.4550142122793046,1.4600446321928706,0.033903705515087895,3.7114697074300245,1.335816288604004,1.0849680349428452,-0.588328603623195,1.0351138903238184,-0.3402610668899872,-0.06546268295292682,-0.34430824350567907,-0.15878408673019997
13157,Jackson,Georgia,-0.10717630811495807,0.5045197289331178,1.3509710802393515,-1.1376116146651916,-0.2776736178664924,0.2241475548920149,-0.15432148339660287,-0.28303660806967024,0.18342453287734103,-0.3330254074053011,-0.09634074541124217,-0.7222962121817748,0.7497899890766092,0.6823325421475538,-0.8240861735596857,-0.7738785911441242,-0.5413161556270876,-0.503863212984153,0.1035098160009169,0.14528619080103963,0.23289580154714148,0.7737913504750167,1.2627379550617033,-0.8190061142697174,1.222379258651418,-0.39001155990941483,0.8767653993705766,-0.2714402558783334,0.5784262500917942,-0.3923804723377361,-0.16597983208188044,-0.28635355202269225,-0.08112740755329931,-0.3535824811204122,-0.08602139992103093,0.7105823922464755,-0.2533062435051414,-0.060512142965239595,-0.48448652952612375,0.8728031825395975,0.9250967066689126,0.6073906238511133,0.9223028080041145,1.6205118511750651,-0.43344589493069846,0.8464141094185099,-0.45244899767803765,0.873959321947825,0.8057835903730635,-0.05807235827995999,0.04750660025410388,-0.1146360010152266,0.3046737443737671,-0.59786040540054,-0.13250070956150828,-0.02638932013742597,-0.39593260448188994,0.2674967266620475
13159,Jasper,Georgia,-0.2792659001956254,-0.08371805980288977,0.7431975287711603,-0.2929976139109925,-0.41371459007096795,-0.43599527725598836,0.6717528377423148,-0.25261313932724716,-0.5008935924770213,-0.6130835870141833,-0.410572572482773,-0.3609166528232928,0.2392247331761247,1.074508753719408,-0.46737318194810806,-0.6397240879503318,0.2703020575697054,1.097080316388478,-0.6028768529470387,-0.2737622029911625,-0.4441953669617104,-0.5080930925756731,0.08508512742422378,-0.8206837233747648,0.18339899895786774,-0.20001920035710408,0.47206882504218534,1.6193122434072444,0.8034835055238392,-0.2426787845453525,-0.19425007007827988,-0.3750525676613473,-0.16435371458007614,-0.31063481882485,-0.08602139992103093,-0.342533116224691,-0.7250808215127175,0.8528215541838706,-0.4615065642376063,1.143673320486777,1.0946011741449853,0.9516534270528632,1.219412548440263,0.7429027750350147,-1.0545837482187952,-0.2115413827786074,-0.5601880109312419,1.1433919053306179,-0.17155623147380686,0.1519157187500799,0.9063797258207039,0.6051264205596165,-0.29066115429087425,-0.0535356401590872,-0.321040286151644,-0.06293479929464445,-1.4285958642531562,-1.6846756346683585
13161,Jeff Davis,Georgia,-0.27664170817914635,0.7098590415374165,0.31703681174779774,-0.8118692955179198,-0.28859959203834046,-0.225062271526126,0.37655103534492956,-0.25150354755105325,-0.36611082399173633,-0.3344864851441025,0.22004912563439835,1.1534357863932023,-1.0378061919075825,1.505902586448448,0.5314231945643092,0.7966445862712963,-0.29238214241365434,-0.2004299388760572,-0.7415851234940295,-0.2059060719930109,-0.27465166753217507,-0.10794787002458196,-0.16791115382994884,-0.09222932960107873,-0.5933943122097085,-0.11717921124921529,-0.8167248652416264,1.7435216538111515,-0.5832956524610377,-0.13000915200756688,1.672552662864825,0.17089513067443332,-0.22468938262317234,-0.3354946907631096,-0.08602139992103093,-0.20860793780478346,-0.3593132438436849,0.43939475883247425,-0.4900118484645814,1.5021779148286314,1.5077683136179125,1.2795227634354809,1.4022493117855863,0.05335278663926116,-1.3630399610761492,0.48511582399217396,-0.3164926238108988,1.4767105651856214,-0.2914599029080556,-0.6316983248010445,1.7652528513873038,1.5648096493260741,-0.8859960529555155,1.0351138903238184,-0.3243529231435493,-0.06146910445014174,-0.07291434914274843,0.6517953387353613
13163,Jefferson,Georgia,-0.27591829810317503,0.24778740600445767,0.062295413568410826,-0.2593059498728162,-0.7630651356592856,-2.559844308943079,2.8817274279420446,-0.3379819771160407,-0.4077367016851648,-0.394828704786331,-0.411219122387953,1.82456925377324,-1.3963962560140801,1.3098144806625207,0.6741083912089404,1.0381189316054378,0.7092027250403713,0.17864124063288328,0.653371646344832,-0.248750749809543,-0.3323693753101175,-0.28716352152217495,-0.304036269258225,-0.044653708005883544,-0.39983269393198134,0.10484150733916547,-0.49943749755217837,0.9586574908056473,0.1236615934005471,-0.21534753212473048,1.3439970390687217,-0.12539826513178723,0.058884314276888006,-0.3810233412190766,-0.08602139992103093,-0.3336720721626612,-0.2248853885385863,0.3626954819564203,-0.3454599734870366,1.1994407018288429,1.2535116124038033,0.9844403606911231,1.1737033576039333,0.14004669233698652,-0.6130265667997059,0.47399895367136385,0.27094151987919096,1.1989450153064516,0.11009249673893332,1.1096662164236764,2.194689414170604,1.3248888421344598,-1.1836635022878363,0.4907891250823656,-0.3044958166553486,-0.06482352777864729,1.4692377449902612,1.279913658468635
13165,Jenkins,Georgia,-0.2955001595118571,0.2164967704030283,0.7490338658342685,-0.5724863212065479,1.4453308885771092,-1.9681244925258146,2.2002055929461872,-0.2957987630597134,-0.29667194933966007,0.13229105128954355,-0.2532819659905872,2.495702721153277,-1.5728769326637368,1.1529439960337788,0.9594787844982022,0.02446266428574129,0.6201023453934553,0.36907924644742623,1.0289586201988588,-0.2622243762415524,-0.36634778939268375,-0.3183227042978556,-0.36578240227299447,0.06054517758362329,-0.6368087009277229,-0.12994777583712536,-0.724515770577517,0.8420465497765334,-0.5322445780280497,-0.18755180846336206,2.76409107029421,0.26832153587595026,-0.24779671136483583,-0.3700050838585704,-0.08602139992103093,-0.3742427309466858,-0.22853192675098558,0.3837564095996987,-0.4774793528130664,1.342842539565585,1.380639963010858,1.0991946284250398,1.3108309301129237,-0.026672357081716013,-1.0672600309389604,0.2053412542517804,0.6967671436894746,1.3350501347472448,-0.0891224573627609,1.2735593497154147,2.624125976953904,1.8047304565176885,-1.1836635022878363,1.3072762729445448,-0.3433116873966571,-0.06574051923229066,0.08003689231847633,0.4531872324957914
13167,Johnson,Georgia,-0.2926680237083579,-0.6597200313530225,1.668743431976264,-0.2232762917247033,2.91999387919924,-1.3821743471502619,1.635674498963259,-0.30898307336706904,-0.48471209409006183,-0.5891776106814279,-0.49946848144225825,1.669692299762462,-1.2322026431996196,0.9372470796692594,-0.1106601903365306,0.530869590374112,-0.7761375212826046,-1.2975516859673364,-0.3751914443253533,-0.27274973269303127,-0.4117998642393407,-0.3621928241751036,-0.1991588905409804,-0.30979544727249125,-0.358923846427965,0.36768357320014,-0.6265466808998017,1.342468849759964,-0.02680573026898827,-0.1696111718978455,1.407016460167517,-0.10179937205316615,-0.2529112097153044,-0.3711431780055141,-0.08602139992103093,-0.35981432463526847,-0.4674400610986339,0.6097986805544983,-0.5116142072792248,1.279108389460366,1.3064817584900759,1.0828011616059097,1.265121739276594,0.11603914922069317,-0.7228876837078045,0.1423456557671885,0.23759373006272322,1.2794970247714097,-0.05352605490571832,0.3004438707957178,1.335816288604004,1.5648096493260741,-0.588328603623195,0.762951507703092,-0.34162729570585776,-0.06431102777291167,1.0975650346330896,2.182530986825704
13169,Jones,Georgia,-0.23675164650007816,-0.030160092517403196,0.676799621331449,-0.3092722061675942,-0.7601161640967019,-0.8152512370545799,1.0421916659121748,-0.31069688411215995,-0.3944301095798212,-0.5176811452734403,-0.5691120698022992,-0.2920824510407248,0.07530569162055102,0.46663562578303364,-0.46737318194810806,-1.064856045953117,-0.11741618356518324,-0.14299276586444637,1.0859547509169245,-0.25280007157270684,-0.3619310128926571,-0.33001667126979206,0.03677099448933999,-0.8209569468447939,-0.19625019572126273,-0.16838414629118867,0.2712770961542463,1.8130376364621077,1.3099934592030038,-0.18915044463765215,-0.19298654655764058,-0.38486207786760074,0.03532462886212788,-0.33401859018449104,-0.08602139992103093,-0.2653216124992186,-0.8971353292419975,0.986761803482931,-0.4455412221836264,1.2074074705919953,1.1899474371002767,1.0500142279676477,1.2765490369856762,0.47348479117439163,-1.105288879099456,-0.007732093563751208,-0.349840413627367,1.2211662592967854,-0.1927891732902886,-0.3756153040327032,0.47694316303740386,0.1252848061763878,-0.29066115429087425,-0.3256980227798136,-0.2677012159429993,-0.055685412162451105,1.214853444407811,2.077575483528371
13171,Lamar,Georgia,-0.2650378591062779,0.7740628362053849,-0.4570945392015276,-0.4854879795490901,-1.0158810828800964,-1.1185845428292502,1.3704261394377752,-0.29557709118059916,-0.33205288462247184,-0.3551040328859672,-0.512689940818942,0.052088557872114846,0.11532445260333973,0.2509387094185141,0.10336760463041615,0.2865877387920727,1.5617555687899536,1.2760072298835703,1.7662284685911598,-0.18254138801117673,-0.2751955978061467,-0.09848234959786406,0.3928441186726068,-0.7984313280504851,1.0839774984891695,-0.24077365751873342,0.5407728751767491,0.6369360688993876,0.15069004444825268,-0.23005723578840057,0.058318679935551655,-0.3591873924264451,-0.15775144888599896,-0.31786260542337574,-0.08602139992103093,-0.047880374513721645,-0.29567247636698046,0.3081305009087985,-0.6015011680691456,1.1357065517236244,1.136977291014004,0.9024730265954687,1.1508487621857675,0.9282943579886119,-0.3827407640500375,0.0552635049208407,-0.293405692399498,1.1267259723378686,0.26871506207382473,0.7204200248557976,0.47694316303740386,0.36520561336800217,-0.29066115429087425,0.2186267424616392,-0.3026804167219316,-0.0494252369504707,-0.9555235423048741,-1.0210339138190643
13173,Lanier,Georgia,-0.29038357083686944,0.5232667044588596,1.240200223261168,-1.0997170050782532,0.2725179227848454,-0.7130136004639863,0.868037910635553,-0.11696726414418152,-0.0466285032756344,-0.184444515556277,-0.24441514676563342,0.6888049243608686,-0.8961274223218604,0.6431149209903683,0.10336760463041615,0.880961087002477,0.6060363015832085,0.45710398817253445,0.28986060990582263,-0.2602131694876656,-0.32196349544265707,-0.34046165942851414,-0.23492596703838864,-0.14795675835058208,-0.7805025911533332,-0.18138315059861382,-0.82315741534381,1.406483706195956,-0.5565888917669866,-0.22780447212340163,2.9542860950006853,0.4383769357410982,-0.22886907065668213,-0.3643082318517444,-0.08602139992103093,-0.3324697264246712,-0.4988475380435778,0.6285281251387083,-0.5912845405980354,1.549978527407545,1.4442041383143844,1.0991946284250398,1.4136766094946682,0.37612086631386926,-0.9573989140308617,0.6907779249271652,-0.9039267675009891,1.4489340101977028,-0.09411844367252116,0.20313232290374816,0.9063797258207039,0.845047227751231,-0.588328603623195,0.762951507703092,-0.34585699039608714,-0.05996823473342078,-0.6984286704834767,0.26103792645913426
13175,Laurens,Georgia,-0.1816582580826808,0.4379518645061678,0.01177448093998424,-0.4093404695265837,-1.2381329771858929,-1.633896448858922,1.872423003891437,-0.32007337267164476,-0.22128058022638636,-0.46752980343939127,-0.495256813492637,1.618066648425536,-0.9406766090762856,0.7215501633047392,0.5314231945643092,0.9132781293254295,0.3640974487951227,-0.19926538979312466,0.4566124848010805,-0.18658258699061722,-0.2990721815596206,-0.22479369896091694,0.0824028222037726,-0.2834113354047123,-0.562970967422762,0.16682162396951036,-0.6896612276231711,1.4519669676999374,-0.07189062806186407,-0.1572729245883698,1.6280972895447403,-0.06547436851288095,-0.20768110511431484,-0.35132136438304296,-0.08602139992103093,-0.18390413408379383,-0.5337898112001861,0.5983590851103474,-0.1305012379123001,1.3587760770918893,1.4018280214453671,1.1811619625206942,1.3565401209492551,0.3414433040347792,-1.0778235998724313,-0.037377081085912145,0.4607674003729319,1.3711596562315356,-0.05914653950419894,1.5859806350527914,1.335816288604004,0.845047227751231,-1.481330951620157,1.0351138903238184,-0.1750409574858063,-0.058736657301673025,1.9114966958084016,2.345615691949253
13177,Lee,Georgia,-0.23307016283410248,0.6399077758047645,1.6051876775232556,-1.3889463369054427,0.0820231978676816,-0.8193767026231591,0.9023819370827814,-0.31028706412105966,0.3377484845316324,-0.19671397351234318,-0.47215456456788363,-0.8943817166381945,1.146545458168408,-0.02358463868178615,-0.6100583785927393,-0.14277704657837043,-0.6876632487643927,-1.038540469385994,0.006489342226675051,-0.2289603087615474,-0.30013390607253515,-0.09098665619714863,-0.21862892511752102,0.7065562982575591,-0.7482043978419122,-0.39273188174413154,-0.7500203741714706,0.6625587205327266,0.033056481634095046,-0.3944056158527085,1.6850673485118948,-0.16196003180594726,-0.2398862642311105,-0.329581131363655,-0.08602139992103093,-0.2290822552015277,0.3571422039233239,-0.24831878602812385,-0.47050196218593066,1.46234407101287,1.4759862259661476,1.2303423629780863,1.447958502621916,0.8015878804303981,-0.6151392805864001,0.7704488288929725,0.27094151987919096,1.4572669766940782,0.5191388758505631,0.33117383328791883,0.04750660025410388,-0.354556808206841,0.007006295041446424,-0.59786040540054,-0.28563062971839637,-0.05355023104404831,-0.598398290292102,0.3143230281331655
13179,Liberty,Georgia,-0.14098035304152234,3.1713799771602766,-1.336354251375951,-2.256203030998895,0.068916870034653,-2.264068467571962,2.541745594286803,-0.16897791416831903,0.5066406001442052,2.9619681622131813,0.2071679573165198,0.00046290653518882833,-0.29598329320947325,0.07445941421117944,-0.039317592014215016,3.1935679804255983,1.8450288139698794,0.6085288261015619,0.9247022231394957,-0.12417259005624807,-0.14659150254083783,-0.22630114381650543,-0.20387599596188194,-0.8180615889644698,-0.7813637471871001,-0.3344204019348653,-0.827673779651921,1.5660901798868505,-0.6478911695823624,-0.3107403109229243,2.305998932557535,3.155587072503475,0.5133090902708386,0.854343605955375,-0.08602139992103093,-0.20349174958119026,-1.1590394668352761,1.214696503252239,-0.2912790831956387,1.5579452961706974,1.6137086057904577,1.328703163892873,1.5393768842945768,0.2534156459417042,-1.3524763921426781,0.8093578750158089,0.8891582387844822,1.5655955411469549,0.2081387280679804,1.7242654662676957,1.335816288604004,0.36520561336800217,-0.588328603623195,-0.0535356401590872,-0.23910398812587327,-0.049559418202801825,-1.3434015140101245,-0.07320498404160525
13181,Lincoln,Georgia,-0.29771139274002867,-1.0560552538489056,-0.5029744501627684,1.2234133754016052,-0.6691430402946771,-1.068636954423634,1.2901629513368178,-0.23040384966607064,-0.37425294410750587,-0.4336064118512728,-0.5515596506355314,0.4823023190131645,-0.7154595339741762,1.1137263748765933,0.03202500630810057,-0.41445760359124617,0.12265707167406933,0.89954677553771,-0.7524217071305132,-0.2729085539492403,-0.38846957749738814,-0.35036093262298423,-0.1712336424852862,-0.8221988482510404,-0.0838486590788807,-0.1992572039488727,-0.10328415284567515,2.034325580163002,0.28409339208023665,-0.2746656485007952,-0.5007882191096272,-0.37224225097969793,0.08735132814162183,1.0283761172711197,-0.08602139992103093,-0.34116615976420267,-0.847498151616135,0.9712480844840677,-0.5483702373064842,1.0241717890394921,1.1475713202312579,0.8532926261380765,1.0251484873858574,0.317435760918486,-1.1306414445397865,0.5425529873163608,-1.0681005019820622,1.0517292738704935,-0.2627329816269335,0.2697139083035169,0.9063797258207039,0.6051264205596165,-0.588328603623195,0.2186267424616392,-0.3362185268320689,-0.06444906430617407,-0.07675664134096424,-0.7126262041299759
13183,Long,Georgia,-0.26362618438312735,1.3228320211513536,1.5661780124486857,-1.9986837185715531,0.18420023633561972,-1.0891773065696724,1.318504388466485,-0.1378894312900854,0.18881940833242916,2.1560156356530458,0.09023425816853238,-0.051162744801737194,-0.2519832489728222,1.0941175642980008,-0.1106601903365306,0.30983675660063,0.4359641486469253,-0.1864094240523627,1.0715723476830743,-0.27937225646911523,-0.39292340158479105,-0.45198775021503657,-0.12289758750334372,-0.7818070803146334,-0.6262831552761822,-0.15906093064691038,-0.8274022981624453,1.5691410210622363,-0.6746804332472524,0.039879433770919834,3.985141494476282,0.22279849529159212,-0.07133876191326156,-0.36824660314303587,-0.08602139992103093,-0.3656597814780054,-1.0531707464463598,1.1817819871420125,-0.439144660231962,1.5579452961706974,1.6348966642249656,1.328703163892873,1.5050949911673293,0.28409195103474555,-1.2848695509684636,0.5999901506405476,0.8583756635692812,1.5628178856481625,0.16442384785757752,-0.3346420207097686,0.9063797258207039,0.36520561336800217,-0.29066115429087425,0.2186267424616392,-0.3438544358303591,-0.060760725891312636,-2.072191511232223,-1.1921921191962543
13185,Lowndes,Georgia,0.022946713202172717,2.347752646773377,-1.0560985954222513,-1.6369833686972495,-0.8070358232067407,-1.7177236791599015,1.897324382864914,-0.2732989597091461,0.34492847261625964,0.4255662560344364,-0.272895259735291,1.0157673828280662,-0.6364516542294253,1.074508753719408,-0.1820027886588462,2.3811708769352444,1.1876951792781514,0.2052029449639511,0.6443938303786629,0.12470934337161975,0.10303475586163784,0.18290815660892656,0.6763703547330422,-0.25388331714324386,-0.6967356318075544,-0.2869883773345596,-0.8237906559992236,1.4201728874702264,-0.19811244934313016,-0.25356398562272076,2.3201355134213477,0.05673537866098633,-0.23770435738104603,-0.30491646023441127,-0.08602139992103093,0.3042835312706635,-0.5652422486602463,0.41817114213536005,-0.35987643907309297,1.5659120649338498,1.423016079879875,1.0172272943293854,1.4251039072037504,0.5068286010581321,-0.7841563835219367,0.6500160670841941,-1.0552744289757283,1.4378233882025369,-0.03229311308923702,2.3747163390192827,1.335816288604004,-0.1146360010152266,-0.588328603623195,0.4907891250823656,-0.03628451309040565,-0.022769032300814448,0.08418876387974424,1.7384884728754466
13187,Lumpkin,Georgia,-0.2224738160532751,1.136601108980275,-1.4305385248536293,-0.33469524270851786,-0.22124802307540237,0.6381346427131307,-0.5528198208203206,-0.1836889848633238,-0.2703990677777648,0.06840387537501695,-0.3365804625797891,0.00046290653518882833,0.09308418063348803,1.4078585335554845,-0.46737318194810806,0.11715011182787986,0.3601041442009141,-0.0460889837996664,0.897930930102919,-0.24146417432754913,-0.34887283998522567,-0.42472530530979613,1.0282523395170484,-0.8216673436881692,-0.34611086843392447,-0.4555437041773623,1.8265555305185317,-0.26424088266835083,2.7086863195921143,-0.37650877389616233,-0.6215877403947813,-0.4052353413831435,-0.14388664322012068,-0.40364870361587224,-0.08602139992103093,-0.021565851098102287,-0.9656444786076465,0.9481304583067859,-0.5282869688738426,0.6258333508818761,0.5543056840650042,-0.048348048914121824,0.5109200904771388,2.895579141129302,0.9524943491407009,0.5981373389204127,0.8865930241832155,0.4795322411194065,2.054780167813154,-0.40122360610953733,-0.38192996252919614,0.1252848061763878,0.007006295041446424,-0.0535356401590872,-0.25433837519599145,-0.046153799675756474,0.11389953527229515,0.7050804404093919
13189,McDuffie,Georgia,-0.2584920229937436,0.49510790561220075,-0.3134102677275719,-0.3000494989145063,-1.4392544563998377,-1.8555786490777406,2.174447620971826,-0.2985481329078633,-0.44163122270563715,-0.17992738756697596,-0.4614222858268431,0.6027621721326586,-0.7721584989343537,0.8784206479334811,1.0308213828205177,1.2780915971183713,0.8878722367079491,-0.12899603070572596,1.0900718549612378,-0.1585184562200205,-0.1992590120550918,-0.05840700990887146,0.007787708650052251,-0.7870388667797545,0.20605868031969415,-0.024319796340462704,-0.21115250228529442,2.0924991329229385,0.4739203585443073,-0.2633987390148503,-0.0885949452172133,-0.33398377672306545,0.06408631216494175,-0.1748390599493619,-0.08602139992103093,-0.1111156125622379,-0.6817000784361306,0.7107353452922455,-0.5415715631948781,1.095872707907863,1.2005414663175304,0.9024730265954687,1.0822849759312707,0.21473682647656508,-0.9890896208312747,0.45732364819014804,-0.7064052432034478,1.1128376948439103,-0.20965062708572957,0.8023665915016668,1.335816288604004,1.0849680349428452,-0.588328603623195,0.762951507703092,-0.2847884338729967,-0.05415443716547038,0.1270591301279308,0.05597102001665166
13191,McIntosh,Georgia,-0.27880022326412973,-1.6978678430036889,-0.5550041264137778,1.8406145776533112,-0.6564809188448363,-1.362406175227741,1.613639066032011,-0.2545446343730682,-0.40803205222329647,-0.08540295738371136,-0.5397258345066082,0.7232220252521526,-0.6205265212139759,0.8980294585120717,-0.1106601903365306,-1.0012799880652345,0.25896860928466536,0.7082952685460454,0.3869676580769094,-0.280189225009027,-0.4420835460518665,-0.5743170262994869,-0.5758771756520424,-0.8221988482510404,-0.8055683437768301,-0.34159897902354996,-0.8282802213163911,0.8219830642194701,-0.7120087415575016,-0.24850303447508706,1.7313915483988433,5.929263855873218,0.16708135430986862,1.7772853391239996,-0.08602139992103093,-0.5460490592401209,-1.1740653293418764,1.3771982110303285,-0.312136789862242,1.6216794462759163,1.6348966642249656,1.345096630712003,1.6307952659672393,0.1507167114997835,-1.2362771338744967,0.7778600757735132,0.7916800839363453,1.6183709956239962,0.16005235983653718,1.3964791996842187,0.9063797258207039,0.36520561336800217,-0.588328603623195,0.2186267424616392,-0.3172223316524989,-0.06565434012919562,-0.48695022515016306,-0.57376199976735
13193,Macon,Georgia,-0.2829913156475913,-0.13761224302612982,0.7753204243425683,-0.25934371366711373,2.110142267606658,-3.152706675252128,3.4322939769136647,-0.27225606874195685,-0.12299753233377693,0.028857718347059965,-0.37970779389637116,2.5645369229358455,-1.4475351529817948,1.133335185455186,0.6027657928866248,0.9382437177409859,0.4483320443663851,0.47482003021883845,-0.06811389311540372,-0.23528898910911192,-0.37898419583782156,-0.4197286225885225,-0.24390366392444796,0.3724928302871055,-0.6983900374255068,-0.2473899268801251,-0.6578447123689141,0.6693865359686612,1.032442243436408,-0.17507692740800196,1.2221227933043264,-0.26614534559923275,-0.1998551649785953,-0.3577238858500169,-0.08602139992103093,-0.3740691603264224,0.050755052500675864,0.11215282718159426,-0.43760323028551895,1.3030086957498235,1.3064817584900759,1.131981562063302,1.3108309301129237,0.5681812112442145,-0.9595116278175558,0.20719406597191542,0.20937636944878846,1.307273579759328,0.10322301556301286,1.1711261414080782,2.624125976953904,1.3248888421344598,-1.1836635022878363,0.4907891250823656,-0.328825918855783,-0.06421908304126002,0.9908238452590143,1.9209495786077346
13195,Madison,Georgia,-0.23339818683616237,0.0804445426465467,0.7391219203070166,-0.4422077154995518,-0.2750764526059961,0.07675803793728112,-0.0012763775154649047,-0.2842373061963019,0.18581406951400442,-0.39571499356503054,-0.2656990891614697,0.1897569614372509,-0.23310647492433695,1.2705968595053354,-0.5387157802704237,-0.38587315238946235,-0.35564281506440687,0.11127567898912803,-0.7524217071305132,-0.20125234332774433,-0.23135977957798942,0.1092278481646632,0.7600976181804691,-0.8085768221685361,1.6658247734013352,-0.31210298306365036,0.7631197256882684,0.05981480936924327,0.48610186464409016,-0.3381370028442977,-0.4181265632091015,-0.3541615034364253,-0.08662947910390878,-0.3542583068826809,-0.08602139992103093,0.1328321234536482,-0.04238494786230582,-0.016140460268184987,-0.5272891349954689,0.8728031825395975,0.9250967066689126,0.6237840906702457,0.8765936171677833,1.3177500574307013,-0.7524656767215235,1.194742712803901,-0.5088837189059067,0.8656263554514513,0.6733899531644141,-0.06319401869532681,0.04750660025410388,0.36520561336800217,0.007006295041446424,0.4907891250823656,-0.25606019781325295,-0.04900215491275665,-0.4917677764820433,-0.514018097890406
13197,Marion,Georgia,-0.29642858458911586,-0.6283231003258544,0.3520276694660605,0.4035459325289906,-0.2019872327536534,-1.2948569153482656,1.4420141228734955,-0.15607923510738325,-0.24833875065992028,2.3769663147365505,-0.1477267574531288,1.1362272359475603,-0.9975128596659066,1.4078585335554845,0.3173953995973624,-0.8441861823150032,-0.7408760894842129,0.13269819844404218,-1.7290411630225906,-0.27770683770082244,-0.4350729543061418,-0.4879841301908699,-0.35701799236638493,-0.6099498516171782,-0.28205645883810554,0.1707188207706512,-0.12060977207512243,1.5942069056306958,0.8032654848956713,0.16790899973148474,-0.012714269268317297,-0.3752978662273356,-0.04212444224628878,-0.39185159120756613,-0.08602139992103093,-0.4541138692983505,-0.7281984023354618,0.9040256100529783,-0.4663170171139453,1.2870751582235185,1.2217295247520399,0.9024730265954687,1.219412548440263,0.5895212495698084,-0.5559832945589624,0.488821447432444,0.30685452429692583,1.2183886037979945,0.3511488361848711,-0.06319401869532681,1.335816288604004,0.6051264205596165,-0.588328603623195,-0.3256980227798136,-0.3453891038153095,-0.06613103835834583,-0.9397635145135398,-0.8918579097608071
13199,Meriwether,Georgia,-0.2589166969249818,-0.2733789363292944,-0.09253058168394086,0.2979405766398312,-0.9838949713846746,-1.6778148957212886,1.964862835504037,-0.2765198525664138,-0.40687577389904905,-0.44077317667325955,-0.5232488238112479,1.3255212908496223,-0.8340743178133853,1.0941175642980008,0.5314231945643092,0.38221042100870545,0.5873771059657605,0.4244790398837005,0.5925970997267708,-0.2590843928503958,-0.41315506732358026,-0.34145806295859804,-0.14391995706737135,-0.8214515629098648,0.4435498941192886,-0.20808955973325613,0.3778306435513798,1.7239037860424868,-0.025296409534564877,-0.1931475033618155,0.1023103921766554,-0.3675870955080943,-0.2033053639265906,-0.34770768393906637,-0.08602139992103093,-0.33517165853718195,-0.6081225335019835,0.7359340755816478,-0.3635848067703327,1.1118062454341673,1.1051952033622392,0.8041122256806844,1.0251484873858574,0.9616381678723525,0.24262251681144736,0.36097743874312516,0.2350285154614565,1.0628398958656597,0.700867877868096,0.6435951186252952,1.335816288604004,1.0849680349428452,-0.588328603623195,1.0351138903238184,-0.27694665477916436,-0.062128677228363856,0.9420980256870058,0.6663276391919152
13201,Miller,Georgia,-0.30416350770911726,-0.19752568860268413,-0.4413270660861671,0.4017652325926649,-1.0021250195151161,-1.0212810169154494,1.2600377200317634,-0.26818774274488455,-0.4186479588214861,-0.4879864012674549,-0.4973167236370275,1.1706443368388444,-0.9577686699420049,1.0548999431408153,-0.39603058362579246,0.7505937479257058,0.6620837007070788,0.5316861751650717,0.3869676580769094,-0.2624057580951264,-0.3494880298368343,-0.27027101398809733,-0.5502804650234766,1.3797879972105305,-0.7443156051667674,-0.46036976381943434,-0.8131021623671634,0.18000976472841282,-0.47986662936700447,-0.3855421969562918,1.4161626547981168,-0.12017074888442557,-0.23887555217102893,-0.41270638886513683,-0.08602139992103093,-0.4029361721526471,1.0217828863734613,-0.8194379172235047,-0.5288454579848727,1.5579452961706974,1.5501444304869296,1.2795227634354809,1.5393768842945768,1.0003169873374917,-0.6911969769073918,0.3702414973438006,-0.8782746214883212,1.5405966416578287,0.17504031876581794,1.1045445560083096,0.9063797258207039,0.845047227751231,-0.588328603623195,0.4907891250823656,-0.3509475963949472,-0.06667038136628953,-1.1285759604834567,-1.565187830914471
13205,Mitchell,Georgia,-0.2568782620550383,0.2525201596306458,0.7234847775277645,-0.5929500766883625,0.7588404891164883,-2.3013427388180046,2.569820452771089,-0.2806586147911194,-0.3165761945091048,-0.3066378899863962,-0.35805331099209337,2.7882480787291914,-1.2588360553116642,1.290205670083928,0.5314231945643092,1.166439291498078,1.4218615674572521,1.928244146797726,0.251146409244237,-0.23565937784508267,-0.35361799570500124,-0.24430238708981478,-0.30331836821496905,1.1291382372275507,-0.7792348155314598,-0.3562748520356175,-0.8104071394910426,0.9366279104955282,-0.2332134221865389,-0.3549027766006381,0.5145272919910415,-0.22347027674776182,-0.2451776115435149,-0.37738913563576965,-0.08602139992103093,-0.3223604392479366,0.7591863427971806,-0.5989232540805383,-0.3572478169905115,1.549978527407545,1.5501444304869296,1.1975554293398263,1.4936676934582471,0.7949191184536499,-0.5285180153319377,0.5907260920398723,-0.7243617454123152,1.512820086669912,0.2387391442152623,1.6781705225293944,2.194689414170604,1.0849680349428452,-1.1836635022878363,0.4907891250823656,-0.29137627693034507,-0.061990439365868295,-0.5091698881415956,-0.4284389952018113
13207,Monroe,Georgia,-0.24014025159278607,-0.4234708764763515,0.6740442725310529,0.05444961397971628,-0.13055682906418614,-0.6805192712577048,0.8636109794057594,-0.30685318523605914,-0.2539426275161062,-0.4605645411804191,-0.5327885240755011,-0.6706705608448487,1.0135843260523503,0.32937395173288503,-0.39603058362579246,-0.9310574020763361,-0.3742495280726275,-0.014337422141744124,-0.21352133169456924,-0.19807239779908725,-0.31311695136042034,-0.3168615537864173,0.1979272320082699,-0.8166031458179749,-0.07722123697423064,-0.11779235428371303,0.666370533126294,1.2734618559096067,0.5968635892830839,-0.13243252636156136,-0.2756849533013995,-0.3784228892106749,0.04448428936314399,-0.21520285133870226,-0.08602139992103093,-0.19074617470387303,-0.8389896729246376,0.8980347118640956,-0.4434040705187513,1.1596068580130814,1.1581653494485118,0.9680468938719932,1.219412548440263,0.6081937831047032,-0.8940175004300354,0.003384776757059226,-0.32931869681723286,1.1683908048197424,-0.058522041215478576,0.11606409584251211,0.04750660025410388,-0.1146360010152266,-0.29066115429087425,-0.3256980227798136,-0.26350895217923215,-0.056402770652933656,0.7564388546897401,1.0538556513666852
13209,Montgomery,Georgia,-0.294047481788449,0.44166638886817783,0.14018500857270338,-0.4767132901873094,0.3100293785020273,-0.8404597153919763,1.0893966219745,-0.35485860635039534,-0.382698446730745,-0.4888737931298336,-0.198435786429357,0.8436818783716448,-0.8281710357473135,1.1725528066123716,0.9594787844982022,0.3039022332678042,-0.5625029045095169,-0.8587510352764288,-0.29308672743956216,-0.26684485745683656,-0.3959326766997412,-0.3012715835206095,-0.13880377949062384,-0.3361124020411996,-0.559352733547167,0.02257560211519971,-0.7996123282993468,1.65488105131688,-0.49840813605467743,-0.0994117454896819,2.205566192022752,0.11446695351971374,-0.16461111850602045,-0.31906252202535995,-0.08602139992103093,-0.31641230304146106,-0.5840434267424195,0.7044248336997355,-0.5576337100281031,1.4703108397760218,1.486580255183403,1.2631292966163485,1.3908220140765026,0.09603286329044905,-1.2299389925144142,-0.13928172569334007,0.38124574773366193,1.4544893211952874,-0.272724954246454,0.24922726664204958,0.9063797258207039,0.6051264205596165,-0.588328603623195,0.4907891250823656,-0.3430496709114216,-0.06305292077428154,0.8668492027809541,1.7982323747523898
13211,Morgan,Georgia,-0.2644550307454751,-0.26167030693260274,0.23115478600080733,0.1259526369020104,-0.9058136156030994,-0.6249008976374145,0.8186296154971845,-0.2474984984682643,-0.3611455699006378,-0.3809113729639662,-0.4706623092906046,-0.5846278086166387,0.7802673988130726,0.5842884892545901,-0.46737318194810806,-0.19659138912327356,-0.4514077382355192,-0.031598767380165274,-0.8810624419119963,-0.23428815493160687,-0.35518835041091634,-0.327269734268742,0.10402384659670731,-0.8014144527639219,1.3336109174766624,-0.3187304615764764,0.22451941810105777,0.9221864009581688,0.8083954163824968,-0.31421149544787624,-0.07487018590633827,-0.3766222733449274,-0.031845978639121975,-0.2622968593577114,-0.08602139992103093,-0.2401452022952654,-0.18565441248173825,0.28417568221939427,-0.476079406774751,1.0480720953289488,1.062819086493222,0.8696860929572088,1.11656686905852,0.8976180528955706,-1.022893041418382,0.3109515222994787,-0.5935358007477098,1.0628398958656597,0.07824308401421115,0.14679405833471307,-0.38192996252919614,-0.1146360010152266,0.3046737443737671,-0.8700227880212664,-0.2910581140554163,-0.05951002474273535,-0.5473980921874875,-0.8579492086955152
13213,Murray,Georgia,-0.20347771179112853,0.5497826487756047,0.8964281244748603,-0.9529410794210846,-0.35021140600471307,0.6639781605101562,-0.5937570305753094,-0.20040479169633996,-0.4365750134029528,0.602065424538935,0.4246355453378811,0.00046290653518882833,-0.3885824502691336,1.6823818816557823,0.9594787844982022,0.24498531507025248,-0.7071414637273196,-0.8145139294508679,-0.6337896336363767,-0.11680700424072568,-0.2532818290130908,-0.12216758949850773,0.762691581789092,-0.7527970615651519,0.37408736770963424,-0.3332706261162011,0.4206357335791241,0.5912436659988437,2.5972316252897047,-0.2895582361560227,-0.5553009644008237,-0.28675715887375225,-0.1934239068911658,-0.34863790376322645,-0.08602139992103093,0.06509459525340971,-0.5719543008445598,0.5279624651017113,-0.48180578179317946,0.7055010385133993,0.7344041807583315,0.4270624888406746,0.7166114492406263,2.3567431734080553,0.32501835449252153,0.2572199824155619,0.8763321657781487,0.6850787480299919,1.499601189141034,-0.32439869987903497,0.47694316303740386,0.6051264205596165,-0.588328603623195,0.2186267424616392,-0.2330588935022269,-0.046693652234106216,-0.4108191666677775,-0.005387581911020153
13215,Muscogee,Georgia,0.2524551495719834,1.2201648144635693,0.33202741103860445,-1.2894697030936437,-0.6553466592501962,-2.4579262872763707,2.667207698854119,-0.23905090752162345,0.6672995943489646,0.9543921515906045,-0.14842386436961952,0.6715963739152266,-0.596295607617193,0.29015633057569956,0.6027657928866248,2.911827329816122,2.1889078349126816,1.1345999330696053,1.237556083722505,1.2381892073174705,1.9167431481206303,2.98272898925833,0.9619313621558101,-0.7974220828019691,-0.6395126075882498,-0.30034551517761876,-0.1407820977614806,0.6891753788071633,1.337835591110644,-0.29021913600988386,-0.010668506070710024,-0.3481860588943988,0.4401405851047899,-0.23086650938368702,-0.08602139992103093,2.1238692193267066,-1.074531801169961,0.12773815591185814,-0.5753564311514576,1.2711416206972137,1.2429175831865493,0.9844403606911231,1.2422671438584285,0.4521447528487977,-0.40386790191697947,0.2516615472551568,0.1401155752145858,1.237832192289536,0.2112612195115809,2.6359210202029906,1.335816288604004,0.1252848061763878,-0.8859960529555155,0.762951507703092,0.28008167736816636,0.11439273043780077,0.24406667091547624,1.266996058062809
13217,Newton,Georgia,0.006363928383752438,1.028341338485692,0.9849616614991973,-1.4379191905768165,-1.3256453108103157,-2.311516633341736,2.609506789113901,-0.27053651848311944,-0.1085448249355405,0.083917643623247,-0.26477722192651865,-0.5674192581709984,0.17161156067518663,0.9568558902478499,0.03202500630810057,0.49128154534823554,1.1869385101556156,0.6804932310762818,1.483576446367909,-0.02492814066705563,0.1181742253407067,0.7924036008592874,1.7463118215696918,-0.818952023393498,0.7398767286336922,-0.33895509345782576,0.4011897458057863,0.7823762186625004,0.10430198010158945,-0.34815494574094114,-0.0832243960711116,-0.3770019805614292,-0.020765163665725825,-0.26764748691498735,-0.08602139992103093,0.7784729718706418,-0.471578038721472,0.12238566978105905,-0.5320549087429255,1.032138557802644,1.031036998841458,0.8368991593189465,1.0937122736403544,1.0336607972212324,-0.7313385388545816,-0.25971448750211884,-0.46784028528563837,1.0378409963765352,0.06637761652853043,1.2530727080539474,0.9063797258207039,0.1252848061763878,-0.588328603623195,-0.3256980227798136,-0.030651158657843527,0.012841104067839254,0.0070162218343031305,1.266996058062809
13219,Oconee,Georgia,-0.20293881521631585,0.3049502830182583,1.1233733799857113,-0.8404044913989984,-0.44196974921720034,0.23457629352600456,-0.30619944396926313,-0.30073578873484214,1.0419412828960586,-0.11170397498423625,-0.289909391688691,-1.53109808312695,3.099639465446774,-0.376543229096453,-0.8954287718820013,-1.3991663197395325,-0.9556910620766454,-0.7069223349489644,-0.16904440114549008,-0.13146195841216513,0.02368416599006795,0.430560020791905,1.252199949031172,-0.8173341867077474,1.2632437943297545,-0.3622795779781472,0.5336659072364723,0.3416540028606617,0.7241567428233634,-0.3808871092966451,-0.25678679508782093,-0.3827763497123117,-0.09353991099929572,-0.3463267603203503,-0.08602139992103093,0.46865466843731346,-0.23316944036324852,0.024358585656092394,-0.6011958606884491,0.9365373326448165,1.0098489404069493,0.7385383584041599,0.9794392965495278,1.2083823610120323,-0.9024683555768124,1.0539290220736364,-0.5499271525261749,0.954511331412784,0.5203878724280029,-0.5343867769090749,-1.240803088095796,-1.5541608441649128,0.3046737443737671,-1.4143475532627192,-0.24887345993250926,-0.025668316935592038,-0.8379904045953586,-0.25889548987534916
13221,Oglethorpe,Georgia,-0.27621996303364077,-0.4265407004889084,0.8193484287213003,-0.015086242071178533,-0.1466593301310641,-0.3356966598002944,0.5244231761483464,-0.2891200979566625,-0.26364385202286433,-0.33924583376784834,-0.34286325702320425,-0.2920824510407248,-0.09444798918637264,1.5255113970270409,-0.46737318194810806,-0.6864985871741202,-0.3159326451109075,0.23793766137226838,-0.7060512097092807,-0.26007605265967965,-0.3935470590935753,-0.4334171941659818,-0.10200226260843602,-0.8016892995841942,0.3626522053175935,-0.08649352729904557,0.2497569041310726,1.6314372011414695,0.5904629037423558,-0.16289349441933074,-0.13423641565724054,-0.33761131695118285,-0.030065774910614868,-0.37906171968480734,-0.08602139992103093,-0.34971239708287927,-0.6252690796066305,0.7588820213118249,-0.41083298556347725,0.928570563881664,1.0098489404069493,0.7057514247659,0.9108755102950309,0.8976180528955706,-0.9531734864574731,0.6852194897667604,-0.7012748140009144,0.9295124319236586,0.19877125373717983,-0.25269545406389937,0.47694316303740386,0.6051264205596165,-0.29066115429087425,-0.3256980227798136,-0.3143962967046023,-0.06366734342911728,1.468596419744568,2.0178315816514263
13223,Paulding,Georgia,0.17307919864495652,0.8824781395934895,2.1547310470076417,-1.8861039788146898,-0.592844367085751,-0.6521002257316206,0.8558650628313151,-0.26701885371631334,-0.0447193208271235,-0.044333963741303994,-0.19495735887736493,-1.3245954777792441,1.4317563533373396,0.36859157289006833,-0.6100583785927393,-0.513839060098774,0.2505223239497011,0.32299497447743475,0.650972510990825,-0.02482796392042547,0.2508902388280072,1.2114198235648024,1.9919926172949285,-0.8220786915958294,-0.08346213115046962,-0.34063722110296546,0.9020573709772366,0.6932426294230568,0.4706981796463973,-0.3324467366294123,-0.4033882355963793,-0.38491454491210014,-0.13615944059967672,-0.37062141040684954,-0.08602139992103093,1.0294111056907245,-0.8472049443084002,0.3792397684625775,-0.5058803857393159,0.8489028762501408,0.9462847651034221,0.5909971570319834,0.8308844263314528,1.424450249058671,-0.3595009123964013,-0.19116045385712188,0.04007220576518168,0.8461827669599082,0.5060244117874421,-0.10928896243362825,0.04750660025410388,-0.5944776153984553,-0.29066115429087425,-1.1421851706419928,0.02865814432152317,0.04136163353873335,-1.114652604705151,0.1883764241763649
13225,Peach,Georgia,-0.24023397273623176,0.857213073934035,-0.3565096028203353,-0.6121857506444038,-0.8569398298687628,-2.0962317109367525,2.3706250513162352,-0.2537715314853732,-0.15052678129926678,-0.008613650040240024,-0.10169305671938653,0.9125160801542147,-0.40546858269068764,1.1529439960337788,0.24605280127504683,0.7699820981409005,0.979261182690318,0.6072621889982144,0.9177088581094274,-0.051113449337162574,0.03729971080559615,0.2573127413211744,0.7028950201626945,0.30895476001097283,-0.1978722464518432,-0.22386182929492787,-0.4599352680426457,0.3185735173557322,0.9464171125844679,-0.21287359425827257,0.1606890016042209,-0.3213943072617289,-0.09400216186418481,-0.39002888728978136,-0.08602139992103093,0.28041928083026685,0.21467053759888588,-0.3297734097564694,-0.6273182580416959,1.2392745456446046,1.2746996708383125,1.0828011616059097,1.2994036324038418,0.4748185435697412,-1.0588091757921836,0.17199064328934943,0.11702864380318492,1.2656087472774529,-0.004190690096834817,2.0264434307743384,1.335816288604004,0.36520561336800217,-0.588328603623195,0.4907891250823656,-0.2722865044346196,-0.0327923524842521,1.0895044765561341,1.9064172781511803
13227,Pickens,Georgia,-0.22545824871487352,-0.8012490617369571,0.1643029388658001,0.6563494893363967,-0.5059684818603268,0.6918393875688299,-0.5942104647240488,-0.2500598079683092,-0.34969407711979017,-0.346400947564396,-0.47550336350807526,-0.7222962121817748,0.718077008675154,0.8588118373548884,-0.5387157802704237,-0.5306758210380563,-0.25567773100442737,0.03646976107244089,-0.26439654196299783,-0.1608282158537089,-0.2436656248602663,-0.18782822145846031,1.7710498053324986,-0.8207378503269788,-0.18752519685043617,-0.40229306528164155,1.502718220316562,0.18226870497906072,1.5985187079069358,-0.3202928601460711,-0.6074878685686875,-0.3949763927445856,-0.12722388383059838,-0.391533289613258,-0.08602139992103093,0.31077397786346617,-0.892971671980382,0.7339944072385268,-0.5666961266697512,0.6577004259344852,0.6390579178030409,0.16476701973457913,0.5794838767316348,2.1353402757800186,0.42009047489376067,-0.11704798505171954,0.20424594024625503,0.5656395615819485,1.134269690239807,-0.3961019456941705,-0.38192996252919614,-0.1146360010152266,0.3046737443737671,-0.0535356401590872,-0.20768072536085067,-0.041586351487397,0.9534418504517547,0.28525842722005773
13229,Pierce,Georgia,-0.26390149024199905,0.31316917657993665,0.5187070346397501,-0.546841923724865,-0.24033298843884762,0.18925199132142798,-0.06190638275144357,-0.2121545532792476,-0.3535309454355295,-0.3029111567966005,-0.3333819222890075,0.32742536500238506,-0.6192223077342623,1.2117704277695571,-0.25334538698116177,-0.7296463373614364,-0.02904311281040173,0.19545003198905772,0.2791390115273119,-0.23577625073265762,-0.2826540378316869,-0.11567168495140256,0.026809007287199135,-0.17701975143362833,-0.34208622649274695,-0.22714593798081736,-0.8288879134324109,0.9798345102061091,-0.6889109951768366,-0.02343413236671171,2.7644376519475258,0.3407719064780838,-0.1971142798579341,-0.3900436799567688,-0.08602139992103093,-0.1669118881726813,-0.32908696528372766,0.39200658313156583,-0.48432270605355493,1.6057459087496115,1.645490693442221,1.3123096970737407,1.447958502621916,-0.07201993852360308,-1.1010634515260675,0.6463104436439241,-0.1600145331336261,1.5655955411469549,-0.1802992075158871,-0.19123552907949748,0.47694316303740386,0.845047227751231,-0.588328603623195,0.762951507703092,-0.2989934704654042,-0.05902788755030553,1.159118519172393,1.727185572520349
13231,Pike,Georgia,-0.26537466946553584,0.08127231506373567,1.3456511772741526,-0.7450325640856749,-0.5576575038865222,0.21869259204226657,-0.04652408525249215,-0.2970627852023417,-0.4277149155785585,-0.39448713029721927,-0.5763351405129666,-0.9976330193120466,1.316779638678384,0.6235061104117755,-0.5387157802704237,-1.526100268933096,-0.8477305773445962,-0.13337019241144685,-1.2180097472279632,-0.2543614993224292,-0.3674259328491427,-0.26938276559353025,0.28648033668029227,-0.8177225007354268,1.374537790526023,-0.32022684283881464,0.39957641858864645,0.7510652077195397,0.06405060488314665,-0.22525021142767768,0.15949495658294555,-0.3583857253357183,-0.19770114939681852,-0.2718137425204167,-0.08602139992103093,-0.17843023900813224,-0.18319294408542522,0.2551382130263169,-0.5765925537172041,1.127739782960472,1.1475713202312579,0.8860795597763388,1.0937122736403544,1.0109870065002886,0.07360541387591109,0.27018966445650733,-0.08562330969688958,1.110060039345118,0.5653517492158461,-0.47804851234003976,-0.38192996252919614,0.1252848061763878,0.3046737443737671,-0.8700227880212664,-0.3090062432940445,-0.052807712948308036,-0.1521949302251909,0.40151683087248863
13233,Polk,Georgia,-0.19610595810197914,0.6568952988076473,0.48137916419746896,-0.8449202071437464,-0.5160863408818023,-0.07702577722459425,0.2357497406562595,-0.2202430843387336,-0.34958327329093425,0.24392083173336207,0.27293350191236454,0.2930082641111029,-0.5371941441417538,1.1921616171909644,-0.1106601903365306,0.8654042709011923,0.6796071578712768,-0.3331404807019104,1.2358929738441304,-0.1250625029871857,-0.18530851269846774,0.10659707866523706,0.7156285118597324,-0.7627880165594334,0.6893209088370128,-0.249629340422794,0.625481521545131,0.8499203893996147,0.6290426950444241,-0.2132908498180618,-0.5725065375323802,-0.37541827425980373,-0.08958928800593753,-0.3917593060631986,-0.08602139992103093,0.14965407575269768,-0.43915326769985014,0.36234341431723105,-0.5075111739435239,0.8568696450132933,0.9356907358861674,0.6073906238511133,0.7851752354951224,1.6498544038727565,-0.31302120908912867,-0.15595703117455556,0.07855042478418331,0.8378498004635336,0.6465365267494522,0.1314290770886126,0.9063797258207039,0.6051264205596165,-0.29066115429087425,0.4907891250823656,-0.21269646950678636,-0.04233098342267064,0.6519929021281011,1.2137109563887785
13235,Pulaski,Georgia,-0.28829241782373766,-0.9419960044587534,0.5733187272851923,0.5823198652158248,-3.1925747306719607,-1.290550567722184,1.5240020675962316,-0.3028112261575888,-0.18516058797435828,-0.40651871341890816,-0.446012793677792,1.0673930341649922,-0.9231040485075139,0.7803765950405174,0.03202500630810057,0.8999168037629818,0.12412787411740796,-1.3613358060460559,1.1732762884386867,-0.24219829456004338,-0.3716127262142615,-0.3203081192359266,-0.21410615050004853,0.6400031508045997,-0.7599847878339666,-0.34483905203501264,-0.7599874460625243,0.6516248113756461,0.02523935584847815,-0.3423656394307691,1.9104084273576905,-0.20067236531733704,-0.2507495656096509,-0.3317709202721651,-0.08602139992103093,-0.330988595093828,0.2862818340677026,-0.13543053505840558,-0.5529126154095289,1.3667428458550417,1.3912339922281118,1.1975554293398263,1.4022493117855863,0.5775174780116619,-1.1074015928861503,0.2516615472551568,0.4145935375501301,1.3850479337254955,0.12882744540053492,0.27995722913425053,0.9063797258207039,0.6051264205596165,-0.8859960529555155,0.762951507703092,-0.33713558453039294,-0.061614144014905385,0.5851350698297306,1.543109766737333
13237,Putnam,Georgia,-0.2561284929074728,-0.9811616964717796,-0.3472645315643224,1.0768691132982657,-0.6457274693828988,-0.9069200824379149,1.1116429370330758,-0.2960639851235199,-0.4221378543064832,0.2676332374936247,-0.2574398550537244,0.10371420920904087,0.45030138844555057,1.2509880489267426,0.388737997919678,-0.6658149040855291,-0.018439243707283774,0.10282228714367686,0.4119177901617441,-0.20882923836232295,-0.3512949544439508,-0.3919292709903987,0.15264944422226423,-0.810152825329938,0.049188585185906276,-0.07786074314171848,0.35867081834532033,1.3256727294384636,1.014548136479192,-0.19794777618400278,-0.32301468693126767,-0.3811791336711018,-0.06913070854431752,-0.006947107543191139,-0.08602139992103093,-0.2426275142285636,-0.7754400017858061,0.8586492710986611,-0.4714476704139416,1.1596068580130814,1.136977291014004,1.0008338275102553,1.2308398461493464,0.6028587735233049,-1.1074015928861503,-0.14484016085374546,-0.6037966591527769,1.1711684603185362,-0.24087554152173182,-0.08880232077216095,0.47694316303740386,0.1252848061763878,-0.588328603623195,-0.0535356401590872,-0.2667841582446752,-0.05805688522145241,0.8917272857068163,0.3918286305681196
13241,Rabun,Georgia,-0.2707197034276724,-1.586041730498921,-0.7290306707522661,1.8242596258880264,-0.5554261464862634,0.6506354597126112,-0.5630133835178499,-0.21157841807729938,-0.22845400570427435,-0.41740361933008063,-0.1378031754815635,-0.2576653501494408,-0.6234781622470118,1.8980787980203024,-0.1820027886588462,-0.3262364724576992,0.4265640018561757,0.4546964542986528,0.7357603208955095,-0.24121634889529747,-0.35957617015117244,-0.49440540772251834,0.8398503400280255,-0.8171934090664539,-0.5889722961291302,-0.4947896320951987,0.8740369664017767,0.07924876954757631,5.250672355044498,-0.4322835422820335,-0.620045300319207,-0.4016220464442014,-0.2268953933765636,-0.2888323354643656,-0.08602139992103093,-0.10001192718813054,-1.0711304300829323,1.0845538574101605,-0.45900453302019145,0.5859995070661145,0.4589594211097136,-0.24506965074369283,0.3737925179681466,2.835560283338569,1.1003843142092953,1.078015574435392,1.3970707298353024,0.37398133216532226,2.3564128412649357,-0.18099220824876383,0.04750660025410388,0.36520561336800217,-0.29066115429087425,0.762951507703092,-0.2800721371387586,-0.06138766993548741,0.5998260264919576,-0.3541627928683135
13243,Randolph,Georgia,-0.30105899483247905,-0.34368845790510527,-1.6817386794763953,1.1541689616133792,-1.6766546292476865,-3.1152277744129395,3.4756559685712722,-0.37614733876241985,-0.45560091900205646,-0.24689072460059064,-0.5102670800908449,1.858986354664524,-1.525032890802667,0.8980294585120717,0.745450989531256,1.7851072394060037,1.1827615781382983,1.639629058976265,-0.09688262029884499,-0.28133985223945784,-0.43510565854539135,-0.5753969728298686,-0.4289128151092421,0.08309663597858784,-0.7836143588881348,-0.12324478332521355,-0.5519231810339277,1.6299744761659356,0.8134771666346718,0.010534662787733719,0.35246738686291434,-0.341914342844173,-0.24004988855886789,-0.3853834966715312,-0.08602139992103093,-0.5045406037897778,-0.2727545137912778,0.48300440857847515,-0.4192103222289284,1.3826763833813467,1.3912339922281118,1.0828011616059097,1.367967418658337,0.9136230816397661,-0.8242979454691265,0.8816175321010762,0.12472428760698506,1.3628266897351617,0.5116448963859223,2.7998141534947294,3.0535625397372037,1.8047304565176885,-1.481330951620157,1.3072762729445448,-0.3456324048373139,-0.06759781382551378,-1.0950767354444562,-1.565187830914471
13245,Richmond,Georgia,0.2722215244818242,1.2043804146866397,-0.11253992076673391,-1.0535254907797158,-0.6986707572515409,-3.0021295865431017,3.307036246237855,-0.2635755752920159,0.22242048811874635,0.8114274797978374,-0.33812918997237673,1.2394785386214122,-0.7490258703731191,0.4862444363616264,0.5314231945643092,2.340862115846528,1.9078440163357373,0.6748703977278883,1.412215918016253,0.9888500430407732,1.498690146695584,2.1653425386754357,1.3697184821736945,-0.6937519795880999,-0.4928506433061236,0.068541043868976,-0.420852543070868,0.6724666098976834,-0.32225287557205934,-0.17985149117048865,1.000659291819476,-0.16221141831196564,0.4769676904719279,-0.25723865853202166,-0.08602139992103093,1.7758019033173305,-0.9060932717362249,0.11425079306215533,-0.4951499482860581,1.247241314407757,1.3700459337936024,1.1647684957015643,1.265121739276594,0.042682767476464184,-0.7397893940013582,0.46473489507068844,-0.47553592908943854,1.2989406132629526,-0.15781726912196595,3.634644801199522,1.7652528513873038,0.36520561336800217,-0.29066115429087425,0.762951507703092,0.3149673008309431,0.05798241474237507,-0.5278082278153697,-0.01830518231684613
13247,Rockdale,Georgia,-0.054695396571109084,0.6066281878781802,0.7204244107148506,-0.917658828576462,-1.3600663544067013,-3.038301774723585,3.319411108427874,-0.25809710109526207,0.18798641595914695,0.5559750388687058,0.050302956315597155,-0.41254230416021886,0.31294711618729976,0.8392030267762957,0.03202500630810057,0.6480323825495831,0.8962428553162629,0.6359998190330767,0.809538893236334,0.6179710456119397,0.8440296347039633,2.1500718076615684,2.9293605596604215,-0.8221988482510404,0.06232277157327703,-0.4167130253554141,0.3035400356815579,0.9090647758154604,-0.10937678656758035,-0.40991818025502985,-0.22192334970180483,-0.3775504228807327,-0.1149849557292559,-0.2689790195851684,-0.08602139992103093,1.9208123092452913,-0.7813578029679104,-0.0696253986491372,-0.6415857931981442,0.9763711764605781,1.0204429696242032,0.8041122256806844,1.036575785094941,1.325752571802799,-0.33414834695607065,-0.2652729226625239,-0.39857949105143553,0.99617616389466,0.33553637896687,1.8266986745750322,0.9063797258207039,-0.5944776153984553,-0.8859960529555155,-1.1421851706419928,-0.0832041794107819,0.0730574517900008,0.11941361773088353,1.2540784576569837
13249,Schley,Georgia,-0.3055136779318816,0.06819672007654964,1.0399470806440605,-0.5807402546716712,-1.0408445395670929,-0.5055311318133282,0.7442669574793211,-0.20754464472777703,-0.20196919692761048,-0.3045853329036112,-0.29074568832510844,0.2413826127741769,-0.3152719241462891,0.5842884892545901,0.03202500630810057,0.002995237717878724,-0.40064662468749,-0.631371662114607,5.232157407714848e-06,-0.24869122927536869,-0.3952174101047276,-0.47367720056812096,-0.2631479503110075,-0.33110059314636275,-0.6618602229621517,-0.10887338788406435,-0.4022844102014021,1.6079760938721746,1.9067686069541236,-0.05435860454452793,0.2000103509328035,-0.3749971057630719,0.009854993781506057,-0.3840761132279463,-0.08602139992103093,-0.40556103533693966,-0.6254917516687081,0.7832102005225674,-0.6148751206479458,1.3269090020392802,1.2746996708383125,1.0172272943293854,1.2765490369856762,0.6762151552675336,-0.6890842631206976,0.4628820833505534,0.39407182073999597,1.2794970247714113,0.36488779853671205,-0.22708715198706525,0.47694316303740386,0.36520561336800217,-0.29066115429087425,0.2186267424616392,-0.3611662393191297,-0.06434241702229962,-1.05807083512782,-0.3541627928683135
13251,Screven,Georgia,-0.28000688298599286,-0.24962194510267643,0.28693829477421373,0.08707154597403084,-0.1599509187830868,-1.8320708133498935,2.1024403964606995,-0.2918375233417389,-0.35967967035447346,-0.35044943104109133,-0.5210443281935863,1.65248374931682,-0.9191914080683733,0.7215501633047392,1.173506579465149,-0.23739106676946434,0.23189550740772844,0.6177920913642464,-0.08777791075951594,-0.2706175992571545,-0.3869726496365949,-0.42256854014937184,-0.3483232777798775,0.015765840798155628,-0.6826982406515846,-0.1043946826533218,-0.7596894465953236,0.8652475024296069,-0.6114165725516888,-0.1196880318658043,2.905313251731434,0.2909366636600461,-0.25125590337675835,-0.3519619314451213,-0.08602139992103093,-0.4133080472426351,-0.2933871198794393,0.46367576672577493,-0.25166358891990526,1.350809308328737,1.412422050662621,1.0991946284250398,1.2994036324038418,-0.036008623849163396,-1.289094978541852,0.43879553098879753,0.9173755993984165,1.3433831012436201,-0.0266726284907564,1.1096662164236764,1.335816288604004,1.0849680349428452,-0.588328603623195,0.4907891250823656,-0.31409684929290466,-0.06643417627984147,-0.2761340182415549,-0.5560002992093397
13253,Seminole,Georgia,-0.2972164279512061,-0.6350502056533466,-0.5100513226292527,0.8390739850945758,-0.9213432993165592,-1.3297273121816937,1.5808695883476098,-0.2987688867330124,-0.3159157046493109,-0.49166378400966837,-0.44368924477910715,1.3943554926321904,-1.174062179130285,0.9960735114050353,0.3173953995973624,0.7869191395013668,0.6623066808687814,0.18335526988498924,0.7302452232355563,-0.24643236102395133,-0.34469504223674613,-0.3028279364599108,-0.22796827102139436,1.1157721348180347,-0.6513138053812915,-0.11420601844206665,-0.8054234148593633,0.3324750861282238,-0.5488758349681017,-0.33430145170328235,0.6263548339517552,-0.09351697288445007,-0.23344615808408958,-0.03772930096684448,-0.08602139992103093,-0.32155743718091284,0.803908049246148,-0.6427493154323902,-0.5489212798960339,1.6057459087496115,1.5607384597041851,1.328703163892873,1.6079406705490737,0.8616067382211309,-0.7165495423477221,0.35912462702299014,-1.0373179267668609,1.5850391296384962,0.06013263364132989,0.7818799498401995,0.9063797258207039,0.6051264205596165,-0.8859960529555155,1.0351138903238184,-0.33507688357497156,-0.06429267184308601,0.2874559954946744,-0.3541627928683135
13255,Spalding,Georgia,-0.125551509801777,0.4301716542491028,-0.09499128901426211,-0.34900148121317787,-0.909832484781001,-1.478823064154485,1.7223939612003083,-0.26903691281419106,-0.1979052141543964,0.03333199174151526,-0.34462640628709934,0.5511365207957325,-0.44514412959986754,1.0156823219836302,0.17471020295273174,1.126124818582731,0.9739316506186539,0.5963715316752872,0.6911584113839307,0.09931041691751395,0.05970829151623657,0.6662041748160137,1.6811128716851789,-0.8104631427987938,0.9177622021228925,-0.3828922974052594,0.2965236228625297,0.6466581202284656,0.16178882744919384,-0.30502300906667457,0.1251716087067451,-0.33023158673807107,-0.17995461695472065,-0.283913543645304,-0.08602139992103093,0.7258511609632449,-0.3827292003034203,0.058723534947801116,-0.5913664523343198,1.1038394766710153,1.136977291014004,0.9024730265954687,1.11656686905852,1.1763723035236413,-0.20316009218103004,-0.08369737408928857,-0.3934490618489021,1.1072823838463273,0.36676129340287134,1.032841310193174,0.9063797258207039,0.36520561336800217,-0.588328603623195,0.2186267424616392,-0.09626757274609207,-0.0009576587716167302,1.4871868301749027,1.8595909766800622
13257,Stephens,Georgia,-0.24498153440890205,0.2787988555835551,-0.5645310634066291,0.024294412681621313,-0.8158305440880382,0.05826460887666445,0.1468356019214161,-0.26631497392096404,-0.2829677886621621,-0.14241116438134976,-0.42360489332026124,0.08650565876339886,-0.7074283246517298,0.8392030267762957,-0.039317592014215016,0.2195597331953115,-0.034868652611723776,-0.5911574589273108,0.6184061228846685,-0.07322323994618227,-0.06410682651439349,0.39395034525262024,1.2490455176561033,-0.8219937323446699,0.2576952858686042,-0.33572051894913707,1.3256724878010122,-0.02571265108383535,1.0408715239639363,-0.3360249504609247,-0.5137077129332918,-0.3650673813175262,-0.0711399978242254,-0.2498412199631243,-0.08602139992103093,0.4410778003555872,-0.6927527501314679,0.48308093813584196,-0.6028340954141373,0.8090690324343792,0.8509385021481315,0.509029822936329,0.8308844263314528,2.0566488844543906,-0.06372098225921238,-0.0614636334476677,-0.11640588491209106,0.7934073124828669,0.8950868456600299,0.2543489270574164,0.04750660025410388,0.36520561336800217,0.007006295041446424,0.4907891250823656,-0.24932263105005573,-0.041436628778421906,2.970075145682791,2.6847027026021775
13259,Stewart,Georgia,-0.3015188141925095,0.19099709895763928,2.0868602726270744,-1.2152550486568874,8.24754442805476,-2.5093861834541924,2.6159663063839043,-0.20483412154534741,0.6123638021517397,-0.4146420350688367,1.695019261224802,3.4765900965548706,-1.4522028643828748,1.3098144806625207,0.3173953995973624,-0.24039117021155545,0.19328357462456675,0.97719646537729,-0.7524217071305132,-0.2884067974559674,-0.44428372768241314,-0.5802051815797811,-0.6138759987155985,-0.5379397399361555,-0.7697836849321491,-0.14415355365775404,-0.09725672173505924,1.9462994423345183,1.2801201730553873,0.1364934789146302,0.1340597730328466,-0.3452167286652287,-0.23032305367916794,-0.3475082172397316,-0.08602139992103093,-0.5608114226756313,-0.8779845638494581,1.0957156918081405,-0.39474105264433057,1.3269090020392802,1.2852937000555664,0.9680468938719932,1.2879763346947597,0.6428713453837931,-0.6510554149602016,0.5444057990364958,0.05033306417024899,1.2767193692726204,0.3043114645308677,5.125047982071268,3.482999102520504,0.845047227751231,-1.1836635022878363,1.3072762729445448,-0.3560756333202696,-0.06790200289658133,-1.7841807699898744,-1.7896311379656922
13261,Sumter,Georgia,-0.23444083455699558,1.2109240062790791,-1.0825224221750196,-0.57648562877668,-1.4539782100735301,-2.655326018963506,2.9051973855521718,-0.29327185067429107,-0.11185260849711555,0.2754933961219254,-0.2577596035693573,2.0999060609035123,-1.0620371055043654,0.8588118373548884,0.6741083912089404,1.9857846315445136,1.2147092530549233,0.09777036938465343,0.9727962721215474,-0.19983160284294946,-0.33357339920382256,-0.2842569217593158,-0.14137926304838144,0.5684530060428185,-0.770014043650258,-0.29613608600137786,-0.6777984233211766,0.9529578128784875,0.6329004365204223,-0.2667358361954845,0.7210648469587292,-0.25991516843394114,-0.15143748206369825,-0.29953391522875794,-0.08602139992103093,-0.27845332508054066,0.21129365507452638,-0.08520666085192455,-0.37328017773781486,1.398609920907651,1.3700459337936024,1.148375028882432,1.367967418658337,0.7762465849187551,-0.6362664184533424,0.5962845272002772,0.3761153185311285,1.3739373117303277,0.4679300161755194,1.8113336933289317,1.7652528513873038,0.6051264205596165,-1.1836635022878363,0.762951507703092,-0.2606454863048733,-0.058346558346282246,-0.2420366653587871,-0.09258138465034335
13263,Talbot,Georgia,-0.3027664769146301,-1.587383509117303,-0.09277488154179288,1.508629206751796,-1.1347728683325402,-2.727321397542137,3.061710256255192,-0.27111401043674516,-0.5071758327020892,-0.3854739182829622,-0.492210812666352,0.8780989792629307,-1.0074660678005625,0.8392030267762957,0.4600805962419936,-0.9130335796728674,0.20487746013552388,1.1016431211866273,-0.68483081258431,-0.2820086093938792,-0.4267288300995797,-0.4885035051530113,-0.408214272191267,-0.8199023316519898,-0.3988411925194144,-0.010995713771941544,0.6540002871237471,1.964569803695115,0.19253504040701985,-0.13810277826013806,-0.18465214269014268,-0.3730006909325263,0.051026444351413215,-0.35439365308904724,-0.08602139992103093,-0.4666345865894138,-0.9877662722980177,1.1617885307743068,-0.4460252460798525,1.1755403955393862,1.136977291014004,0.8532926261380765,1.11656686905852,0.6322013262209963,-0.19682195082094756,0.4702933302310935,0.05802870797404914,1.1239483168390765,0.41047617361327465,1.2325860663924801,2.194689414170604,1.0849680349428452,-1.1836635022878363,-0.0535356401590872,-0.34585699039608714,-0.06760647602348388,0.46146774086013276,-0.05059918333141021
13267,Tattnall,Georgia,-0.24685302849208302,0.1972820726990661,1.7503773396246196,-1.0534708543889948,3.2997957924685175,-1.1206130609874394,1.3524370154378489,-0.25482407064508883,-0.3737705029416827,0.12905407708086342,0.1755968455245609,2.065488960012228,-0.9791852281351955,1.5451202076056314,-0.039317592014215016,0.5472270058932681,0.21630312799802373,1.8433820668207586,-1.909712753676685,-0.24634994910437583,-0.2968279266848183,-0.17888821409459288,-0.07241153773128294,-0.17598777707187255,-0.24322329884955116,-0.10990065808470899,-0.8177176955346243,0.8472304024868038,-0.5364863634919877,0.05231630610200434,2.431637543877158,0.1369395085085843,-0.13818464652286924,-0.33250924978414664,-0.08602139992103093,-0.22216141288130034,-0.28333688631979187,0.3713804346464004,-0.37640027023810285,1.5101446835917833,1.5925205473559483,1.2795227634354809,1.4136766094946682,0.18139301659282459,-1.4200832333168927,0.28130653477731776,1.1225927674997582,1.5044871201735381,0.03327920722636797,1.2530727080539474,1.7652528513873038,1.0849680349428452,-0.588328603623195,0.762951507703092,-0.30058428484004796,-0.060054871998743514,-0.23389514304116044,0.9957264495404698
13269,Taylor,Georgia,-0.29742144295249356,-0.5223601009336734,0.3681232924169535,0.29790837005533266,-1.0928676876600472,-1.619693373230885,1.8834969641178296,-0.32645315514408674,-0.2864857515310242,-0.6387102562971659,-0.5131038099602833,1.4459811439691146,-1.8868491672010876,0.7803765950405174,0.24605280127504683,0.136067853075886,0.7780876860760307,0.47525755375788004,1.153971230753127,-0.24995806270679752,-0.19877200397658598,-0.19312822419203363,-0.3761203867204548,-0.44566234878725003,-0.3082220775145553,0.2682561487364286,-0.23212461875709609,1.0181443057618516,0.6843261164416303,0.016856043453453824,0.47059442500875487,-0.3132813061822751,0.8521860733435634,-0.37076781644541623,-0.08602139992103093,-0.2810918120895603,-0.5782762907158827,0.68356888649676,-0.45723226090785607,1.231307776881452,1.2111354955347844,0.9680468938719932,1.219412548440263,0.5561774396860679,-0.6827461217606148,0.3313324512209642,0.09650692699305076,1.207277981802827,0.19377526742741957,1.5245207100683895,1.7652528513873038,1.5648096493260741,-1.1836635022878363,1.0351138903238184,-0.3424320606247952,-0.06647074293535862,0.3029207126279888,0.3304700286404472
13271,Telfair,Georgia,-0.2744597628083016,-1.1243161590561634,2.4715558390250894,-0.19506757608951475,3.909076074940411,-1.5778760235652158,1.833324338283835,-0.31165290736413626,-0.339302454646657,-0.07991363697044764,0.39010490170709067,2.2719915653599303,-1.3356473649853187,0.9764647008264448,4.02721051235777,0.5655895103982078,-0.1632773678323721,-0.6999610070708613,0.19275356173473523,-0.25934669831072144,-0.3914759483438696,-0.4111333363144104,-0.32284776807472176,-0.34204595391559034,-0.6270472260660814,0.015197515638467426,-0.8062789082676818,1.8178361429478584,-0.5224483450608077,-0.07245306307936532,2.169808183257812,0.22316628568356592,-0.24241951038479423,-0.3424036489419179,-0.08602139992103093,-0.4014193738951665,-0.6205164809337739,0.7765850468164072,-0.4092915556170342,1.4862443773023266,1.497174284400657,1.2795227634354809,1.436531204912834,0.32677202768593316,-1.2426152752345794,0.38691680282501606,0.06828956637911644,1.4767105651856196,-0.06726501725755923,2.128876639081675,2.624125976953904,1.0849680349428452,-0.8859960529555155,1.3072762729445448,-0.33133379092875087,-0.06341787007735741,-0.10891005998199144,1.4817511648096613
13273,Terrell,Georgia,-0.29592483344309534,0.2870148272938072,-0.600397748618566,0.034587437139864605,-1.1214855881761967,-3.0540236391151674,3.390774760006546,-0.263098617595108,-0.445912642232581,0.19582572886340438,-0.49579121873638043,2.3580343175881415,-1.2767518299540446,1.035291132562223,0.8881361861758866,2.0495877871366432,0.9704906775209514,0.6529022493000463,0.18589894656971775,-0.26307169852256523,-0.39644911570479374,-0.42925405232013575,-0.2940028883814733,0.6640429966807415,-0.7978000395324255,-0.35566680640764087,-0.7639796938116182,1.0748241197211283,0.13265078088744556,-0.33141554979534676,1.3383752016108998,-0.2255439968344512,-0.24490667838378027,-0.3794138558065042,-0.08602139992103093,-0.402073443265591,0.2928412519679047,-0.11111807304128411,-0.4887012606840308,1.4304769959602601,1.4336101090971305,1.148375028882432,1.4136766094946682,0.8536042238490333,-0.6785206941872264,1.0557818337937719,0.35815881632226104,1.4128244887134123,0.6421650387284119,2.3849596598500162,2.624125976953904,1.3248888421344598,-1.1836635022878363,1.3072762729445448,-0.3348148670897361,-0.06560043546637415,-0.34873654399156506,-0.8918579097608071
13275,Thomas,Georgia,-0.1907228499253178,0.21227840970501677,0.07054611779751299,-0.2307011951108318,-1.2562129176939314,-1.5662549411545266,1.7843820948738565,-0.2583629610958531,-0.23366516540863777,-0.25213733446410524,-0.4195918871905641,0.6027621721326586,-0.5315654333345691,0.8392030267762957,0.10336760463041615,1.2795452944212278,1.3700340708582355,0.6727254959091009,1.2327387227928313,-0.16191484762306688,-0.26749945850043344,-0.23251327493569868,0.15240271216934956,0.12813931535870812,-0.7645510168776806,-0.38624566810603267,-0.8109540251870669,1.9657351759225359,-0.23479479466429812,-0.3480081509401331,1.562578988156737,-0.17116608460380867,-0.23552067954104342,-0.35078518965073735,-0.08602139992103093,-0.15283097584489214,-0.21977847319814225,0.27965538680247964,-0.3287276397205755,1.5738788336970022,1.5077683136179125,1.131981562063302,1.4936676934582471,0.9629719202677023,-0.6404918460267308,0.3628302504632602,-0.7166661016085148,1.4989318091759551,0.2093877246454207,1.4528174642532539,0.9063797258207039,0.1252848061763878,-0.8859960529555155,0.4907891250823656,-0.18456712827043795,-0.05405084552867282,-0.3000558054695995,-0.4833387969265704
13277,Tift,Georgia,-0.20187273720962123,1.0740203617954733,-0.07731870350087637,-0.9509680844294947,-0.7321863384616434,-1.24065688049689,1.419770763636992,-0.30364530935944806,-0.04559137842064559,-0.2662835652528959,0.1736220480985339,1.2050614377301283,-0.5462549956850267,1.44707615471267,-0.39603058362579246,1.43002165755129,0.8986142137161401,0.6635832242303402,0.3375721653656062,0.08040127920712935,0.05024503441114885,0.30155637195763324,0.5200689675116628,0.7416829678500791,-0.7501434817879098,-0.42839566902921017,-0.824183937960804,0.44261824961669183,-0.575783455240376,-0.4180811526385175,1.8261364312810053,-0.15665140927622276,-0.2208247304739448,-0.20245392010473212,-0.08602139992103093,0.2773702812085917,0.3908514107077579,-0.499743788436816,-0.539769504996621,1.46234407101287,1.4336101090971305,1.115588095244172,1.367967418658337,0.49882608668603434,-1.010216758698217,0.783418510933918,-0.6807530971907801,1.4072691777158293,0.03327920722636797,1.8113336933289317,1.335816288604004,0.6051264205596165,-0.8859960529555155,0.4907891250823656,-0.23242256775236936,-0.039261187138782766,-0.33356583273664964,0.14316482275597486
13279,Toombs,Georgia,-0.2423309833208289,0.7953953739024976,-0.17891251815866946,-0.6436807726553578,-1.2284597603851022,-0.9358452477667799,1.128160193694377,-0.252370342786607,-0.317499067284315,0.028495053487136938,0.14758040526437674,0.8092647774803626,-0.980214870356022,1.4862937758698533,0.745450989531256,1.3684778621234441,0.8001800056580279,0.11050419833243746,0.667499130571162,-0.17798123256995146,-0.2566595985216568,0.005949666257417769,0.07928291958808754,-0.22693889834412526,-0.14064877687438984,-0.10391865898071576,-0.8141683662285467,1.216888099488812,-0.48459856330051093,-0.04319988180799737,1.849544635065874,-0.0012703739142823198,-0.22021949465027923,-0.29111661866118954,-0.08602139992103093,-0.09082866452734698,-0.28709124619219967,0.3183298377676234,-0.4636883950313637,1.4862443773023266,1.5289563720524202,1.2795227634354809,1.3793947163674207,0.04801777705786255,-1.318672971555571,-0.035524269365776795,0.6685497830755402,1.4711552541880366,-0.21652010826165002,1.1199095372544101,1.335816288604004,0.6051264205596165,-0.8859960529555155,1.0351138903238184,-0.2698722096778073,-0.05576086999424935,0.9486106140532282,1.4543012639472814
13281,Towns,Georgia,-0.28565651066432785,-1.3029310648084393,-3.548093465034393,2.967378107159122,-1.1204453821504634,0.6936202533659821,-0.6061505130230547,-0.29172492086210916,-0.2867192216674393,-0.2055245759145632,-0.4699381017184891,-0.3092910014863668,-0.45983369195032514,1.3882497229768895,0.745450989531256,-0.8219153025102868,0.2438139866596749,1.1213803751101028,-0.6400875443635838,-0.24978688164048038,-0.34707943398050084,-0.4593105941834325,1.1816393557753304,-0.8221988482510404,-0.3479486493599574,-0.4827801880988071,1.8555665543009567,-0.4376547113957949,2.7709497107253402,-0.4274186170216482,-0.618756680345325,-0.3892935405539555,-0.1841318981841602,-0.20058312475052154,-0.08602139992103093,0.007101149820708319,-0.966999379436438,0.9370712347225939,-0.6119188516202266,0.5222653569608955,0.3848012165889316,-0.4090043189350016,0.2709468385864029,2.7115213105710545,1.2440488517045012,0.6296351381627086,0.9122451701958831,0.2795410452064057,2.071641621608595,-0.5958467018934768,-0.38192996252919614,-0.1146360010152266,0.007006295041446424,0.4907891250823656,-0.285930077130094,-0.05624434766615763,1.7901084418356314,-0.3283275920566621
13283,Treutlen,Georgia,-0.30069875418735975,0.4146356793574803,-0.4786732905958244,-0.14360810326590578,-0.16160677951675792,-1.2116902989800735,1.4847279553019037,-0.3540433127459724,-0.4850991660563822,-0.6062636460646194,-0.48557587985642986,2.9431250327399696,-1.2523149879130966,1.4078585335554845,0.9594787844982022,0.5848541513111404,0.6259233033997647,1.9561043663869984,-1.1874612829369833,-0.26661425635914054,-0.3559418201951056,-0.21087572549464653,-0.1126140488401844,-0.4134151878532628,-0.6931340603170237,0.28801269014095326,-0.7823883593421626,1.9128281592179734,-0.42146111493981014,-0.06524587370963857,1.6112784564586813,0.12264874742508443,-0.2404573485793337,-0.34687739113438215,-0.08602139992103093,-0.2661240005115171,-0.7206917319574258,0.8155660627869769,-0.5892069611050035,1.4065766896708034,1.423016079879875,1.1647684957015643,1.3565401209492551,0.07202532017415592,-1.0926125963792908,-0.09666705613023369,0.48128911718306605,1.3906032447230785,-0.20465464077596932,1.206977764315646,1.335816288604004,1.5648096493260741,-0.8859960529555155,1.8516010381859975,-0.35038613249801415,-0.06375836081178304,2.09587729037037,3.337041523096374
13285,Troup,Georgia,-0.11612374852828798,0.8282334762652095,0.33509123278366093,-0.9299167888916618,-1.0213359948314327,-1.6602604015373716,1.8308725782064323,-0.3165893178779186,0.24251839548726753,0.19400703939081168,-0.4340422129170843,0.8092647774803626,-0.5783798329748124,0.9372470796692594,-0.46737318194810806,1.7557558749700592,1.635335880741832,0.9938387640748633,1.1204663176551481,-0.03340033512597958,-0.1248285449205344,0.17878825637992737,0.32126196056118855,-0.8221988482510404,0.16846107195203733,-0.3024440984408146,0.14177469621893576,1.6141588159730427,0.2834242580002625,-0.22296133380202365,-0.18799188665939198,-0.3585023299483716,-0.12974507900087426,0.22056819204883937,-0.08602139992103093,0.10450442118789159,-0.7333318367400319,0.6678425657022583,-0.40788416305723846,1.095872707907863,1.0522250572759673,0.7877187588615544,0.9794392965495278,1.1150196933375591,0.19825552729086923,0.29612902853839823,0.1375503606133191,1.0295080298801598,0.713982341931217,0.6435951186252952,0.9063797258207039,0.6051264205596165,-0.29066115429087425,0.4907891250823656,-0.13328675901721462,-0.038087911590968214,-0.4949422999440425,-0.0328374827734
13287,Turner,Georgia,-0.2975239504531373,0.5837483685408481,-0.780501823207752,-0.14909243065054636,-0.8113199774102838,-1.799377475930591,2.04315325133035,-0.2934625741057652,-0.275960194407785,-0.03489611096438674,-0.3548092276068925,2.3236172166968583,-1.3949547569049232,0.6431149209903683,-0.039317592014215016,0.31113573260013383,0.9485457693046887,1.8602562970106842,-0.34549693384214725,-0.23839574525528634,-0.337131240260622,-0.21943346100991007,-0.26708502379762816,0.755060425375121,-0.750525165911015,-0.26996237022402725,-0.8156085414206944,0.7789440014038546,-0.3082954262308537,-0.3404751282389242,1.5329861263482707,-0.2140090083302084,-0.2290402650395511,-0.2857472956270144,-0.08602139992103093,-0.2995609712812571,0.4038504895521027,-0.26330158061745135,-0.5241169168448181,1.4464105334865651,1.4442041383143844,1.148375028882432,1.3793947163674207,0.6348688310116956,-0.8876793590699529,0.6388991967633837,-0.10357981190575703,1.4128244887134107,0.22500018186342183,2.6666509826951916,1.7652528513873038,1.0849680349428452,-0.8859960529555155,1.579438655565271,-0.33958731021366745,-0.06512660763989356,1.004732203595263,0.819724144011095
13289,Twiggs,Georgia,-0.2971285643792258,-1.1263981391504667,0.2498527431335725,0.9132977299559485,-0.5166850396131536,-1.7841041309998973,2.099628132266111,-0.28501809355530533,-0.4810720414220658,-0.5423557565778234,-0.5083530033526683,0.7748476765890786,-0.7992037679347289,0.9764647008264448,1.31619177610978,-1.1535655131566436,0.019006809045389865,1.1110803369642681,-1.2337154907095116,-0.2576798449668241,-0.381298096601943,-0.4460946717140366,-0.48633945592496647,-0.6334736168527257,-0.4970453633103506,0.20498320828491387,-0.21027584100199156,1.1815802435680691,1.0926525147303716,-0.025006462027838378,1.0375441870767108,-0.17777811139774138,0.4554433524120175,-0.3559459605726028,-0.08602139992103093,-0.45456850266206217,-0.8486397088340294,1.021317449048666,-0.469913686988979,1.279108389460366,1.3064817584900759,1.131981562063302,1.3336855255310893,0.45614601003484645,-1.0672600309389604,0.12196472684570298,0.20937636944878846,1.3044959242605358,-0.00981117469531499,0.1724023604115472,1.335816288604004,1.0849680349428452,-0.588328603623195,0.2186267424616392,-0.3325877269652348,-0.06620553084797323,4.145040639729456,3.265994720864333
13291,Union,Georgia,-0.24912283743490812,-2.149457064366831,-1.976977459314678,2.9648227114495924,-0.7361399333064319,0.7428827333709822,-0.6407858117742783,-0.2434806747069612,-0.42808892891319983,-0.5114453975575897,-0.44593722746328773,-0.49858505638843054,0.09109353900655685,1.368640912398299,-0.46737318194810806,-0.6927864504664712,-0.7005955465536314,-0.7600036715123817,0.028983837251604163,-0.24406890656299915,-0.3627682252896152,-0.49612274729541433,1.1278567287222279,-0.8174930874543919,-0.23894242270346128,-0.46524765470887336,1.5253951936113959,-0.294266297836386,3.284717327655824,-0.39957753892925635,-0.6216556314770281,-0.3938498099119619,-0.13270488864263863,-0.2859649070077966,-0.08602139992103093,-0.023720612615699504,-0.9130423083672239,0.8979198088863587,-0.49490421307720484,0.5222653569608955,0.3848012165889316,-0.3926108521158693,0.2823741362954857,2.6515024527803215,1.1574275864500387,0.4628820833505534,0.8198974445502796,0.28509635620398877,1.939247984399945,-0.15026224575656286,-0.38192996252919614,0.1252848061763878,0.007006295041446424,0.2186267424616392,-0.2128649086758663,-0.05530787925645843,1.3736426255976084,-0.24759258952025162
13293,Upson,Georgia,-0.24382466404449443,0.11847467727633726,0.19774380499438152,-0.20762831856452646,-1.1951160135336816,-1.0339256634254417,1.2680962104979991,-0.28957708440504965,-0.3714867879170938,-0.30529574095042394,-0.5307000716170299,0.7920562270347207,-1.0156345627524523,0.36859157289006833,-0.1820027886588462,0.5002517966311985,-0.27360997743771814,-0.3981175593707935,-0.3469789057023791,-0.1903038111464945,-0.35112979305055875,-0.2454713327662134,0.15885784376664128,-0.8107844758437441,0.21185245660671456,-0.15875952167426052,0.6753856136918078,1.3246697683009496,0.06842131099560635,-0.08856072496343902,-0.20322356142073028,-0.37865318702013645,-0.2122990735012233,-0.33137127382882603,-0.08602139992103093,-0.1866083470889791,-0.7024590137609503,0.7635103114641546,-0.4960137447777846,1.1596068580130814,1.1581653494485118,0.918866493414601,1.139421464476684,0.7242302415001204,-0.13132782343342705,0.49067425915257934,-0.039449446874087815,1.140614249831827,0.4560645486898382,0.6589600998713957,0.9063797258207039,0.845047227751231,-0.588328603623195,0.4907891250823656,-0.2519427959024102,-0.0540817745710144,-0.33503013854371433,-0.7933612066663864
13295,Walker,Georgia,-0.11659528303124907,-0.24363067713837236,0.6872475254469175,-0.11780913086901262,-0.3913870324988067,0.5053949264984402,-0.3580108104498342,-0.28715006242157426,-0.3503247655714966,-0.4189799187498158,-0.5229250894313159,0.03488000742647284,-0.5610818436649279,0.6431149209903683,-0.1820027886588462,-0.02866760444709932,0.17681125585061386,0.07632073031008371,0.41967740061874964,-0.16064695753269867,-0.24614931957254854,-0.03200150499511624,0.7911055040833985,-0.7870537079204295,0.8707692338434271,-0.3772958892990394,1.4635206820360607,-0.11274944027252601,0.7400245975056134,-0.3453514566876397,-0.611500911928206,-0.3971255441118423,-0.19555187931753798,-0.39446938413548077,-0.08602139992103093,0.0967822078645654,-0.3809432782453869,0.32857696748794696,-0.4070427061299531,0.77720195738177,0.7555922391928401,0.4270624888406746,0.7851752354951224,1.7525533383146772,-0.09329897527293139,-0.2652729226625239,0.5582455552210693,0.7322988915094494,0.8395064979639459,0.06484749168884384,0.04750660025410388,0.6051264205596165,-0.29066115429087425,0.762951507703092,-0.10070313753186358,-0.03824615820237197,0.056471829558381106,0.2804143270678729
13297,Walton,Georgia,-0.04386767571740019,0.44796386909005775,0.9946847317939727,-0.9080709282566742,-0.5514730561022009,-0.4871727652482616,0.6180750959354259,-0.29661143334935175,0.0579268143721282,0.051876521220374845,-0.3486329066539736,-0.6362534599535646,0.7746386880058879,0.662723731568961,-0.5387157802704237,-0.326338876304859,0.6383205422334703,0.28172931631591425,1.5752578544091158,-0.04369556307366023,0.0325118328937295,0.7332322138743553,1.3788039880153014,-0.8100644463661533,1.200570490880775,-0.36310266612400743,0.2912942921775108,0.5766908630825747,0.4143158365569792,-0.36954131937278584,-0.07438491689628843,-0.36028047660549234,-0.0466053078432869,-0.31821279256547086,-0.08602139992103093,0.628357800766592,-0.25437018538029466,-0.02397869770120224,-0.4942638122298904,0.9365373326448165,0.9674728235379306,0.7057514247659,0.9908665942586098,1.2764037331748628,-0.6468299873868133,0.40173929658609653,-0.43705771007043714,0.9406230539188255,0.43545610516207683,0.6589600998713957,0.04750660025410388,0.1252848061763878,0.007006295041446424,-0.59786040540054,-0.0563100587476863,-0.01091270080945234,0.1390957134636164,1.05869975151887
13299,Ware,Georgia,-0.216253075157068,0.5714575390797253,-0.06587168376291405,-0.4936675061978542,-0.0851933642418821,-1.1679849640856934,1.403516101191618,-0.28382977679940385,-0.23743409756444653,-0.1763882307310193,-0.38565387853638083,2.031071859120944,-1.241057566298727,0.9568558902478499,-0.1106601903365306,0.9860858378231485,0.5656129264622081,-0.3834984506597979,0.9679882787045518,-0.20031263587712078,-0.3291520139325478,-0.22416718027172902,-0.4515654421973952,-0.6922144736637997,-0.6834787524069885,-0.2861383107583063,-0.8293099961105679,0.9736832622633601,-0.7029422043398557,-0.08830975763677562,5.2389206834400355,0.13695602028025192,-0.251939419076198,-0.40824565734869434,-0.08602139992103093,-0.34103501421650373,-0.9908357235992906,1.1105472519580926,-0.06486015106256504,1.6376129838022206,1.6243026350077117,1.328703163892873,1.4936676934582471,0.02000897675552065,-1.1285287307530922,0.4110033551867716,-0.5678836547350423,1.5850391296384947,-0.3239338139214977,2.036686751605072,1.335816288604004,1.0849680349428452,-0.8859960529555155,1.0351138903238184,-0.22388831651898622,-0.06264401162673106,0.9440295341717483,1.0974525527363468
13301,Warren,Georgia,-0.30552246428907964,-0.6979799417065594,-0.47966205100990356,0.8819155403884006,-1.243870371751371,-2.929077400474308,3.2682951150725854,-0.33383555330201126,-0.3415754713910799,-0.7624504853495464,-0.5817925271814354,2.065488960012228,-1.2636410523421877,0.6431149209903683,0.6741083912089404,0.6188010378321427,-0.14790315882131136,-1.2255735005142072,0.7629661485953603,-0.24886854292761562,-0.37824411385696616,-0.4474668633769971,-0.2342234363103111,-0.7574961369519854,-0.01607455994425318,-0.05657440191541824,-0.16100337923333358,2.477293005280737,0.38286399038970026,-0.13577562368687546,-0.17002432253177988,-0.34824131958618293,0.5280840532492763,-0.3536217409924975,-0.08602139992103093,-0.38360682874149876,-0.7531234667381956,0.897818072469204,-0.5265221432829876,1.0879059391447106,1.1687593786657673,0.8368991593189465,1.048003082804023,0.2480806363603056,-0.9320463485905311,0.3109515222994787,-0.570448869336309,1.0822834843572011,-0.19341367157900852,1.4528174642532539,2.624125976953904,1.3248888421344598,-1.1836635022878363,0.4907891250823656,-0.3497685222113877,-0.06705497882904098,3.790993059508386,3.337041523096374
13303,Washington,Georgia,-0.26123922401099514,0.05073449404587128,0.6435735845418171,-0.3672516713606014,0.4792447872257396,-2.628712162097383,2.9777480393751756,-0.35853034401827993,-0.395935590673623,-0.6418924014139399,-0.5138176462051793,1.1878528872844862,-0.9642897373405726,0.741158973883332,0.24605280127504683,0.6151200062738004,0.8123992923186175,1.4402032372094158,-0.22707451478936594,-0.22392519055963342,-0.36511069284524944,-0.41819265079165263,-0.3152614765141932,-0.5368315683289234,-0.3837939901381018,0.22708922643225227,-0.349659980198122,1.5654740041501194,0.39000145714536627,-0.2005397790394369,1.030053524509331,-0.14063814473182257,0.46008469728736795,-0.3359936326872098,-0.08602139992103093,-0.3864216053318201,-0.7022389650935735,0.8495623266061054,-0.23040377009336035,1.2074074705919953,1.2429175831865493,1.0500142279676477,1.2079852507311808,0.15471796868583226,-0.6531681287468961,-0.042935516246317196,-0.039449446874087815,1.2183886037979945,-0.14470280505884495,0.44385036242598896,1.7652528513873038,1.0849680349428452,-0.8859960529555155,0.4907891250823656,-0.2915072851729628,-0.06466100627525202,0.6530141625017871,0.8407152446705616
13305,Wayne,Georgia,-0.23326053390672652,0.41237154981283497,0.8988521061240158,-0.8275540806929989,0.5427673355155385,-0.5278889862510862,0.7305300027448516,-0.25068888279185747,-0.29619466047930965,0.005772138107616386,-0.2344535303649009,0.6715963739152266,-0.5724765509087407,1.133335185455186,0.17471020295273174,0.999294842783242,-0.4981113467739431,-0.4638175558747258,-0.9573316522567497,-0.2291783785185496,-0.3063336759619443,-0.2171831879068311,0.05805824174361767,-0.5661830640292427,-0.5886960198790209,-0.16896122156899307,-0.8287323997608083,1.370340182150304,-0.6909983523473564,0.009744864554553444,3.4594703520877936,0.28905826957758773,-0.07180179504823077,-0.35990562013580646,-0.08602139992103093,-0.19904775188350524,-0.8238542459463521,0.886903796719897,-0.25690594004210754,1.5818456024601548,1.6348966642249656,1.2795227634354809,1.4708130980400815,0.10670288245324602,-1.0757108860857372,0.6166654561217632,0.5402890530122019,1.554484919151787,0.07137360283829068,0.9969896872856062,0.9063797258207039,0.845047227751231,-0.588328603623195,0.2186267424616392,-0.26422013978201403,-0.06123846371186621,0.46388735407096937,1.0667732517725113
13307,Webster,Georgia,-0.3132749601234771,-0.793998944271579,-0.354502189626478,0.908044175505345,-0.16816793142929906,-1.8986295497442103,2.2014642355183667,-0.27773342573012944,-0.3791915753728057,-0.8388121841029915,-0.34385140806865927,0.6715963739152266,-0.9730073748102367,0.9764647008264448,0.816793587853571,-1.5015662338548519,0.09357841924699101,0.43946308872620193,1.0798395693516951,-0.2847782784064491,-0.44843224113932845,-0.5652741015647145,-0.4416920782990772,-0.047553021258713746,-0.7289129412609369,-0.20922603449046018,-0.5846507764213714,1.5250514623760654,0.8810815386949936,0.15222779597891764,0.691923575217294,-0.3674336988785066,-0.23416338958001898,-0.3647022289124866,-0.08602139992103093,-0.5092626955891772,-0.3766439317306581,0.5860465571811435,-0.5832869765280847,1.3587760770918893,1.3064817584900759,1.0008338275102553,1.2994036324038418,0.7442365274303644,-0.6616189838936728,0.8482669211386452,0.35559360172099436,1.3017182687617435,0.5253838587377632,0.9415648398607129,1.335816288604004,0.6051264205596165,-0.588328603623195,0.2186267424616392,-0.36586382059013667,-0.06829754611380769,5.380260617939255,7.181642343880242
13309,Wheeler,Georgia,-0.29790469259838537,-0.0461966875710189,2.4997072032191636,-1.2023380396572727,6.493436712780862,-1.5841711863669354,1.8874340457375243,-0.3610990582444073,-0.4874589229475685,-0.5834306658021065,-0.3152171982641457,3.3905473443266616,-1.3587799935465532,0.7215501633047392,2.529015947589144,1.0409594617409472,-0.24849609986020976,-0.9854611291620816,-0.02470952132285252,-0.28552547820748214,-0.4371137313940723,-0.46668524354063684,-0.4178945965778998,-0.43048528700727723,-0.7137152643327204,0.1665606842727111,-0.7880887863943057,2.0220015415297654,-0.47830083183855415,0.08436147084911387,1.754322871783088,0.03195756535280559,-0.130225549194905,-0.3354766503502122,-0.08602139992103093,-0.46562229245077763,-0.7468120676906616,0.9270907696014374,-0.5163650879837206,1.4703108397760218,1.497174284400657,1.2795227634354809,1.4136766094946682,0.24541313156960642,-1.2405025614478853,0.003384776757059226,0.2991588804931257,1.4655999431904536,-0.1778012143610074,1.2223427455617466,1.7652528513873038,1.3248888421344598,-0.588328603623195,1.3072762729445448,-0.35476555089409234,-0.06541699199092196,-1.0574722489847797,-0.18461928754185136
13311,White,Georgia,-0.23070956153356437,-0.47821713991219944,-0.5328822901835937,0.7059569424286262,-0.6128502304030228,0.6565940494990702,-0.5311811595686592,-0.23411682587657073,-0.43340989515455763,-0.23957194767418707,-0.4609095935219559,-0.6190449095079227,-0.06424515070879624,1.368640912398299,-0.8240861735596857,-0.5231140436243917,-0.28294814657178696,-0.23607556562075585,0.12984881902567727,-0.1990496954317732,-0.24058993430057923,-0.1691056898059772,1.4406190436324373,-0.8114372635504803,0.014858027981954083,-0.45934928998638364,1.50613142927505,-0.24305763746050185,2.563974032828227,-0.41460514208676574,-0.6135713443708498,-0.40144278404403466,-0.18522345614439836,-0.3890564078894024,-0.08602139992103093,0.2201122261113662,-0.7922387472039184,0.6752014076944174,-0.5596219312633702,0.6497336571713328,0.5860877717167683,-0.048348048914121824,0.5223473881862216,2.942260474966538,0.9672833456475604,0.675955431166085,0.9250712432022171,0.49897582961094794,2.116605498396438,-0.5190217956629744,-0.38192996252919614,-0.1146360010152266,0.3046737443737671,-0.0535356401590872,-0.24002104582419734,-0.04428477873453162,1.2134660892384306,1.2508490575555273
13313,Whitfield,Georgia,-0.014477310889980994,1.0270515636732622,0.5450656048965737,-1.2176549727357335,-0.1326372132571203,0.37221020063015103,-0.36433133550030833,-0.13070590266966595,-0.008928626282141352,0.28471955709885516,1.9083397124019414,-0.3092910014863668,-0.17894729410886476,2.1726021461205987,0.4600805962419936,0.8688648703849986,0.23369849935743445,0.1750625198630459,-0.14437134292575987,0.562485407479407,0.3762421934712252,0.878553413180585,2.0406827162663275,-0.8098692692361616,0.7143231832189987,-0.3753501258929088,0.6995163318507716,0.1558869540305841,0.8045095963763664,-0.34054018017168686,-0.5349696427830292,-0.3491185438567514,-0.046073331478896896,-0.36837618057685173,-0.08602139992103093,1.089213843414204,-0.4741975183950761,-0.009224664959850946,-0.5232456738316111,0.77720195738177,0.8085623852791127,0.5909971570319834,0.8308844263314528,2.031307588942748,0.07360541387591109,-0.12075360849198957,0.6608541392717396,0.7850743459864915,1.0930528031842843,-0.032464056203125854,0.9063797258207039,0.1252848061763878,-1.1836635022878363,-0.0535356401590872,-0.05535557012290002,0.004322092000105777,-0.8487082671247355,-0.17170168713602596
13315,Wilcox,Georgia,-0.2956202397268969,-0.3028306987495725,1.5197039320109642,-0.4778472295910694,4.4321364033537725,-1.4379505328488023,1.6837964988313345,-0.2851416508640128,-0.3069730706711215,-0.6529618701478284,-0.34517500083854674,2.5645369229358455,-1.1985676639859548,0.741158973883332,0.4600805962419936,-0.5567011055487741,-0.4598391427683032,-0.171165245027322,-0.4606268696993442,-0.2742338804954419,-0.41591674800029377,-0.3829775355783262,-0.3405267563074158,0.2870328978178155,-0.748832075260406,-0.22068605237570973,-0.7971210008579334,1.275311146655764,-0.2728917221382057,-0.21561838301210948,1.9361219905455105,-0.2015670272227667,-0.2037574657650215,-0.33771302089473115,-0.08602139992103093,-0.4070152091422898,-0.056215226499505416,0.23037546329656336,-0.4555121144458834,1.4384437647234125,1.4547981675316397,1.2303423629780863,1.4251039072037504,0.597523763941906,-1.0271184689917705,0.42767866066798743,0.21194158405005517,1.4378233882025369,0.1719178273222179,2.4412979244190516,1.7652528513873038,1.0849680349428452,-0.588328603623195,0.4907891250823656,-0.34492121723453195,-0.06616064841828553,-0.6572767135862871,-0.4332830953539955
13317,Wilkes,Georgia,-0.2922755664201791,-0.5556714148231257,-0.7991114100109727,0.9099008500776213,-1.0367382706466612,-1.8347240899965207,2.151949428091695,-0.33718722787385963,-0.2906205720371322,-0.5105279535613494,-0.3163207855366612,0.8780989792629307,-1.0986923685657874,1.5451202076056314,0.6027657928866248,0.511436259966163,1.172467152695071,1.748230796878992,0.20220181507030058,-0.26167974143107636,-0.4264336984199431,-0.5384133042780915,-0.3666174150413268,-0.82004788927322,0.31694712344039144,-0.060444330972274515,-0.09962688226409369,2.3499375609022204,0.3709267280785211,-0.1218434089198522,-0.17600537543711903,-0.3404175952770176,-0.09965304825154178,-0.3576633745584043,-0.08602139992103093,-0.46811536144874677,-0.6640262684296848,0.8476810228089792,-0.3869073120469487,0.9843379452237305,1.0840071449277306,0.7385383584041599,0.9451574034222802,0.4067971714069106,-1.1095143066728446,0.3016874636988033,-1.0014049223491264,0.9822878864007015,-0.27959443542237444,0.3670254561954866,1.7652528513873038,0.845047227751231,-0.8859960529555155,0.762951507703092,-0.3259624529814242,-0.06657572167386173,1.343885162528821,0.7002363402572077
13319,Wilkinson,Georgia,-0.29468595707817274,-0.17093909410910743,-0.1300994078531698,0.2222746701727203,-0.9051952641896714,-1.6303570402392582,1.9281719110149158,-0.28859275525070516,-0.45734704393949704,-0.4803539618553177,-0.47986143632066086,0.43067666767623897,-0.8113535461404813,0.8784206479334811,-0.039317592014215016,-0.44311715539424523,-0.6445711206584308,-0.9423391122309956,0.25716380634441915,-0.23176800197180425,-0.37526300389070644,-0.47504986552783396,-0.3748827013836385,-0.7695454425832152,-0.5795398687424028,0.1861461165245021,-0.18660911767164629,1.0869214839274615,1.279451737612571,-0.06947077632762821,1.4745766371112037,-0.22549899499761378,0.8981425105905549,-0.3252033153763756,-0.08602139992103093,-0.4269168243661062,-1.0199469998608268,1.1759278442057193,-0.40343114321195866,1.2631748519340618,1.295887729272822,1.148375028882432,1.3108309301129237,0.30809949415103866,-0.9257082072304486,-0.052199574846992614,0.0246809181575814,1.2933853022653696,-0.14095581532652454,-0.10928896243362825,1.335816288604004,0.845047227751231,-0.8859960529555155,0.4907891250823656,-0.3331866217886301,-0.06674487135142007,1.6673125543255576,1.3509604607006758
13321,Worth,Georgia,-0.2616111797990452,-0.15009759534090183,0.17749199735693702,0.04988787114038365,-0.9516608591065923,-0.9973750529915328,1.2230949133803224,-0.3231552821680042,-0.3508905939856079,-0.4425022465806631,-0.5293150738339382,0.9985588323824247,-0.8635220853290223,1.0548999431408153,0.03202500630810057,0.7613471192319926,0.3997970838695141,-0.006611175921120958,0.43023560865440746,-0.26425136340050676,-0.3838835579363573,-0.2415258405506821,-0.2825650580497261,0.6692322710428514,-0.7799891220076676,-0.37758571670605784,-0.8136181445777798,1.0231614539374523,-0.28351049588995164,-0.3504348000820655,1.6854979251465616,-0.20831644070597533,-0.24833922527545654,-0.30958381472988583,-0.08602139992103093,-0.33084916715982426,0.3060099127799836,-0.1546707816827389,-0.31191339421782993,1.4703108397760218,1.4547981675316397,1.131981562063302,1.4022493117855863,0.6442050977791429,-0.7080986872009454,0.7111588538486506,-0.2985361216020314,1.4267127662073706,0.25934758774302413,0.9918680268702393,0.9063797258207039,0.845047227751231,-0.588328603623195,0.4907891250823656,-0.2948947840177925,-0.06352110985237212,-0.07866659797740173,0.03175051925572874
16001,Ada,Idaho,1.089554830114415,0.41874795704307455,1.2918607736631218,-1.029153770036479,0.01121725315981902,0.5298435633306863,-0.5765282099109419,-0.18387975022359063,0.7792079475687415,1.2780645009033087,-0.08977087410147037,-0.8771731661925526,1.1376218922545787,-0.4549784714108239,-0.9667713702043169,0.2839100258921722,0.2988006956009649,-0.038710470441311914,0.6052203569093977,0.01126763579798556,0.37234038186681623,0.6143755997939602,0.37594427319607726,-0.484232363878204,-0.5979199629950913,2.674977409497756,-0.8315024793097108,-0.5960332136554619,-0.7127453779516705,0.9824913779471267,-0.6241434235584424,-0.3754485755189849,-0.15725048856700094,-0.37553627440873605,-0.08602139992103093,0.42792463174699236,-0.7473371950635428,0.541827733075216,0.049719474956365584,-0.1947438317228135,-0.33559277018437594,-0.42539778575413156,-0.8717829323218625,-0.7749074508728531,-1.350363678355984,-2.216283663964739,-2.065968981874835,-0.4398717289806401,-2.0119526883317795,-0.7238882122776474,-0.8113665253124961,-1.7940816513565272,0.9000086430384084,-1.1421851706419928,1.1369317304777737,0.0241141994297166,-0.7447098127717472,-0.0764343841430616
16003,Adams,Idaho,-0.3083340985924501,-2.0461496355505457,-1.777900822808829,2.7705039116109167,0.6118372642383376,0.6689820022445099,-0.6626099121500709,0.03340066788685288,-0.2722866695360384,1.1232957968624326,-0.4427800208732943,-0.3092910014863668,-0.3898866637488471,0.8980294585120717,2.100960357655251,-1.0782149297576016,0.3516915039913881,1.3126000323862381,-0.5790363689467753,-0.2946888265000184,-0.4774088336465313,-0.6740010749580648,-1.1372570558948216,-0.8051284213991028,-0.7066271992283819,0.35961888030309647,-0.8265452952905926,3.027603604699907,-0.6968831552731772,1.3892699930237418,-0.5853884943887724,-0.3227582157997546,-0.24735792963586678,-0.3931546493483583,-0.08602139992103093,-0.7468921478847302,-1.1124879899561557,1.4040419956549484,0.2799212400014829,-0.8798859453539131,-1.3314315166063013,-1.8844163326567795,-1.6488391765394828,0.5988575163372558,-0.3109084953024345,-1.9957990692686673,-1.314361103703672,-1.3759416320734374,-0.8041729979472122,-0.8135172695465669,-0.8113665253124961,-0.5944776153984553,0.007006295041446424,0.2186267424616392,-0.35165878399772915,-0.07023391090534964,1.4555895051074919,0.3546905294013707
16005,Bannock,Idaho,-0.06373948691361736,1.340202123604512,-0.27781118723033016,-1.0963474031695228,-0.15152189051502798,0.43015628624160235,-0.6084638303789729,0.2752042450708203,0.19168846039672421,1.4685881034747348,-0.06078457597958343,-0.17162259792123075,-0.16583651649700773,0.0548506036325867,-0.7527435752373701,0.5026744118071683,0.06431377025133923,-0.46017460035195323,0.4342779431374258,-0.21242991492554583,-0.221771819935957,-0.4105262231168962,-0.6396752808645694,-0.14318018119638545,-0.8079617019027426,-0.2779432561272629,-0.655316118802705,0.3216749364066409,-0.6461022187594666,2.5362687853056616,-0.4014253999466978,-0.2829304061062795,-0.24634760777971637,-0.23232402967893365,-0.08602139992103093,-0.42668362677466676,-0.5065692285007626,0.6767105516154538,0.11439251401364844,-0.8639524078276085,-1.119550932261211,-1.4417927285402465,-1.5002843063214086,-0.5735108391750604,-1.0397947517119357,-2.0458249857123136,-1.2630568116783365,-1.2037269911483526,-1.572930391361588,-0.7802264768466824,-0.38192996252919614,-0.5944776153984553,0.007006295041446424,-0.3256980227798136,-0.09171971518093394,-0.05487893648751603,-0.9659841393923325,-0.5463120989049707
16007,Bear Lake,Idaho,-0.3029714919159175,0.37908492188800197,-1.1888810346173069,0.24284006906502342,0.0274361360001328,0.7383939984913771,-0.6716688913726347,-0.17031939672257432,-0.40225974194975056,-0.3147901560204203,-0.39362134215939926,-0.46416795549714485,-0.08044485498313267,-0.16084631273193314,-0.6814009769150549,-0.6033975009242966,-0.7554952067019153,-0.2920981958713707,-1.0672529790957226,-0.2802004177843916,-0.45685410304554935,-0.6403435011019082,-0.8609046674004421,-0.5586726971755959,-0.6886221761200365,-0.47617258587573363,-0.5805801934842841,0.6325625362877255,-0.5023203288071509,2.3830663687977163,-0.5694783958539913,2.2434690029126316,-0.25555266489160183,0.10093429216873102,-0.08602139992103093,-0.6508303467159383,-0.8616744131329552,1.1187227501925534,0.04182616218714039,-1.254324077222072,-1.70222253921021,-2.2614660694967905,-1.9802308101028803,-0.7095535835007217,-0.5686595772791277,-2.0106215630297473,-0.6448400927730453,-1.7481474689115222,-1.3349965433592508,-0.9236329684769536,-0.8113665253124961,-0.5944776153984553,-0.29066115429087425,-0.3256980227798136,-0.34935678202030346,-0.06966930361161063,-0.9017133282026596,-1.2761565218341215
16009,Benewah,Idaho,-0.29367845478613164,-0.5966659486074863,-0.7915321643635475,0.9438937224692528,0.592751352994169,0.2728523999328066,-0.6562689916075858,1.2188098438744324,-0.409419006140094,0.3262252284341193,-0.4270383391137977,0.15533986054596688,-0.4406137038282311,0.6038972998331827,0.9594787844982022,-0.20236354324820682,0.22164979717359998,0.8018914359141015,-0.42554770891526905,-0.2824150054133542,-0.4355368376743111,-0.5490215111796134,-0.9684323990222394,-0.412539076969618,-0.6974959566201591,-0.1860138385192391,-0.8206664520966708,3.068637869656932,-0.6414702381988282,0.9836761869654732,-0.5424542050456697,-0.004246956794914842,-0.15737023945797046,-0.3424214239744239,-0.08602139992103093,-0.6427630727558555,-0.7218027826056284,0.979253716370902,-0.15631088136337012,-0.5930822698804297,-0.992422581654157,-1.753268598103733,-1.4202932223578297,-0.1106987579887422,-0.8707776487763992,-1.7345526167296244,-0.8911006944946551,-1.1092867041894352,-1.1108016577087545,-0.8135172695465669,-0.38192996252919614,0.1252848061763878,0.007006295041446424,0.4907891250823656,-0.3263180467828152,-0.06840805606535816,-0.808874491752187,-1.6007112320304915
16011,Bingham,Idaho,-0.1838109155961988,1.5979534921565448,-0.7228003180147596,-1.1121963333192346,-0.10906665525415049,0.2807661195935828,-0.663369440779393,0.7827835976010799,-0.11376991335992079,0.46393852658707224,0.582103892011295,-0.5846278086166387,0.2908441298468916,0.5450708680974046,-0.8954287718820013,-0.6391507497994463,-0.7409275025411107,-0.31751919710027965,-0.9586904715215119,-0.26700882589334635,-0.41716738248138446,-0.5334350882478416,-0.805484890370779,0.2740749529850399,-0.8163960373937437,0.34304756451573337,-0.7679173473845164,-0.42529432744449985,-0.7093520302172368,2.2442425980196044,-0.4003079687959496,-0.253520411846811,0.5780022918618919,-0.3468934814865583,-0.08602139992103093,-0.5842680008903293,-0.09954561373798154,0.34902802876495304,0.8388645888418647,-1.047188089380112,-1.108956903043956,-1.376218861263722,-1.614557283412235,-0.9282889763380594,-1.4623375090507769,-2.0439721739921786,-1.701708508494954,-1.28150134511452,-1.9701113029875366,-0.7699831560159488,0.04750660025410388,-1.0743192297816841,-0.588328603623195,-1.1421851706419928,-0.2277624174078246,-0.06627098508442705,-0.9269069566701645,-0.41713609484671377
16013,Blaine,Idaho,-0.2534867281765977,-0.65331354269637,0.7488513083907763,0.22894399138906008,0.08852138623630328,0.6242481862509076,-0.6440195658690747,-0.0841911340334043,-0.08897734246398817,0.29399194001405377,0.9854128433197322,-1.2557612759966765,1.3767048159304844,1.4078585335554845,-0.8954287718820013,0.19282076484673058,1.3451217195631955,2.003664001733056,0.4048077838369431,-0.28684497871625647,-0.4517803933615447,-0.6138961436847454,-1.1306807894440831,-0.690348674438101,-0.7972641885038765,1.0619335936091516,-0.8296012241568229,0.4817862631516194,-0.7123737506634714,2.511778398642458,-0.5503129449534407,-0.1756909777664205,1.7352998254729621,-0.3786414043464732,2.053372658192624,-0.7150794219987033,-1.040484789005164,1.3203043773856518,1.2387502388608804,-1.1348225457747874,-1.458559867213356,-1.949990199933303,-1.785966749048475,-0.3267666460353806,-1.3524763921426781,-1.990240634108262,-1.7427519421152222,-1.5426009620009382,-1.6478701860079934,-0.7136448914469138,-0.8113665253124961,-1.5541608441649128,0.007006295041446424,-1.1421851706419928,-0.28512531221115656,-0.06907738209136506,-0.5690204640287377,-0.5689178996151651
16015,Boise,Idaho,-0.2979749834559696,-2.285469298862029,0.32315549559467627,1.9446214815726748,0.9070522496788197,0.6748547252091583,-0.6576875420295758,-0.010570598807734513,-0.1918833113804451,0.7494058369381098,-0.3314639141099525,-0.49858505638843054,0.5986385110592837,0.0548506036325867,0.3173953995973624,-1.3864587671818895,-0.3675984208937267,0.23789128361759512,-0.38988872729178786,-0.29259060645136,-0.4710880895479718,-0.6619016981167293,-1.1043394926044505,-0.8205349435263386,-0.8259350458769218,0.6463171535692775,-0.8117109959769645,2.506285798596161,-0.6958030048757824,1.6612608555652653,-0.6118368040210647,-0.3776492352354766,-0.039921299020050226,-0.4059253184108686,0.781698976801557,-0.731425478660186,-1.1816426292669766,1.4645981138294564,0.679926034364185,-0.8320853327749993,-1.2678673413027741,-1.933596733114173,-1.6488391765394828,0.7188952319187215,-0.5749977186392102,-2.1014093373163654,-1.537534774013881,-1.350942732584312,-0.9159581916281007,-0.8135172695465669,-0.8113665253124961,-1.0743192297816841,0.007006295041446424,-0.8700227880212664,-0.33556348561898025,-0.07003062651464032,-1.234944348454458,-1.9688628435965234
16017,Bonner,Idaho,-0.1869505739016291,-1.2687793160557563,-0.5068236601644538,1.4213089083526804,-0.043850589562499306,0.7263733961674267,-0.680468871498147,-0.07686746708380604,-0.20819991920955144,0.2664098369642353,-0.4581799578747993,-0.3264995519320088,0.06912783829559221,0.30976514115429227,0.24605280127504683,-0.4989629598911907,1.0102364338850924,1.4613427427851737,0.7932253415729993,-0.27642111411564774,-0.4193345850706761,-0.5270440077357564,-0.9648719585523491,-0.8190507544001889,-0.8100593486776319,-0.29665156316621116,-0.826127807606384,4.355653762152874,-0.6712980648401264,0.14755606763789134,-0.3757398585180551,-0.015515568584731923,-0.08442110393042859,0.40444446132605366,-0.08602139992103093,-0.628107831443217,-1.1729977474203375,1.4115877546177489,0.6895097075094613,-0.7922514889592377,-1.1407389906957202,-2.0319575340289573,-1.7516848559212272,-0.04401113822126118,-1.443323084970529,-1.6789682651255724,-0.7987529688490516,-1.3453874215867283,-1.2075988924603616,-0.7290098726930142,-0.8113665253124961,-0.354556808206841,0.6023411937060877,-0.0535356401590872,-0.13867681242777238,-0.06590522211288133,-0.490316088021031,-1.2034950195513519
16019,Bonneville,Idaho,0.027796782375486735,1.7743677882185316,-0.4162382494458387,-1.427396709756703,-0.05062777260635041,0.6517739107059728,-0.63588995743387,-0.08116198143099654,-0.04950748146366702,0.4686351434850349,0.2597855283641719,-0.8943817166381945,0.6481986232883977,-0.18045512331052588,-1.1094565668489478,0.24446537642055868,0.12381704732672189,-0.5523810333187561,0.8998343528877839,-0.24602869800912794,-0.2809981727289905,-0.4555363857894107,-0.8620631691186693,-0.058530947394665904,-0.8213695395770204,-0.12075431772382104,-0.6828197662152016,1.1296775480749952,-0.703393111125683,1.7589895535214952,-0.5266713253082854,0.2206515117284298,-0.2358493761488523,-0.2990779147241607,-0.08602139992103093,-0.527581392027349,-0.4292882813518137,0.645137279001036,0.6753315306107774,-1.1348225457747874,-1.458559867213356,-1.966383666752434,-1.8088213444666406,-0.45480687598894426,-1.105288879099456,-1.7697560394121903,-1.2194481634568015,-1.550933928497313,-1.4330427746882979,-0.8468080622464512,-0.8113665253124961,-1.0743192297816841,-0.588328603623195,-0.8700227880212664,-0.022884241416935614,-0.057784592435416324,-0.895383163336462,-0.14102238617218976
16021,Boundary,Idaho,-0.28504732323193094,-0.380566340709732,-0.8870880746040266,0.7923938629119045,0.06626685994785843,0.6256755354412061,-0.6478965024372801,0.0302445869071157,-0.19064276430374377,0.5045425709219366,-0.33716583192491245,0.052088557872114846,-0.34410190632943016,0.9176382690906666,0.4600805962419936,-0.627697757434907,-0.24358908590673584,0.6487146710395336,-1.2669846462564458,-0.28616013503853394,-0.45479592732588836,-0.6007086436661717,-1.08079653247318,-0.6207215601905812,-0.823184214725986,-0.2862898407342584,-0.8281317894443484,4.8450400570895304,-0.6924250187878727,0.15025678813183665,-0.5500179205716368,-0.13584059903328985,-0.179271209267831,-0.36734020645627,-0.07495086177361202,-0.6977178709258935,-0.9836565780148937,1.2575592490946657,0.21125686543070513,-0.9595536329854363,-1.4055897211270834,-2.343433403592445,-1.934521619266549,0.0413490150811146,-1.3588145335027608,-1.4825702227912563,-0.5730140839375759,-1.5703775169888552,-1.0214984024217881,-0.8135172695465669,-0.38192996252919614,-0.1146360010152266,0.007006295041446424,0.2186267424616392,-0.31306749881519397,-0.06888441886209891,-0.2591753718804688,-0.9548312117392074
16023,Butte,Idaho,-0.3133042479808039,-0.22257598819292002,-1.5524554229788055,0.9782050532315557,0.42382410255002667,0.7369774094662054,-0.6573549629765737,-0.08812247281393684,-0.37800265449423903,0.24260119932219718,-0.3175720954848083,0.017671456980830835,-0.2731938787218474,-0.2588903656248968,-0.8954287718820013,-1.3301904039842434,-0.4459139654904877,0.556844228287426,-1.5734522791182148,-0.26818947350907396,-0.437860644011909,-0.6429092090854237,-1.2291424897122487,-0.6145055452838606,-0.7994212610674349,0.04369614072294776,-0.8310966422748748,-0.16111190251517002,-0.7121781376171561,3.946854795247857,-0.6223191468293663,-0.36337767386766634,1.2760334634444017,-0.39012258009940676,-0.08602139992103093,-0.7437773428916242,-0.9667837565329324,1.261040526861669,0.9267782214394791,-1.3419585336167479,-1.4373718087788467,-1.769662064922864,-1.9459489169756319,-0.8922776616636197,-1.6778343152935857,-2.0458249857123136,-1.6683607186784861,-1.6175976604683133,-2.0094546951768995,-0.9236329684769536,-0.38192996252919614,-0.354556808206841,-0.588328603623195,-0.3256980227798136,-0.3641981443625685,-0.07064707037813416,-0.7040751528462793,-1.1921921191962543
16027,Canyon,Idaho,0.35226816734163424,1.4849943390576794,-0.08960812766975973,-1.323470100929525,-0.18787699222902698,0.6088572577429567,-0.6295655596463102,0.020753350671198156,0.020983992122888276,1.5909415952436088,1.140515556554876,-0.7567133130730604,0.20236354167053713,0.6823325421475538,-0.46737318194810806,0.2598470790621086,0.7421432760444571,0.6355763921001963,0.7606493987714862,-0.07956575113885281,0.09080520166651694,0.5295075807837316,1.1723849998593772,1.432764584428216,-0.056190332443161725,0.07655679556195243,-0.8315503616676112,-0.6393997489025706,-0.7127453779516705,-0.32662031765933985,-0.6144201023265505,-0.15345206489256,-0.20052751169105373,-0.17239807845399474,-0.08602139992103093,0.5120174940481158,1.3853111996581977,-1.56788332195818,-0.2905120914831575,-0.20271060048596592,-0.219058448794576,-0.35982391847760714,-0.8946375277400281,-0.9389589955008564,-1.5468460605185452,-2.2236949108452793,-2.0403168358621677,-0.4065398629951394,-2.143097328962989,-0.7546181747698484,0.47694316303740386,-0.5944776153984553,-0.29066115429087425,-0.8700227880212664,0.33615320520855213,0.008778141322714253,-0.4282241974379687,0.5129311343727353
16029,Caribou,Idaho,-0.29995484261125965,0.8530394599816431,-0.5779464561733928,-0.4980612332360554,0.4443507002628749,0.7689126018675126,-0.689379763690172,-0.22143548522588374,-0.44338698487843775,0.6751665526922487,-0.24422554322540846,-0.7567133130730604,0.3978582779981225,-0.2588903656248968,-0.8954287718820013,-0.9534118178049356,-0.7498774901846305,0.03939725556532546,-1.54999426277571,-0.2781921418672775,-0.45051249347752775,-0.6542659811266073,-0.9508331760584027,-0.2305545715789218,-0.7161892221251913,-0.4161060541850457,-0.6202487829324774,1.1651695831643254,-0.6599483702416902,2.120595587723081,-0.4935472226742891,0.3666704054065472,-0.14750879334923295,-0.2764322934412926,-0.08602139992103093,-0.6777863550375537,-0.551074625785994,0.8283889313415603,0.5990940436944319,-1.1109222394853306,-1.5221240425168834,-2.0811379344863505,-1.8888124284302186,-0.4774806667098878,-0.7989453800287962,-1.832751637896782,-0.8680137630832542,-1.598154071976772,-1.2887836699939674,-0.9236329684769536,-0.8113665253124961,-0.354556808206841,0.007006295041446424,-1.1421851706419928,-0.35098502732140946,-0.07005740630120616,-1.6642975754927984,-1.8542191399948202
16031,Cassia,Idaho,-0.250531583372326,1.985511510639966,-1.27760261554681,-1.1929447275901335,0.36364335566221323,0.6412027405226157,-0.6385879181939698,-0.059540227366637555,-0.22772805171174876,0.7640017594705077,1.2506291672451397,-0.4297508546058609,-0.16734665842088656,1.035291132562223,-1.0381139685266323,0.1694089517129998,-0.58843904312794,-0.3072095703705068,-0.9870018705555706,-0.27899987850823027,-0.4232407191426356,-0.6059408615074766,-0.9142579018487071,-0.0007030112097017841,-0.7734068947630082,0.6245245007880281,-0.8089396309771218,-0.33181246372498086,-0.6843161437823321,2.622880644295429,-0.6101431694853022,-0.38647494545302696,-0.25281214454191936,-0.37860082433837033,-0.08602139992103093,-0.6431804285944813,-0.35064705668405666,0.6185885381433263,1.1814939351980767,-0.7364841076171712,-1.0877688446094476,-1.3434319276254598,-1.386011329230582,-0.8162537751286914,-0.9743006243244153,-2.051383420872719,-1.6093607828493504,-1.1065090486906437,-1.7534103968016808,-0.8135172695465669,0.04750660025410388,-1.0743192297816841,-0.8859960529555155,-0.8700227880212664,-0.30279270950131815,-0.06894157023560651,-1.029266925280416,-0.4784946967743856
16035,Clearwater,Idaho,-0.2952658566532429,-1.8419153357280824,-0.03609604722510193,1.7148973926880613,2.346878287967288,0.6020793764380071,-0.6483090720827722,0.17627297728359564,-0.30824090362524814,0.6732645693545861,-0.4042657664646854,-0.17162259792123075,-0.4053999398759659,0.5058532469402192,2.0296177593329356,-0.7964609761363721,0.04461948743200958,0.31811828124817776,0.32123365623802047,-0.2935820719340063,-0.47710914013710853,-0.6803700977839815,-1.1850180972112554,-0.7673461831505147,-0.8053767710975841,-0.22664966713117743,-0.8219831668988428,4.699897979002498,-0.6353862309054658,0.4754717422971685,-0.5860114282698752,-0.3371094669970862,-0.05948435498272518,-0.3385142555343232,-0.08602139992103093,-0.7617686832698903,-1.119969315691853,1.417738186396796,1.1136263384257017,-0.704617032564562,-1.1513330199129748,-2.1139248681246117,-1.6716937719576483,0.4654822768022938,-0.06160826847251823,-1.5474186329959831,-0.29597090700076467,-1.3120555556012283,-0.39387762225814305,-0.5343867769090749,-0.38192996252919614,-0.1146360010152266,0.6023411937060877,0.2186267424616392,-0.3248956715772513,-0.07015391534519293,1.9818045278845289,0.7486773417790535
16037,Custer,Idaho,-0.30827259409206387,-2.0349289793995253,-1.0576886894935933,2.4014882285916457,0.4776436489046263,0.7410075614702727,-0.6378214619585901,-0.12945997640111753,-0.3959698263922117,-0.09498022071809999,-0.3707773925064509,-0.2576653501494408,-0.45763712187922867,0.5450708680974046,0.17471020295273174,-0.8621816233250789,-0.2945319705373652,0.14004918182236753,-0.3326466778435678,-0.28895849693325354,-0.4513640695598956,-0.6739547134047139,-1.2425837868402057,-0.7883263259509772,-0.7735522494859972,0.22596987679989555,-0.8314989300290463,1.4267138553725807,-0.7127168002298145,2.786990861456389,-0.5933017747047942,-0.11884817921532992,0.06159314482494168,-0.4073104884803942,4.162364237333451,-0.7665377957407534,-1.1262267863082984,1.4258808128946048,2.9359390751094416,-1.326024996090443,-1.8611329774690277,-2.7696635408898467,-2.2087767642845333,-0.4348005900586999,-1.1306414445397865,-1.8438685082175925,-1.3938827563429417,-1.9564716313208983,-1.4986150950039026,-0.9236329684769536,-0.8113665253124961,-0.5944776153984553,-0.29066115429087425,0.762951507703092,-0.3518272231668091,-0.07070693303537805,-1.8411720341836508,-2.6696426656125665
16039,Elmore,Idaho,-0.24033648023687548,1.8653501179734655,-0.9106216830047352,-1.2650053227391838,1.0644145141063686,0.32885036981851856,-0.4478464495155791,0.041410814174401664,0.9225630947953195,2.0778710716910007,0.5741860485686652,-0.0683712952473792,-0.5440584256139303,0.6235061104117755,-0.46737318194810806,1.4592346173396509,0.730819569558484,0.41571872536741106,0.23870010879434927,-0.25693973581295737,-0.4013056413917667,-0.6277792099601068,-1.108964084053151,-0.604970149961699,-0.7876684028271749,2.2290044390913475,-0.8314848528928575,0.08068723650617635,-0.7126088794171879,1.8878179440750542,-0.596147597902623,-0.35676598776506796,-0.13610257119072255,-0.3686843234436608,0.433934800083108,-0.6925004990178016,-0.952076974089526,1.2246043863080462,1.568832196522617,-0.553248426064668,-0.8335121433953391,-1.1631037926150212,-1.2031745658852593,-0.1467100726631819,-1.3123348301954882,-2.1458768185996067,-1.7709693027291566,-0.9009625417800591,-1.6110247869735104,-0.7187665518622806,0.04750660025410388,-0.5944776153984553,-0.29066115429087425,-0.3256980227798136,-0.2910581140554163,-0.06903354469206159,-0.3709439803845676,0.6081984373656997
16041,Franklin,Idaho,-0.28027047370193386,1.7989537519938235,-0.9822794115668638,-1.1681488274919059,0.576318719786443,0.7602342391422656,-0.6805459212788105,-0.14527929193287434,-0.4987918163606262,-0.05814644024525675,-0.2128162230512868,-1.083675771540258,-0.020656963360475775,0.2705475199971068,-1.1094565668489478,-1.1876661526061758,-0.29430738543585155,0.03455304521071001,0.19016404045017346,-0.2728874158819532,-0.43061157572471326,-0.5456313423399097,-0.653418247874798,0.16302553468303133,-0.6959943065863956,-0.34824820717736427,-0.2462951897887621,0.17200466672484072,-0.565831828823598,1.9366296273592913,-0.592964434333019,-0.19235519324666764,-0.2503485316708051,-0.3777782762043675,-0.08602139992103093,-0.5523199598871,-0.15440774543447552,0.38857312200864913,-0.24228841837608042,-0.9515868642222841,-1.2254912244337561,-1.523760062635901,-1.5917026879940694,-0.5561720580355154,-0.47992559823797115,-2.0217384333505577,-0.5422315087223747,-1.298167278107269,-1.215717370213722,-0.8135172695465669,-0.8113665253124961,-1.0743192297816841,-0.588328603623195,-1.1421851706419928,-0.3332801991047856,-0.06654628466821869,-0.7384147249592361,-0.02637868257048672
16043,Fremont,Idaho,-0.2825461402162243,0.6529221138894469,-0.3952553634578653,-0.40468037539741053,1.0453680277957063,0.6918121138612823,-0.6450128163269148,-0.16162090282005423,-0.4795558417528505,1.2439343489950072,0.19852128173440595,-0.3092910014863668,0.03020736234835173,1.0156823219836302,-1.1094565668489478,-1.1894112337287537,-0.08530885178559598,0.5139926405626951,-0.18971714333175452,-0.28983638999279243,-0.45333051688061915,-0.6325942738450117,-1.005974343302746,-0.2916388867961613,-0.8283177357328806,-0.3237212128451952,-0.782689692588761,1.7851816156917546,-0.697935383333679,1.8774639410268523,-0.4075129420219476,0.16506580809831473,0.5370856081144901,-0.3025087017767262,-0.08602139992103093,-0.6886417372038117,-0.6619562435827817,0.9408769860224674,0.671571037263175,-1.3180582273272907,-1.6492523931239371,-2.2450726026776593,-2.1287856803209544,-0.34277167477957615,-1.3482509645692897,-1.693790758886653,-0.9270136989123899,-1.7898123013933973,-1.3556049868870124,-0.9236329684769536,-0.38192996252919614,-0.8343984225900698,-0.29066115429087425,-0.8700227880212664,-0.3287697724660897,-0.0694441450948446,-1.0314179520786748,-0.9709782122464897
16045,Gem,Idaho,-0.26786413733831177,-0.3430421107895732,-0.5475259050987473,0.5887155838292195,0.10435185438836476,0.6924066070181106,-0.6806406531310153,-0.06614059393111824,-0.1295233112908275,0.667476289674089,-0.0824958499331125,-0.3092910014863668,-0.13652603461081428,0.5646796786759973,-0.39603058362579246,-0.3935108850069322,0.840798756310796,1.5849135039437288,0.05225090093882403,-0.27923448893611585,-0.4157209181543483,-0.5351804447521047,-0.7741377339528733,-0.5537053577548083,-0.27754296557903074,2.3854946142681186,-0.8180851468017938,0.35455828747095297,-0.6865588103900573,1.0027233366229176,-0.6080779505638931,-0.3582941742374708,-0.24943320951295717,-0.36999528598887227,-0.08602139992103093,-0.5784656517574778,-0.6707763553552897,0.9018854459154981,-0.31874185441535774,-0.4815475071962969,-0.6216315590502485,-0.8188409894132737,-1.1460380773398462,-0.15604633943062926,-0.9447226313106963,-2.214430852244604,-1.8299692385582924,-0.7481914893465166,-1.5442034700804659,-0.7546181747698484,-0.38192996252919614,-0.5944776153984553,0.007006295041446424,0.2186267424616392,-0.2869781430710358,-0.06419126074737234,0.27213814880438136,-0.25889548987534916
16047,Gooding,Idaho,-0.276454265892255,0.8843693602606173,-0.8354850318727944,-0.3986661231874336,0.39238689965924056,0.6269953161440269,-0.6578542634114778,0.02742138177762169,-0.21760004241780423,1.1171218714049378,1.3943240928133638,0.10371420920904087,-0.3786978849491995,1.584337828762817,-0.8954287718820013,0.13955794487229545,-0.0681146220621799,-0.020178363867199137,-0.14745181198168059,-0.24834535342700093,-0.3429951479165752,-0.492923524024619,-0.7452339191412604,0.17888334414196,-0.5342979324472309,1.1889207743212287,-0.8315503616676112,-0.6393022706607825,-0.7127453779516705,1.8978896246691368,-0.6142877196482713,-0.37882507494329803,-0.25144959884911683,-0.37698661172947706,-0.08602139992103093,-0.5277273851051295,-0.06562859330445936,0.2916427494523157,-0.19358816789425762,-0.5691819635909726,-0.6428196174847571,-0.6876932548602247,-1.0089105048308546,-0.9602990338264503,-1.8975565491097832,-2.188491488162713,-2.035186406659634,-0.7287479008549751,-2.243641553446916,-0.6726716081239792,0.04750660025410388,-0.8343984225900698,-0.29066115429087425,-0.8700227880212664,-0.3195243336299246,-0.06656192877900016,-0.7487119888689603,-0.6480382021008477
16049,Idaho,Idaho,-0.2720962327220308,-1.2329307374390603,-1.6948677894589403,1.9799491794192785,1.0452826141610116,0.5831421643873277,-0.6624052096990659,0.2753114300176799,-0.3792817859900955,-0.1407305501994046,-0.44649888576051594,-0.11999694658430474,-0.47061061386164216,0.8588118373548884,0.4600805962419936,-0.6236409184322318,0.4835512660389755,1.7281343226570773,-1.1392043846173134,-0.2942219641507925,-0.47895126818126993,-0.6882306913834432,-1.1940155966787847,-0.712705655163355,-0.7790590661324744,0.3547829594389818,-0.8309173180391043,3.4990796819823813,-0.7048642453449753,0.9632047256485166,-0.5960389697745005,-0.38330571482780385,-0.19367373918872066,-0.4057460406574379,-0.07437884644867189,-0.7676110773040201,-1.054260500242372,1.3563770543649356,5.5913835280634085,-0.8958194828802176,-1.458559867213356,-2.4254007376880993,-1.8888124284302186,0.06669031059275732,-0.24330165412821983,-1.5807692439584142,-0.4550142122793046,-1.5648222059912713,-0.6842693265129639,-0.8135172695465669,-0.38192996252919614,-0.1146360010152266,0.9000086430384084,0.2186267424616392,-0.284657425630379,-0.07047971118251783,-0.5737086069000182,-1.4166354262474756
16051,Jefferson,Idaho,-0.23342454590775646,2.127968367369242,-0.4315467816880155,-1.7455381568094703,0.4953364365807423,0.6923139707992105,-0.6656316529056975,-0.10051102737025173,-0.2755426061175389,0.4640174308855328,0.05891089639226625,-0.9115902670838365,0.5049410689640751,0.34898276231147773,-1.1094565668489478,-1.1174589537394917,-0.8524013626941958,-0.24789038179116965,-1.1863950094668705,-0.2673070755973721,-0.34567515038628055,-0.46506973870391083,-0.8672578808937017,0.6003012788094192,-0.8172532574226029,0.4829803564501861,-0.83090738980239,-0.632801444758645,-0.7127453779516705,1.8911090478423096,-0.4005024167307253,-0.17299177097431515,-0.19821380459611063,-0.3504751586316015,-0.08602139992103093,-0.55616807914078,0.22127724932618528,0.024985667153949905,0.08334796596185652,-1.24635730845892,-1.119550932261211,-1.3106449939872,-1.694548367375814,-1.2097107317568294,-1.944036252417056,-2.1088205841969057,-1.7786649465329571,-1.3620533545794788,-2.284858440502439,-0.8135172695465669,-0.8113665253124961,-1.3142400369732985,-0.588328603623195,-1.6865099358834457,-0.2997420889946483,-0.06523775804645092,-1.0537179077393752,0.07211802052393398
16053,Jerome,Idaho,-0.2494127872224432,1.6711477431822568,-0.21522337100520858,-1.4324110263420933,0.5578685115799114,0.618878052913776,-0.6484894360616702,0.024608795093729104,-0.37542467375577765,0.44309591394540926,1.979713191015046,-0.051162744801737194,0.041052927074390524,1.8196435557059314,-0.9667713702043169,0.8276568775049816,0.486032556893419,0.3431087894009966,0.1896488958962278,-0.23590785059594746,-0.3172660812131781,-0.42202742691962486,-0.3506534854028814,0.9753081560040765,-0.670203898522933,2.007527666368262,-0.8315503616676112,-0.6393997489025706,-0.7127453779516705,-0.024111563043835316,-0.6254510494624612,-0.4028696706181423,-0.253975480271067,-0.38039009920535743,-0.08602139992103093,-0.3855316945953121,0.6570561614641455,-0.4723570471092186,-0.29162162318373724,-0.4735807384331448,-0.6216315590502485,-0.7696605889558791,-1.07747429108535,-1.0963417781521116,-1.7560047254012714,-2.182933053002308,-2.1224037031027043,-0.7204149343585998,-2.284858440502439,-0.7904697976774161,0.47694316303740386,-0.5944776153984553,-0.588328603623195,-0.59786040540054,-0.3093244061689733,-0.0624074175893142,-0.7062471997358418,0.5016282340176378
16055,Kootenai,Idaho,0.1643807050189042,-0.05206948135915101,0.1999979674465165,-0.051631900703404905,-0.2529153741934744,0.6833358962358747,-0.6616035087644375,-0.03226506581615641,-0.0830363844999514,0.5219659426640235,-0.3471731318033033,-0.7739218635187005,0.48338722514144106,0.11367703536836492,-0.25334538698116177,0.14939307426881507,0.9223351816428241,0.8703345095752024,0.9512572677906437,-0.1998278015385229,-0.04138041564042388,-0.08014689893961519,-0.5827479930227516,-0.6263733175172342,-0.7582768385917126,-0.3495057118861305,-0.8252215264780114,3.7812718653335526,-0.6831546077826736,0.3935173509011903,-0.47854280273710825,-0.08963267858916331,-0.14919468785832227,0.024714659267711755,-0.08602139992103093,-0.24070440431818238,-0.9598518418446351,1.0371080517034634,0.23985895443692537,-0.6249493449330388,-1.034798698523175,-1.7204816644654708,-1.466002413194161,0.07869408215090387,-1.1200778756063154,-1.6419120307228714,-0.9731875617351917,-1.1370632591773522,-1.0845727295825125,-0.7597398351852152,-0.8113665253124961,-0.8343984225900698,0.3046737443737671,-0.59786040540054,0.3441259925450022,-0.04454552804045289,-0.615757425998435,-0.8918579097608071
16057,Latah,Idaho,-0.2034425663623364,2.541350551466973,-2.0971426046521606,-1.2968831419014202,0.33036173655056494,0.5700859368083576,-0.6052628602517921,-0.11155224861063104,0.5912533655085451,0.5816281237060739,-0.37663678782049087,-0.4813765059427885,-0.049624231173060404,-0.2000639338891186,-0.8954287718820013,2.1344319576581015,1.0988141529184159,-0.18541630385738261,0.8976308121780366,-0.27209847561705547,-0.3890483677621025,-0.45570075083002354,-0.739414823604735,0.2492822846872431,-0.5441617977309114,-0.19393957732261036,-0.8233492193932026,2.410159270857451,-0.6694022409914718,0.4691194837701687,-0.5698446720993178,-0.3095818890767671,-0.1811935292319751,-0.4256542334306912,-0.08602139992103093,-0.5321567883663405,-0.0007752539397624447,0.23050329461492208,0.06227431017232164,-0.5373148885383632,-0.992422581654157,-1.7368751312846018,-1.3517294361033343,0.013340214778772454,-0.6911969769073918,-1.869807872299483,-0.9577962741275913,-1.0703995272063525,-1.061466292899871,-0.7290098726930142,-0.8113665253124961,-1.3142400369732985,0.6023411937060877,-0.59786040540054,-0.25798789052605664,-0.06310140870166944,-1.569558731741242,-1.3326710236096087
16059,Lemhi,Idaho,-0.29740094145236484,-1.67712017063356,-1.6257006416180613,2.3547258454029003,0.2190449572954052,0.7289467406343709,-0.6668528300264878,-0.04053225909062782,-0.4176353568710971,0.11084309679450016,-0.44792652020216045,-0.17162259792123075,-0.6630850663414699,0.32937395173288503,0.6027657928866248,-0.746419791013886,0.30693531811690733,1.2369975766160888,-0.7025734224026878,-0.2912584158975381,-0.4626210123120432,-0.6657828101505576,-1.2138581025725712,-0.8015623267965777,-0.6850186054672162,0.17256079415500172,-0.8313836348301407,2.02793885331707,-0.7125909764548449,2.3747514493756734,-0.6109359502921816,-0.293924759883585,-0.10925750300963168,-0.4170243425385181,0.7064373100564186,-0.7597662861484724,-1.0991991625188937,1.3966805081423417,2.6618475124588405,-1.2383905396957675,-1.7234105976447192,-2.5237615386028835,-2.15164027573912,-0.834926308663586,-1.5362824915850741,-1.7086132526477333,-1.2733176700834037,-1.8342547893740648,-1.7309284584077593,-0.8135172695465669,-0.8113665253124961,-0.5944776153984553,0.3046737443737671,-0.3256980227798136,-0.3270479498488282,-0.07052221281711492,-0.4585420099077346,-1.544196730255004
16061,Lewis,Idaho,-0.3096696248865511,-0.9425718472083524,-1.6500059739609456,1.6901051840832377,0.3921553768958291,0.28234322731117817,-0.6255392934987607,0.8104578853847502,0.12361034660687617,0.9382785426459781,-0.36142015122195414,-0.22324824925815678,-0.7125078929411404,0.662723731568961,1.173506579465149,0.2845083870335892,-0.02016764953767566,0.14341027876904355,-0.3575838082962581,-0.28451510567086963,-0.43588556123759314,-0.6028518822281194,-0.4992052097853718,0.9845128167578708,-0.6499752255519832,0.5731032521397996,-0.831444531477409,0.8111588354676037,-0.7127453779516705,0.09777628869468331,-0.6143409593139867,-0.28890459489130943,-0.262701360571025,-0.41222363620680436,-0.08602139992103093,-0.5340318168685823,0.6752724714572786,-0.4259549412246433,-0.3826702413246005,-0.6408828824593433,-1.1301449614784655,-1.8188424653802564,-1.4774297109032428,-0.38545175143076404,-0.5095035912516898,-1.634500783842331,-1.1963612320454007,-1.1870610581556027,-1.173251486580759,-0.8135172695465669,0.04750660025410388,0.1252848061763878,0.007006295041446424,0.762951507703092,-0.35003053869662315,-0.06921637435475819,-0.6200010271817993,-1.8832837409079284
16063,Lincoln,Idaho,-0.30519444028701975,1.1108632572455843,0.25441440965160766,-1.1501196554955844,0.7891448969524057,0.6507743711066389,-0.6430558554469981,0.040929202994544375,-0.27053994978750917,0.4322415261583829,1.5553806235907184,-0.5674192581709984,-0.3510348306163284,1.6823818816557823,-0.25334538698116177,0.4307624056162625,-0.12358609115030221,0.5815571557218353,-1.1512079849531112,-0.2892055451824133,-0.45883712847830466,-0.6404819333769869,-0.99975931294891,-0.33482426335892385,-0.7886373402122372,3.020966311769397,-0.8315503616676112,-0.6393997489025706,-0.7127453779516705,1.4503249348177638,-0.6261659550614155,-0.4031174441791072,-0.25399067156685223,-0.42471293493303885,-0.08602139992103093,-0.691183541540832,-0.6865228890000812,0.96585857331588,0.15827486509765176,-0.728517338854019,-0.8547002018298476,-1.0155625912428423,-1.2488837567215898,-1.014982882035785,-1.8109352838553208,-2.1477296303197417,-2.160881922121706,-0.9537379962571012,-2.2605030072423573,-0.8135172695465669,0.47694316303740386,-0.5944776153984553,-0.8859960529555155,-0.8700227880212664,-0.3600994579149568,-0.06995916613119178,-0.40970396584378554,0.6291895380251663
16065,Madison,Idaho,-0.2040312522946046,6.2498826336622635,-5.622909110323226,-2.957588193159528,0.2895981982564765,0.6684450251333975,-0.6517897771489382,-0.24672809320508654,0.12588185382342235,1.563970367703153,-0.144363116859086,2.220365914023004,-0.655191142648467,-0.47458728198941663,-1.4661695584605254,3.3362142192879145,3.8785498101305933,0.19893095018385576,3.5489831077127443,-0.24056546558672856,-0.24363267222153373,-0.36116281395618005,-0.6885439495912183,1.2608757667983912,-0.8214509156946767,-0.30873242917801597,-0.7213607977049009,0.3333962022246031,-0.6921776480630435,0.5394609996185746,-0.3007134650923988,-0.28235106384251396,-0.25160050532824874,-0.3730203032955552,-0.08602139992103093,-0.4354874223138942,0.8697963237318704,-0.6576199555860869,-0.3875402663727828,-1.1507560833010921,-1.2996494289545382,-1.6713012640080787,-1.6716937719576483,-0.7882449748263494,-1.6609326050000324,-1.9402147176646154,-1.1989264466466674,-1.431494742049271,-1.8058682530541648,-0.8135172695465669,0.04750660025410388,-1.0743192297816841,-2.0766658502847983,-0.0535356401590872,-0.3166047213658725,-0.05324930660757902,-1.9808302933888517,-0.6044413007311862
16067,Minidoka,Idaho,-0.2592915814987646,1.4276192830586778,-1.0410303272278,-0.796786583586355,-0.03673083384600399,0.6147783143003764,-0.6375939274853328,0.07166230096464377,-0.31034834870166045,0.07652645043453464,1.8823848668580405,-0.5502107077253546,0.03096243331029114,1.1921616171909644,-0.9667713702043169,-0.21886491075533787,-0.8032038665215946,-0.5171542541897833,-1.0210342258711238,-0.24076914556496315,-0.3507390126641948,-0.3601782011490331,-0.7293660783666613,0.8030101380730581,-0.8286517071509681,1.3984420617986362,-0.8315503616676112,-0.6393997489025706,-0.7127453779516705,0.8360884657758976,-0.6170218904499095,-0.37643189826736917,1.0093378372421191,-0.38199587735349316,-0.08602139992103093,-0.47847067821287426,0.4157119255164616,-0.19759231600265995,-0.17187411125740826,-0.7842847201960852,-0.9288584063506297,-1.1467103257958913,-1.386011329230582,-1.0536617015009238,-1.7306521599609408,-2.1199374545177156,-2.1044472008938366,-1.0481782832160185,-2.2317760859612354,-0.8135172695465669,0.47694316303740386,-0.8343984225900698,-1.1836635022878363,-0.8700227880212664,-0.30436480841273084,-0.06512040380471511,-1.2193644791860503,-1.1001542163047464
16069,Nez Perce,Idaho,-0.20256393064253314,-0.007589261192909766,-0.21805521681519366,0.11558717258628325,-0.32414418956884117,0.38469201611528037,-0.6545072898808203,0.6840192982175013,-0.17955046164134433,0.6107977279591787,-0.41194823398328995,-0.5846278086166387,0.8184328037983737,0.07445941421117944,-0.7527435752373701,-0.1486595972208173,-0.029365413734859805,-0.5791572440616952,0.9796803076545092,-0.2384161434722772,-0.25851113833943057,-0.4079097244891194,-0.609963154500273,0.44240599076405207,-0.7658246379839028,1.6810268993222905,-0.8153571372114383,0.6044710519716147,-0.7031874020591729,0.09981713937498876,-0.6157104853548039,-0.29652066420293965,-0.2591944954832385,-0.3522826919993615,-0.08602139992103093,-0.4341837528358131,0.08908019856619821,0.10084576352775149,-0.1024948706245118,-0.40984658832792614,-0.7381658804400477,-1.1958907262532834,-1.1346107796307632,-0.4814819238959366,-0.9320463485905311,-1.8308988261766472,-1.2989698160960712,-0.8148552213175171,-1.434291771265738,-0.8314430810003508,-0.38192996252919614,-0.5944776153984553,-0.29066115429087425,-0.59786040540054,-0.18701885395371248,-0.06101496857300745,-0.07030898298329777,-0.46880649647001654
16071,Oneida,Idaho,-0.3076399763738055,0.503794234052999,-1.36618873723633,0.2162501494969016,0.04433381607186315,0.764061806370492,-0.6881321459264537,-0.27749873188725366,-0.39444113047042945,0.13519973771517949,-0.38340224094055503,-0.5502107077253546,0.007623876304891206,0.2509387094185141,-1.1807991651712635,-1.0207338655175888,-0.4804826982828687,0.15794897718955586,-0.8751251772297737,-0.28752078183887086,-0.4450310646782608,-0.646699302044193,-0.8633258877213285,-0.11036248674847031,-0.6821767476249151,0.3191518488242039,-0.7823217310957027,-0.34733703811628314,-0.6916138167893741,2.9981893356766354,-0.6204420980592446,-0.30161836109923673,-0.258953948439706,-0.41974933104846307,-0.08602139992103093,-0.6516645235728381,-0.41734031318500864,0.6870919805591486,0.15485691173814775,-0.8798859453539131,-1.1513330199129748,-1.1958907262532834,-1.4888570086123256,-0.6308621921750941,-1.022893041418382,-1.993946257548532,-1.4451870483682772,-1.1731727806616443,-1.6216412578817514,-0.9236329684769536,-0.8113665253124961,-0.8343984225900698,-0.29066115429087425,-0.8700227880212664,-0.35796589510661103,-0.07010097971322907,-1.7448691861848278,-2.178773850191191
16073,Owyhee,Idaho,-0.28628327081112087,0.580345610798756,-0.4964973952993448,-0.28739673614522665,0.49430065791988564,0.458139738461574,-0.6343653859229703,0.3897487061403901,-0.2528155937163372,0.41675421311239635,1.1489488959352274,0.06929710831775686,-0.5029413795955933,2.211819767277786,-0.32468798530347687,0.08108519191307983,0.3048961928258964,1.399806411433684,-1.1655070945164716,-0.29298537369620165,-0.4722583865924902,-0.682484302532683,-1.2105562326596961,-0.7106766467991354,-0.8019368504137924,1.694780793151157,-0.8274932526405618,-0.39492689896529726,-0.7068621748177668,2.9605158346794043,-0.5931055517437923,-0.2337609702379924,-0.23559477990724903,-0.40307048842812676,-0.08602139992103093,-0.7678695390050609,-1.062614536318628,1.364610609486907,4.9917225997681935,-0.5213813510120585,-0.9182643771333749,-1.2122841930724133,-1.226029161303425,-0.9736365577799465,-1.3165602577688766,-2.0736171615143393,-1.93514303721023,-0.9259614412691844,-2.01507517977538,-0.8135172695465669,0.47694316303740386,-0.354556808206841,-0.588328603623195,-0.3256980227798136,-0.33288717437693244,-0.0705684618603579,-0.13354765320734754,0.2917172274229704
16075,Payette,Idaho,-0.25076295744520755,0.5135504073708982,-0.31555655482214856,-0.31597132988449955,-0.010202536042669307,0.6449821357197618,-0.6603382389477199,0.06284629311974642,-0.06255383810706677,0.13274863525914465,0.5545044306346122,-0.6018363590622807,-0.1427038879357731,0.8195942161977029,-0.25334538698116177,-0.1320663084630355,0.44575667032292304,0.4575915516363019,0.6124962746952864,-0.2718715518813621,-0.3448365270680788,-0.3783966626547972,-0.5307960583768601,0.19363937702071485,-0.5522886570885801,3.079952034146809,-0.8315503616676112,-0.6390512703624965,-0.7127453779516705,0.16394805410139077,-0.6096067904417768,-0.34300446107769084,-0.24258919283910724,-0.34588683725023395,-0.08602139992103093,-0.4354202571559912,-0.05923995703166077,0.2455795624698084,-0.43428952822674044,-0.25847798182803183,-0.293216653315358,-0.3434304516584772,-0.9289194208672759,-0.5668420771983124,-1.2616296993148273,-2.2385174046063594,-1.8966648181912285,-0.45098235097580697,-1.8545791195743282,-0.8135172695465669,-0.38192996252919614,-0.5944776153984553,-0.29066115429087425,-0.59786040540054,-0.271088714787829,-0.058683245151883105,0.3899591726438195,0.2917172274229704
16077,Power,Idaho,-0.29841430131587127,1.6549778127725425,-1.3529214860351755,-0.8509203109687362,0.12377287599316703,0.5089005620219598,-0.612393764904181,0.3002191609520776,-0.35989466800316067,0.7804216816401475,1.7814018615859468,-0.2404567997037988,-0.32543106072511024,1.290205670083928,-0.6100583785927393,-0.3427817973642166,-0.6502076514971842,0.5957770586161355,-2.3475668184209053,-0.26768757935453974,-0.43116510867605656,-0.6159086553705806,-0.8108304110292891,0.1926949741474779,-0.8149763500342361,0.9199287461235485,-0.7992363663068807,-0.2650624062563416,-0.7007166324311275,1.8841749707984725,-0.5791456258859186,-0.3710700632796711,-0.14511829066587437,-0.21360610671919333,-0.08602139992103093,-0.6184429335932239,-0.179032024894902,0.4410608229326056,0.33422127463656737,-0.8878527141170655,-1.0983628738267022,-1.376218861263722,-1.4774297109032428,-0.557505810430865,-1.198248285714001,-2.0810284083948796,-1.6504042164696189,-1.1898387136543942,-1.7184384926333585,-0.8135172695465669,0.47694316303740386,-0.8343984225900698,-0.8859960529555155,-1.1421851706419928,-0.3501241160127787,-0.0697758703790403,-1.4342229993894768,-1.4311677267040295
16079,Shoshone,Idaho,-0.2831816867202153,-0.7109213073078107,-0.48700109602103164,0.8974931433785447,0.09535001461455198,0.6526204695656431,-0.6494836588763984,0.09392723264311471,-0.28587057992822473,0.5004043743337176,-0.44389552305679814,0.7920562270347207,-1.1314349911880692,0.46663562578303364,1.4588769727544109,0.19935317768464172,-0.06411459119548903,-0.07184227815958372,-0.10804144113668043,-0.2829818005457466,-0.450298464628344,-0.6670264353228076,-1.1788796924434255,-0.8221701723423455,-0.833139534705985,-0.33676798273065944,-0.8196187205164306,5.216636306814894,-0.6445735111954835,0.2826015868649046,-0.5978448368082513,-0.2846558743586733,0.07405467588578599,-0.4180371317916988,-0.08602139992103093,-0.7452282129372513,-1.1865126387643574,1.475291933041425,1.22166047206336,-0.8241185640118468,-1.2996494289545382,-2.2614660694967905,-1.8316759398848053,0.4694835339883426,-0.5644341497057391,-1.3510205906616672,-0.3267534822159662,-1.4564936415383956,-0.48193188096766915,-0.6880365893700796,0.04750660025410388,0.6051264205596165,-0.588328603623195,1.3072762729445448,-0.3050759960155128,-0.06986677822920946,-0.2099502214340253,-1.080777815696008
16081,Teton,Idaho,-0.28534898816239673,0.027829546357661168,2.5404622082806614,-1.290833684642924,1.101427084224497,0.7361732879781869,-0.6745593647102204,-0.1894389816189316,-0.3680126270327617,0.053340497643824515,0.49732979378368014,-1.1697185237684664,1.2297405496111866,0.7803765950405174,-1.1807991651712635,-0.7561903312311677,-0.846268461845203,-0.9266947167713235,-0.027355747453061952,-0.28199296976699617,-0.45230283357594864,-0.6385947375565619,-0.18050262300744865,0.35396067631059375,-0.8005939786429738,-0.3145106614957258,-0.6652261964642578,1.390178894862009,-0.6945875357760143,0.6662798681554667,-0.23568812386545643,1.4907902449731412,-0.26103581172701373,-0.4186490948302043,-0.08602139992103093,-0.46392772402242877,-0.013737906464808939,0.21364912705256622,-0.4044066375258911,-1.2861911522746816,-1.659846422341192,-2.2450726026776593,-1.9688035123937975,-0.2053951780585651,-1.094725310165985,-1.5918861142792247,-0.883405050690855,-1.7425921579139392,-1.171377991714599,-0.9236329684769536,-1.240803088095796,-1.7940816513565272,0.6023411937060877,-2.2308347011248983,-0.34888889543952584,-0.06525276275173411,-2.1836728900108406,-2.0883506473504108
16083,Twin Falls,Idaho,-0.06646325764500748,1.1482528484889347,-0.21784326401703813,-0.9493733340054227,-0.3435997598825944,0.5883623098916225,-0.6371389553959308,-0.08124954309647968,0.14793038981308176,0.8652372965195289,0.5255709664821581,-0.6018363590622807,0.028765863239194677,0.4470268152044409,-0.8240861735596857,0.3395010348141818,0.4004686104828479,0.3559718800712563,0.2979895710516915,-0.222559701676148,-0.32749279088786726,-0.4786062294232355,-0.7984766784446774,0.08629675318203632,-0.6548715019830705,0.9946755232202097,-0.8238340432898974,-0.6162156212280412,-0.6834789473612657,2.238483016877582,-0.5923366003793064,-0.3719129761411726,-0.2533593116260084,-0.3745602123678826,-0.08602139992103093,-0.5272292569294234,-0.21134941278698158,0.4331005215604125,0.6958020181603999,-0.6010490386435817,-0.9500464647851382,-1.1958907262532834,-1.2488837567215898,-1.028320405989281,-1.26796784067491,-2.097703713876095,-1.8402300969633596,-0.9648486182522681,-2.0113281900430597,-0.8211997601696172,0.04750660025410388,-0.8343984225900698,-0.8859960529555155,-0.59786040540054,-0.0733411302879904,-0.061463440880510305,-0.6933115675175774,-0.34608929261467236
16085,Valley,Idaho,-0.28754557746190484,-1.690776895954793,-0.012914969067922603,1.5641118905923532,0.837585775746969,0.7156033351866251,-0.6702179770390864,-0.10407045761151579,-0.32544421213466873,-0.06401442817637824,-0.36660117039003365,-0.9804244688664046,0.5710440995411343,0.38820038346866326,0.03202500630810057,-1.1444533495828055,1.3093629883084306,1.1554258139033922,3.2623860898672663,-0.2935820685036113,-0.4775199599225177,-0.6768494434303949,-1.1561117686027607,-0.8209242617949879,-0.7977054395935895,0.056153875624412423,-0.827524926779465,2.5102130751625493,-0.7029597633408238,2.0058942656012264,-0.46458991429961005,-0.20325854309514,-0.16762542351641724,-0.29402161434194535,-0.06329687722692771,-0.7528080434498051,-1.169252494558371,1.4617837215827774,2.0404129553549333,-1.1427893145379397,-1.7128165684274645,-2.6876962067941923,-2.083076489484624,0.5908550019651583,-0.4609111741577233,-1.9661540817465064,-1.1501873692225988,-1.8092558898849396,-0.8022995030810525,-0.9236329684769536,-1.240803088095796,-1.3142400369732985,0.3046737443737671,-1.1421851706419928,-0.3212461562471861,-0.07025151683819292,-0.5556797967231948,-1.1001542163047464
16087,Washington,Idaho,-0.29105426276965257,-0.5086949123016782,-1.5992426346208868,1.2651017310397041,-0.11827564503072666,0.6454813585831449,-0.6521348684546171,0.025979490648136157,-0.21074571893525998,0.14511062649817572,0.505929636766395,-0.18883114836687276,-0.6801771272071893,1.035291132562223,0.17471020295273174,-0.10918962042434126,0.8354402076679669,0.6018639022958471,1.3492897570696667,-0.29208676772828107,-0.4573491468439461,-0.6339097786447396,-1.096552718461121,-0.5776099440793623,-0.7761559992634975,1.8764690734827805,-0.8311712978210899,0.1711475617157875,-0.71217094654186,2.0769756091713814,-0.6214837434661402,-0.3587420471463542,-0.25811729767221314,-0.32202569639573486,-0.08602139992103093,-0.7154433804305032,-0.9199282316528754,1.2032539020816162,0.35729059818284964,-0.6329161136961913,-0.801730055743575,-0.9663821907854501,-1.2488837567215898,0.06935781538345649,-0.9003556417901182,-2.0995565255962303,-1.5888390660392162,-0.8981848862812676,-1.3281270621833303,-0.9236329684769536,0.04750660025410388,-0.5944776153984553,-0.29066115429087425,-0.3256980227798136,-0.31978635011516005,-0.06944250778766346,1.0794931369014582,0.14316482275597486
17001,Adams,Illinois,-0.12926521011081213,-0.1008539450945224,-0.16018754251042136,0.17269099999333085,-0.3564146604998374,0.5336223673910925,-0.3551060362398912,-0.34011267232449527,-0.24403292477732258,-0.4831943467905145,-0.5746531683715218,-0.37812520326893484,0.015105943109563539,-1.1216780310829764,-0.46737318194810806,-0.02850153311799555,-0.5981204008658191,-1.1552091394645427,0.2895935178283385,-0.09584068396107455,0.13235785735274286,0.24709906656658814,-0.8783153752111194,1.1941595737591078,0.3051159218034682,-0.5184373819543968,0.12536792801699512,-0.6363631158776507,-0.5630076138968819,-0.45166513690707677,-0.3611233005641002,-0.33294398652870527,-0.2101673477183495,-0.2666702227070937,-0.08602139992103093,-0.1346010809380856,1.3138602176819347,-1.21925068998864,-0.09101978102321386,-0.5452816573015156,-0.27202859488084863,0.08279968563892474,-0.2661361537404822,-0.6962160595472254,1.220809000050865,0.09046692760340702,0.3402023141133936,-0.31209957603622285,0.14818689235085647,-0.5190217956629744,-0.8113665253124961,-0.354556808206841,0.9000086430384084,-0.59786040540054,-0.09617399542993656,-0.055181684049030275,1.4756963720536467,1.7401031729261744
17003,Alexander,Illinois,-0.30403756992261216,-0.691886521236791,-0.4115603592323518,0.8423859498117213,-0.6687552254457519,-1.222244748455235,1.5281861388318003,-0.27188148449702587,-0.4692573786670267,-0.07275628794638689,-0.5686870292162773,1.635275198871178,-1.25711998494362,-0.807937061825493,1.5302195710767263,-0.26855455426422653,-0.009294692210530753,1.2321393384137402,-1.6699830543329517,-0.22358050407742155,-0.2629950447178138,-0.26185633859688084,-0.2884192730902463,0.4313706995128259,-0.5577351093444581,-0.51188084027597,0.84146442401918,-0.6388335540358449,-0.6820341171790512,-0.45321274013941143,0.8446876580040243,0.08568708755700256,0.09972177781240484,0.27097291013983665,-0.08602139992103093,-0.2945918482158908,0.1723719159991895,-0.04039860067079964,-0.5518254232733903,0.28326229406632586,0.363613158154423,0.49263635611719675,0.25951954087732004,0.818926661569943,1.3053175515186328,0.813063498456079,1.1969839909364948,0.3406494661798224,1.3347336409189412,0.6589600998713957,0.9063797258207039,0.845047227751231,0.3046737443737671,0.762951507703092,-0.34550139659469614,-0.06611937273276575,-0.0076056523984400805,-0.7998200068692997
17005,Bond,Illinois,-0.2728020700836061,-0.7054191372677667,1.3115925236417434,-0.0033071564157128377,0.8473730685684683,0.35924677723288195,-0.23040325855889343,-0.2664112349211367,-0.2895281300854484,-0.3503130178413123,-0.44231082541573685,-0.2576653501494408,-0.15615787962123892,-0.9255899252970493,-0.1820027886588462,-0.5266486592766122,-0.2686806211739906,-1.115288182477232,1.7137565899302916,-0.24616350343257684,-0.3038403620110505,-0.03381663329924368,-0.1985829638647788,1.4574838693147576,-0.06462757549744703,-0.5128967067089206,0.04087397574990421,-0.6390260135440254,-0.2369070085967805,-0.44966650355566307,-0.48935627564602024,-0.3803445649750642,-0.237209725153258,-0.3462266982455961,-0.08602139992103093,-0.20868250811396216,1.4058327124787835,-1.2766848872472059,-0.45494617881337285,-0.2106773692491178,-0.017771893666740122,0.08279968563892474,-0.06044479497699393,-0.19872641608181715,1.041228328181857,0.6240767030023032,-0.2446666149754295,-0.07877651413772141,0.36551229682543196,-0.38585862486343686,-0.38192996252919614,-0.1146360010152266,0.9000086430384084,-0.59786040540054,-0.3095864226542087,-0.06191159665889902,-0.32119893406364,-0.3218687918537494
17007,Boone,Illinois,-0.16409140125808086,0.46085122175156085,0.6942887796003572,-0.7703413289765741,-0.023977332885253923,0.5319700835681898,-0.4718460909745134,-0.1559906479111686,-0.00034299396796342517,-0.149457604634372,0.9332119850186872,-0.9632159184207626,1.1466141009831299,-0.651066577196751,1.0308213828205177,-1.1583129650993944,0.555504361668555,1.134122767575592,0.6145227579271183,-0.00366805513483926,0.14265728673390538,0.8012825879795308,-0.09959284563184,2.026288546898449,-0.5043380414643417,-0.50104664400215,-0.5831184363417263,-0.6274819953340239,-0.7027424863404798,-0.4555900864531646,-0.47797123513367007,-0.34730331677494236,-0.14296412946064102,-0.40315232223525926,-0.08602139992103093,0.2906049556865537,1.7669299762591133,-1.8433100130492501,-0.5299177570780504,-1.047188089380112,-0.8864822894816117,-0.523758586668916,-0.8260737414855321,-0.5334982673145718,0.014449427848473074,-0.30603478050549526,1.6279400439493117,-0.8870742642861007,0.04764266786692926,-0.6829149289547128,-0.38192996252919614,-0.8343984225900698,0.9000086430384084,-1.1421851706419928,-0.19379385164337193,-0.031176978633287354,0.24225540605966564,1.1830316554249423
17009,Brown,Illinois,-0.3016447519790146,0.03194662511149805,2.4658237756667196,-1.257455417345683,6.433486716370602,-0.45654302142212383,0.5895556292355425,-0.19240486568173126,-0.45917715672809306,-0.5338529523830682,-0.20405933156906766,0.052088557872114846,0.31109376018981216,-1.4746366214976454,-1.1094565668489478,-0.3813595343810569,-2.180857073420456,-1.6520526759107694,-2.784697930649523,-0.24425182446152777,-0.2975453550364847,-0.10053756345833187,-0.8537456013347119,0.6431116089843731,0.19161664903755807,-0.5146988087807989,1.1410297152884397,-0.6375372037055718,-0.49966972006696336,-0.4478680068513616,-0.48980752003702255,-0.20112426990671853,-0.23338444789134075,-0.3137182349407276,-0.08602139992103093,-0.40778147842320417,0.7199276744625113,-0.5238760848643439,-0.5111972020763224,-0.5373148885383632,-0.2826226240981033,0.017225818362402626,-0.28899074915864703,-0.7735736984775035,1.1743292967435928,-0.028113022485236727,0.3632892455247949,-0.3287655090289728,0.0638796233736503,-0.22196549157169843,0.04750660025410388,0.1252848061763878,1.197676092370729,-1.4143475532627192,-0.35652480443781603,-0.06641025214858709,-1.5079962228967134,-1.2761565218341215
17011,Bureau,Illinois,-0.22534988364276445,-0.5532170581367087,-0.21048043479050113,0.6144911200196228,-0.45062417260675197,0.6977179389476572,-0.5982945538792958,-0.29893933556696795,-0.2277984887153836,-0.4453299085107522,-0.02257211247346891,-0.5674192581709984,0.1519110728500402,-0.8863723041398639,0.388737997919678,-0.6170968595683819,-0.7123177375630184,-0.6508369457917375,-0.27960178334708996,-0.21630819603919002,-0.2656744185899967,-0.07846612681184896,-0.37277492232213233,2.203797362076293,-0.639796236120735,-0.51628589716476,-0.4801813614722642,-0.6380079250231312,-0.5628865393743638,-0.45474284472231286,-0.4484577746415941,-0.3271104219213402,-0.23349116711834414,-0.35449720838281523,-0.08602139992103093,-0.2537513642258519,1.8804169005161446,-1.7186278606656984,-0.08944111846936874,-0.8878527141170655,-0.6746017051365212,-0.32703698483934723,-0.6432369781402094,-0.4868169334773352,1.2123581449040883,-0.49131595251900095,1.9152440792911902,-0.6981936903682676,0.43108461714103696,-0.5548734185705422,-0.38192996252919614,-0.5944776153984553,1.197676092370729,-0.59786040540054,-0.22628389581256744,-0.06307623463064538,-0.2761990250196756,-0.6480382021008477
17013,Calhoun,Illinois,-0.3070307889414086,-1.059908638847772,-0.09286070457286566,1.022719565796252,0.10833943173003108,0.8023955510971983,-0.6810756338687152,-0.3419623780941964,-0.5180989793850069,-0.5848317882911981,-0.5990373023091772,-0.8255475148556282,0.5251906993069957,-0.9255899252970493,0.3173953995973624,-1.947801392227629,-0.5993915769937432,0.05060575607549172,-0.1827270245268022,-0.2792806972209872,-0.4095266426819785,-0.39145417361258095,-0.45946110127816564,-0.03430190049927675,0.0679809115885953,-0.5178739974588532,1.0647213302155436,-0.6391475566050925,-0.22427039083754188,-0.4482006404998934,0.3469358588992677,0.44553613068538106,-0.22035930332984546,0.500449924886753,-0.08602139992103093,-0.4414655729761543,-0.0030141958400593926,0.19352566225791482,-0.5287709927700687,-0.3142453631700983,-0.0495539813185034,0.21394742019197363,-0.08329939039515956,-0.4774806667098878,0.8574222287394617,0.5888732803197372,-0.4191012078615697,-0.10655306912563745,0.12632945224565525,-0.3637676076501679,-0.8113665253124961,0.1252848061763878,1.4953435417030498,-0.3256980227798136,-0.35388592412223047,-0.0673940365821405,0.5516618456984954,0.1835323240241801
17015,Carroll,Illinois,-0.27901402462261515,-1.081068893368137,-0.5357934339333563,1.2628023882030421,-0.10444233968784215,0.7206571199669186,-0.5905487361634174,-0.2869721819754378,-0.3478868996386009,-0.5863941982759091,-0.4213662389540692,-0.5846278086166387,0.051212063653211674,-0.8667634935612711,-0.039317592014215016,-0.6227084997904873,-0.8338472179598012,-0.37935727744636766,-1.1197248577565901,-0.21926353246202526,-0.26282675645009157,-0.04098651493250413,-0.5772191227020257,1.5928527072528031,-0.09916543557773538,-0.5042448364624701,-0.3214262062062787,-0.6321945326905755,-0.2241047874031716,-0.4518404133171741,-0.45764784269418496,-0.09421179601690387,-0.20639760577830746,-0.05107011880146378,-0.08602139992103093,-0.2963047030511465,1.5234924588675578,-1.3532467735966045,-0.39254432880761225,-1.0153210143275024,-0.7699479680918118,-0.3926108521158693,-0.7460826575219532,-0.4348005900586999,0.3968506232401245,0.14790409092759355,1.7074616965885814,-0.8037445993223502,0.3792512591772724,-0.5907250414781099,-0.8113665253124961,-0.354556808206841,1.4953435417030498,-0.8700227880212664,-0.29813255915677345,-0.06447533457267994,-0.3423996035550626,-1.1792745187904285
17017,Cass,Illinois,-0.28533434423373333,0.2042791851026416,0.24933782785172307,-0.3123730806853995,0.025980364748164522,0.42758103697130934,-0.3204413940895124,-0.25134846416011225,-0.33068909702164845,0.08600235669067006,0.6872990404479549,-0.2576653501494408,-0.3233717762834573,-0.31771679736067504,-0.039317592014215016,-0.37302607045417546,-0.9500065708788717,-0.914796232450614,-0.6745337622432868,-0.21825515796983774,-0.23019373060794113,-0.09712744625568323,-0.8897263825110295,1.530616468732341,-0.3718490106504985,-0.5145156577252874,-0.0431951723695833,-0.6263534388321239,-0.636282257895207,-0.45241545167876135,-0.12218499756718468,0.5288621717358353,-0.24314401947396186,-0.18851382077647746,-0.08602139992103093,-0.390721101870328,1.3388279053013965,-1.1329493672178046,-0.4541940801438523,-0.553248426064668,-0.3144047117498666,-0.031954582094989546,-0.2775634514495642,-0.592183372709955,0.6588271327902061,-0.20968857105847238,0.1991155110437216,-0.34820909752051504,-0.10473491458076159,-0.3637676076501679,0.04750660025410388,-0.1146360010152266,0.6023411937060877,-0.8700227880212664,-0.3294248136791783,-0.06426790740470527,-1.2095677587193379,-1.3714238248270858
17019,Champaign,Illinois,0.2932238469708549,2.3977729683601336,-1.5383685527757969,-1.4428872010763756,-0.16510696662790256,-0.7558523303042846,0.31972071018038295,-0.3105579514204349,3.562714705899876,0.15994635192362153,-0.2526830272547031,0.9297246305998548,-0.15354945266181189,-0.9255899252970493,-0.25334538698116177,2.2995979491875507,1.26661397577508,-0.6588262539090292,1.3426604546585335,0.008431039338265486,0.2037688296563789,0.5362961469189647,-0.36718056103074276,2.395539302175647,-0.7325144615955218,-0.5222867588861237,-0.7910656206335623,-0.6388982793582599,-0.6396927086376971,-0.45603451555610447,-0.5561890050481012,-0.4015860921511309,-0.24691485631248844,-0.41249923102648955,-0.08602139992103093,0.1474556492253603,2.0272573076167486,-2.034603432204544,0.003484023084555573,-0.529348119775211,-0.3461867994016306,-0.13031538300977621,-0.3575545354131431,-0.5001544574308313,0.6207982846297104,-0.7118005472150726,0.055463493372782426,-0.3843186190048064,-0.27709644226749436,0.1519157187500799,-0.38192996252919614,-1.0743192297816841,0.3046737443737671,-0.59786040540054,0.17529379873721837,-0.026951266586802233,-1.1332722737200909,-0.17816048733893866
17021,Christian,Illinois,-0.226298810220152,-0.5394258513030095,0.6373173637997883,0.17956733309715542,0.38011861737598424,0.6997487413368181,-0.5666895725515726,-0.34011441416880006,-0.3846072409334084,-0.4289637426321648,-0.5786930016685413,-0.37812520326893484,-0.2847945144098256,-0.9844163570328273,0.4600805962419936,-0.4277767678654511,-0.8163733278056653,-0.8363928034240674,-0.407152202522203,-0.20313987587768878,-0.24734139322301965,0.02180336008480263,-0.48636854514253053,2.26528484442462,-0.5096103483689259,-0.5141140923875376,-0.6543714776781178,-0.6389000232449863,-0.5248770506306715,-0.45441907855724695,-0.45875740452808156,-0.39117699278262613,-0.1966286159618192,-0.3502710776383157,-0.08602139992103093,-0.24192149991586887,1.9998661740212564,-1.8398662855049288,-0.2070738182952638,-0.4018798195647737,-0.2084644195773213,-0.031954582094989546,-0.28899074915864703,-0.406791789756358,1.0750317487689645,0.7648903937325678,0.09394171239178405,-0.2704347435543468,0.407978180458395,-0.3909802852788037,-0.38192996252919614,0.1252848061763878,1.4953435417030498,-0.59786040540054,-0.23406952851670645,-0.06144611767352165,-0.2271182066016931,-0.4591182961656469
17023,Clark,Illinois,-0.2756869240302935,-0.28152252273936423,0.26953693203833295,0.12512711503563567,-0.23017916585064802,0.7932600434569517,-0.6650830645446065,-0.3300228756890773,-0.48169952585094683,-0.4750494023200672,-0.5918543066025364,-0.6362534599535646,0.17854448496208486,-1.0432427887686055,0.388737997919678,-0.6117477244029046,-1.2072608622647112,-1.123321506353383,-0.8663606436512551,-0.24009837444918283,-0.3302080377004218,-0.16264906148664504,-0.15179651859975868,1.5078777244281016,-0.4635796748335632,-0.484270304595217,0.3644881274088255,-0.6385497669004936,-0.5308429515139649,-0.4515953466860022,-0.5577296686807222,-0.3877697744606361,-0.14823724451304568,-0.3605957963789706,-0.08602139992103093,-0.24690501216062447,1.2749320289785353,-1.1329185919005353,-0.36400181197323517,-0.2664447505911843,-0.1237121858392854,0.0008323515432703504,-0.16329047435873767,-0.24274024512835463,0.7243212601777266,0.49252707087271436,0.3299414557083267,-0.1648838346002634,0.3467773481638303,-0.529265116493708,-0.8113665253124961,-0.1146360010152266,1.197676092370729,-0.59786040540054,-0.30728442067678297,-0.0644916068045042,-0.3452137759501024,-0.6480382021008477
17025,Clay,Illinois,-0.2822971934289467,-0.1397516244473748,-0.22933310162134768,0.24296238324853556,-0.23001130481468154,0.7535153843441631,-0.6465382168493325,-0.33089726646835,-0.32428098237486236,-0.6866564023786625,-0.5860546170452199,-0.11999694658430474,-0.43553413553882053,-0.9255899252970493,0.24605280127504683,-0.3620073037745353,-0.5946337631389657,-0.17381076365843318,-0.9449392205621124,-0.2503093626204946,-0.3296024559423572,-0.3081023468076655,-0.1343982143515434,1.5519733006511882,-0.1761362485597865,-0.506395596168519,-0.011703061626134808,-0.6387904439758159,-0.3344775089883958,-0.4506278699473591,-0.2567133018225024,-0.36028047660549234,-0.2531107533944889,-0.4059984159577195,-0.08602139992103093,-0.29417051619508106,1.4484134329354792,-1.2811747719090143,-0.3903178188849724,-0.10710937532813784,0.02460422320227784,0.11558661927718697,-0.014735604140663477,0.15471796868583226,1.0137630489548326,0.5240248701150103,0.7480714357148103,-0.0148904376655132,0.7308437957266584,-0.647063306047145,-0.38192996252919614,0.36520561336800217,0.9000086430384084,0.2186267424616392,-0.31533206986615747,-0.06501564575229266,-0.6636278766479239,-1.111457116659844
17027,Clinton,Illinois,-0.21089925483773345,-0.3374917539650354,1.1992625981101082,-0.2863292503497011,0.783120038324427,0.5638852246867141,-0.4269748442061322,-0.3292509576702644,-0.3450782315284693,-0.34748049778349227,-0.4729779615790586,-1.2041356246597503,0.7879553940619103,-1.1412868416615691,-0.6814009769150549,-0.9938884147937823,-0.9861556365392872,-0.9387306114096462,-0.1924820704617961,-0.16945789606372424,-0.0969961403579785,0.15339020852621796,-0.5167281819340352,1.5795415531311634,-0.427666587138965,-0.4986588662978937,-0.6225212596139952,-0.6386892633804998,-0.3971558070496658,-0.45320113003086276,0.41075135392593803,-0.2509177558116419,-0.2045486464085583,0.14488075720137122,-0.08602139992103093,-0.15269800058680524,1.3617441842246643,-1.2579914493760673,-0.36514857628121694,-0.09117583780183297,0.10935645694031451,0.24673435383023354,0.03097358669566698,0.10136787287184741,0.8236188081523544,0.5147608115143348,0.07341999558164988,0.04621798330790507,0.4822934768160802,-0.3756153040327032,-0.8113665253124961,-0.354556808206841,1.7930109910353704,-1.1421851706419928,-0.23743831189830508,-0.055277843176299774,-0.47656084720923586,-0.22014268865787237
17029,Coles,Illinois,-0.17265224195469733,0.8893464916505107,-0.7769571457278241,-0.4323993746604852,-0.6657022493232416,0.5123376578496738,-0.38589089155136,-0.32772626233649055,-0.17427014619560185,0.08056329976903236,-0.5062623993129736,0.396259566784955,-0.3607134674920972,-0.8667634935612711,-0.1106601903365306,1.2496157600501445,0.26957328052678226,-0.8401479256886131,0.6477832137602464,-0.1344096806190831,-0.09997830643850357,0.26606710685953566,-0.32002820120480907,1.956702427394416,-0.5258433067056818,-0.5116087168079789,-0.3060273941489222,-0.6371562376805101,-0.4276002516262527,-0.4543826651964083,-0.5689644265172301,-0.4005419064743306,-0.23621630290678786,-0.38291902172901104,-0.08602139992103093,-0.05389207315523437,1.6886829068354057,-1.618505884257408,-0.36012962080342664,-0.3620459757490121,-0.2084644195773213,-0.048348048914121824,-0.23185426061323375,-0.5081569718029291,0.30811664419896784,0.44620677786933793,0.12985471680951896,-0.24543584406522234,0.03515270209252818,-0.42683190818637146,-0.38192996252919614,0.1252848061763878,0.9000086430384084,0.2186267424616392,-0.19444889285646055,-0.05012812532681017,-0.38567734806109544,0.012374118646990064
17031,Cook,Illinois,14.763018625836517,0.3706460284533428,1.2962459483723843,-0.9870222889540794,-0.6730697479142077,-1.2246110144333302,0.9542351735582698,-0.23738352794417023,2.3750657753015694,-0.17595907747297315,1.1383614457484403,-0.2576653501494408,0.9371848732670263,-0.18045512331052588,-0.039317592014215016,1.8122377822286204,2.091523476371625,2.1511863958791198,0.9598912979175919,3.954494242234607,4.9682686350847645,2.933113879634584,-0.06632760105196411,-0.7759287899484277,-0.7927904291946046,-0.48625575280565386,-0.6830730204017856,-0.6385248866904565,-0.6828925975818626,-0.4414631448807818,-0.39345352271038253,-0.3232886896064153,0.02372593778885566,3.2203256840742953,-0.08602139992103093,3.313839784867375,-1.1227248405181798,-0.3391569678194655,0.4775817061772478,-0.7205505700908666,-0.7169778220055391,-0.3762173852967394,-0.5746731918857134,-0.6508684781053384,0.6207982846297104,-0.0040264701234808435,1.4791575970758393,-0.6426405803924332,0.23749014763782245,2.1237549786663084,0.04750660025410388,-1.3142400369732985,1.4953435417030498,-1.1421851706419928,15.027922849867345,0.588071510218181,-0.7892658786697025,0.022062318951359114
17033,Crawford,Illinois,-0.2662386612566757,-0.5204951847944399,1.0008252804019921,-0.018906459340609055,1.1008096363584776,0.4615955496388669,-0.323897814063412,-0.32053056583831624,-0.3598578107680302,-0.4519434545528162,-0.5362418875773771,-0.3264995519320088,-0.3686073911851001,-0.9844163570328273,0.10336760463041615,-0.7510076018466915,-0.6343983406857469,-1.0329059226547772,0.8217346526955324,-0.22279742032037247,-0.3160586731268348,-0.2476855330751287,-0.016885264271421632,1.5680247684054762,-0.4521302877887925,-0.49991446651236393,0.1405752908052083,-0.6390786997024144,-0.5021919743805754,-0.4518960082545003,-0.29296517099374053,-0.36369901331121685,-0.18690047760167194,-0.3572042617566113,-0.08602139992103093,-0.2315319532417449,1.3393350125340253,-1.2021695751870243,-0.40817457739497404,-0.16287675667020432,-0.007177864449485444,0.13198008609631925,-0.04901749726791112,0.07869408215090387,1.2651759895714434,0.648163255364059,0.4556369711703985,-0.04822230365101307,0.740211270057459,0.0033875667044419265,-0.38192996252919614,-0.1146360010152266,1.4953435417030498,-0.59786040540054,-0.2941461654885484,-0.06212504961873606,0.7482851273988513,0.7147686407137616
17035,Cumberland,Illinois,-0.289378997330561,-0.42072223205614273,0.2286571736856157,0.2737279500100722,-0.1256981553063628,0.7730826096713643,-0.6546150655899383,-0.3293689279245714,-0.41164048094334527,-0.3170899926195799,-0.6227167606010223,-0.7567133130730604,-0.11881618841259904,-0.9255899252970493,-0.46737318194810806,-0.8781503691373992,-1.5472839883652783,-0.8664700807480388,-2.2560420989206373,-0.25709695023671114,-0.33549703751263393,-0.17186438891966038,-0.09710352344413198,1.6859357574494607,-0.38147477418340636,-0.5001228809621313,0.026785728382790634,-0.6383692357395723,-0.2899639486152078,-0.45285300143341917,-0.5903519001089076,-0.3944914727904387,-0.2259348329985609,-0.37480304269584674,-0.08602139992103093,-0.24033963767916378,1.4874037179157462,-1.3423225025466277,-0.4815451535413655,-0.29034505688064105,-0.13430621505654008,0.017225818362402626,-0.16329047435873767,-0.3214316364539822,0.5954457191893797,0.5221720583948752,0.31968059730325943,-0.17321680109663876,0.2793315329820656,-0.6419416456317781,-0.38192996252919614,0.1252848061763878,1.197676092370729,-0.59786040540054,-0.3312027826861331,-0.06439955097214195,-0.26644341518400116,-0.3541627928683135
17037,De Kalb,Illinois,-0.013689467527890733,2.1696614184589467,-1.022630405348212,-1.4895791164681904,-0.1847749332872535,0.12080182196047946,-0.08644080995678681,-0.28645899869174624,0.4921219785505992,-0.19625488158600485,0.1350150543372375,-0.2576653501494408,0.6146322868894548,-0.8471546829826784,-0.039317592014215016,1.7996658016664062,0.9605628994716369,-0.08362297498705228,0.8201024076136754,-0.035559969566892384,0.08349904814310766,0.45145810772976863,-0.5955547939158522,2.4132695974713387,-0.7140836776498839,-0.5167418808178705,-0.7308261459070352,-0.6378221215602357,-0.7096336369040784,-0.45611775792584525,-0.5574874839027872,-0.3910924590068378,-0.17519728869279977,-0.409606369584408,-0.08602139992103093,0.010712063678559171,2.0530546569043664,-2.000647454701196,-0.267331070114669,-0.9515868642222841,-0.8229181141780844,-0.47457818621152376,-0.7917918483582836,-0.568175829593662,0.5362897331619422,-0.3986753665122481,1.743374701006316,-0.820410532315101,0.18253429823045877,-0.49341349358614023,-0.38192996252919614,-0.8343984225900698,1.197676092370729,-0.59786040540054,-0.08567462055728754,-0.03631474771003777,-1.17888768728473,-0.43812719550618034
17039,De Witt,Illinois,-0.275109953240956,-0.5161503642971813,0.5809790736028015,0.18618153711904317,-0.1739942892262564,0.7492973075848446,-0.6108763245451267,-0.33124799530755084,-0.4216342852427009,-0.40266470940913257,-0.5018121139464968,-0.6018363590622807,0.2607785769987587,-1.0432427887686055,0.17471020295273174,-0.8774751231100549,-1.273695925383987,-1.1140947159340455,-0.8783542159165971,-0.2016820554042531,-0.22997095124595562,-0.004894523959975162,-0.5412060571142591,2.2004676959401586,-0.4855891328219226,-0.5083999628933527,-0.571282406411864,-0.6369275146970824,-0.5302331836754861,-0.4543402127103003,-0.5791390474553996,-0.4004990310973355,-0.22934687594607464,-0.25282496128283793,-0.08602139992103093,-0.2605194186903581,1.946914794779742,-1.780356513602376,-0.4383553289550394,-0.5691819635909726,-0.3144047117498666,-0.09752844937151399,-0.3461272377040603,-0.2840865693841929,1.0940461728492124,-0.528372186921702,0.28120237828425826,-0.3815409635060149,0.08074107716909128,-0.3637676076501679,-0.8113665253124961,-0.1146360010152266,1.197676092370729,-0.8700227880212664,-0.30990458552913747,-0.06281249994356332,0.41363765734008645,0.4531872324957914
17041,Douglas,Illinois,-0.26390149024199905,0.36015101614159795,-0.20432273237106321,-0.23004384165539526,-0.1705752469179198,0.7460796165938834,-0.6286460605508333,-0.2959768577121699,-0.34633904474517985,-0.6739195603164128,-0.17687441573284743,-1.1180928724315404,0.5876556607038014,-0.18045512331052588,-0.39603058362579246,-0.29531098896763114,-0.04572758513463704,0.0027067679104800903,0.18412182411952802,-0.1605113763164016,-0.21012759680987259,0.13081616852863728,-0.539235820020655,2.4820915111379183,-0.6898099877918171,-0.5213770412888713,-0.7602352610018709,-0.6388855000129762,-0.6403909847870092,-0.45606993621984565,-0.4852804077295689,-0.3936754035362319,-0.22132997195584486,-0.41375167900987403,-0.08602139992103093,-0.19868442425859326,2.1318019398360306,-1.9868038649241113,-0.4292556797059894,-0.4178133570910783,-0.25084053644634,-0.06474151573325176,-0.2661361537404822,-0.5254957529424741,0.5743185813224377,-0.14669297257388048,-0.0445798760766217,-0.28710067654709753,-0.1365843273054842,-0.764861495600582,-0.38192996252919614,0.1252848061763878,0.9000086430384084,-0.8700227880212664,-0.30389692183195327,-0.061130246738834236,-0.23035775672759026,0.10764142163995442
17043,Du Page,Illinois,2.3821275526599277,0.08581468917108859,1.169504039933779,-0.6614929928245943,-0.40186686665736715,-0.32047118634327915,-0.31206542590799347,-0.3064643130737377,4.14864836936664,-0.24499628552389455,0.34502746753465124,-1.4622638813443802,2.789099371645511,-1.0628515993471983,-0.6814009769150549,-0.21753493128055154,0.7110222674684351,0.8342065912529454,0.7867648959015,3.8475814717863672,5.967539353074051,8.209987121986556,2.6137466643726373,-0.7076522902305413,-0.7512546439627608,-0.3412450660039733,-0.5697602091415063,-0.6325948384334699,-0.6452152865437862,-0.442183555566009,-0.38829770078804554,-0.15903712763594136,-0.0953405175151186,-0.33029936134609145,-0.08602139992103093,6.136755643912649,-1.0367037504933792,-1.6415340320060237,-0.48950548500391405,-0.8002182577223899,-0.7275718512227938,-0.35982391847760714,-0.6432369781402094,-0.6015196394774024,0.8848875079664862,-0.1503985960141505,1.779287705424051,-0.6870830683731,0.36238980538183146,-0.442196889432472,-0.8113665253124961,-2.273923265739756,0.3046737443737671,-1.958672318504172,2.5455323551035405,0.5031742383869933,-0.9189790370653184,-0.39453029413651874
17045,Edgar,Illinois,-0.2706494125700881,-0.8216959792050456,0.09880728659891583,0.7078048251998365,-0.4729174635590576,0.7860425709393049,-0.6515219034235431,-0.32210105152616175,-0.5003325118171141,-0.6517814212100569,-0.6054194397015883,-0.22324824925815678,-0.3012687899430491,-0.9451987358756418,0.10336760463041615,-0.6071438687146236,-0.8617593234724001,-1.0625766449912268,0.024873580150822364,-0.2501565715681959,-0.3742195955482969,-0.2175516793470341,-0.325076198521414,2.2549858043819513,-0.5743789443835022,-0.509657181735981,-0.39014993182465235,-0.6393997489025706,-0.6451446289655214,-0.45480945397243083,-0.6143109485328588,-0.4043914113567421,-0.23744209354013115,-0.4160564382805408,-0.08602139992103093,-0.32831580372479857,1.9604186727444155,-1.7642153386186799,-0.27532118766313923,-0.38594628203846915,-0.2826226240981033,-0.17949578346716838,-0.28899074915864703,-0.3574429511284219,0.37994891294657085,0.1071422330846225,-0.08305809509562287,-0.30932192053743135,-0.03916259426515704,-0.6112116831395772,-0.8113665253124961,-0.1146360010152266,1.4953435417030498,-0.3256980227798136,-0.29605514273812095,-0.06513609830652811,1.2009506362362994,0.9747353488810032
17047,Edwards,Illinois,-0.3021807197680946,-0.3375026892745252,-0.3618211929837188,0.49112800917523514,-0.4983330044596343,0.7749022549176459,-0.6346803651062881,-0.30083416326494444,-0.4690483901831778,-0.6506005975897754,-0.6021404534885454,-0.46416795549714485,-0.054360585388862154,-1.1020692205043836,0.10336760463041615,-1.0582572076681243,-1.820015650292108,-1.7091123075341776,-1.2599678789047288,-0.2514073214163664,-0.36422253569512275,-0.26176007509403165,-0.10280934075987457,1.6838759817835913,0.0727576135909788,-0.5155487561558836,-0.24194880304980174,-0.6390786060011975,-0.5607226250702011,-0.4543790098101365,-0.293108878228345,-0.39054167887158125,-0.2458518036449821,-0.3984088452018619,-0.08602139992103093,-0.2802502167167279,1.6909088555599459,-1.5229437476599585,-0.5741128620642305,0.028325693645451865,0.14113854459207778,0.27952128746849575,0.09953737295016307,0.538838658546523,1.506025361254583,0.6703969960056796,0.2350285154614565,0.11843702627648785,0.9806431112146764,-0.3637676076501679,-0.8113665253124961,-0.1146360010152266,1.4953435417030498,-0.59786040540054,-0.34872045627044596,-0.0648827350548527,-1.0660098198250474,-1.4311677267040295
17049,Effingham,Illinois,-0.22130815933166945,0.26948143538926933,0.09771532824299073,-0.29693197948512706,-0.05919211801925805,0.7653618251623001,-0.6488780170704471,-0.34660448225363855,-0.38848662171127396,-0.6146624858036608,-0.5369193126767916,-0.9115902670838365,0.22110303008957885,-1.1412868416615691,-0.6100583785927393,-0.46671032493605435,-1.4222605643379855,-1.4192009658565767,-1.0618751877249155,-0.10103420230118455,-0.09832671703666207,0.015298288264310591,0.11542310206862326,1.453949635808915,-0.19614112642517267,-0.5107533305323771,0.0732192534242034,-0.6379097437867448,-0.16052355682761105,-0.4528123185086429,-0.6181507806498405,-0.39957590793355824,-0.23455771072457088,-0.3928339480294904,-0.08602139992103093,-0.014056916949879617,1.3428449351663052,-1.2994731165815796,-0.3825138643735122,-0.2505112130648794,-0.10252412740477604,0.017225818362402626,-0.15186317664965565,-0.18805639691902018,1.2482742792778894,0.6796610546063551,0.2606806614741241,-0.14821790160751347,0.5734702269692068,-0.7392531935237479,-0.8113665253124961,-0.354556808206841,1.7930109910353704,-0.8700227880212664,-0.2393660046111087,-0.056068296597180135,-0.5040888766585333,-0.5317797984484168
17051,Fayette,Illinois,-0.2584217321361593,-0.1929017975807596,0.4936798225240828,-0.0681445445206772,1.2119089106121292,0.5252299286005984,-0.37756025511976127,-0.314257976603009,-0.45503075628228157,-0.6319670389137373,-0.5701273311688765,0.10371420920904087,-0.4673844015697193,-0.4941960925680094,0.17471020295273174,-1.0950580013409161,-0.963296063549829,-0.7232898408284312,-0.5015296780368256,-0.24669697827580644,-0.3124887337719658,-0.28873973323482677,-0.055762725492804054,1.2720291831558492,-0.1223922121038684,-0.509228800330236,0.27229540470196273,-0.637822165058191,-0.3496541058004567,-0.4499470963858807,-0.3949753319392491,-0.19912644505277782,-0.22338473665694844,-0.2699106509937621,-0.08602139992103093,-0.26019454894477284,1.1970916898239186,-1.0515030552642772,-0.1997985668089121,-0.24254444430172756,-0.09193009818752211,0.017225818362402626,-0.15186317664965565,-0.19472515889576814,0.9841850559411137,0.7556263351318924,0.17859379423358743,-0.1426625906099296,0.49790593403408134,-0.36025032278660274,0.04750660025410388,0.6051264205596165,0.9000086430384084,-0.0535356401590872,-0.29261149750359794,-0.06473648822849558,0.6049708690740627,1.0457821511130447
17053,Ford,Illinois,-0.2829503126473338,-0.14368871689033508,0.032623823637422236,0.11613039406656983,-0.28774198789577143,0.7283541989895679,-0.6045275630528734,-0.2924760607552321,-0.3531267096780337,-0.3744911071212108,-0.4354912154826824,-0.7739218635187005,-0.02422638972600753,-0.9255899252970493,0.10336760463041615,-0.07129868487317222,-0.7053472613579267,-0.9993340350960984,-0.15610577767616138,-0.21172332852879444,-0.2908863208147141,0.0445555937153023,-0.6360122772558092,2.6509299823134493,-0.7512899094378868,-0.5235985167237728,-0.8088893720715211,-0.6391055660481579,-0.6880846829587167,-0.4560897435397978,-0.6138442592949562,-0.40386167228266234,-0.2518968386226127,-0.4163359843635419,-0.08602139992103093,-0.28972938694825884,2.2702258658465273,-2.082075399925616,-0.3778746814912223,-0.6329161136961913,-0.4733151500086845,-0.24506965074369283,-0.46040021479488685,-0.5615070676169138,0.7834772462051642,-0.689566806573452,0.7660279379236772,-0.4982024944552652,-0.07725698987708018,-0.5497517581551753,-0.38192996252919614,-0.1146360010152266,1.197676092370729,-0.3256980227798136,-0.31965534187254235,-0.06531345891447289,-0.34746676398764204,-0.5850649001224475
17055,Franklin,Illinois,-0.2082428461781949,-0.32520025150070064,0.1731050628152579,0.21339132759553436,-0.3647403688719546,0.7738182022530639,-0.6363128563909604,-0.2823925636443362,-0.4650629409675986,-0.6510849602470827,-0.5783041410013504,0.32742536500238506,-0.8255626087878865,-0.7491106300897147,0.8881361861758866,-0.32291757589086023,-0.25300710518821506,-0.43670822046190555,0.3624646609756751,-0.20561704663742433,-0.18242531249527558,0.2910559595364426,0.16982255553423922,0.7847986004442868,0.46162949845741763,-0.48419007187574703,0.0841198293599375,-0.6359184044275453,-0.6215167945672405,-0.4506749108825174,0.04960879651724343,-0.22570513565954553,-0.22443029638634823,0.015590116277629911,-0.08602139992103093,0.04839820906391179,0.9816129984765504,-0.9752397983818901,-0.41868906572530035,0.06019276869806104,0.17292063224384108,0.23034088701110358,0.08811007524108025,0.5068286010581321,1.2377107103444183,-0.26897854610279426,0.3709848893285951,0.12676999277286322,0.6028216465390489,-0.4678051915093061,-0.38192996252919614,0.6051264205596165,0.9000086430384084,0.762951507703092,-0.1957964062091,-0.05223622829922105,1.0019833200885326,0.7373744414239566
17057,Fulton,Illinois,-0.2203358024684205,-0.6844946897217535,0.716551091825407,0.2737566542168252,0.9178412108424878,0.5376018488664936,-0.4104768639334965,-0.26917692878237676,-0.4973734096761616,-0.6285128662662697,-0.47721229888611,-0.20603969881251477,-0.36112532438042777,-0.7687194406683074,0.9594787844982022,-0.8261796605935305,-0.7576460648029527,-0.7665857030650258,0.005601796168640041,-0.2464731262923121,-0.26983966458222935,0.021559823698973513,-0.731114692943845,1.0202558428118071,-0.09262183020371256,-0.4974471234892392,0.5987733294017353,-0.638508340654919,-0.4659538293937752,-0.449280870104558,-0.4685336933896128,-0.19403827500947227,-0.22188395897480181,-0.10128427337595673,-0.08602139992103093,-0.32452481051391,0.9626598968017434,-0.7958100714588012,-0.0827392491370079,-0.6488496512224958,-0.37796888705339393,-0.015561115275859598,-0.40326372624947354,-0.6788772784076804,1.0792571763423529,-0.6358352666895353,0.8122018007464794,-0.42598345148668165,-0.01543165929379561,-0.09392398118752777,-0.38192996252919614,-0.1146360010152266,1.197676092370729,-0.3256980227798136,-0.22353272271759525,-0.0627501133647488,0.3092634829876017,0.14800892290815967
17059,Gallatin,Illinois,-0.3067701270112003,-1.015053325579789,0.30677396408722285,0.7823701404445618,-0.4518332207121508,0.7718882421994183,-0.61459392542349,-0.2448429535029177,-0.49223460056310026,-0.8388121841029915,-0.5875441550036277,0.7748476765890786,-0.6319898712725106,-0.9255899252970493,0.6027657928866248,-0.6810730313720605,-1.2720140379390896,-1.5543616740791515,-0.1827270245268022,-0.25970838515732925,-0.3377603242671319,-0.3234018554272451,-0.4948182311171047,1.6326122294621699,-0.5593430969454227,-0.5143425774426567,-0.08785612995324814,-0.5916662812098626,-0.4952107437142327,-0.4491102415008844,0.1879121889948468,-0.2880107085306092,-0.19637334212342097,-0.2831929238269054,-0.08602139992103093,-0.40202095670052873,1.3544173051835713,-1.14322718931074,-0.49560418609636253,0.1239269188032794,0.19410869067835043,0.2631278206493658,0.11096467065924588,0.5121636106395305,0.707419549884173,-0.02626021076510171,0.10676778539811807,0.16565716975594613,0.46605652130935915,-0.3090337186329345,0.04750660025410388,0.845047227751231,0.6023411937060877,0.762951507703092,-0.3503112706450897,-0.06781179262191889,1.0267978622014675,0.1948352243792776
17061,Greene,Illinois,-0.2829268823614724,-0.4105661054361758,0.41302197085173226,0.17255439556660165,0.22893524741091195,0.7471556045248325,-0.6056433696752742,-0.3326395675463437,-0.5692178161393494,-0.7769408963783064,-0.6090606778946975,-0.13720549702994866,-0.2475214660159075,-0.9451987358756418,0.10336760463041615,-0.736808286429577,-1.1838753613082427,-1.150386222000664,-0.6446416320433249,-0.2589313679775134,-0.34777743446392667,-0.1946902114835761,-0.6041417175505767,1.5166546538525976,-0.12862167887742312,-0.5191995439929064,0.09448808082473197,-0.639006909036051,-0.37517143852917495,-0.45226429755072567,-0.339151221762359,-0.3384238278291006,-0.22422690477946156,-0.3562410223955849,-0.08602139992103093,-0.3903598364879933,1.4351374144594706,-1.2267394577711876,-0.3332327852162182,-0.3461124382227075,-0.11311815662203072,0.11558661927718697,-0.15186317664965565,-0.31209536968653484,1.064468179835494,0.2498087355350218,-0.23697097117162935,-0.1676614900990557,0.1950242640048594,-0.6931582497854465,-0.38192996252919614,0.36520561336800217,1.4953435417030498,-0.3256980227798136,-0.32079698512963967,-0.06592245575802676,-0.8020375138336322,-1.0840072157974643
17063,Grundy,Illinois,-0.17138407773244796,0.483088491963846,1.2539477564328014,-1.0695481093585217,-0.11722839644066368,0.6686189331585781,-0.5613684735382517,-0.31867194472564647,-0.2560884670227769,-0.27300511123794097,0.05387992323946061,-1.53109808312695,1.881710003838506,-1.239330894554533,0.4600805962419936,0.042963453591990546,-0.4953286014594014,-0.18015223961861984,-0.8793563313711282,0.09830281627601475,0.11572840275563152,0.2770263584415564,-0.37541400690133775,1.9285266642796386,-0.7358383120044054,-0.3347935536810154,-0.49732912503568977,-0.6387350642013343,-0.7035681240519159,-0.45499172474234206,-0.34610854655344425,-0.19002933217788115,-0.19120898923068672,-0.1790470594597783,-0.08602139992103093,0.048466427190692225,1.5659207882460182,-1.543345512268777,-0.41944861091630126,-0.7364841076171712,-0.5792554421812298,-0.19588925028629833,-0.5289640010493829,-0.5975183822913536,1.037002900608469,-0.1244592319322596,1.763896417816451,-0.5704215374238496,0.4142231633455955,-0.7392531935237479,-0.8113665253124961,-0.8343984225900698,1.4953435417030498,-1.4143475532627192,-0.2123034447789332,-0.0460751096756309,-0.2677091115001611,0.6324189381266226
17065,Hamilton,Illinois,-0.2971402795221565,-0.5264697968079094,-0.31563358510093525,0.6422175045109404,-0.4723152973870875,0.7761346833400203,-0.6607956556354974,-0.29206427030898113,-0.4852822505879063,-0.5422096469536328,-0.5666861164773715,-0.3092910014863668,-0.321998919989022,-1.00402516761142,-0.1820027886588462,-1.0360186030541367,-1.8636535798902498,-1.722773308911039,-1.3975171565494222,-0.2586578459389069,-0.36599087061584773,-0.26983306649886046,-0.3500932235126782,1.376381759276049,0.3184624383093605,-0.5122326393077169,0.1321808821500998,-0.6369385177812524,-0.5392751485578979,-0.4479257475949255,-0.4772919952849905,-0.38149679185241625,-0.2489270053052531,-0.39914162851109836,-0.08602139992103093,-0.3524312233767521,1.499319914337515,-1.305514056314688,-0.41536791714504145,0.06019276869806104,0.16232660302658714,0.2631278206493658,0.08811007524108025,0.6081937831047032,1.2609505619980552,0.1423456557671885,0.17859379423358743,0.12954764827165474,0.7489542460995401,-0.9236329684769536,-0.8113665253124961,-0.1146360010152266,1.197676092370729,-0.59786040540054,-0.3405043679119915,-0.06699462772514143,0.11539381367742207,-0.06028738363577926
17067,Hancock,Illinois,-0.26904736677431346,-0.755754775537117,-0.4053350133108046,0.898126203794187,-0.2659693917746214,0.7738413607240414,-0.6430185566202326,-0.3204574877023678,-0.4824116902893084,-0.4083353973532864,-0.5893369000210948,-0.37812520326893484,-0.13714381994331015,-0.9648075464542345,0.388737997919678,-1.2059143395180825,-1.520120942628286,-1.3568278847869475,-0.8824607107683168,-0.23496622471686923,-0.16213159053457957,0.08200681766207145,-0.8041040397647224,1.566021532614823,0.05087296696042739,-0.5181239619762033,-0.07976483891466477,-0.6379944169335717,-0.5978846681304568,-0.4524904206944017,-0.48031845351402047,-0.362908775435222,-0.2156957959753733,-0.21245087789236522,-0.08602139992103093,-0.2888485231332963,1.5649638961277745,-1.3967852507753913,-0.1335915443266666,-0.6488496512224958,-0.3461867994016306,0.017225818362402626,-0.38040913083130873,-0.6948823071518759,1.5546177783485493,0.038588199439625215,0.7172888604996087,-0.406539862995141,0.32179741661502864,-0.3637676076501679,-0.8113665253124961,-0.1146360010152266,1.197676092370729,-0.3256980227798136,-0.2891304213426127,-0.0663404229469668,0.4870884754394618,-0.02153458241830248
17069,Hardin,Illinois,-0.30971941424400656,-1.5463800228543798,0.04046024188687195,1.404500054106215,0.24592465867858448,0.7544464960255802,-0.64811984768832,-0.2458894135908201,-0.43149464981799845,-0.313813014709198,-0.5272585105591316,0.6027621721326586,-0.7652942174621773,-0.7295018195111219,1.601562169399042,-1.2891965632749187,-2.3865027036351054,-2.0516723989000543,-2.298735845626302,-0.25005315657874577,-0.41140274592786186,-0.4994268760234332,-0.03787169770544594,-0.5786218003829295,0.3731129532447942,-0.5017991831106976,2.19445160235724,-0.43379149928911287,0.022208682250070014,-0.43439959382595467,-0.43047437039167136,-0.3275316846878589,0.23742017658388723,-0.2202643626159548,-0.08602139992103093,-0.35821070228213236,-0.40089781406229347,0.5444125788808027,-0.60474040491312,0.18766106890849832,0.2576728659818777,0.29591475428762803,0.17952845691374197,0.914956834035116,0.9989740524479732,0.20348844253164539,0.6531584954679396,0.22676559072936361,0.9512916916448338,-0.3637676076501679,-0.38192996252919614,0.6051264205596165,0.9000086430384084,0.2186267424616392,-0.35594462507765184,-0.06648759208704094,2.415375656937628,1.6060830687157333
17071,Henderson,Illinois,-0.3014455945491925,-1.3590311230289247,-0.359051824821617,1.430863177122801,-0.6471422374700935,0.7727194818108498,-0.6308717930700104,-0.30778199390821465,-0.4825817902749954,-0.5369732093431878,-0.5691597380075138,-0.6018363590622807,-0.01283168248219462,-0.7883282512469002,0.388737997919678,-1.3056850438775325,-1.8783764072014753,-2.1940511896504464,5.232157407714848e-06,-0.25481396546322227,-0.25892771350437493,-0.061538296436950905,-0.8669305918985963,1.671187650376242,-0.320535947041429,-0.5117514498744204,-0.22122065474775526,-0.5880220509124466,-0.6453054449955362,-0.45341063222778233,-0.22692779177211791,-0.16494999407933172,-0.17727557732328142,-0.024371281302314186,-0.08602139992103093,-0.38857931832191317,1.50045624860015,-1.2910125035602404,-0.4455561152265872,-0.7842847201960852,-0.4733151500086845,-0.048348048914121824,-0.4946821079221353,-0.6615384972681354,1.3539099686125997,-0.7025364886143975,0.7583322941198771,-0.5259790494431821,0.03827519353612823,-0.3637676076501679,-0.8113665253124961,-0.354556808206841,1.4953435417030498,-0.8700227880212664,-0.34552011205792726,-0.06737306094796704,-0.4645271193438111,-0.8918579097608071
17073,Henry,Illinois,-0.1776546079861106,-0.4218099866980191,0.2034259668048509,0.2872956620998908,-0.07102712433229073,0.6854069079885442,-0.5265226890047524,-0.31421346745115564,-0.4318028739167067,-0.5763351393904645,-0.27203323539511515,-0.9976330193120466,0.40897841398304835,-0.9844163570328273,0.4600805962419936,-0.8688006490956746,-1.2723120180659844,-1.35785418386323,-0.3809109058571021,-0.16727275167325698,-0.12508637668948486,0.051025455688990536,-0.486670362876437,2.2465571069312915,-0.48929876026477814,-0.5206802471385653,-0.6627415377313237,-0.6366278907741297,-0.3761669558156521,-0.4543051095960754,-0.5401044836596339,-0.37799436074299586,-0.23815964389261932,-0.38968809887044237,-0.08602139992103093,-0.18770356361277296,1.9906170517239352,-1.8542817603790678,-0.12510250983900933,-0.9276865579328271,-0.6216315590502485,-0.22867618392456057,-0.6318096804311266,-0.473479409523839,1.3856006754130132,-0.3968225547921131,1.5176358160948409,-0.6787501018767246,0.4235906376763961,-0.6982799102008133,-0.8113665253124961,-0.5944776153984553,1.197676092370729,-0.8700227880212664,-0.16197756415049613,-0.058497020207898646,0.9714695332148026,1.0070293498955674
17075,Iroquois,Illinois,-0.24149920817274845,-0.5099603518582764,-0.2621442499180897,0.6003690429019983,-0.36780856761142244,0.7260916255700397,-0.5895066444714206,-0.30159727213351234,-0.4130230752527393,-0.5576702301396078,-0.1779832776714702,-0.49858505638843054,-0.28692244166620035,-0.6118489560395658,0.03202500630810057,-0.5608247058254386,-0.2764976816714331,-0.09873589036875857,-0.06166690447351325,-0.2370136160436311,-0.3014886049870429,-0.031281018899503625,-0.5156561098799854,2.5382891304209316,-0.7388433907923295,-0.5207334916504943,-0.7498578772052324,-0.637737671781422,-0.6515922626244264,-0.45605335593189733,-0.4859345347428719,-0.38044582210608874,-0.2392230943968487,-0.40933676703385263,-0.08602139992103093,-0.29153779745860087,2.164948676969817,-1.9789419633533551,0.09317737431598608,-0.6010490386435817,-0.44153306235692125,-0.24506965074369283,-0.4146910239585564,-0.5801796011518084,0.3207929269191332,-0.6580690073311561,0.5659411990248694,-0.4676482839685569,-0.2608594867607733,-0.6368199852164114,-0.38192996252919614,-0.1146360010152266,0.6023411937060877,-0.59786040540054,-0.24866758983696713,-0.06581995267543164,1.1614231221804174,0.902073846598234
17077,Jackson,Illinois,-0.15470171419911663,1.965841186999015,-1.9975766687121719,-0.8162630976598294,-0.22237707944224389,-0.3847601463370765,0.41502710578138685,-0.245355714842888,0.8389888399421405,0.10145531507494532,-0.36776508385265855,1.876194905110166,-1.2639842664157965,-0.6902841983539365,-0.25334538698116177,2.484556877183632,1.7507743278143613,-0.31741293177927904,1.6956925005552381,-0.1770650506200582,-0.17199252590042802,0.05785980838679771,-0.07964599946108902,0.32120986024757825,0.2529342253874745,-0.4994426103102525,0.9335437060072774,-0.6321575825245437,-0.5511656852606627,-0.44480187586589354,0.16750216118852979,-0.2512862355830146,-0.1443475017399924,-0.1394291562657799,-0.08602139992103093,-0.09063949601238841,0.4307202914942215,-0.3796232321307046,-0.2913609949319232,0.07612630622436535,0.18351466146109574,0.29591475428762803,0.09953737295016307,0.49349107710463574,1.1447513037298738,0.18310751361015987,0.5402890530122019,0.14899123676319698,0.7626932084513806,-0.42171024777100463,0.47694316303740386,-0.1146360010152266,0.6023411937060877,0.4907891250823656,-0.1870001384904814,-0.05118246370542487,0.18482725120048288,1.195949255830768
17079,Jasper,Illinois,-0.2927646736375363,-0.1859121012619361,0.19910852375791407,0.07211767147399237,0.026501866089665104,0.8119611505353118,-0.6809403355666102,-0.3446366807237766,-0.5204320601296532,-0.713566284440957,-0.5697996195558146,-0.7911304139643425,0.29228562895604865,-0.9648075464542345,0.10336760463041615,-0.8929662313256165,-0.96917237343457,-0.9031784303241358,-0.3206149094882102,-0.25694748610514334,-0.3499285914182085,-0.30729068410794874,-0.23794570935077256,1.821423659165496,-0.30339744831610177,-0.5092470083068721,-0.145428136815473,-0.6386819618693442,-0.4179807558270002,-0.453520902393842,-0.5468872631292947,-0.38518018243068397,-0.19340609076192034,-0.3318327490961361,-0.08602139992103093,-0.32959129082532174,1.6561373559444281,-1.4678360045805514,-0.36896119527918225,-0.18677706295966107,-0.0283659228839948,0.0664062188197948,-0.08329939039515956,0.004003948011325074,0.9419307802072298,0.3757999325042056,0.4966804047906668,-0.08155416963651294,0.5278818518926437,-0.3637676076501679,-0.8113665253124961,0.1252848061763878,1.197676092370729,-0.0535356401590872,-0.33487101347942944,-0.06685453109436874,-0.23084289817297965,-0.4026037943901599
17081,Jefferson,Illinois,-0.21054194297834677,-0.05182218253090662,0.23475225065913158,-0.06916797663887125,0.6484002727886677,0.1921736804319105,-0.02714247989918116,-0.30581246882100627,-0.15208744647959788,-0.4768296870611464,-0.4933581461602089,0.06929710831775686,-0.35632032734990426,-0.8863723041398639,0.3173953995973624,-0.201659104018232,-0.03818510651173718,-0.237327433343586,0.49565006011976304,-0.17666601142825256,-0.2125142786614987,0.05616971114184745,0.028293518641238247,0.6521612150940536,0.7273008495831543,-0.4803068751543608,0.28911207012737783,-0.635111360872545,-0.18155188900470914,-0.45032307047030934,-0.3035528324425334,-0.3487841785342772,-0.22027262154476965,-0.13845321451419465,-0.08602139992103093,-0.07390675159760894,0.9712270982537902,-0.9123393373775184,-0.3052785435787926,-0.0035413814071578774,0.11995048615756844,0.18116048655371142,0.05382818211383261,0.30809949415103866,1.2229217138375594,0.19793000737124034,0.6403324224616055,0.0739945382958211,0.7283458025717778,-0.2578171144792662,-0.38192996252919614,0.1252848061763878,0.9000086430384084,-0.0535356401590872,-0.2177496445791843,-0.05738443159778663,2.0693632990417803,2.579747199304844
17083,Jersey,Illinois,-0.25714185277097923,-0.35404258254099435,0.35284782319858016,0.15044815252082128,-0.624479971726987,0.7236980394900068,-0.6314463433068614,-0.3059157507647405,-0.22181276904779398,-0.4702783437955058,-0.5985163038409288,-0.7050876617361327,0.5236805573831168,-1.160895652240162,0.17471020295273174,-1.275606863939539,-0.27653279573997674,0.22331728229538994,-0.10293265530217778,-0.21477875742756772,-0.27374626582097267,-0.0657498119711034,-0.3195379042788294,0.987939100066316,-0.1443212564853286,-0.5195286554624139,0.5814365893948269,-0.639020474154779,-0.14644241755276222,-0.4446281352661612,-0.4124110519587912,-0.2322089997556387,-0.22091222559396562,-0.24123577148993325,-0.08602139992103093,-0.2369795606614359,0.9074468056273064,-0.7799269104993514,-0.4591087843209171,-0.2505112130648794,-0.007177864449485444,0.19755395337284137,-0.08329939039515956,-0.35477544633772273,1.2546124206379723,0.40359210830623155,-0.5242750065135072,-0.07599885863892988,0.21313471437774065,-0.7034015706161801,-0.8113665253124961,-0.354556808206841,1.4953435417030498,-0.8700227880212664,-0.28119506493262486,-0.05881261778709242,0.04873572268713186,-0.10065488490398451
17085,Jo Daviess,Illinois,-0.25871753949515974,-1.4600173225472353,-1.1684657587304064,1.927002182368994,0.018835554390040116,0.7627068937307568,-0.634236583849402,-0.3334392767154767,-0.44733046771932516,-0.3853671751076001,-0.47543702363589085,-0.8943817166381945,0.46677566397877407,-0.7491106300897147,-0.039317592014215016,-0.8367076185724057,-0.31052081914972746,0.1438902511545192,-0.4100761786053128,-0.24007993059698945,-0.30600648059112817,-0.14191208265308056,-0.30462754255658936,0.5347841822708668,1.3045811806441738,-0.46609592017601237,0.1401682277513425,-0.5962628118259581,0.02381362516555226,-0.4206130031507254,-0.4147990369039872,-0.26898154638936,-0.20445056453455646,-0.18761403820154066,-0.08602139992103093,-0.2741242893590498,1.1168652523480285,-0.9674913069533096,-0.27943166752032067,-1.1188890082484828,-0.8864822894816117,-0.523758586668916,-0.8946375277400281,-0.45347312359359465,-0.06583369604590655,-0.06516925688793773,2.66172152825982,-0.928739096767976,0.39423921810655405,-0.7597398351852152,-0.8113665253124961,-0.5944776153984553,1.197676092370729,-0.8700227880212664,-0.25654679985726164,-0.06370662945330077,-0.588807601837071,-1.4844528283780605
17087,Johnson,Illinois,-0.2845435720859104,-0.7250976868482067,0.478785604311002,0.42957480382087754,2.0042543193555753,0.3667275810183161,-0.2120699636902584,-0.2900589637461981,-0.5075689243796726,-0.5803250356769935,-0.4764654108613971,-0.2748739005950828,-0.04804544643445982,-0.8863723041398639,1.31619177610978,-1.5549452061895903,-1.1029741688101873,-0.7888958060913687,-0.34190642113666225,-0.2778635995930089,-0.40024992837348017,-0.10624993364629898,-0.22132661192060796,-0.4339086865785283,1.0548912162051225,-0.5089788780025335,1.5551964560221836,-0.5910105235333643,-0.1477666490699833,-0.4289950731469165,-0.06025209508620961,0.04539118406756763,-0.1744867182093647,-0.3310867687258968,-0.08602139992103093,-0.2754065705491388,0.05008469241473056,0.07020868242997996,-0.48020477967489317,0.16376076261904102,0.2258907783301137,0.27952128746849575,0.14524656378649353,0.8736105097792775,1.3243319755988807,0.5332889287156853,0.7711583671262111,0.19898903574144677,1.16799259783069,0.25947058747278323,-0.38192996252919614,0.1252848061763878,1.197676092370729,-0.59786040540054,-0.32038524493855536,-0.06344287834159776,1.4689955504293983,1.4623747642009226
17089,Kane,Illinois,1.238384005906157,0.6271522055397577,1.136905793798351,-1.1439822626027174,-0.10505646537148271,0.1300453693381679,-0.2525413269597388,-0.2027173590398397,1.0631641166084915,-0.29247197789307444,1.6239328018358785,-1.083675771540258,1.9624339539513012,-0.31771679736067504,0.24605280127504683,-0.2789899347629466,1.0479784335042392,1.0628346249570213,1.3593744088924475,1.042398675987585,2.0784224312524997,3.2968817401029815,1.2766802305232199,0.9401294154266377,-0.35424521496555617,-0.4358629815619408,-0.5495348152271349,-0.6373535814949846,-0.6796510139527124,-0.45276612290713825,-0.5160401940670782,-0.2682627190610543,0.04076175952048282,-0.33613735373084647,-0.08602139992103093,2.3250748555705174,0.7653847758726959,-1.7479343333292743,-0.3495257742153356,-0.8958194828802176,-0.801730055743575,-0.47457818621152376,-0.757509955231036,-0.602853391872752,0.7264339739644208,-0.28565385158400974,1.7818529200253173,-0.7870786663296003,0.269964058651265,-0.4678051915093061,0.04750660025410388,-1.3142400369732985,0.9000086430384084,-1.6865099358834457,1.1115535623363975,0.14153918573405955,-1.2212496756281033,-0.5446973988542422
17091,Kankakee,Illinois,0.0008519536348532929,0.6219351272364008,-0.0937979713316594,-0.5262637481735848,-0.33205436715578296,-0.1953868560037193,0.3830639031017182,-0.2970285454301471,-0.18813442997165153,-0.3567621921758992,0.0772347840460425,-0.3092910014863668,0.34603295288319025,-0.8667634935612711,0.6027657928866248,0.44215705274676825,0.7681327322208626,0.36343591691656085,1.0088190640781325,0.0016202599052843843,0.12262136187425128,0.5954148154455783,-0.5330450781566827,2.230840355901438,-0.6912468572614746,-0.47582097530327067,-0.6566154884450479,-0.6379299444285793,-0.6539356874834023,-0.4520205903653978,-0.5254908030112261,-0.36129459526535945,-0.10295915159196593,-0.36671371001819947,-0.08602139992103093,0.09682255705812637,1.883763497073592,-1.8732357763880738,-0.23266006610192183,-0.6727499575119529,-0.5580673837467212,-0.2614631175628228,-0.48325481021305244,-0.6321959445704438,0.7158704050309496,-0.22451106481955285,0.9943320374364197,-0.5426449824359327,0.08199007374653156,-0.06831567911069364,0.04750660025410388,-0.354556808206841,0.9000086430384084,-0.59786040540054,0.03097886176217999,-0.037153113958979606,0.2682105611929017,0.8374858445691052
17093,Kendall,Illinois,0.05687376712950944,0.9965997072227853,2.231751302765317,-2.029599410906303,-0.22656783573311362,0.10140795312320343,-0.11368581402724191,-0.2922758997425364,0.7706628232830637,-0.27272803435777265,0.7384205367416149,-1.8064348902572198,3.422809837156841,-1.0628515993471983,-0.39603058362579246,-1.478248438347688,0.3163697779603813,0.760652994887029,1.0580739595734296,0.2591392088076747,0.6525091936125051,1.197496572555738,0.23230546010354225,1.872630720823395,-0.5989635339658119,-0.4748906137915829,-0.5783334130525235,-0.6378461347863462,-0.7031144790575269,-0.4551251623335558,-0.5605437293113389,-0.37366890495574673,-0.08802805616453255,-0.36267180588824577,-0.08602139992103093,0.7256288276928614,1.5728179746725341,-1.8424043665851164,-0.49999018724831873,-0.8002182577223899,-0.6957897635710297,-0.2778565843819527,-0.6318096804311266,-0.662872249663485,0.9736214870076425,-0.09110862096982864,1.7664616324177171,-0.6620841688839746,0.37675326602239273,-0.7238882122776474,-0.8113665253124961,-1.7940816513565272,0.9000086430384084,-2.502997083745625,-0.08558104324113203,0.01284857763635559,-1.297380065011012,0.0043006183933488994
17095,Knox,Illinois,-0.17535258240022603,-0.2025309184446096,-0.4777815474730995,0.4245314268185222,0.22574970958816581,0.23711513191891692,-0.024443620784251413,-0.2924687757014748,-0.20769608988869676,-0.3786691466315713,-0.2695829375584879,0.7060134748065106,-0.84553766787192,-0.8863723041398639,0.5314231945643092,0.6046645626391801,-0.1067034164467483,-1.173614788962683,0.80275789483561,-0.11732402311448716,-0.07364029578537754,0.15342473492125366,-0.5158239981519418,1.6261956819462617,-0.1718561056214724,-0.5122066694179875,0.014550291906274947,-0.6385055533366513,-0.5745867079647197,-0.45345881188541026,-0.5979293497654069,-0.39450836078888546,-0.23976456005260013,-0.34845584280703173,-0.08602139992103093,-0.13447136950031152,1.5234313779059576,-1.4230561586523065,-0.20390904666609347,-0.8241185640118468,-0.5792554421812298,-0.17949578346716838,-0.5861004895947962,-0.6041871442681017,1.334895544532352,-0.7136533589352076,1.6535921899619794,-0.6120863699057248,0.2737110483835854,-0.05807235827995999,0.04750660025410388,0.1252848061763878,0.9000086430384084,0.2186267424616392,-0.1480532595065552,-0.05644667864755894,0.26440986684078355,-0.01991988236757402
17097,Lake,Illinois,1.7190914657819885,0.5911616225739479,0.8071156991790158,-0.9465835679258423,-0.01887412109516218,-0.21941914554522784,-0.15244047388380746,-0.22706648357548498,2.6152197405398034,0.004452247299696762,0.9098542622501268,-1.2557612759966765,2.534022672139434,-0.7098930089325312,-0.039317592014215016,-0.17241990899472812,0.9468110448574163,1.1320439762810923,0.8971592765332858,0.3917151988222744,0.7475746035165307,1.2679139819294258,0.41306344094264874,-0.7038007486831297,-0.7103156799087965,-0.48120869292379853,-0.641531187890961,-0.6367331929787137,-0.6653061758253533,-0.4496103763664292,-0.440061034939679,0.017743574824156602,-0.15626196387651844,5.379320123470515,-0.08602139992103093,0.8554897828662152,-1.0143871662477744,0.6168653750227662,0.27866277787129523,-0.8400521015381515,-0.8864822894816117,-0.6549063212219648,-0.7346553598128703,-0.5294970101285229,-0.02991756167210506,0.125670350285973,2.0948091013798638,-0.8148552213175171,0.29556848848878664,-0.1963571894948643,-0.8113665253124961,-1.7940816513565272,0.9000086430384084,-1.6865099358834457,1.7026440375643364,0.03563404751445224,-0.9842580514683775,-0.3170246917015646
17099,La Salle,Illinois,-0.002642087744231022,-0.2581621798474979,0.4246486934830257,0.02635729817323195,0.19161303596568996,0.5953065212409898,-0.4757412613517794,-0.3110117005299834,-0.24963506863553064,-0.554529305597556,0.034549670348484496,-0.39533375371457685,0.2612590767018111,-1.0432427887686055,0.816793587853571,-0.02442962705723078,-0.17034887251701145,-0.49278293655344335,0.38293521439351813,-0.07191122236247198,-0.05192239383584633,0.38581979248311266,-0.47864403612724016,2.11209011074923,-0.6267995760167896,-0.452390778705061,-0.49631935720542414,-0.6389014003697103,-0.6989840531968718,-0.4546370557857862,-0.5347227926776075,-0.36814559620471443,-0.04110478262811751,-0.3015447940233551,-0.08602139992103093,-0.028330295743830787,1.7960003981067942,-1.7338780547369332,0.11501057529652184,-0.8161517952486944,-0.6428196174847571,-0.2778565843819527,-0.6318096804311266,-0.5828471059425078,0.946156207780618,-0.13742891397320506,1.9024180062848561,-0.6537512023876001,0.4235906376763961,-0.5036568144168738,-0.38192996252919614,-0.354556808206841,1.197676092370729,-0.3256980227798136,0.07482919211265528,-0.05108947738587502,-0.039041666281285206,-0.02799338262121518
17101,Lawrence,Illinois,-0.2749928018116489,-0.17937847379916513,1.177190501105678,-0.42100366065236655,2.687335826393014,0.14504864587424543,0.014819492180819469,-0.30110102098497704,-0.45579786495364055,-0.5573191353877398,-0.41616613668923674,0.6715963739152266,-0.5908728252541736,-0.8667634935612711,0.9594787844982022,-0.31367839180566914,-0.4526089369891067,-0.2887552529274306,-0.40990588568779035,-0.2450324146359903,-0.3086104345833335,-0.2175423186530835,0.09370471927653178,1.754503820663999,-0.5202403547619372,-0.5061104453544117,-0.18548836662832122,-0.6392086522729588,-0.5551917770642879,-0.4478067569835732,-0.11973378139911574,-0.26828664094179094,-0.2005379440466032,-0.32824745844141445,-0.08602139992103093,-0.1934780032940296,1.492128263694043,-1.3671475126458064,-0.4612533825072726,-0.05134199398607136,0.0669803400712958,0.19755395337284137,0.01954628898658416,0.5268348869883762,1.4996872198945002,0.5962845272002772,0.2888980220880584,0.03788501681152812,0.9612836642643549,-0.6214550039703108,0.04750660025410388,0.36520561336800217,0.9000086430384084,0.2186267424616392,-0.31634270488063704,-0.062126511380857626,-0.6219446290868845,-0.536623898600601
17103,Lee,Illinois,-0.2210504261871938,-0.6713034629885263,0.8382737224862016,0.2009838215193708,1.390496115738604,0.4275142473380273,-0.28743556898970013,-0.30488824031845485,-0.31124989500715755,-0.497571962602803,-0.22841986571064077,-0.4297508546058609,0.13021994339796264,-1.1020692205043836,-0.1106601903365306,-0.08997481641696374,-0.5397201493400633,-0.7562898038107561,-0.08342244682523708,-0.18679568769861582,-0.19931986493897552,0.02079895730183081,-0.4734247023366461,2.354563754210092,-0.6308745685383345,-0.5202567990492935,-0.627722158699066,-0.6220324833659345,-0.6084305688757368,-0.4551708495910341,-0.5657210483193181,-0.37143988187364146,-0.17724263250513408,-0.3762944592231944,-0.08602139992103093,-0.2208876266796636,2.03290224570982,-1.8810656602139462,-0.19716249820485007,-0.9356533266959792,-0.7381658804400477,-0.3926108521158693,-0.7232280621037883,-0.4014567801749594,0.9377053526338414,-0.1930132655772569,1.5099401722910402,-0.7620797668404751,0.39174122495167396,-0.5395084373244416,-0.38192996252919614,-0.354556808206841,0.9000086430384084,-0.59786040540054,-0.23244128321560045,-0.061104254673554036,0.8252008035071292,0.9989558496419262
17105,Livingston,Illinois,-0.21650495073007828,-0.14622200519965292,0.21318169754701466,0.028543266580303952,0.06574136540257156,0.5135985131699383,-0.3684189389531088,-0.32277282556256637,-0.26776337370122766,-0.6024653576256487,-0.36070405632827973,-0.2576653501494408,-0.08923113526751852,-1.0432427887686055,-0.039317592014215016,-0.14819225548159243,-0.07388576279545843,-0.22173893852935714,0.3342452709979033,-0.20127199489954783,-0.2172926705437533,0.08253739606986021,-0.696491490808601,2.5813587464628,-0.7500024286476118,-0.5129808497594132,-0.7814031533151127,-0.6391262379919803,-0.6525935891458486,-0.4557640871440262,-0.5898048329649933,-0.39928857942609586,-0.1615308525225088,-0.3937635327676316,-0.08602139992103093,-0.26884000763230703,2.2023068220774746,-2.025061715776465,0.038936911852744706,-0.7524176451434761,-0.5792554421812298,-0.24506965074369283,-0.5175367033403001,-0.5201607433610757,0.9229163561269819,-0.4857575173585959,1.409896802841636,-0.5815321594190157,0.20876322635670078,0.27995722913425053,-0.38192996252919614,0.1252848061763878,1.197676092370729,-0.3256980227798136,-0.22925965446631288,-0.06376006688961917,0.8012998684985025,1.073232051975424
17107,Logan,Illinois,-0.23709431443080142,-0.08330808070717222,0.6945211900456773,-0.2691336468842964,0.35581570858013745,0.24398765922988708,-0.08126405220397569,-0.31425660505418473,-0.29295046579885453,-0.48832965103751014,-0.4530787901237748,-0.2920824510407248,-0.13151510913612546,-1.239330894554533,0.17471020295273174,-0.13734824726351133,-1.1373660751277503,-0.9852873675681881,-1.2060495613599544,-0.20278104971207087,-0.1705240265902482,0.04994093180978837,-0.6492125589584014,2.415303149118346,-0.5345688510480715,-0.5177271987191242,-0.7390937083565325,-0.6392841955694019,-0.6562213396006353,-0.4559272383065279,-0.48925319942312756,-0.3921207954378613,-0.23117484456877116,-0.39450842403217645,-0.08602139992103093,-0.25345125076809555,2.1362846716637667,-1.9675174315391308,-0.2790518949248203,-0.553248426064668,-0.25084053644634,-0.031954582094989546,-0.3004180468677298,-0.2547440166865012,1.0792571763423529,-0.3986753665122481,0.4864195463855995,-0.33709847552534816,0.18378329480789862,0.1724023604115472,-0.8113665253124961,-0.354556808206841,1.197676092370729,-0.8700227880212664,-0.2648003191421783,-0.061217156540435955,0.1453375486636198,0.4531872324957914
17109,McDonough,Illinois,-0.23397808641123252,1.6239631873699443,-2.1244048798787256,-0.4381348379032574,-0.44755929340029615,0.32667046765093477,-0.2940663251680129,-0.2959309737757961,0.34964005041249263,-0.5414435419793001,-0.49057016834017336,1.5148153457516844,-0.45811762158228103,-0.8667634935612711,0.3173953995973624,0.6493012062069441,0.15870288328995305,-0.5958854167657104,0.6651388898170041,-0.1928171683768807,-0.1474421225691904,0.04746192063541479,-0.6981603968708127,1.8226386201450242,-0.12817795054417855,-0.5172441794429119,-0.18156067311870377,-0.63746057082178,-0.6290763392181563,-0.45088026045170565,-0.525488374180197,-0.39192434031382817,-0.2169166613139349,-0.4087852709651259,-0.08602139992103093,-0.2586106416542725,1.736617794551235,-1.5767254505710004,-0.3005202163528164,-0.6966502638014096,-0.42034500392241186,-0.08113498255238405,-0.448972917085804,-0.6788772784076804,1.662366181469954,-0.11519517333158452,1.2226361369491623,-0.4759812504649322,0.4323336137184768,-0.49341349358614023,-0.38192996252919614,-0.1146360010152266,0.6023411937060877,-0.0535356401590872,-0.2675140613106882,-0.06036741250970832,-0.14229221636359518,0.2917172274229704
17111,McHenry,Illinois,0.5804937955605322,0.0734196895885773,1.4943913038061776,-0.811873291441601,-0.12589083819118266,0.5227872789270178,-0.5603034197075951,-0.2855461663552975,0.6082483769985972,-0.4086347144897585,0.2955562005622316,-1.5655151840182324,2.310315738961204,-0.9255899252970493,-0.39603058362579246,-0.9609466268542168,0.42695349464218707,0.7978946299968298,0.7239909201479727,0.24317690078693852,0.6208198580083969,2.0250993845439007,0.8799466869649544,0.9874084057118891,0.07757306026187828,-0.47667625584774337,-0.3489617849723055,-0.6221954892307903,-0.6252556858032716,-0.45144450706910316,-0.33965953159991663,-0.028629087499858968,0.11678597568819268,-0.2750129279794702,-0.08602139992103093,1.1738668455925714,1.007328073086766,-1.4861423344779563,-0.28488996776545455,-0.9595536329854363,-0.875888260264357,-0.6385128544028326,-0.8032191460673664,-0.6281946873843949,0.03557656571541543,-0.12631204365239462,1.876765860272188,-0.8676306757945592,0.13070094026669515,-0.6573066268778787,-0.8113665253124961,-1.3142400369732985,0.6023411937060877,-1.6865099358834457,0.5956992492974942,0.034469763611631635,-0.8475179809216895,-0.2669689901289903
17113,McLean,Illinois,0.18142623798308752,1.684753060930712,-0.4899829054093086,-1.3081102613561972,-0.6912655262751883,-0.022141574938515228,-0.05219657334443617,-0.32667413230118775,1.3463976010894962,-0.3241987034849806,-0.33089980594501955,-0.03395419435609518,0.9272316651323704,-1.1805044628187567,-0.25334538698116177,0.8620663119475691,-0.4595627275623148,-1.149676507471735,-0.13100329609980718,-0.01563791441055379,0.14562056581773275,0.28590995657909263,-0.42976539816044956,2.3598221303471543,-0.6218180082383222,-0.5192239748339551,-0.7369150863667694,-0.6390380195242452,-0.6058420445006256,-0.45576769258719974,-0.6044226841082999,-0.40331060149433673,-0.23549808873452863,-0.3965313018511754,-0.08602139992103093,0.021752108892779096,2.0421777324247836,-1.9948390314688775,0.1434488408301734,-0.6647831887488004,-0.42034500392241186,-0.21228271710543062,-0.4261183216676392,-0.4774806667098878,1.005312193808056,-0.35050226178873667,0.5454194822147352,-0.4815365614625153,0.08823505663373166,-0.262938774894633,-0.8113665253124961,-1.0743192297816841,0.9000086430384084,-0.8700227880212664,0.1177998956912687,-0.04064413801757853,-0.8366061147676799,0.07211802052393398
17115,Macon,Illinois,-0.016290229258508395,0.07899870619273734,-0.5030785636363735,0.17776199503024126,-0.9799188600134041,-0.3692393535661832,0.6399109627812407,-0.3212121845998167,-0.13207922744680853,-0.23705771113321739,-0.5301939708274277,0.37905101633931104,-0.23770554351069517,-1.1412868416615691,0.745450989531256,0.3955453546085044,-0.16684018812160892,-1.0284132907204846,0.7047649080482776,0.20723955036293681,0.3258563474875604,0.830800406850433,-0.10190011325463859,2.0657079488380234,-0.6040962702579271,-0.5154539732461105,-0.664534511850092,-0.6390335091751709,-0.5868108233731922,-0.45521544197812674,-0.5308017575211793,-0.39182008796442913,-0.22427001359735607,-0.3365405055254632,-0.08602139992103093,0.3994611438145913,1.7606042416419851,-1.8841567957753669,-0.3036924345034672,-0.4815475071962969,-0.26143456566359397,-0.031954582094989546,-0.28899074915864703,-0.3707804750819181,0.8489713735926844,0.09787817448394709,0.21707201325258904,-0.31209957603622207,0.16317485128013723,-0.0017340937109248996,0.04750660025410388,0.1252848061763878,0.6023411937060877,-0.0535356401590872,0.07512863952435293,-0.03375009017568327,-0.300931391073248,-0.502715197535309
17117,Macoupin,Illinois,-0.18933167670229598,-0.5407975511417035,0.46628897294522736,0.2660062003655788,-0.29563268262865156,0.7509318978032195,-0.6229508045896348,-0.3006444930418421,-0.4690538718459032,-0.5976930579450924,-0.6112948681226177,-0.17162259792123075,-0.10625455331851613,-1.00402516761142,0.10336760463041615,-0.6338680483590741,-0.7736768480213303,-1.2125828072482427,0.5874638504738879,-0.21484016544877277,-0.23038979051739233,0.102360437047861,-0.4657734793150785,1.5386628313995718,-0.25101472552497256,-0.5165359466946453,0.1880812247160031,-0.6391524428472065,-0.4701506587278149,-0.45238335379671907,-0.5945639660745808,-0.390120779164218,-0.17273772677428972,-0.357467702050861,-0.08602139992103093,-0.20596695882423624,1.4014262344984072,-1.2735732090171283,-0.09388669179316834,-0.3381456694595551,-0.13430621505654008,0.017225818362402626,-0.1975723674859861,-0.402790532570309,1.041228328181857,0.1423456557671885,-0.3549708428299005,-0.19821570058576404,0.08074107716909128,-0.5343867769090749,-0.8113665253124961,-0.1146360010152266,1.197676092370729,-0.3256980227798136,-0.1705679617735726,-0.06005715112582876,0.06180806757833732,-0.24436318941879528
17119,Madison,Illinois,0.44926076445071655,-0.0743903163517761,0.7982373440655031,-0.32900187938398556,-0.6178451135854326,0.20696008182415335,-0.03854956579043682,-0.30740948505832955,-0.14801680944876947,-0.3048209919422071,-0.45527339420205065,-0.6190449095079227,0.7460832770816339,-1.0628515993471983,-0.1820027886588462,0.0299285719781442,0.006614551404275275,-0.5506292049536995,0.8379374514257122,0.5757834078178157,0.9288188730416489,1.6308604487715304,0.5526343480388215,0.9500269656676763,-0.18270977419506262,-0.5133920399104266,-0.24398857786167352,-0.638240641836898,-0.17166763291138287,-0.45337799509489657,-0.29886987943841953,-0.19152160624492473,-0.1724918206299229,-0.19023563877840524,-0.08602139992103093,1.1114693384497627,0.8527473330703246,-1.3089166491764446,-0.1885766589379478,-0.17881029419650862,0.0669803400712958,0.23034088701110358,-0.03759019955882911,-0.19739266368646757,1.0792571763423529,0.6036957740808176,-0.2113188251589613,-0.0148904376655132,0.37862676088855296,-0.4319535686017383,-0.38192996252919614,-0.354556808206841,1.4953435417030498,-0.59786040540054,0.6440412908234343,0.0034061755061315546,-0.11965827042907506,0.11087082174141077
17121,Marion,Illinois,-0.2119448313442993,0.0009014923920723734,-0.16798524489247146,0.08282907907790818,-0.5078179748884708,0.5257578334901443,-0.3337871808395528,-0.320160457796942,-0.3812962634212504,-0.6123562865014637,-0.547833117360875,0.08650565876339886,-0.2355089734395987,-0.9451987358756418,0.17471020295273174,-0.24183054251208844,-0.42957448501728235,-0.5179285262691101,-0.042837582891014296,-0.16539427246037483,-0.20643261784482822,0.035918235364819445,0.07981651164617748,0.9709078487027034,0.3275811725436522,-0.499201148093763,0.31827294065784195,-0.6353027185011723,-0.05303720829162909,-0.4480208080028764,-0.5371886808218811,-0.3910684730549905,-0.2483706380835275,-0.3622201216952311,-0.08602139992103093,-0.0626464963567008,1.1042060721627116,-1.046485701148127,-0.31097513251129943,-0.12304291285444272,0.01401019398502316,0.11558661927718697,-0.014735604140663477,0.09870036808114822,0.751786539404751,1.0150199759508,0.31198495349945926,-0.023223404161887774,0.6865044172275351,-0.6265766643856777,-0.38192996252919614,0.36520561336800217,0.9000086430384084,0.2186267424616392,-0.20373176261908785,-0.057379034222105614,0.8818802666042583,0.6501806386846328
17123,Marshall,Illinois,-0.2874108533182017,-0.7516078246684648,-0.30824014019734824,0.8459507437126883,-0.2936350263252414,0.755869597862899,-0.6302172844700583,-0.2884134242013113,-0.3911571677852566,-0.4880477451707288,-0.4891863941020063,-0.9460073679751205,0.5426946170610456,-1.0236339781900128,0.4600805962419936,-1.268465512284476,-1.2122777246929222,-0.9719089571900202,-0.617239918038107,-0.2291454360359342,-0.29785288945670346,0.02000614949831075,-0.5947888417207963,1.9181052449833407,-0.5104519740617904,-0.512029362543064,-0.3033153274833099,-0.6392202895369742,-0.562308579470039,-0.45343303510868094,-0.4244607675262114,-0.20641218457014401,-0.1986740589290444,-0.16344813683307144,-0.08602139992103093,-0.2927006249549108,1.6576434826988478,-1.4852272055137452,-0.44318067487433926,-0.7524176451434761,-0.5156912668777032,-0.17949578346716838,-0.5289640010493829,-0.5294970101285229,1.034890186821775,-0.685861183133182,1.7254181987974488,-0.5565332599298912,0.2468576219686235,-0.6624282872932454,-0.8113665253124961,-0.354556808206841,1.4953435417030498,-0.8700227880212664,-0.32081570059287073,-0.06488581398163924,1.6466523409249711,1.2944459589251889
17125,Mason,Illinois,-0.28178465592572816,-0.6583795251971369,0.08042262510274449,0.5665004238672997,-0.3204397731456658,0.7717719849015193,-0.6374067984087955,-0.31054296730900055,-0.4547942691969117,-0.7487146396945638,-0.6144670295730175,-0.41254230416021886,-0.25774924540945043,-0.9648075464542345,0.816793587853571,-0.7674804736986213,-0.9947603613762037,-0.9409907904138003,-0.4514509314153448,-0.2423896611622727,-0.33624197916477216,-0.06100030406136715,-0.7525290029575938,1.9623916394919745,-0.6479212330303823,-0.5165043979271349,-0.4768498466010201,-0.596877153839569,-0.6321277808082573,-0.4539356098255091,-0.22615019096357467,0.217669020831903,-0.2360619198086028,-0.020164403375250196,-0.08602139992103093,-0.3778408591575012,1.6390462453663466,-1.430388744666132,-0.3203726426195655,-0.5612151948278201,-0.27202859488084863,0.0008323515432703504,-0.3004180468677298,-0.5828471059425078,0.8130552392188832,-0.5135496931606215,0.5351586238096684,-0.33987613102413966,-0.07538349501091998,-0.6112116831395772,-0.38192996252919614,0.36520561336800217,0.9000086430384084,-0.0535356401590872,-0.3133482307636605,-0.06592990627039472,0.9591676814090175,0.6663276391919152
17127,Massac,Illinois,-0.2805750674181323,-0.5974190116063218,0.23901344190379378,0.4313576671865228,-0.8915084035889161,0.40230928087023105,-0.19795015362723486,-0.2668642813623758,-0.38046754312900743,-0.4892295248662283,-0.474148295423999,0.2413826127741769,-0.1072841955393426,-0.9255899252970493,0.9594787844982022,-0.4825180753291936,0.3613400217574688,0.05625003743610969,1.388430942232909,-0.18582973849194573,-0.27733928617123277,-0.1617976816867332,0.10173528744154887,0.6194761249704209,0.7755411504449075,-0.515766412174222,0.28364179316337695,-0.6136927007962489,-0.36014127905663434,-0.4446603841885082,0.12134754902388104,-0.24354166256773077,-0.16658112961627816,-0.28468120241809725,-0.08602139992103093,-0.1502823960521873,0.9608725290157091,-0.8692985324271524,-0.5597112895211349,0.2752955253031734,0.35301912893716836,0.4270624888406746,0.2709468385864029,1.1083509313608109,1.2863031274383852,0.6259295147224382,0.8404191613604137,0.326761188685864,1.3147496956799,-0.3637676076501679,0.04750660025410388,0.36520561336800217,0.9000086430384084,0.2186267424616392,-0.30758386808848065,-0.05898688353274092,2.2473893505509555,1.7982323747523898
17129,Menard,Illinois,-0.2851908337328321,-0.5974528379447254,0.6970476229177565,0.20327975247276311,-0.562423554410539,0.7571888547892277,-0.6165402502913774,-0.2840208110108778,-0.44977790092511266,-0.5756410688188258,-0.5866660828563256,-1.083675771540258,1.4815910368253407,-1.1805044628187567,-0.1820027886588462,-0.8053412852518204,-1.4188483154585732,-1.5455745479058351,-0.5240419004479675,-0.2430973551478982,-0.2672289325661688,0.05848003739831533,-0.6398817459773598,1.9703951276883553,-0.2295742362230849,-0.5177649535469615,-0.3866010546347997,-0.638946419780654,-0.5178196625077061,-0.45473296532061397,-0.4774302862887072,-0.3886941634762064,-0.2056172788368618,-0.3645565652483707,-0.08602139992103093,-0.28548210611062524,1.8362223352110578,-1.6619617751514235,-0.5049868031616678,-0.5452816573015156,-0.2826226240981033,-0.06474151573325176,-0.3232726422858955,-0.41612805652380513,1.0095376213814444,-0.1503985960141505,0.6916367144869412,-0.3537644085180981,0.22125319213110184,-0.23220881240243207,-0.8113665253124961,-0.5944776153984553,1.4953435417030498,-0.8700227880212664,-0.3254571354741844,-0.06280397251214051,-1.4262298781903349,-1.8106222386251587
17131,Mercer,Illinois,-0.2756986391732242,-0.6692193085560586,0.34997157525673256,0.4422467882113811,-0.08949789554716148,0.7717255902092544,-0.6352741091934071,-0.33373906339791676,-0.4363036099414292,-0.5269347219659942,-0.5117705827645178,-1.1008843219858984,0.44748703304195825,-1.0628515993471983,0.6027657928866248,-0.9185619054689781,-1.683714190073449,-1.8559917564571033,-0.6209537034527334,-0.25760255080238026,-0.31067517355646507,-0.04902461946819167,-0.7557776044673705,1.8943327293851993,-0.24412660845931614,-0.5117090253864898,-0.337991045955576,-0.6366330479206732,-0.49148511611767565,-0.4538542373462299,-0.40872408897495655,-0.2513369544147015,-0.2481851793032747,-0.2898180562192667,-0.08602139992103093,-0.3701254746752944,1.7547446351856255,-1.5462041257090517,-0.3164557723208746,-0.8958194828802176,-0.5898494713984844,-0.13031538300977621,-0.6089550850129618,-0.578845848756459,1.1996818621839227,-0.6488049487304807,0.9302016724047506,-0.6370852693948493,0.09135754807733214,-0.6112116831395772,-0.8113665253124961,-0.354556808206841,1.4953435417030498,-0.8700227880212664,-0.3052257197213616,-0.06521140102279949,-0.047608385235089486,-0.3913008940350624
17133,Monroe,Illinois,-0.21946595310581526,-0.5231222514356177,1.0763310669990527,-0.05408940347908766,-0.11402717574644534,0.7801658498790925,-0.6660315224384138,-0.33806466083166764,-0.36260216284350627,-0.6303161083887723,-0.5838959423238328,-1.772017789365936,2.414996031411895,-1.5726806743906088,-0.7527435752373701,-1.4603036775389644,-0.4808620129357171,-0.5327430914390998,1.3744384412566768,-0.18693001191826292,0.044010357581137347,0.3531689397567474,-0.6583680102511251,1.076796299190998,0.0018186940291836573,-0.5184654048453514,0.2623802483747918,-0.6388603014941625,-0.5722952735255664,-0.45298825785125496,-0.2336621276375737,-0.06664956595399905,-0.14571379600737314,-0.14319870783817218,-0.08602139992103093,-0.08387592707881404,1.0610639694534636,-0.9953766029828128,-0.44376895007129097,0.004425387355994558,0.24707883676462306,0.4106690220215423,0.15667386149557633,0.12270791119744136,0.8299569495124366,0.15716814952826896,-0.072797236690556,0.1739901362523215,0.33803437212174964,-0.8007131185081497,-1.240803088095796,-1.3142400369732985,2.0906784403676912,-1.958672318504172,-0.24634687239631028,-0.05267218470628482,-0.7032893937855805,-0.5899090002746322
17135,Montgomery,Illinois,-0.23769178672026764,-0.5543573169635928,0.5649532198454932,0.22936201969507622,1.072145063621638,0.5876815896025589,-0.44586203362659055,-0.34393498194631605,-0.43791877791035966,-0.5422931557977628,-0.569126484118465,0.2585911632198189,-0.2784793754554233,-0.9451987358756418,0.745450989531256,-0.5849629467102762,-0.8661564690905375,-0.7294394803418124,-0.6133952983483225,-0.21808320638072837,-0.21977256607366924,0.07322827432868792,-0.40778261904594243,1.8434459535027716,-0.3035155243534805,-0.5158314469170153,-0.18686114785293598,-0.6383919036892293,-0.49367964133124825,-0.4534192364542016,-0.6199154158783164,-0.3926947820921687,-0.2108798495932298,-0.3304224031257565,-0.08602139992103093,-0.19768858165754874,1.6777676397530068,-1.545812154124469,-0.21151194509758292,-0.3381456694595551,-0.17668233192555804,-0.06474151573325176,-0.22042696290415092,-0.4641431427563916,1.1701038691702044,0.3739471207840706,-0.183101464545027,-0.2287699110724724,0.2100122229341406,-0.23220881240243207,-0.38192996252919614,0.1252848061763878,0.9000086430384084,-0.0535356401590872,-0.25149362478486376,-0.06251354974946118,-0.11794004913619187,-0.32025409180302095
17137,Morgan,Illinois,-0.2223332343381066,-0.2944408079966952,0.3364654627941159,0.10369689556716917,0.2349038709630133,0.337125867483663,-0.16059940151338103,-0.3084434880988844,-0.3323427444608539,-0.31433086997167076,-0.5093715042719654,-0.11999694658430474,0.014762729035954715,-1.1216780310829764,-0.1106601903365306,0.38174106777404615,0.09313035611721941,-0.2637111704213788,0.35531795348781464,-0.15966804743295832,-0.010653168215026319,0.1607178839174725,-0.7515755597193532,1.83414349619012,-0.25691202467808255,-0.5165223332116883,-0.2417579997879434,-0.6385250181452486,-0.5057051830887153,-0.4517323408423088,-0.5514309138774985,-0.2981963444194315,-0.23516441245082684,-0.35094515196702347,-0.08602139992103093,-0.18615534555690375,1.689695578176692,-1.5623880225934035,-0.313752685023489,-0.48951427595944935,-0.2826226240981033,-0.048348048914121824,-0.25470885603139937,-0.406791789756358,0.9862977697278082,-0.035524269365776795,0.004159201347447234,-0.3148772315350144,0.09010855149989186,-0.5036568144168738,-0.38192996252919614,0.1252848061763878,1.197676092370729,-0.3256980227798136,-0.23146807912758308,-0.05858745005785549,-0.8522541664687844,-1.156668718080234
17139,Moultrie,Illinois,-0.2784399826190104,0.3115027632737921,-0.26754824651812353,-0.15373773037746313,-0.5465255854922454,0.7768479433183364,-0.6282468456874026,-0.33068881762195934,-0.5214255719562195,-0.5344712408743941,-0.5802462988999658,-1.0148415697576887,0.6692719674079793,-0.6314577666181586,-0.5387157802704237,-0.7398832246666999,-0.912598459953605,-0.8503977763390438,-0.3939621315596389,-0.2140393854490246,-0.24622627080618367,0.03741496371506828,-0.6046182768159978,2.1857708588319786,-0.5750895535971191,-0.5119212231501178,-0.5495441505260252,-0.6387771530557368,-0.5215836844155308,-0.45519557950435685,-0.5670333005585859,-0.31821916379769816,-0.18865835561964348,-0.18782054442654025,-0.08602139992103093,-0.2707121673817962,1.8919463361425444,-1.7225144830836199,-0.4833248721751813,-0.4178133570910783,-0.25084053644634,-0.048348048914121824,-0.2661361537404822,-0.564174572407613,0.5658677261756612,0.3702414973438006,-0.06253637828548869,-0.2843230210483068,0.012670763698606594,-0.36376760765016775,-0.8113665253124961,-0.1146360010152266,1.4953435417030498,-1.1421851706419928,-0.3178399419391253,-0.06208729369579927,-0.46577268624758306,-0.4881828970787546
17141,Ogle,Illinois,-0.17258780866857842,-0.1718736127911977,0.4458173976656023,-0.06368107450666784,-0.2069387235234432,0.7121362778470244,-0.5795602997487129,-0.3058158507669702,-0.3486415876399172,-0.33971309813266326,0.05348923068548052,-0.8771731661925526,0.5383701197335744,-0.9059811147184565,0.4600805962419936,-0.1987065740508926,-0.44351711391126086,-0.2074371380660609,-0.5859656231370661,-0.12010585951658208,-0.16211483605544943,0.15382397613674248,-0.47226270334346737,2.0191313889197025,-0.36358890327494553,-0.5190616108419601,-0.4161098045173165,-0.620650522744267,-0.5515068364047705,-0.4539957778556515,-0.5576059049128393,-0.3848468441960482,-0.1584265591507298,-0.368100197980946,-0.08602139992103093,-0.14962090080646256,1.8235697001794409,-1.7083163664002636,-0.17183687865000635,-0.9754871705117408,-0.759353938874557,-0.4090043189350016,-0.7689372529401188,-0.4201293137098541,0.3968506232401245,-0.1059311147309091,1.6099835417404442,-0.7954116328259757,0.276833539827185,-0.6112116831395772,-0.38192996252919614,-0.5944776153984553,1.197676092370729,-0.8700227880212664,-0.17313198023623377,-0.05700319170836369,0.33846888035661293,0.5936661369091458
17143,Peoria,Illinois,0.2038665942668629,0.52529845453508,-0.005738492455770102,-0.48108942249490505,-0.6931515161453405,-0.6318249566841889,0.7001531123909558,-0.29761419569226144,0.959976731785572,-0.22753077437610997,-0.33899516485204145,0.052088557872114846,0.13694693924069556,-0.8863723041398639,0.6741083912089404,0.8028351621519054,0.05857929407174361,-0.5314876267679898,0.2810064526874857,0.27208310517275275,0.7273430876004842,0.8807356232422134,-0.23990512621213414,1.1035629710942148,-0.28834764563919757,-0.5042410561281915,0.17430003559956883,-0.6386057183421552,-0.41316126492474475,-0.4526995914206875,-0.48019376492834515,-0.25356578397796453,-0.16866703302647004,-0.22544838801548825,-0.08602139992103093,0.5132354516517454,0.9561232613892875,-1.1511436584575574,-0.2704362695719963,-0.6886834950382574,-0.39915694548790326,-0.08113498255238405,-0.4261183216676392,-0.5068232194075796,1.1341877347964024,-0.47278783531765045,1.299592574987165,-0.46209297297097385,0.25497609972198376,0.3004438707957178,-0.38192996252919614,-0.5944776153984553,0.3046737443737671,-0.59786040540054,0.2961021138939909,-0.01144009969620815,0.030490187173570674,0.4483431323436066
17145,Perry,Illinois,-0.2596518221438839,-0.19826365541163596,0.7065969432289373,-0.16924123974143898,2.3445996669453084,0.21386548579819817,-0.01718639055397159,-0.29818197799216384,-0.3901167659224531,-0.30172468042061457,-0.4706054964524139,-0.01674564391045318,0.07949290331857865,-0.9648075464542345,0.6741083912089404,-0.46828165965448226,-0.9714258086019892,-1.0132169027562563,-0.5025797017476804,-0.22570531460511142,-0.23423943509955938,-0.010609584641375023,-0.40889688488925385,0.9828571700561853,0.4919885224813236,-0.4272031482538884,0.15782191316207678,-0.6379596173051866,-0.5934426171659003,-0.4433101010499367,-0.176986927559058,-0.3227121967581516,-0.21736532002200423,-0.19252184354183202,-0.08602139992103093,-0.2327804086740346,1.1903635027488884,-1.0567973563843431,-0.4071171713447571,0.012392156119146994,0.15173257380933247,0.24673435383023354,0.06525547982291542,0.257416903127753,1.0201011903149155,-0.3078875922256303,0.4325500397589976,0.10177109328373792,0.42359063767639654,-0.10416730201826142,0.04750660025410388,0.36520561336800217,0.9000086430384084,-0.0535356401590872,-0.29098325220249194,-0.06110027262152654,-0.15830524583113006,-0.12326068561417954
17147,Piatt,Illinois,-0.27304223051368565,-0.482591571860819,0.5563102160546504,0.16754999652941244,-0.1895223156537132,0.7728685976914887,-0.6380435798118023,-0.33892971153618495,-0.3924534116441712,-0.3233146516589727,-0.5922323334213329,-1.3762211291161703,1.1355626078129257,-1.2001132733973472,-0.32468798530347687,-1.3459629220688163,-1.1403864355203313,-1.0190890341486594,-0.1389043566342085,-0.2317564835785439,-0.25655470178561146,-0.07842501236532398,-0.41011817433382447,2.5154470121804926,-0.6925921331392537,-0.5232668960489812,-0.7453539282192576,-0.6390742506293954,-0.6466174464883235,-0.4560769937381323,-0.5036838376896962,-0.4029423035808172,-0.2370842521447776,-0.4187987317126728,-0.08602139992103093,-0.26441574527543926,2.16338573653562,-1.9891319213305434,-0.41270950897653835,-0.505447813485754,-0.3038106825326127,-0.06474151573325176,-0.3232726422858955,-0.44680436161684645,0.7116449774575613,-0.2560088640618488,-0.008666871658886792,-0.3454314420217227,-0.0872489624966007,-0.7392531935237479,-1.240803088095796,-0.8343984225900698,1.7930109910353704,-1.4143475532627192,-0.30926825977927996,-0.0631094258664373,-0.773059814814242,-0.9370695111811972
17149,Pike,Illinois,-0.27533546974237216,-0.19196645878302446,-0.3107953200796799,0.3316365164612359,-0.019141789044794452,0.734745956050081,-0.5959804735547446,-0.3400517675808537,-0.5080297122323473,-0.5809853315545109,-0.599168932303172,-0.01674564391045318,-0.09698777333107791,-0.807937061825493,0.10336760463041615,-0.8638896887360468,-0.5668314848696517,-0.16138084343117892,-0.575183361431581,-0.25717987607965725,-0.22833379681741886,-0.06128598078190816,-0.806107375416295,1.105544211453988,0.17228851735699097,-0.5160252006913949,0.4199688902457199,-0.6388100109364557,-0.5691720344182812,-0.449280723974345,-0.33028538812252534,-0.24920677702705182,-0.1857882360625936,-0.24207502958421764,-0.08602139992103093,-0.36323765733965047,1.1665048971130618,-0.9772788385329118,-0.10778934739707695,-0.4337468946173832,-0.1978703903600674,0.08279968563892474,-0.1861450697769033,-0.592183372709955,1.053904610902023,0.3554190035827201,-0.2985361216020314,-0.23432522207005543,0.08136557545781119,-0.3637676076501679,-0.38192996252919614,0.36520561336800217,0.9000086430384084,-0.3256980227798136,-0.30599305371383684,-0.06705518254090177,1.1278011229091,1.0473968511637726
17151,Pope,Illinois,-0.3086767665231734,-2.3037144289351046,0.10161777675494714,2.0717600470453483,0.6132983564074653,0.4401124803643508,-0.30631292963428586,-0.26134855191688544,-0.4701096411363551,-0.3585579762376377,-0.5782854950560179,0.41346811723059507,-0.6345296554172158,-0.6706753877753437,0.9594787844982022,-1.3564119509441535,-0.8740971778657435,-0.33551002437949173,-0.8876034962229193,-0.2886985588609183,-0.4628942148533727,-0.5689266981324782,-0.45851546357717415,-0.47040421236447394,0.32761323991041563,-0.5120896878505217,1.7749376928602634,-0.1858752127352324,0.7005978555523302,-0.4412884194462839,-0.2702491295293482,-0.30581901329085304,-0.2306538360618283,-0.31179674521028805,-0.08602139992103093,-0.5202675672072685,-0.3149319511123136,0.53080004287346,-0.4609331820836154,0.17969430014534588,0.2364848075473684,0.2631278206493658,0.16810115920465915,1.0469983211747282,1.2250344276242533,0.24425030037461676,0.8327235175566131,0.21009965773661368,1.1373921816834072,-0.3637676076501679,-0.38192996252919614,0.36520561336800217,1.197676092370729,0.4907891250823656,-0.35555160034979866,-0.06855772561639974,2.241836949309913,1.7982323747523898
17153,Pulaski,Illinois,-0.3052852326447328,-0.6209214922938174,-0.5310298599349635,0.8365051556668401,-0.7459622039241678,-1.1809841705891748,1.486036352435823,-0.19993135071362433,-0.3271544642954003,-0.011586688740664099,-0.5216688162007594,1.2911041899583384,-1.1817501743791226,-0.6706753877753437,1.6729047677213575,-0.5882742867686974,-0.42598179125336866,-0.47931170631263836,0.21433290577275466,-0.2588961217491973,-0.3112206036989926,-0.06807079843234312,-0.26874898567253347,0.910515112146286,0.23009301887030867,-0.5136220950483771,0.22326121080892206,-0.6355297154960456,-0.6766605701381192,-0.4470420958679055,0.4383795651263571,-0.07187245504572441,-0.18886467754678354,-0.25943489842214706,-0.08602139992103093,-0.24446872118306573,1.000629940459296,-0.8672881876115259,-0.5885740067791694,0.2912290628294783,0.363613158154423,0.49263635611719675,0.25951954087732004,0.8869480337327739,1.3496845410392115,0.9186737665037772,0.8712017365756147,0.34342712167861394,1.335982637496381,0.6538384394560288,1.335816288604004,0.845047227751231,0.007006295041446424,0.4907891250823656,-0.34986209952754327,-0.06539970434268458,0.5422915285535058,0.0043006183933488994
17155,Putnam,Illinois,-0.30410200320873104,-0.840028730528586,-0.2747504610424324,0.9107327625761196,0.4802024502808936,0.7507020640920747,-0.6328958623452757,-0.3165726222224308,-0.3952405859003018,-0.2795449037395548,-0.2526836959524705,-1.1869270742141085,1.2798498043580748,-1.0824604099257908,0.6741083912089404,-1.1024581609381627,-1.973541348952306,-1.8516504652582035,-1.4312068608711053,-0.16191183022636252,-0.3262371202770211,0.09587348505638395,-0.5184559819871202,1.3402567494706081,-0.49568693759764076,-0.46123976614948714,-0.050723664305065294,-0.6373230434564389,-0.5906806492727941,-0.45485669730992806,-0.22327814865343315,0.2375559283743083,-0.136308352595431,0.3097204919390523,-0.08602139992103093,-0.2402049853935457,1.0953601035331104,-0.9612276295899944,-0.6117252420617362,-0.7922514889592377,-0.5792554421812298,-0.22867618392456057,-0.5746731918857134,-0.5668420771983124,0.9588324905007838,-0.5839565385257538,1.8408528558544532,-0.606531058908141,0.2693395603625451,-0.9236329684769536,-0.8113665253124961,-0.5944776153984553,1.4953435417030498,-0.8700227880212664,-0.35034870157155196,-0.06391768465224246,1.4295585911607782,1.3848691617659683
17157,Randolph,Illinois,-0.22782763637260967,-0.6212022973282781,1.2631549977754228,-0.05677176019492666,2.2978592769290227,0.12682924463629192,0.04324381352089058,-0.3141500199792027,-0.4258743563962126,-0.2959958822408923,-0.46385673652040854,-0.3092910014863668,0.18685026554341835,-1.0236339781900128,-0.32468798530347687,-0.29557691817200843,-1.1896676926916083,-1.3240716057538235,-0.7137045927788044,-0.2060691743893589,-0.19169510462424388,0.10967906583139672,-0.5120936045807521,0.8024252011909168,0.5130948420024947,-0.4573201455838537,0.34687803736177,-0.6378431064074395,-0.6477956632220971,-0.44753169554410854,-0.24939294695337902,-0.24507330224780546,-0.1144332711305644,-0.05381869367758658,-0.08602139992103093,-0.2026025942327531,1.0222558831327795,-0.9063883647401576,-0.2951736139298884,0.03629246240860373,0.2152967491128598,0.32870168792588794,0.06525547982291542,0.250748141151005,0.6905178395906193,-0.2726841695430643,0.05289827877151571,0.14065827026682162,0.24248613394758314,-0.1605055665872965,0.04750660025410388,0.36520561336800217,1.197676092370729,-0.59786040540054,-0.2485927279840427,-0.05975839023862706,-0.33491504848881204,-0.30249239124501076
17159,Richland,Illinois,-0.27547605145754067,-0.29083779306127655,-0.10387059119867381,0.319672607411761,-0.313817618129216,0.7236235172828939,-0.6143371828608599,-0.309066661667229,-0.26607920864709494,-0.5026001846019836,-0.5655030581831553,-0.2404567997037988,-0.4082142952795582,-0.807937061825493,-0.039317592014215016,0.045139604981702185,-1.2620720081268562,-1.4362683470190134,-0.9674008326413481,-0.23005071730135232,-0.2893101541659743,-0.23083638204918575,0.15381023576889746,1.799644928188961,-0.4162895024466481,-0.5123673007203635,-0.1915531169094996,-0.6393997489025706,-0.5111544178284174,-0.4389852618203432,-0.33471968600127094,-0.3861014816375695,-0.23573359324799578,-0.3717412927443095,-0.08602139992103093,-0.1727379080059884,1.5836115261533592,-1.4650436358360308,-0.470546641314813,-0.06727553151237622,0.0457922816367872,0.16476701973457913,-0.0033083064315806597,0.2934282178021927,1.2334852827710299,0.5277304935552803,0.3992022499425294,0.015663772821195934,0.7770566690919414,-0.3637676076501679,-0.38192996252919614,0.1252848061763878,1.197676092370729,-0.0535356401590872,-0.3063112165887656,-0.061919629351269094,-0.5791820258122962,-0.9499871115870231
17161,Rock Island,Illinois,0.09462288643799036,0.07042766067748236,-0.1806591615877103,0.02508780018399841,-0.34838125426050487,-0.062381535135170606,0.16347607326499367,-0.24123918080130716,0.42799012080667365,-0.22235342963854754,0.24754368065808768,-0.15441404747558876,0.1407222940503926,-0.7295018195111219,0.6027657928866248,0.4462140545114521,-0.20226233891110307,-0.6568004416352043,0.14268681120194326,0.5828429421652148,0.8762360513139463,0.9256228421870818,-0.22130191307599414,0.9348997539725641,-0.14367257803584654,-0.5041264735954185,-0.23703030754122908,-0.6363875063655399,0.051193877915164075,-0.45349850933822616,-0.22851949742332453,-0.19543371208127186,-0.1296110381185353,0.06271150122935465,-0.08602139992103093,0.6437559520291899,0.8555164328689016,-1.1096815841947205,-0.4040194184089103,-0.9276865579328271,-0.6322255882675024,-0.14670884982890617,-0.6318096804311266,-0.44146935203544807,1.119398738289543,-0.40979223683305854,0.935332101607284,-0.6676394798815585,0.21375921266646103,0.12630741667324577,-0.38192996252919614,-0.354556808206841,0.6023411937060877,-0.59786040540054,0.20035380400366581,-0.005097080571832288,0.4977091493870211,0.7486773417790535
17163,St Clair,Illinois,0.4396543472475342,0.25380852406161036,0.740455470335163,-0.6025887253933221,-0.847087956699648,-1.2294646173891899,1.4486232637559444,-0.2926067486734604,0.17321870155583197,0.0016458101531493365,-0.3918395019243092,-0.20603969881251477,0.13756472457319144,-0.9059811147184565,0.17471020295273174,0.7914262612040892,0.6103308362245623,-0.026902475941258355,0.8444842929263093,0.49969807839723834,1.1069362819235975,1.8228795117272876,0.2965596351800725,1.0115279696962693,-0.31915554428263343,-0.4660587002110972,-0.4172891097956805,-0.6383386427861554,-0.2276006975218295,-0.4529261642520958,0.025095990953229806,-0.1526140913152333,-0.08120556182351636,-0.23674676138108086,-0.08602139992103093,1.1452813557108315,0.8515631514900194,-1.3223631222486707,-0.2380364546107714,-0.05134199398607136,0.17292063224384108,0.3778820883832824,0.07668277753199744,0.040015262685765,0.9503816353540063,0.20348844253164539,-0.3729273450387679,0.11010405978011249,0.27745803811590536,0.7716366290094658,0.04750660025410388,-0.5944776153984553,0.9000086430384084,-0.59786040540054,0.534855278333177,0.009709400931960661,0.18564117981070186,0.9634324485259057
17165,Saline,Illinois,-0.25211019888223923,-0.3567840249577949,0.2768063577292786,0.19084377758225,-0.3953478491722533,0.5356308981677822,-0.3809840723032773,-0.2600865664515966,-0.34976301219423134,-0.13857043299488692,-0.5770376725333747,0.20696551188289292,-0.49250767175788507,-0.8471546829826784,0.816793587853571,-0.36009439481174355,-0.5653276248219654,-0.7742051509588583,0.11109188657983673,-0.1869066418145913,-0.19467276132098169,-0.03825682137542252,0.09801000415896914,0.8655962310483042,0.27813095060945564,-0.48958582391451017,0.24092893269396073,-0.5687509513597918,-0.33628425526549355,-0.43693308857876934,-0.07411824392520061,-0.2561312485570469,-0.09968137446637154,-0.28086198114547073,-0.08602139992103093,-0.08419920236393773,0.9781381003578408,-0.9146147689708235,-0.4519824632641733,0.10799338127697508,0.17292063224384108,0.23034088701110358,0.09953737295016307,0.7068914603605749,1.1764420105302864,-0.018848963884561313,0.44281089816406444,0.14621358126440467,0.7801791605355419,-0.3637676076501679,0.04750660025410388,0.36520561336800217,0.6023411937060877,0.762951507703092,-0.262049146047206,-0.05818211830102866,0.94293237184815,0.5193899345756481
17167,Sangamon,Illinois,0.24924227162323614,-0.07747982336118045,0.5876030944652697,-0.22125601537638462,-0.9222292690846843,-0.12773498128855257,0.27677355898896366,-0.3238798590950871,0.2533590824113659,-0.3318246673996053,-0.5276333665509098,-0.39533375371457685,0.4150189816785636,-1.0432427887686055,-0.039317592014215016,0.33490330429236304,-0.15690661404533204,-0.8154889138465156,0.5224998607931154,0.12875730248379308,0.6433497661492011,0.7782042204398241,-0.4222109914715917,1.7931538560803744,-0.2896597404907902,-0.5162434862658835,-0.5571581425467772,-0.6389104158428437,-0.5152073568994634,-0.45275623707401563,-0.4333464498909627,-0.3922891379811084,-0.21392062806912182,-0.32509449233291304,-0.08602139992103093,0.3729704632025579,1.6345182922256685,-1.7501364994493356,-0.08691674768751298,-0.48951427595944935,-0.26143456566359397,-0.048348048914121824,-0.3118453445768127,-0.33877041759352716,1.041228328181857,-0.08925580924969362,0.6942019290882079,-0.32321019803138973,0.2880745090241462,0.1314290770886126,-0.38192996252919614,-0.5944776153984553,1.4953435417030498,-0.59786040540054,0.39009117024059214,-0.024451086069468726,-0.5930517868978774,-0.5802207999702627
17169,Schuyler,Illinois,-0.30108828268980586,-1.3053514743537287,1.0103812543541824,0.6994073967574562,1.0694699607331044,0.5932791456247576,-0.4506386096392855,-0.3568710682895269,-0.4914548748317886,-0.6609733697188024,-0.5354621329203921,-0.5502107077253546,0.020116868584252347,-0.8863723041398639,0.03202500630810057,-0.5022920923184349,-2.0409906980443977,-1.4603587363898949,-2.7020435098187714,-0.2654403570086622,-0.28028208582481634,-0.06398703524522341,-0.868063972583631,0.8275232328913377,0.006311619630732586,-0.5087144991389566,0.9520762497821504,-0.6384273696462748,-0.5535564705023559,-0.44855553213865734,-0.3671669369140891,-0.19801922541394934,-0.2082818580168771,-0.3039760557790442,-0.08602139992103093,-0.3983755877048691,0.8176563454549525,-0.6229507762910013,-0.41132445598118367,-0.5851155011172772,-0.3249987409671213,-0.015561115275859598,-0.3346999399949775,-0.7949137368030974,1.2355979965577244,-0.24303918202090335,0.8635060927718147,-0.3732079970096395,0.12133346593589456,-0.3637676076501679,-0.38192996252919614,0.1252848061763878,1.197676092370729,0.2186267424616392,-0.3457634130799316,-0.06768154925828367,-0.22211558497912215,-0.536623898600601
17171,Scott,Illinois,-0.30640988636608096,-0.47192807774852874,0.567496504144144,0.15215495770620702,-0.39998160864840004,0.7614199602039182,-0.6514270124715513,-0.35728085965314965,-0.49709695693913825,1.5112032859579312,-0.5990982415676445,-0.5674192581709984,0.37815779017297607,-1.2001132733973472,0.388737997919678,-1.023294452991495,-1.6405344443489749,-1.330061011684878,-1.5193183952508942,-0.24412456796423151,-0.1693861032988505,0.0006847818284729112,-0.9021123407781247,1.6172720485591159,-0.16912431579213308,-0.49556983041302205,0.010185933564041634,-0.6388339571490322,-0.49847759980606665,-0.44906844388840256,-0.44885260924357223,-0.2908630060054989,-0.1884871998440395,-0.3341014898250758,-0.08602139992103093,-0.3476215852023092,1.5158810347266116,-1.323691603039287,-0.551691385886743,-0.4417136633805353,-0.219058448794576,0.03361928518153257,-0.1975723674859861,-0.39878927538426023,1.0855953177024356,0.14605127920745853,-0.16514496233615952,-0.2537688105615969,0.14319090604109577,-0.9236329684769536,-0.8113665253124961,0.1252848061763878,1.197676092370729,-0.59786040540054,-0.3556826085924164,-0.06679301633426021,0.00807245041549166,0.0043006183933488994
17173,Shelby,Illinois,-0.2575489539878214,-0.6296438390688623,-0.31712926890084064,0.7380146283057895,-0.11474196832497775,0.7989280787446126,-0.6627510160356823,-0.33917439926310694,-0.5083882682080015,-0.4864555722991595,-0.6194379467721468,-0.8771731661925526,0.3881109983076319,-1.1216780310829764,-0.1820027886588462,-1.1609201892511956,-0.8941738250056984,-0.8531574489340067,0.12742194307980415,-0.24476137704053164,-0.3203935216733138,-0.20488569803665962,-0.3428913507453106,1.8580939694740948,-0.3090209125547042,-0.5177800849417976,-0.18607140475737632,-0.6363259890067077,-0.41732457875474,-0.4534032251098459,-0.5977804816709392,-0.39714284755919305,-0.23337910268808273,-0.3028069622639458,-0.08602139992103093,-0.31151416743671007,1.6896993446283513,-1.5082701607071947,-0.1681657435601686,-0.3620459757490121,-0.1978703903600674,-0.048348048914121824,-0.23185426061323375,-0.406791789756358,1.0137630489548326,0.8056522515755389,0.1349851460120524,-0.24265818856643082,0.41359866505687515,-0.7546181747698484,-0.8113665253124961,0.1252848061763878,1.197676092370729,-0.8700227880212664,-0.27664720736746673,-0.06499571657304264,0.19679154102610408,-0.11034308520835356
17175,Stark,Illinois,-0.30526473114460406,-0.4546476580795677,-0.6756458046452025,0.7553415764814183,-0.1815773477208869,0.7442436046933241,-0.6161102459293714,-0.3326718715897412,-0.2752160339635559,-0.23798198529993386,-0.5555301036090639,-0.5674192581709984,-0.06300958004380448,-0.9059811147184565,1.1021639811428334,-0.8387530541348127,-1.677789809622168,-1.5672658453826196,-1.2708438682998908,-0.25606965044593927,-0.37505449069362085,-0.3005303854005887,-0.4592430497366695,2.4376282678704557,-0.5520441080455651,-0.5215151897808724,-0.6334765374083385,-0.6389037590581547,-0.5537717176617748,-0.45580564159918296,-0.6164493667261638,-0.39918039403652733,-0.25229202680403656,-0.4126709609999546,-0.08602139992103093,-0.39489718753552644,2.1503592637695785,-1.9201341845851077,-0.5251966624594763,-0.8480188703013039,-0.6004435006157391,-0.24506965074369283,-0.5861004895947962,-0.4948194478494327,1.3074302653053274,-0.7062421120546676,1.8716354310696546,-0.6370852693948493,0.3723817780013524,-0.3637676076501679,-0.38192996252919614,0.1252848061763878,0.9000086430384084,-0.3256980227798136,-0.35207052418881346,-0.06701481374868702,0.9583985604355316,0.819724144011095
17177,Stephenson,Illinois,-0.19058519699588197,-0.5497854257688517,-0.5824939168720564,0.796598880803408,-0.6420748522910948,0.12742809966187593,0.14697434552360145,-0.326683288880446,-0.28684036208773445,-0.32488686567764563,-0.39308682774468556,-0.5157936068340706,-0.2701735948740898,-1.0236339781900128,0.17471020295273174,0.2094784444149684,-0.10004681899220495,-0.4744488475033051,0.325106871834588,-0.16493931582530313,-0.15695598089361637,0.05316988430582734,-0.2782523368972351,1.960899174742384,0.00854879138483441,-0.4954559333653038,-0.6091967806088568,-0.6330700556830391,-0.46879233187205027,-0.45435402008565995,-0.5312420536416306,-0.3401624064331666,-0.1922955211038056,-0.40395298356170667,-0.08602139992103093,-0.13928128961751,1.9346194256922282,-1.8207451836375972,-0.319248217876025,-1.079055164432721,-0.8547002018298476,-0.523758586668916,-0.848928336903697,-0.4814819238959366,0.0038858589150022682,0.12937597372624304,2.2384611190508026,-0.8954072307824761,0.36426330024799164,-0.29879039780220085,-0.38192996252919614,-0.354556808206841,1.197676092370729,-0.59786040540054,-0.1594509766142972,-0.05441286029565971,0.9547532294900559,0.5258487347785608
17179,Tazewell,Illinois,0.06511244139553138,-0.23964443624392057,0.6012283234402507,-0.07864250185799895,-0.382367984718273,0.6947028453592774,-0.5839618378719333,-0.3168478798110813,-0.21292202426696713,-0.5252832839958224,-0.5256763698522874,-1.083675771540258,0.7196557934137545,-1.239330894554533,0.17471020295273174,-0.5922459986222055,-0.9629007540615419,-1.0251664353221377,-0.35083365218035534,0.1381800224086161,0.38592680518305617,0.780843965769175,-0.40048204077955535,1.7630492500198094,-0.4444673177318379,-0.5080980288559847,-0.4355410961086048,-0.6350513282635915,-0.49339104629283465,-0.45302275826491406,-0.48221869487966995,-0.2914078396719001,-0.15775206242509393,-0.25498657725685503,-0.08602139992103093,0.30447970061773105,1.5348284574111721,-1.623646242319648,-0.2500402472371779,-0.6010490386435817,-0.293216653315358,-0.048348048914121824,-0.3575545354131431,-0.4388018472447487,0.9693960594342542,-0.4801990821981905,0.7532018649173436,-0.3815409635060149,0.10259851727429338,-0.5497517581551753,-0.8113665253124961,-0.5944776153984553,1.197676092370729,-1.1421851706419928,0.15813171895429654,-0.028979551190141006,0.36149756356597945,0.5807485365033198
17181,Union,Illinois,-0.2721372357222883,-0.5748144287769656,0.10878770394560316,0.47538721078478785,0.029685002090035398,0.6956594025436134,-0.5766560559807984,-0.2330550173923715,-0.39583491625453865,-0.30878780197866496,-0.32202615592702866,0.46509376856752255,-0.28465722878038213,-0.6706753877753437,1.0308213828205177,-0.6947704733500935,-0.9124217732569159,-0.49367322318534046,-1.1077758160813436,-0.26027416011346977,-0.36268873234986,-0.2526807198239968,-0.12259707707363594,-0.23399886549695156,0.804140975079468,-0.5084454928008937,1.5865664115617628,-0.6266945613910647,-0.5209532700753757,-0.43979447630658686,-0.10326900553024766,-0.12294118917405092,-0.12937954071079108,-0.20340105986726192,-0.08602139992103093,-0.2839186632979521,0.13346032005969222,-0.0071758974745962205,-0.42556220505171033,0.17172753138219343,0.2364848075473684,0.3450951547450202,0.14524656378649353,0.7442365274303644,1.2841904136516913,0.5666395396781166,0.9994624666389532,0.2156549687341967,1.1623721132322093,-0.6368199852164114,-0.38192996252919614,0.1252848061763878,0.9000086430384084,0.2186267424616392,-0.29264892843006013,-0.06263824632901191,0.3543153338481529,-0.23306028906369777
17183,Vermilion,Illinois,-0.0990313549923818,0.10373573021297972,-0.26721912421318644,0.03751010464535729,-0.11439478040106314,-0.11602185035534328,0.34220176459388096,-0.2959551302023867,-0.23569004636524343,-0.3092253876581039,-0.3244782004518392,0.396259566784955,-0.6470912905112988,-1.0236339781900128,0.6741083912089404,0.2536955285761668,-0.5592772501259244,-1.0033321595391413,-0.0671063324854579,-0.14272015866810625,-0.18125247837331016,0.15593802326366923,-0.21376397694825927,2.146153758883676,-0.6413015269283834,-0.502454388930491,-0.41749455638043936,-0.6385269133083439,-0.6394992551774706,-0.4548526599814182,-0.5520370226501827,-0.3709807493849832,-0.17610627279434424,-0.377906423007616,-0.08602139992103093,-0.08898878373697226,1.8229784207305852,-1.7339183899457067,-0.06875468179681479,-0.529348119775211,-0.3885629162706486,-0.21228271710543062,-0.39183642854039075,-0.4748131619191886,0.411639619746984,-0.5932205971264292,-0.006101657057620078,-0.4176504849903071,-0.3020763738162965,0.02899586878127606,0.04750660025410388,0.36520561336800217,0.6023411937060877,-0.0535356401590872,-0.04835598687446735,-0.053306853046554074,0.4215565324201521,0.3902139305173911
17185,Wabash,Illinois,-0.28717069288812214,-0.20939488966527414,-0.56869084435682,0.47612949937238147,0.16013417565189866,0.7006837629661141,-0.6021047211486886,-0.30444241078170436,-0.12896509497316408,-0.38606420248323403,-0.4757335240489605,-0.17162259792123075,-0.10110634221438379,-1.00402516761142,0.03202500630810057,-0.7886600742537201,-0.6030875390281673,-0.8992888038789856,0.7079224088395644,-0.22951460263336712,-0.2943230725808582,-0.17011553499862436,-0.1116316828295409,1.9610756037316521,-0.5935019264107888,-0.5103877651177169,-0.35033975579896487,-0.6390850771811364,-0.6289557024137871,-0.45262227325494186,-0.21051181021356916,-0.3780223744039442,-0.19996324482727368,-0.2472926470637829,-0.08602139992103093,-0.22553526216238148,1.6623743514253055,-1.5188241498135049,-0.5707023552262069,0.02035892488229943,0.13054451537482312,0.24673435383023354,0.07668277753199744,0.524167382197677,1.603210195442516,0.8260331804970243,-0.05227551988042184,0.10177109328373792,0.9850145992357168,-0.5548734185705422,-0.8113665253124961,-0.1146360010152266,1.197676092370729,-0.3256980227798136,-0.32482080972432686,-0.06028668152909964,-0.5271491094650861,-0.8644080088984278
17187,Warren,Illinois,-0.2715778376473469,0.4433731811950567,-0.9652166867816697,0.07222376170566737,-0.3108005659189687,0.4799831815135565,-0.4453966355717286,-0.2901191628646935,0.2594987448270132,0.28067280561350083,0.0068057698642208396,-0.5330021572797127,-0.1442140298596519,-0.651066577196751,-0.039317592014215016,-0.3289379550395736,-0.8646045837712731,-1.054330457990417,-0.2666480542587935,-0.23596391065120945,-0.21290936554366274,-0.02089728503235813,-0.7253551451102869,2.1739894696507798,-0.3193104001441966,-0.5202853066436401,-0.4334893454667379,-0.6388729143957126,-0.6678026583819869,-0.45395730839897835,-0.6156029928091465,-0.40357540493285515,-0.2226209304412089,-0.41091053068932026,-0.08602139992103093,-0.3182596463130078,1.996082256287926,-1.8032297946050222,-0.3355858860040249,-0.8320853327749993,-0.5580673837467212,-0.14670884982890617,-0.597527787303879,-0.6962160595472254,1.3919388167730955,-0.7766489574197996,0.8506800197654806,-0.606531058908141,0.030781214071487848,-0.3637676076501679,-0.38192996252919614,-0.354556808206841,0.9000086430384084,-0.59786040540054,-0.3028862868174737,-0.06440072340541343,-0.5452142582262586,-0.8159670073765815
17189,Washington,Illinois,-0.2802382570588744,-0.6292880841564411,0.48286232497599224,0.3392769938181783,-0.0026702501410855225,0.7557217856516419,-0.6177493748871586,-0.3544915439302869,-0.42081641482363336,-0.6943589669752196,-0.598656931898021,-1.1008843219858984,0.5886166601099061,-1.219722083975942,-1.1094565668489478,-0.7264328456330024,-1.2242377658503314,-0.8098141071257657,-1.429328304172561,-0.20567638287961096,-0.25127735624081615,-0.15601714141708678,-0.4251729107061636,1.8212419748369857,-0.32126443265545174,-0.5133918049961457,-0.30204768813839983,-0.6387655447813655,-0.42928785372648703,-0.4524912832042599,-0.1738628049916814,-0.37418241168441724,-0.24140530397358995,-0.37577415522732827,-0.08602139992103093,-0.2881448183041113,1.6478739263299658,-1.477695929821864,-0.3200673352388691,-0.059308762749223795,0.09876242772305983,0.21394742019197363,0.042400884404749796,0.1507167114997835,1.083482603915742,-0.050346763126857264,0.5325934092084013,0.05177329430548733,0.503526418632562,-0.9236329684769536,-1.240803088095796,-0.5944776153984553,1.7930109910353704,-1.4143475532627192,-0.3168667378511079,-0.06573762085369955,0.27831192334311083,0.25296442620549364
17191,Wayne,Illinois,-0.27342004387320107,-0.34792711688111255,-0.3820442500149364,0.5108032705326506,-0.3094970470532133,0.7650075453747328,-0.6532227346562829,-0.319527041552123,-0.3620440224552911,-0.7150982262705227,-0.5869269466461512,-0.2404567997037988,-0.2672219538410539,-0.6706753877753437,0.4600805962419936,-0.615850924389861,-0.7745820277193436,-0.9888312460016957,0.15391074246630135,-0.2660672719190114,-0.3712661281416377,-0.27069445702477185,-0.22027144625435113,1.535650970319417,0.2600195843988718,-0.5078735975819556,-0.3230887521184233,-0.6361011908076799,-0.39532478561851825,-0.4509189927350067,-0.07081614289398891,-0.35529408137141066,-0.24382132288875108,-0.38592536438579844,-0.08602139992103093,-0.3205109511747251,1.6296959302542142,-1.446049378226553,-0.20713339046710705,0.02035892488229943,0.14113854459207778,0.2631278206493658,0.09953737295016307,0.5228336298023275,1.364473537546071,0.6240767030023032,0.5377238384109351,0.1128817152789048,0.989386087256757,-0.5856033810627431,-0.38192996252919614,0.36520561336800217,0.9000086430384084,-0.0535356401590872,-0.30408407646426433,-0.06614901104153666,-0.29721097288309356,-0.5802207999702627
17193,White,Illinois,-0.2812633320653115,-0.5468598401680362,0.12655799622553926,0.44078327159035074,-0.4535811554963576,0.7532445493119405,-0.6390248945371826,-0.3120778773948498,-0.3777149533675071,-0.48316082981410957,-0.5906738804860736,0.00046290653518882833,-0.2974934351333521,-0.9059811147184565,-0.1820027886588462,-1.1034523850914189,-1.3509140558974333,-1.0615067430235035,-1.074844655157295,-0.2516906476121502,-0.323765310083603,-0.24200327204624533,-0.059105775700748216,1.7325922884980007,-0.26292449670027834,-0.5188007516541585,-0.21479878427615942,-0.6379751550261689,-0.6177709256606437,-0.4540054754965116,-0.21200925966170298,-0.3394329855660169,-0.11769636591672522,-0.29307559915211706,-0.08602139992103093,-0.24946176375957338,1.5869851227260847,-1.4351993067335587,-0.36610173103070826,0.06815953746121348,0.16232660302658714,0.312308221106758,0.08811007524108025,0.6001912687326056,0.9693960594342542,0.12196472684570298,-0.16514496233615952,0.14065827026682162,0.5684742406594466,-0.3637676076501679,-0.38192996252919614,0.36520561336800217,0.9000086430384084,-0.3256980227798136,-0.30825762476480034,-0.06524904861275134,0.6652247680660298,0.09149442113267267
17195,Whiteside,Illinois,-0.1593145517280838,-0.2706221098467131,-0.25709167161041324,0.37735508295383946,-0.25479742102897684,0.678666180266113,-0.523385573469369,-0.2925015012324397,-0.38285529320506956,-0.5261381885292687,0.18519234273549282,-0.5330021572797127,-0.3323639850120084,-0.9844163570328273,0.10336760463041615,-0.40085284320200054,-0.8427656549275527,-1.169027180769777,0.05133358150418133,-0.10276593691915095,-0.06859403558847868,0.11587938727456114,-0.533573491497656,2.097607987225185,-0.4592266860390019,-0.5178878237351133,-0.6615587993144193,-0.6358061046050503,-0.33362955364575997,-0.45545705522782987,-0.4398230540775059,-0.32375152646934086,-0.213139793526901,-0.25272215629661265,-0.08602139992103093,-0.147647741658773,1.8575651141599647,-1.7422192970019916,-0.22124454867246704,-0.9675204017485887,-0.685195734353775,-0.2778565843819527,-0.6432369781402094,-0.3907867610121624,1.041228328181857,-0.11890079677185456,1.3149838625947659,-0.7204149343585998,0.4048556890147945,-0.36376760765016797,-0.38192996252919614,-0.354556808206841,1.4953435417030498,-0.8700227880212664,-0.11707916785907907,-0.0543194077595864,0.1019977931977576,-0.2831159906362721
17197,Will,Illinois,1.7021279388183201,0.5676750849733853,1.5190422282092888,-1.2794978088535756,-0.1927638499237835,-0.3397320725539391,0.17315175180957462,-0.29238343764207086,1.6888656927870012,-0.3799563599425381,0.6019875896248815,-1.3762211291161703,2.370034987769139,-0.9648075464542345,0.03202500630810057,-1.1935929250281494,0.4948888263782763,0.8285334838202595,1.1691212024149595,1.3600771516175858,2.3966728010243465,2.7855944774342043,0.6771297997851373,0.8302544286480118,-0.4608868783927808,-0.32745689752506413,-0.5027032015803086,-0.6364526906565332,-0.672885961069091,-0.4481875345332944,-0.3061686370096852,-0.14831204505384035,0.06863728828519636,-0.2281719732488743,-0.08602139992103093,2.148205102124923,0.6089453374853095,-1.5194801513599272,-0.10743936088749809,-0.728517338854019,-0.6322255882675024,-0.2778565843819527,-0.5518185964675486,-0.6308621921750941,0.7982662427120237,-0.05961082172753268,1.599722683335377,-0.600975747910558,0.3099319491293479,-0.411466926940271,-0.38192996252919614,-1.5541608441649128,0.6023411937060877,-1.958672318504172,1.5841002934585273,0.09923222591535304,-0.7488084334272583,0.2917172274229704
17199,Williamson,Illinois,-0.12586196108944084,-0.36939988742589425,0.837648008497313,-0.07684247908580134,-0.11812263885534033,0.44972122268440634,-0.32942235643309514,-0.2939351048765135,-0.07888480450735405,-0.5134966935622962,-0.5061036261408063,-0.18883114836687276,0.08484704286687629,-1.00402516761142,0.10336760463041615,0.1849819870117371,-0.5673040053168008,-0.84990773832716,-0.23172922804283902,-0.10331825849469449,0.015801984015644404,0.5363882158433806,0.5124049126879052,-0.18343326823059164,0.8478707098205583,-0.4837108981466838,1.020434764069636,-0.6113936682736426,-0.3286071920774085,-0.4255409038609699,-0.30125700064198546,-0.28939322785238064,-0.22047698368067117,0.018002875969216067,-0.08602139992103093,0.3071228678317728,0.2030355336067637,-0.32999043157673996,-0.40906071345114176,0.09205984375067022,0.18351466146109574,0.23034088701110358,0.09953737295016307,0.6495401073605412,1.2546124206379723,-0.015143340444291277,0.6300715640565386,0.14343592576561315,0.8232695424572248,-0.4319535686017383,-0.38192996252919614,-0.354556808206841,0.9000086430384084,-0.0535356401590872,-0.09553766968007904,-0.039536652705789224,0.21765019684084103,0.24004682579966768
17201,Winnebago,Illinois,0.5066825375255926,0.2819808372288695,0.2073194694751145,-0.36303222642557353,-0.5743232535572645,-0.2523158660135282,0.34875047907987744,-0.24781651883672542,0.5351009256461621,-0.27371961523632743,0.26866740864851263,0.2757997136654609,0.26002350603681934,-0.7295018195111219,1.0308213828205177,0.7091044534506952,0.4596362761351854,-0.13471907069376515,0.7232452645238631,0.6548385998644443,1.2827726432510729,2.1326010909315523,0.705334199849711,1.0926724263422667,-0.23796048592916116,-0.47784827897491816,-0.42678301531436064,-0.6188756293425471,-0.6143927740918528,-0.44959184185072354,-0.3101436490110235,-0.14329639000679537,-0.07479487327640334,-0.31464840852285336,-0.08602139992103093,1.448566347814132,0.9681995771116583,-1.566697595745923,-0.35330860712737927,-1.0392213206169596,-0.8335121433953391,-0.4581847193923938,-0.8032191460673664,-0.48948443826803434,0.17079024806384438,-0.07813893892888318,1.727983413398716,-0.8537423983006008,0.21563270753262123,-0.2168438311563316,0.04750660025410388,-0.5944776153984553,0.9000086430384084,-0.3256980227798136,0.7202132261740252,0.04295960696140165,0.024690143129089175,0.30786422793025275
17203,Woodford,Illinois,-0.20827213403552167,0.12786271429380824,0.13259300498910487,-0.18383109094456604,-0.025892006488534174,0.7478860813556946,-0.6303109534694068,-0.3394213820477665,-0.30120546869681625,-0.56758013187806,-0.5648208296833259,-1.4450553308987382,1.4686175448429273,-1.2001132733973472,-0.32468798530347687,-1.2573310613850615,-1.1536071565287973,-1.2266639874911431,0.22188567618606234,-0.1903724897580473,-0.15201919251179974,0.35745888854250996,-0.6047386843100414,1.91520167306746,-0.44869377045839004,-0.5135489270463647,-0.3903827496158521,-0.6383451865704882,-0.48888128314720714,-0.45320402606997046,-0.5433302056259807,-0.2895763645714774,-0.21705392737015788,-0.16620431132807323,-0.08602139992103093,-0.12737948054404633,1.6827291994977807,-1.5809906362220518,-0.33592842599212325,-0.680716726275105,-0.4309390331396665,-0.16310231664803845,-0.46040021479488685,-0.5121582289889779,1.1405258761564854,-0.495021575959271,1.2970273603858984,-0.48986952795889066,0.2462331236799031,-0.5548734185705422,-1.240803088095796,-1.0743192297816841,1.4953435417030498,-1.4143475532627192,-0.2304761595763346,-0.05606108009824568,0.6726847178097775,1.30251945917883
18001,Adams,Indiana,-0.21612713737056286,1.816301907802935,-1.5817074978473082,-0.8856056174668103,-0.03767482633681212,0.7846280925638215,-0.6498698481654912,-0.34332871432461654,-0.5089410404418364,-0.5584614243615994,-0.3761937820656438,-0.3264995519320088,-0.15032324036988895,0.4862444363616264,-0.8954287718820013,-0.6760311908652132,0.32595408285036764,0.9947862623038891,-0.22256581352006807,-0.11093909866117407,-0.03538121885496262,-0.020405137897393975,-0.10612554662211723,2.249040331583165,-0.6523025795923586,-0.4956239006808894,-0.5450980841101515,-0.6383479277377605,-0.7036170001504476,-0.45569562968383925,-0.5362016099519334,-0.3204500726790612,-0.22296715261550282,-0.39499803085656415,-0.08602139992103093,-0.06986048080870652,1.9193053494574037,-1.8358277631134634,-0.4867800581420873,-0.5134145822489063,-0.5368793253122118,-0.31064351802021495,-0.36898183312222593,-0.45213937119824504,1.017988476528221,-0.10037267957050405,-0.8090138272541186,-0.46209297297097307,-0.1415803136152449,-0.8314430810003508,0.04750660025410388,0.845047227751231,0.007006295041446424,-0.0535356401590872,-0.2628351955029124,-0.04887578700083295,-0.603820017532333,0.12378842214723675
18003,Allen,Indiana,0.7899751950902938,1.022347023042031,0.16600328289363336,-1.0245410670826098,-0.5059644250384321,-0.23642677687303604,0.23977204914742933,-0.26183257457153736,1.1375903049050318,-0.020111953667202805,-0.14605219184821858,-0.6878791112904907,0.07660990510026454,-0.23928155504630408,-0.6100583785927393,0.39225353625259046,-0.4702879028228144,-1.2237538357769628,0.28807960727561116,0.860783140509269,1.5967775031798717,1.510066908013678,0.8262024042347905,1.2375535155994024,-0.2863107246146898,-0.4975965749677324,-0.44195569626621917,-0.6315974959660035,-0.6877377548763575,-0.44870916537264954,-0.3967452362892599,-0.262598614892063,-0.07848733310904385,-0.33469234551124205,-0.08602139992103093,1.4048797214726974,1.0889754370235956,-1.6652574619185978,-0.24847647772629364,-0.5691819635909726,-0.5898494713984844,-0.35982391847760714,-0.46040021479488685,-0.6295284397797445,0.513049881508306,0.06452756352151612,-0.42166642246283637,-0.5259790494431821,-0.22401408772629086,-0.006855754126291726,0.04750660025410388,-0.1146360010152266,-0.29066115429087425,-0.3256980227798136,0.8687391423760618,0.049334596626246834,-0.3091561634468826,0.4774077332567143
18005,Bartholomew,Indiana,-0.07553956463057519,0.5425822117238254,0.48000181076612974,-0.738919827689088,0.1358046938941778,0.13548074956268544,-0.49996660478627036,-0.28836312783287427,2.4145782483660287,-0.18752971863908774,-0.18594034658105305,-0.5674192581709984,1.061153796654533,-0.3961520396750457,-1.0381139685266323,0.019661039503979894,-0.6492192838398475,-0.8635294919969491,-0.2839144430961689,-0.013919436993248642,0.05120183918726923,0.10269713249451277,0.3915503490360821,1.070038709241037,-0.22548279713168634,-0.49421444093116296,0.47027654828387894,-0.6348587972171806,-0.39891792334081894,-0.4441211498943639,-0.5153963922946487,-0.36850244262126325,-0.1967238100213572,-0.32127172430249534,-0.08602139992103093,0.15442104313911129,0.9515598076362537,-0.9917949995170722,-0.43501184081033945,-0.11507614409129027,-0.07074203975301276,-0.11392191619064394,-0.08329939039515956,0.4774860483604404,0.6905178395906193,0.3943280497055561,-0.11640588491209106,-0.09822010262926366,0.5322533399136841,-0.45244021026320563,-0.38192996252919614,-0.354556808206841,-0.588328603623195,-0.3256980227798136,-0.0859740679689852,-0.02809095077951485,-0.627445440107337,-0.2249867888100566
18007,Benton,Indiana,-0.29528928693910433,0.2981930267569239,0.0047395655861268505,-0.2770798474483478,-0.07750884013365172,0.7580767605337808,-0.5948924898087495,-0.3133862894967578,-0.5639345300097786,-0.4260504914582062,-0.3111836621181875,-0.9976330193120466,-0.048457303322790406,-0.06280225983896945,-0.5387157802704237,-0.30195014404665116,-0.8135253869772209,-1.253425222440952,0.1661309552698536,-0.2500561807464175,-0.3145821452636102,-0.10555265136859295,-0.680689894636732,2.6728451385320953,-0.7438186756137817,-0.5239363950545887,-0.7908205549788812,-0.6393997489025706,-0.7075387894326767,-0.45620951754236083,-0.6091699481863457,-0.3768296323725212,-0.24608156656138191,-0.42312408808486995,-0.08602139992103093,-0.3687095851582963,2.295184705992419,-2.0722425591709075,-0.4373128159477833,-0.6249493449330388,-0.5262852960949571,-0.35982391847760714,-0.48325481021305244,-0.5668420771983124,0.4454430403340913,-0.7136533589352076,-0.05484073448168855,-0.5343120159395575,-0.3876326393709425,-0.42683190818637146,0.04750660025410388,0.6051264205596165,-0.588328603623195,0.2186267424616392,-0.34157114931616445,-0.0663868696994186,0.3202774133772841,0.6033543372135148
18009,Blackford,Indiana,-0.2864736418837449,-0.38303959711952856,-0.19058205002044085,0.4478001754263808,-0.48252311020187666,0.7622290003825646,-0.6235239979455491,-0.2909645683841058,-0.3962581632254753,-0.4975939792630995,-0.5762540599486777,-0.2920824510407248,-0.6116715981148683,-0.376543229096453,-0.1106601903365306,-0.3805851157777002,-0.3069290359653335,-0.4080851272818141,0.22573331394378396,-0.19746793610004232,-0.2473470184556055,-0.19243785018624435,0.18597950375061695,2.1587582865676658,-0.6529392874689974,-0.4950395617607755,-0.3810890366753405,-0.6381039870407775,-0.7059299528466458,-0.45339587367467554,-0.532816385343119,-0.3516431984079215,-0.22644250607015434,-0.3995808980839797,-0.08602139992103093,-0.13131894123523036,1.830123249845206,-1.7225894220382374,-0.6166473927602814,-0.4417136633805353,-0.4521270915741759,-0.21228271710543062,-0.3004180468677298,-0.39212051340751203,0.9862977697278082,-0.06331644516780272,-0.7115356724059815,-0.3815409635060149,-0.08662446420788078,-0.15538390617192968,0.04750660025410388,1.0849680349428452,-0.29066115429087425,0.4907891250823656,-0.31827039759344067,-0.0560352055044373,0.9806509874338987,0.496784133865453
18011,Boone,Indiana,-0.1222126940665246,0.537926026123319,1.4208551780326946,-1.203191699139555,-0.1503558903578326,0.4981058428811962,-0.5354353764088933,-0.3315007550958486,0.7089984144825007,-0.46033423684172153,-0.4736960283214776,-1.3073869273336023,1.950490104189714,-0.9255899252970493,-1.1094565668489478,-0.6834470586854676,-0.6384410928455942,-0.6202851422125147,-0.05754089684735956,0.022137792242388408,0.14246350651759346,0.1511473277609217,0.2546020155889211,2.150534321964144,-0.5912464117902649,-0.4996955550929768,-0.5732365265874503,-0.6375408124364006,-0.6777460113309384,-0.454282990549101,-0.5636789062858519,-0.37386179747965903,-0.24496796033947538,-0.40540070424863206,-0.08602139992103093,0.1687711101297284,1.849940812720551,-1.871415209974993,-0.42480265986070953,-0.4815475071962969,-0.4521270915741759,-0.3434304516584772,-0.39183642854039075,-0.38545175143076404,0.3207929269191332,-0.02070177560469666,-0.7089704578047145,-0.43987172898063925,-0.2652309747818136,-0.36025032278660274,-1.240803088095796,-1.0743192297816841,0.3046737443737671,-1.1421851706419928,-0.16966961953847964,-0.03735464676186881,-0.8475323537297513,-0.14586648632437457
18013,Brown,Indiana,-0.27670907025099795,-1.650392524725437,0.12059436959289083,1.4604165526281163,-0.29650556541152134,0.7495935860747636,-0.6395552294787118,-0.24071166141545208,-0.43982672479481155,-0.6261409064720725,-0.5697849557989624,-0.6878791112904907,0.26736828721204814,-0.2588903656248968,-0.6814009769150549,-1.5803614428099264,0.3715284824240609,1.090488919141312,0.46666587792302466,-0.27852359550469674,-0.44151965918706754,-0.623802349116947,0.33672180442959143,-0.741565502072736,-0.49670075274660075,-0.4739996850012536,3.2453885847552564,-0.5901600888579771,-0.12288997533096084,-0.4494044024082025,-0.6034711541567381,-0.37032839339265694,-0.24136986939339175,-0.2953549041910628,-0.08602139992103093,-0.3140029903112962,-0.9549137986640429,1.063952591534663,-0.5041602392773433,-0.1947438317228135,-0.16608830270830335,-0.21228271710543062,-0.17471777206782046,0.4774860483604404,0.563755012388967,0.5518170459170362,-0.03431901767155439,-0.1898827340893887,0.5678497423707266,-0.23220881240243207,-0.38192996252919614,-0.1146360010152266,0.007006295041446424,-0.59786040540054,-0.2992742024138707,-0.0609190283461514,1.0029681331506075,0.3869845304159348
18015,Carroll,Indiana,-0.2615818919417184,-0.29955532656735695,0.22775090751611443,0.16255056312391533,0.12351921764704919,0.7632126439622506,-0.618624515871382,-0.30752534300653916,-0.5635614635946186,-0.5219207468708351,-0.3939089158943307,-0.9976330193120466,0.22261317201345768,-0.21967274446771134,-0.6814009769150549,-1.1208727787843833,-0.9470655620956719,-0.5939297781245747,-0.7137045927788044,-0.2111081522590539,-0.216685450860513,-0.23399144354986978,-0.04731384673576472,2.119478333130443,-0.6981345069268952,-0.5018142754205632,-0.33343337368958936,-0.6378736670085686,-0.6269583298906442,-0.45543285375170334,-0.4896431535211727,-0.3510132175523211,-0.1546073161136767,-0.3498073275085215,-0.08602139992103093,-0.20281277122808833,1.7709970588651636,-1.6342394654741224,-0.4607619120895662,-0.5452816573015156,-0.5262852960949571,-0.294250051201085,-0.4146910239585564,-0.5174932385703764,0.5299515918018597,-0.4431428477954895,-0.5858401569439098,-0.4787589059637238,-0.37764066675142155,-0.47292685192467293,0.04750660025410388,0.1252848061763878,-0.29066115429087425,-0.59786040540054,-0.294801206701637,-0.059586990784889625,1.01936352870144,1.475292364606748
18017,Cass,Indiana,-0.2105272990496834,0.06081385819312832,0.3513949403206458,-0.23102749054497554,-0.03800931725627933,0.488148585389227,-0.50621543675289,-0.15948141898969417,0.11620365256371107,0.18312045046070718,0.48115479634982933,-0.3264995519320088,-0.27079138020658566,0.4470268152044409,-0.39603058362579246,-0.2907679922715036,-0.7309780669029644,-0.8695108091988896,-0.23634534759538597,-0.15017264060408902,-0.12595513949426015,-0.064066745882952,0.22870605940714678,1.9557409874488785,-0.6074333539890878,-0.5039153111246426,-0.2743322618833199,-0.6306101189987097,-0.5839089583540709,-0.4538237697240854,-0.5238573881787287,-0.3500192078849455,-0.09631857365281137,-0.36464704335812786,-0.08602139992103093,-0.02912954608448444,1.6508179934412075,-1.5923836198342025,-0.4309311470390796,-0.5771487323541248,-0.5898494713984844,-0.32703698483934723,-0.448972917085804,-0.5815133535471582,0.5595295848155782,-0.5876621619660238,-0.3601012720324339,-0.5204237384455997,-0.3926286256807027,-0.5036568144168738,0.47694316303740386,0.6051264205596165,-0.8859960529555155,-0.0535356401590872,-0.22594701747440757,-0.05189046382515854,-0.169617364026536,-0.05867268358505138
18019,Clark,Indiana,0.0255709052186518,0.08222018996739826,1.2823761420021225,-0.7143937424004874,-0.5921853830278058,0.21965312721550231,-0.039589746042785055,-0.28679235103835016,-0.11285577796273993,-0.011320974138831999,-0.2949737751084243,-0.8255475148556282,0.2552871518210176,-0.5726313348823804,-0.46737318194810806,0.058603754371007594,-0.36135893155619986,-0.8028959829611906,0.28517268344239166,0.42346537045447447,0.42184489131441755,0.47992596167743073,0.8051909919321102,-0.11097218492719892,0.5510013951613968,-0.47130396095519883,1.1449088177174918,-0.6137231339114945,-0.00446531896514389,-0.4433549552258019,-0.554892587412859,-0.39074470793726496,0.24623600240359833,-0.35370686199780205,-0.08602139992103093,0.6000614798905654,0.14005371161041577,-0.3952294132746044,-0.45993534820524157,0.13189368756643183,0.2047027198956051,0.24673435383023354,0.19095575462282396,0.7242302415001204,0.8067170978588004,0.5703451631183867,-0.1984927521526277,0.1878784137462799,0.7214763213958574,0.25947058747278323,0.04750660025410388,0.1252848061763878,-0.8859960529555155,-0.59786040540054,0.06024984625562572,-0.005075620689921715,-0.11346313458247545,0.30947892798098064
18021,Clay,Indiana,-0.2441028986890988,-0.025089776722590305,0.4905666954476311,-0.2211961172702861,-0.18369156430361078,0.7701730411103073,-0.6234280986832242,-0.31440493716012363,-0.49178101009321207,-0.4563485375341578,-0.5952846949368802,-0.5502107077253546,-0.09424206074220734,-0.592240145460973,-0.25334538698116177,-0.7363826672025142,-1.0258346516034258,-1.057420853313609,-0.3393027301049884,-0.1988172366866149,-0.2745778303198848,-0.07217976002699397,-0.009384141141621961,1.2078073202638848,-0.35165798808870297,-0.48753674149896103,0.40864289915398433,-0.5893817732064981,-0.12002416600060221,-0.44489596986395313,-0.5642765371029629,-0.30019693545844817,-0.11065760629508523,-0.3071573345649992,-0.08602139992103093,-0.15161519709355084,1.030117933539773,-0.9360449498893452,-0.47162638692947123,-0.24254444430172756,-0.14490024427379475,-0.031954582094989546,-0.16329047435873767,-0.08535746247709948,0.5806567226825207,0.7333925944902715,0.11959385840445164,-0.1676614900990557,0.407978180458395,-0.4319535686017383,0.04750660025410388,0.6051264205596165,-0.29066115429087425,0.2186267424616392,-0.2667092963917508,-0.055664548580112085,0.7006969017454727,0.8843121460402237
18023,Clinton,Indiana,-0.2260205755755476,0.7413901447455723,-0.09870812338109902,-0.633870000227958,-0.11908404767575206,0.750122237738184,-0.6370817702668533,-0.2877820656060995,-0.45895070434796464,-0.5416145926335789,0.48253193247558956,-0.5502107077253546,-0.02649160261182576,-0.003975828103191509,-0.8954287718820013,0.1259230803978463,-0.3348833912606174,-0.831447980445755,0.32903260560873604,-0.1781394727935251,-0.1585584412850427,-0.1891315154344112,-0.05683175701170467,2.418268975859031,-0.7676972086940345,-0.504404626662325,-0.6241911362039845,-0.6378114358764819,-0.6758477474297494,-0.4553472936766972,-0.5248322452134049,-0.38826440416486524,-0.25714570904537604,-0.41949339185643947,-0.08602139992103093,-0.16558996267238232,2.0337178649181094,-1.905732441357909,-0.4381691659180295,-0.5213813510120585,-0.4839091792259392,-0.31064351802021495,-0.4261183216676392,-0.37211422747726763,0.7686882496983047,-0.1059311147309091,-0.5986662299502435,-0.46487062846976457,-0.12846584955212345,-0.5343867769090749,0.47694316303740386,0.1252848061763878,-0.8859960529555155,-0.3256980227798136,-0.2555923112324754,-0.05416547505336284,0.20484461996267547,0.7228421409674027
18025,Crawford,Indiana,-0.28993253783403705,-0.45495104446512513,0.35281625102944647,0.24342888768541587,0.400905558857932,0.768335418509787,-0.6348579573418413,-0.25936312062018513,-0.5258212321424665,-0.23190381273005392,-0.590729179881731,0.34463391544802896,-0.7818371358101225,0.13328584594695764,0.10336760463041615,-1.3642917209675243,-0.8995675281218316,-0.13954053985229853,-1.5020199737143443,-0.2613026973760145,-0.3969919831352554,-0.48920632514902357,0.18940965315318697,-0.6769106372586967,0.38177228456755785,-0.4777406526787492,2.4134699356930644,-0.5511670677402255,0.3127173275963925,-0.4364093438095013,-0.6129658264722595,-0.390202385894847,0.14312581559846063,-0.3341451018398032,-0.08602139992103093,-0.29083008881543276,-0.493757288377735,0.6056020777115998,-0.5099759725535365,0.09205984375067022,0.07757436928855048,-0.08113498255238405,-0.04901749726791112,0.7188952319187215,1.5039126474678886,1.1502752315206592,0.12728950220825178,0.02677439481636203,1.1998420105554117,-0.5804817206473762,0.47694316303740386,1.5648096493260741,-0.588328603623195,0.762951507703092,-0.32689822614297936,-0.06372522481181252,0.44728094655351397,0.12217372209650829
18027,Daviess,Indiana,-0.2232323715580386,1.5078531342086656,-0.9193474214356954,-0.9313047040562006,0.18500684525346017,0.6556778905268982,-0.517837008777529,-0.3376553705567342,-0.46024072610454403,-0.21326491436481773,-0.3257705446702985,-0.5502107077253546,0.061027986158424,1.368640912398299,-0.9667713702043169,-0.23334861112923003,-0.6941889116165052,-0.890497364106938,-0.15591786299250865,-0.13102089698494357,-0.01639378268725805,-0.20170256747058254,-0.3070863746114107,1.4702875661243795,0.09260797435760164,-0.5004934275231235,-0.09368962973644927,-0.6328508890591672,-0.521249503457377,-0.4432779063082846,-0.4513100611386139,-0.3508300316825193,-0.09777233550157316,-0.2500142246198624,-0.08602139992103093,-0.18548334407038308,1.4895862524488745,-1.3681276732688086,-0.41465305108292294,-0.011508150170309747,0.0457922816367872,0.08279968563892474,-0.026162901849746293,0.4508110004534481,1.3750371064795421,0.7945353812547288,0.2529850176703235,0.015663772821195934,0.9469202036237936,-0.5139001352476075,0.04750660025410388,1.0849680349428452,-0.588328603623195,-0.3256980227798136,-0.27232393536108185,-0.054918584513680244,-0.7438841749017222,-0.05059918333141021
18029,Dearborn,Indiana,-0.17605841976180134,-0.27645828007814904,0.9218372020329423,-0.20439548106792785,-0.16061299854737524,0.7730576599472163,-0.6311123821910203,-0.3370631585476993,-0.4402865011579717,-0.37642695179897495,-0.6011690161549066,-0.8943817166381945,1.072823075157233,-0.6902841983539365,-0.32468798530347687,-0.9895791640072802,-0.3502530427632212,-0.39701854190963104,0.7514537228896878,-0.06650706336805458,-0.10958806170317592,0.010447326314695415,0.6768309607386083,-0.5079198264866659,1.0149663340486248,-0.49598086669936897,1.355223633551163,-0.5420754261404271,0.8174578913635756,-0.4436964368521708,-0.5370071933412195,-0.3787183336471973,-0.19673401229249984,-0.3426174668370342,-0.08602139992103093,0.14105062668088172,-0.04085396113951443,-0.0211771155709065,-0.5112120951192831,-0.09117583780183297,-0.0283659228839948,-0.048348048914121824,0.03097358669566698,0.538838658546523,0.6207982846297104,0.3109515222994787,-0.6320140197667115,-0.03988933715463771,0.38674523864191324,-0.7187665518622806,-0.38192996252919614,0.36520561336800217,0.007006295041446424,-0.59786040540054,-0.17792313882339625,-0.03720724341238266,-0.038339210682144687,0.0963385212848569
18031,Decatur,Indiana,-0.2431246842543845,0.31678120709000424,0.23850212018799058,-0.4106226417073489,-0.1594862550814345,0.7096219707717956,-0.648612252395657,-0.32832842792289674,-0.09365817115956264,-0.4460521593837258,-0.5506386741925355,-0.8427560653012686,0.35481923316757613,-0.5726313348823804,-0.8240861735596857,0.22027464089026916,-0.8785890862252708,-0.8287716719510098,-0.9885031836014911,-0.09016582529184017,-0.10504808715863086,-0.014986832578110638,-0.35277177938269966,1.7074695557078443,-0.25012655126014893,-0.5149427840805598,0.0039053889383881607,-0.6390166856731517,-0.5801444355334436,-0.4540260652524797,-0.6153718905102216,-0.40079266764445826,-0.20642595216013354,-0.39566309526913807,-0.08602139992103093,-0.15172557065165784,1.5680395163225704,-1.4589759186513218,-0.4618863368331067,-0.17881029419650862,-0.1554942734910487,-0.24506965074369283,-0.14043587894057283,0.42546970494180514,0.6905178395906193,0.27945372305718275,-0.26518833178556367,-0.1787721120942218,0.4329581120071967,-0.4831701727554066,-0.38192996252919614,0.36520561336800217,-0.29066115429087425,-0.0535356401590872,-0.27398961158865004,-0.05601073656311388,-0.25998888795134717,-0.05867268358505138
18033,De Kalb,Indiana,-0.1935813448004111,0.4349124570054539,0.426304555839154,-0.612983590509099,-0.19914209171281558,0.7712054781733712,-0.6424992180051022,-0.32531268075310255,-0.43115777392489485,-0.3220222024114201,-0.49769994591912836,-0.8599646157469105,0.2740266402400593,-0.5138049031466021,-0.8240861735596857,-0.5511375988812999,-1.0404021527374723,-0.9440229319651455,-0.7524217071305132,0.040108342725732916,0.11504302830236057,0.05144076038991537,-0.1264579482954822,1.494182478423718,0.05297648480859269,-0.5163446139576789,-0.3784256018259939,-0.6228883824774597,-0.6883198869256285,-0.43204067358604786,0.08784953604879622,-0.20500433803362259,-0.21938587588846625,-0.3656654664498927,-0.08602139992103093,0.026228202086610405,1.4951811450643928,-1.4649699779902101,-0.46900521136837003,-0.6886834950382574,-0.7381658804400477,-0.5893324539454403,-0.597527787303879,-0.6895472975704774,0.31868021313243905,0.46844051851095847,0.0246809181575814,-0.6787501018767246,-0.06476702410267911,-0.6675499477086123,-0.38192996252919614,0.36520561336800217,-0.29066115429087425,-0.3256980227798136,-0.21325793340371949,-0.04589401881728969,-1.3088114086231686,-1.444085327109855
18035,Delaware,Indiana,0.013366655070584457,1.383899334717953,-1.4382869503654432,-0.5586674564498059,-0.842066011024567,0.2895936388498465,-0.13424602414858314,-0.3051938792782041,-0.04923725417809388,0.025920578429806374,-0.513028495998871,1.2050614377301283,-0.6733814885497346,-0.2981079867820823,-0.1106601903365306,1.0033979399030284,0.46092970565614555,-0.6971266676342793,1.0600275269947983,0.08137594272761137,0.23464779698186147,0.6201747966217221,0.8739966110916274,1.7137093359302353,-0.39553662214802626,-0.4793040740332037,-0.42070899251972194,-0.634702335295366,-0.6913639981462848,-0.4534143087386658,-0.5082990124195312,-0.30382053341461657,-0.22668007497879034,-0.34328397526964327,-0.08602139992103093,0.5389541327103882,1.5083875177794799,-1.699170126500287,-0.44516889610960636,-0.35407920698585993,-0.3461867994016306,-0.14670884982890617,-0.1975723674859861,-0.3667792178958693,0.7222085463910325,0.2664840410162373,-0.7782312520389174,-0.28710067654709753,-0.05789754292675865,-0.19123552907949748,0.47694316303740386,0.6051264205596165,0.007006295041446424,0.762951507703092,0.06854079646700453,-0.0105744739328005,0.29151659527231366,0.6534100387860892
18037,Dubois,Indiana,-0.1957457174568598,0.2542463564860895,0.12027849871158086,-0.2941330520954739,0.052480909918081346,0.7281028727941182,-0.6365266807034416,-0.34382137770362303,-0.3808573829138738,0.4567279320660991,-0.07604030212106389,-1.4794724317900223,0.5592375354089909,-0.6118489560395658,-1.1094565668489478,-0.775947368983011,-1.054333793289521,-1.3064263449494011,0.09640049064449488,-0.07186481888678832,-0.12175516752454535,-0.18038100991189626,0.007038371605131377,0.5251510260461918,0.4852703486759618,-0.49807746114936263,0.8408880600362876,-0.6218211897997091,-0.30510315506449104,-0.4463101735330294,-0.46699006083961275,-0.3761048508733598,-0.0765169108712665,-0.29355934622768576,-0.08602139992103093,-0.1118006764981222,0.736654514387638,-0.6679229092184739,-0.4157700293049831,0.06815953746121348,0.07757436928855048,-0.031954582094989546,-0.04901749726791112,0.648206354965192,1.704620457203838,1.3503788972952457,0.3017240950943924,0.02677439481636203,1.335982637496382,-0.5907250414781099,-0.38192996252919614,-0.1146360010152266,-0.29066115429087425,-0.8700227880212664,-0.21331407979341277,-0.050353757025642286,-0.575717872040939,-0.46073299621637537
18039,Elkhart,Indiana,0.28341827233785044,1.234551437546535,-0.18815744328502695,-1.043662613605667,-0.28875295648318905,0.3495804512378027,-0.20458682579001766,-0.24211685497719737,-0.11908092909809243,-0.18161329752810687,0.5019674555887389,-0.8427560653012686,0.004123092754081215,0.6431149209903683,-0.6814009769150549,0.2212842573325793,-0.27630000591606585,-0.7859632040186768,0.31868323769092244,1.1203026006740755,1.1623267350688522,1.5428216655875446,1.1924786179487512,0.9540183480540934,0.01656460611836148,-0.5080646315354119,-0.5839037358051693,-0.6155540751515456,-0.6856105836893565,-0.45110630029240084,0.2829328593000346,-0.252249098265562,-0.09588505726179607,-0.3506468507515634,-0.08602139992103093,1.4399872720529272,0.9468459752481211,-1.5422333081322073,-0.3915316018862778,-0.6966502638014096,-0.7381658804400477,-0.5401520534880482,-0.5861004895947962,-0.8095850131519433,0.1792411032106214,-0.40423380167265316,0.5710716282274029,-0.67041713538035,-0.3233093156327778,-0.3141553790483013,0.04750660025410388,-0.1146360010152266,-1.481330951620157,-0.59786040540054,0.2705555065835347,0.021366049250870975,-0.4916503280818189,0.35953462955355553
18041,Fayette,Indiana,-0.25324949653225076,-0.2625615735862338,0.15308300234669364,0.16565486503154153,-0.31447421681657733,0.722702030927595,-0.5763707349629583,-0.29977199074288685,-0.5031345897825925,-0.6651456767656656,-0.5967019392523086,-0.17162259792123075,-0.49580252686452975,-0.3961520396750457,0.5314231945643092,0.2555257722661976,0.12953460891840587,-0.6717670103613066,1.057139313811071,-0.1553335434913991,-0.21072500407588143,-0.11462750626216808,0.08319042072393833,1.3154696941500597,-0.37318010375732524,-0.4406761134489343,0.5241640919001873,-0.6324171526828577,-0.6163371737781836,-0.4524189794015542,-0.6044058249120764,-0.36557120663520426,-0.24176654984299403,-0.39334646876395496,-0.08602139992103093,-0.11269440795756978,1.1263866166961904,-1.0464427623314647,-0.5797796649108158,-0.3062785944069459,-0.3038106825326127,-0.2778565843819527,-0.1975723674859861,0.19473054054632097,0.4306540438272318,0.05896912836111107,-0.5165793627097068,-0.28154536554951454,0.11259048989381344,-0.5036568144168738,0.47694316303740386,1.3248888421344598,-0.588328603623195,1.0351138903238184,-0.2584370616436031,-0.04842147952261306,3.7448234404901433,3.2385448200019535
18043,Floyd,Indiana,-0.09093619122726107,0.1392113300248018,0.9293322248739803,-0.591076495752511,-0.6771311822794502,0.4032187345179545,-0.2513791512072355,-0.2965321376632783,-0.08536222258615063,-0.3278670155505589,-0.44913020905019285,-0.6706705608448487,0.6103764323767055,-0.7491106300897147,-0.6100583785927393,-0.16625603441796966,-0.6888284509188379,-1.1298238307592263,0.16183182403972451,0.26629766732699034,0.5445639243584047,0.6953786240036539,1.7482344059804762,-0.6082193707765643,0.9670421190129539,-0.48117331087790677,1.381767727242806,-0.6321898965270896,0.07888164911721059,-0.443685020551769,-0.5431379188077718,-0.35920510857511395,-0.2173074312605476,-0.3830245877083687,-0.08602139992103093,0.9348482399708604,-0.16129642305814781,-0.2467889536786811,-0.6291501023258745,0.13986045632958427,0.2152967491128598,0.24673435383023354,0.2023830523319068,0.7869166040815523,0.7771391048450814,0.5684923513982517,-0.1471884601272921,0.19621138024265525,0.7539502324092999,-0.1605055665872965,-0.38192996252919614,-0.354556808206841,-0.29066115429087425,-0.59786040540054,-0.07631688894173584,0.039505312418727616,0.0592194560625264,0.41604913132904253
18045,Fountain,Indiana,-0.2730363729422203,-0.2477182015907921,0.15165705218237785,0.1526901021469311,-0.07874391294362496,0.7826488199410225,-0.6512949629804055,-0.29124058152701165,-0.486695722799588,-0.32337772489183736,-0.5109282917327918,-0.3437081023776508,-0.026422959797103993,-0.4549784714108239,-0.32468798530347687,-0.5670949079140329,-0.8984376861638927,-0.9349093765678813,-0.34402612140857486,-0.2530789140606471,-0.3424177006157371,-0.33674277733096175,-0.04433101787110209,1.830806634790055,-0.5803873380245452,-0.4720626985226918,-0.024584802554420273,-0.63508612174816,-0.529817419057897,-0.4541605522618156,-0.45519402830206207,-0.3820670608823108,-0.21177820814674056,-0.3697209655775258,-0.08602139992103093,-0.28392343370474427,1.540042361302907,-1.3746823360337115,-0.4436349126846438,-0.505447813485754,-0.4309390331396665,-0.2778565843819527,-0.40326372624947354,-0.4321330852680007,0.4454430403340913,-0.39126411963170804,-0.2549274733804963,-0.43431641798305703,-0.2646064764930937,-0.7034015706161801,-0.38192996252919614,0.6051264205596165,-0.29066115429087425,-0.0535356401590872,-0.30172592809714527,-0.0622963750941765,0.627825293408971,0.4225079315319552
18047,Franklin,Indiana,-0.25425699882429187,-0.12934045872588434,0.32953828950835024,-0.0449570045706887,-0.11208097856031575,0.7757661363034104,-0.6755079008136896,-0.32258851155577467,-0.3557863543127178,-0.6096331372509477,-0.6108938169868764,-0.9115902670838365,0.7957806749401914,-0.4941960925680094,-0.39603058362579246,-1.5220415785038772,-1.0309280938847818,-0.5936105528845889,-0.6666612172761914,-0.24622817930490742,-0.3342140456951068,-0.3185200998830958,0.03186653534183793,0.2927907396945356,0.10525899954184137,-0.4758184525489219,1.481477380882944,-0.6308073416341685,-0.17329982949458603,-0.44891513934261085,-0.6046378915380898,-0.3861265672902913,-0.1782921523444634,-0.27594610224759275,-0.08602139992103093,-0.2529985635422919,0.33591730910319245,-0.2173580426856596,-0.4486315285979928,-0.22661090677542267,-0.17668233192555804,-0.21228271710543062,-0.11758128352240721,0.37745461870921887,0.4074141921735957,-0.002173658403345826,-0.6243183759629112,-0.1898827340893887,0.14443990261853606,-0.764861495600582,-0.38192996252919614,0.36520561336800217,0.3046737443737671,-0.59786040540054,-0.28246771643233987,-0.05872025048025889,-0.46656125480212934,-0.5560002992093397
18049,Fulton,Indiana,-0.26241073830406614,0.017702081224577913,-0.15332490548937397,0.06004991508912058,-0.06818216989001537,0.7070232322061966,-0.6110580014709157,-0.21474491443644872,-0.36380525645104955,-0.6178625486890519,-0.31364196207326017,-0.8427560653012686,-0.04880051739639923,0.1528946565255504,-0.6100583785927393,-0.3793382687314838,-0.7788832137668955,-0.7940940822281563,-0.4091626325490362,-0.20381689236049041,-0.17941143463721565,-0.1348063088980508,-0.1832731520007323,2.1107230295861306,-0.6283671021042144,-0.5070463367271347,-0.49847890267923917,-0.6143530767851725,-0.6899442173903926,-0.4519736180833645,-0.3042342448988601,-0.05259550903873172,-0.2081141884246008,-0.35204273623655785,-0.08602139992103093,-0.192994912860435,1.7939450534970465,-1.6607886782730292,-0.4635245715587949,-0.6329161136961913,-0.6534136467020117,-0.3926108521158693,-0.5175367033403001,-0.697549811942575,0.4137523335336782,-0.6098959026076447,0.24785458846779007,-0.584309814917808,-0.34953824375901976,-0.5548734185705422,-0.38192996252919614,0.36520561336800217,-0.29066115429087425,-0.0535356401590872,-0.2891678522690749,-0.059633513456871894,0.34303288105696694,0.26103792645913426
18051,Gibson,Indiana,-0.2223303055523739,0.19614242560469702,0.2697618061624349,-0.3150483421703749,0.067481534571598,0.6306919352141604,-0.45138729389903853,-0.3054441771355303,-0.406176912728693,-0.5169809395096031,-0.5729891914531638,-0.8943817166381945,0.4221578344096271,-0.807937061825493,-1.0381139685266323,-0.4790365799972111,-1.209293436499957,-1.1847063188804408,-0.8621793982743475,-0.10688854731479817,-0.1651890603766774,-0.18896943208027556,-0.008691787565480011,1.6928272381587701,-0.4951806040637468,-0.4912483269379185,-0.30207513645304657,-0.6366768583747273,-0.5835664117957539,-0.4411558787345657,-0.033467406441475105,-0.2583606004841626,-0.09427318008494236,-0.17031432734574303,-0.08602139992103093,-0.13944139374555253,1.4427390869921364,-1.3424597018382276,-0.36832079443186777,0.04425923117175617,0.15173257380933247,0.23034088701110358,0.08811007524108025,0.5588449444767671,1.6306754746695413,1.078015574435392,-0.11384067031082434,0.11565937077769632,1.0793138408324434,-0.5548734185705422,-0.38192996252919614,0.36520561336800217,0.007006295041446424,-0.59786040540054,-0.24615971776399925,-0.05678063873578209,-0.7080740083475486,-0.6851763032675966
18053,Grant,Indiana,-0.12828699567609783,0.5082765811336611,-0.8880484693940863,-0.026001613198515426,-0.991967270539516,0.29866800790793496,-0.09873993644424169,-0.2836943626694457,-0.20424914209098136,-0.3324951910544292,-0.38554160058443376,0.2585911632198189,-0.5637589134390766,-0.3961520396750457,-0.25334538698116177,0.3919958218942231,-0.17139383092062258,-0.6714855805059258,0.2678963370282064,-0.008954779410942753,0.04820185050642106,0.29157669620169374,0.34975737211320707,1.992439466437894,-0.5826346519401051,-0.49918401030275483,-0.4137498496792183,-0.6345732556127474,-0.7039055045056857,-0.4538233672312016,-0.5486934834846753,-0.3429782179961828,-0.20301050972797938,-0.3798037670453693,-0.08602139992103093,0.20816098964995514,1.6981732851541012,-1.7408695490720159,-0.4309832726894424,-0.44968043214368775,-0.4627211207914306,-0.24506965074369283,-0.3575545354131431,-0.4708119047331396,1.0686936074088824,-0.3078875922256303,-0.3729273450387679,-0.406539862995141,-0.09911442998228186,-0.36537198320196956,0.47694316303740386,0.6051264205596165,-0.8859960529555155,0.762951507703092,-0.08309188663139527,-0.03772951125925123,0.16561757523365112,-0.02960808267194307
18055,Greene,Indiana,-0.2274176063700348,-0.38104490666783986,0.4983979042101069,0.1028383704362828,-0.030521171117885104,0.7963533437759441,-0.674156541199826,-0.30017191635261037,-0.4829374514220676,-0.5874467525819759,-0.5868941877936513,-0.17162259792123075,-0.26111274333081685,-0.2588903656248968,0.10336760463041615,-0.9886963141278932,-0.44396060359990525,-0.2552354736787253,0.1278167180057405,-0.22971478822024088,-0.28181123835327593,-0.33089688193524364,-0.037783915566564484,0.341813631983187,0.06891660152846876,-0.34759529626810126,1.2437591201510014,-0.5976086479662728,-0.08948508871286541,-0.43946132355038126,-0.5873297487973115,-0.2176180655436402,-0.0991100450649481,-0.28341164147318254,-0.08602139992103093,-0.25702097308602184,0.36774211414573355,-0.24656217778344716,-0.3334189482532281,-0.14694321914389946,-0.07074203975301276,0.0008323515432703504,-0.09472668810424238,0.2987632273835913,0.8384078046592139,0.7167172890090561,0.2529850176703235,-0.09266479163167982,0.6908759052485755,-0.5651167394012758,-0.38192996252919614,0.6051264205596165,-0.29066115429087425,0.2186267424616392,-0.23955315924341977,-0.05865754191506922,0.2978212233989355,0.27718492696641656
18057,Hamilton,Indiana,0.6690514897595031,0.6026804641005625,1.9145245174051573,-1.5087047226385684,-0.547844535627943,0.1422611933285735,-0.35231541106346015,-0.34773395832691706,1.9352261604254677,-0.3509730483409988,-0.39504082196294776,-1.772017789365936,3.568607175625869,-1.1412868416615691,-1.0381139685266323,-0.6592237931725888,-1.0616042408282258,-1.2417375372769925,-0.1783947455716399,0.6663645191111454,2.1306280468780328,2.2024692207081644,1.910673267051992,1.0924868777010752,-0.37759103842313363,-0.48005669883125324,-0.542627052908707,-0.6358455206282191,-0.6966214006668199,-0.45273654168351796,-0.5265219025971823,-0.3170966462320794,-0.18437918069428277,-0.2825549672197967,-0.08602139992103093,2.057892973291855,0.9048361804090349,-1.7681607069881624,-0.44026163845402216,-0.40984658832792614,-0.39915694548790326,-0.2614631175628228,-0.3346999399949775,-0.22806896877950866,0.4433303265473972,-0.18189639525644646,-0.5653184401337755,-0.3732079970096395,-0.1746787229174069,-0.4473185498478388,-1.240803088095796,-1.7940816513565272,-0.29066115429087425,-1.4143475532627192,0.49515978082000667,0.10480929882793531,-1.3247543833228799,-0.502715197535309
18059,Hancock,Indiana,-0.09197298137662892,0.017656843667216704,1.2944461718775278,-0.6609238690285105,-0.35527197409207895,0.5828242941182646,-0.45656606263970256,-0.30813136060304347,-0.21247283751592366,-0.48466341219761555,-0.5153594152442641,-1.5999322849095163,1.5227080828436776,-0.9059811147184565,-0.8240861735596857,-0.9428277072056475,-0.8708872894312246,-0.7003758799218336,-0.3780372719575799,0.010198058924572682,0.2966727409209124,0.5150936494438031,0.5636753461893179,2.004956901085313,-0.6087397858109054,-0.47789954911146004,-0.5434450245521889,-0.63707020243769,-0.6893116935010669,-0.45469199005864686,-0.5464069979902736,-0.3720521088829465,-0.25536783541370706,-0.3998547732594695,-0.08602139992103093,0.4219526562188521,1.6986860939104207,-1.8336690018566706,-0.5113312394629695,-0.28237828811748916,-0.293216653315358,-0.19588925028629833,-0.25470885603139937,-0.013334833128219857,0.7095322636708671,0.383211179384746,-0.5858401569439098,-0.2704347435543476,0.19002827769509914,-0.3961019456941705,-0.8113665253124961,-0.5944776153984553,-0.29066115429087425,-0.8700227880212664,-0.09327309862911552,-0.01762702839311567,0.038811798930341306,0.6065837373149713
18061,Harrison,Indiana,-0.20225055056913663,-0.32565818350224407,1.03854643024195,-0.21719181128601486,-0.004397493605007616,0.76684108676185,-0.6344866642327962,-0.3082410691563903,-0.43571946818968427,-0.45261027753067135,-0.5537002964319929,-1.083675771540258,0.5867633041124184,-0.5334137137251949,-0.5387157802704237,-1.4053060321890836,-0.7913810215500174,-0.3621332829334042,-0.4431588794313561,-0.234683942430479,-0.3310667827759466,-0.4741477961317081,0.43303484653051766,-0.1761169949639194,1.0426165882562863,-0.49146983646241316,1.3702308055681736,-0.5630734257102583,0.20852371613466275,-0.4426775599339336,-0.600152337967764,-0.39306385396729776,-0.09140421856746803,-0.37663082544671195,-0.08602139992103093,-0.19390775977507127,0.2983588697487126,-0.20635438409232093,-0.3778076627978987,0.13986045632958427,0.19410869067835043,0.16476701973457913,0.14524656378649353,0.7722453277327066,0.9123527871935107,0.6166654561217632,-0.07023202208928929,0.1628795142571546,0.8220205458797846,-0.5343867769090749,-0.38192996252919614,0.36520561336800217,0.007006295041446424,-0.3256980227798136,-0.21578452093991843,-0.053461853049268454,-0.4522529053734446,-0.412291994694529
18063,Hendricks,Indiana,0.1778941223894784,0.3907682892160711,1.6219157791656875,-1.1677498418537382,-0.029233168419353743,0.13962506153003243,-0.11798198496586268,-0.3203662971323689,0.6450737513670657,-0.21454741675711678,-0.3931549958940599,-1.651557936246442,2.0664964610694962,-0.807937061825493,-0.8954287718820013,-0.8463281856414093,-0.8805995605865587,-0.9401364965640168,-0.010384297964151794,0.47708541395553195,0.8881616851767302,1.036366535638773,0.7280605289477013,1.4945338244497568,-0.3174116567576739,-0.49597488643620014,-0.3361012201211015,-0.6369498949734586,-0.5888355860135339,-0.4519347883140692,-0.6121605924098928,-0.3769952563333634,-0.24801134364794977,-0.39615433110772597,-0.08602139992103093,0.9217759342090035,1.3279320899989038,-1.6890043372814685,-0.43560011600729104,-0.40984658832792614,-0.3885629162706486,-0.294250051201085,-0.3346999399949775,-0.16538260619807665,0.33980735099938103,0.37950555594447566,-0.48323157289323887,-0.37598565250843186,0.03327920722636797,-0.31927703946366814,-0.8113665253124961,-0.8343984225900698,-0.29066115429087425,-1.4143475532627192,0.13544857751819922,0.016282445821392853,-0.9185468925893845,-0.2233720887593287
18065,Henry,Indiana,-0.18041059536056017,-0.3360131609767412,0.7918791967291055,-0.08480735029638586,0.9672389242593943,0.6446444657805251,-0.48700802756053585,-0.31982138326236936,-0.4428282301724555,-0.48755346358829066,-0.558051866286722,-0.2748739005950828,-0.44130013197544876,-0.5530225243037876,-0.5387157802704237,-0.23094588414940284,-0.611650244007225,-0.9849875588403812,0.2003941162973223,-0.15583763167385864,-0.11521966508098734,-0.02305786845425576,0.28548802212524066,1.8915005837791234,-0.3188063645690696,-0.48295095363061136,-0.31621491180992783,-0.6370447958547465,-0.6927363518081442,-0.45399690504782264,-0.5691994736583783,-0.38261542629658185,-0.25319686529976776,-0.3703519623774077,-0.08602139992103093,0.0024766856170939286,1.7181645790221436,-1.6715048288584224,-0.44595078086504847,-0.3620459757490121,-0.37796888705339393,-0.31064351802021495,-0.2661361537404822,-0.018669842709618464,0.7560119669781398,0.06823318696178615,-0.6191879467603777,-0.3426537865229304,0.08698606005629181,-0.26806043530999984,0.04750660025410388,0.845047227751231,-0.29066115429087425,0.2186267424616392,-0.1650094691939349,-0.0454712882457043,0.2735502347391265,0.14316482275597486
18067,Howard,Indiana,-0.07915661501043196,0.07572163546558183,-0.16354011916251204,0.011684979515055155,-0.6731058679685398,0.24419543256721868,-0.06210722009159368,-0.27001683012230526,-0.08589272205517243,-0.3138791611445917,-0.44779207770133445,-0.39533375371457685,-0.11490354797345846,-0.376543229096453,0.03202500630810057,0.1679903457407662,-0.5246188002687242,-1.1087451879502799,0.21895600591920564,0.2204766413153895,0.4256275036058837,0.6550445683875928,0.4429109370069142,2.0037112791661458,-0.6764495298763291,-0.5045548027877421,-0.5843238214150577,-0.6362362547637459,-0.6695472212528953,-0.4536335390350587,-0.5143099423575301,-0.3328053046921981,-0.19630914159379592,-0.3824572290328326,-0.08602139992103093,0.5201183538776454,1.6668219937568092,-1.845071415017941,-0.5210936291237753,-0.529348119775211,-0.5368793253122118,-0.32703698483934723,-0.4146910239585564,-0.47881441910523737,0.9081273596201224,-0.5413418689626474,-0.5858401569439098,-0.4815365614625153,-0.28084343199981476,-0.006855754126291726,0.04750660025410388,0.36520561336800217,-0.588328603623195,0.2186267424616392,-0.013489078874921704,-0.01213645789800533,0.449899684614973,0.36437872970573976
18069,Huntington,Indiana,-0.21395104957118344,0.12549486947795763,0.35331217537074333,-0.29157167033593345,-0.2647485163252331,0.7359925222614617,-0.6341227220853767,-0.26714849372999555,-0.36691950946371826,-0.5421934036602206,-0.5040169671771841,-0.8255475148556282,-0.0794152127623062,-0.43536966083223116,-0.5387157802704237,-0.47751128629504624,-0.797047667794336,-0.8790911537483594,-0.2394601049520679,-0.14402524076624154,-0.0861107167727494,-0.05258001022516564,0.18082796471999765,1.8923464353271886,-0.5949295632492817,-0.4922964676112246,-0.194836699395844,-0.6312835979641843,-0.6956454484152453,-0.45230429320088883,-0.5736870406730145,-0.2964055019128922,-0.2026974870924131,-0.2839176663779807,-0.08602139992103093,-0.024961639170123853,1.5940558792707322,-1.5389977268997415,-0.4512229180731724,-0.5612151948278201,-0.5474733545294665,-0.31064351802021495,-0.4261183216676392,-0.6055208966634513,0.6546017052168178,-0.20042451245779697,-0.26518833178556367,-0.4954248389564737,-0.22214059286013021,-0.42683190818637146,-0.38192996252919614,0.36520561336800217,-0.29066115429087425,-0.3256980227798136,-0.22342042993820863,-0.05118592669097366,1.8650600470966747,2.3520744921521657
18071,Jackson,Indiana,-0.19136718278650686,0.32501592331184975,0.6606009367510902,-0.6284217609998761,-0.014968006657275407,0.5678426563775785,-0.5886627780919974,-0.2500146040116553,0.29319028937627756,-0.03152343848758295,-0.14398531736289916,-0.7567133130730604,0.2574150790773923,-0.12162869157474956,-0.9667713702043169,-0.05702226940721462,-0.13722523676577875,-0.3895200457628324,0.34679687917536645,-0.13483955323245891,-0.19676192928754538,-0.2835824745510082,0.009095378435340834,0.7935564062560445,-0.1363031040704152,-0.4968369202753812,0.8250611100046672,-0.6207503763287636,-0.45525483113654985,-0.44657669513424364,-0.14110045191471143,-0.28987923131934673,-0.186759204199757,-0.33964031027046493,-0.08602139992103093,-0.18250065152091893,0.7196807507139017,-0.6208971579502393,-0.3572776030764331,-0.05134199398607136,-0.017771893666740122,-0.08113498255238405,-0.06044479497699393,0.5401724109418726,0.9355926388471468,0.47585176539149887,-0.1625797477348928,-0.05099995914980459,0.6502835164817722,-0.10928896243362825,0.04750660025410388,0.6051264205596165,-0.588328603623195,-0.0535356401590872,-0.20919667788257004,-0.052884117562891304,-0.7717621708827205,-0.7061674039270632
18073,Jasper,Indiana,-0.22261439776844363,0.3211573289192182,0.03734134375582361,-0.3144726732229539,-0.14062000373122893,0.7529366232074463,-0.6231121313709395,-0.3098244573136091,-0.43664575227330943,-0.48018841443726473,-0.2592029678945861,-0.9804244688664046,0.6610348296413676,-0.16084631273193314,-0.1820027886588462,-0.6195171262130681,-0.8690258784279578,-1.0720941951703953,0.03698457661387932,-0.14708629899361733,-0.2219506142657635,0.1537428655593646,-0.5901999636143341,2.1629712020205605,-0.6630723787128522,-0.45141793860705437,-0.43571024080872234,-0.6332853646841635,-0.602948004928034,-0.45444617936381837,-0.4935303807464099,-0.3153282261393807,-0.20923364442591325,-0.39658526478062794,-0.08602139992103093,-0.2054063171280647,1.8296863239767212,-1.6901786782819506,-0.32185450039416535,-0.6647831887488004,-0.6004435006157391,-0.3926108521158693,-0.5175367033403001,-0.5628408200122634,0.5616422986022724,-0.528372186921702,0.5172021216008009,-0.5815321594190157,-0.1496987913686052,-0.5036568144168738,-0.38192996252919614,0.1252848061763878,0.007006295041446424,-0.59786040540054,-0.2479751176974163,-0.05838482771305406,0.10132570793294612,0.46933423300307375
18075,Jay,Indiana,-0.26105763929556913,0.49160876556431204,-0.37241940122733286,-0.2674382225933868,-0.031669979129835,0.7888362920172138,-0.6549478182837805,-0.3205854860941645,-0.44134772694200103,-0.5050641801265552,-0.46903476978390496,-0.3437081023776508,-0.430729138508297,-0.12162869157474956,-0.6814009769150549,-0.17544581166147943,-0.8718212776302487,-0.4832459790176786,-1.2678597532957765,-0.1923409865257544,-0.1881810486155234,-0.21598151990185963,-0.1586833719386155,2.2033987149398766,-0.6490763497011408,-0.5044782655815329,-0.37883558459482486,-0.6377231525957363,-0.7042942854373311,-0.45529936864532927,-0.5213985096849865,-0.3819447096274071,-0.22555983391930215,-0.4107004838178028,-0.08602139992103093,-0.21444610744053874,1.8758252721852569,-1.7311331547492301,-0.45406004275720524,-0.4576472009068399,-0.49450320844319384,-0.294250051201085,-0.3118453445768127,-0.31076161729118523,0.9229163561269819,-0.2115413827786074,-0.6679270241844462,-0.41487282949151477,-0.10660840944692268,-0.5241434560783412,0.04750660025410388,1.0849680349428452,-0.588328603623195,0.2186267424616392,-0.29221847277574475,-0.059754413220930246,-0.31447597595788745,-0.3541627928683135
18077,Jefferson,Indiana,-0.22628709507722128,0.007200192408625058,0.35930829725691577,-0.18557524953562227,-0.9241939865204553,0.6463936695108248,-0.5173021421479469,-0.30437195950759965,-0.289318945641747,-0.42901448528926556,-0.4866391650222413,-0.49858505638843054,-0.16089423383704068,-0.5334137137251949,-0.46737318194810806,-0.03044806449315116,-0.32714062035514835,-0.6699914695808239,0.25716380634441915,-0.15343132370782808,-0.21162656260453255,-0.22107338701489912,0.14637464572731929,0.05361918873221696,0.21800984690639846,-0.4736555422476962,1.461352960291393,-0.5860091466436569,0.11962002325765848,-0.4305415954395036,-0.37063323131716897,-0.38536668741548386,-0.21721948518552814,-0.38523259395667586,-0.08602139992103093,-0.13197729286346446,0.15144095682344705,-0.09025513248119159,-0.4696232726512434,0.03629246240860373,0.08816839850580516,0.03361928518153257,0.07668277753199744,0.5748499732209628,0.9229163561269819,0.43879553098879753,-0.4319272808679035,0.06010626080186347,0.5847111961661676,-0.3090337186329345,-0.38192996252919614,0.6051264205596165,0.007006295041446424,0.2186267424616392,-0.24191130761053878,-0.052271972442894055,-0.5123301538537002,-0.6399647018472066
18079,Jennings,Indiana,-0.2396804322327557,0.2757641291498304,0.6072166975808357,-0.5564607468478079,0.0030666572357566538,0.7627002243114978,-0.6193092067484375,-0.2955609630217669,-0.4822717373904605,-0.43377442578244924,-0.5135406862338705,-0.49858505638843054,-0.04804544643445982,-0.3961520396750457,-0.5387157802704237,-0.7592005320898488,-0.7299003627541478,-0.4333203062505871,-0.627800995310951,-0.18765293527445998,-0.25452941333120926,-0.27176161552439665,0.148756181728441,0.5440153617210639,-0.14478780448057615,-0.4871884260945433,1.3216143662512652,-0.6284359560524893,-0.3283390596706526,-0.4429720020900468,-0.510192880606909,-0.3808156345136121,-0.2012099188155612,-0.3794550620535416,-0.08602139992103093,-0.16884073096508254,0.47013709018522604,-0.3841830252976657,-0.4582077552217886,-0.04337522522291949,-0.007177864449485444,-0.09752844937151399,-0.026162901849746293,0.5174986202209291,0.9693960594342542,0.44805958958947295,-0.4729707144881718,-0.03988933715463771,0.5647272509271266,-0.3352307173092361,0.04750660025410388,0.6051264205596165,-0.29066115429087425,-0.3256980227798136,-0.26418270885555184,-0.05555477799291713,-0.6484985638678294,-0.733617304789443
18081,Johnson,Indiana,0.14232694845184227,0.5854155513886997,1.026581570696874,-1.0505876879116773,-0.3252139559298593,0.4194936930644765,-0.485644120268007,-0.31151896080966107,0.8950101056133419,-0.232567877168399,-0.43239260985404265,-1.4622638813443802,1.2839683732413807,-0.6902841983539365,-0.8954287718820013,-0.12957064424760648,-0.8791896201858921,-1.2627757070052956,-0.15108753940964353,0.27612212406004194,0.9039725142521646,1.1884143941907235,1.0986660617092,1.0361332853817566,0.0980263133205736,-0.505505498007613,-0.09499980226016998,-0.6382882654755058,-0.5434990261410257,-0.4525892706966935,-0.593157675509818,-0.38631232021766954,-0.19038861766496537,-0.3462231418601238,-0.08602139992103093,1.0375384006324617,1.0645586153928361,-1.4829255949117959,-0.5003699598438192,-0.25847798182803183,-0.22965247801183067,-0.17949578346716838,-0.20899966519506893,0.20940181689516674,0.4369921851873143,0.23683905349407636,-0.183101464545027,-0.2315475665712639,0.2624700791866246,-0.3141553790483013,-0.38192996252919614,-0.354556808206841,0.007006295041446424,-0.8700227880212664,0.1425604535460185,0.03195260983605861,-0.32140114177032747,0.45964603269870413
18083,Knox,Indiana,-0.2137343194269653,0.5084972648886672,-0.41966282488220313,-0.2594692140205603,0.24656266541991567,0.5873843991205809,-0.46943235571636177,-0.30850772993267844,-0.2757567027203354,-0.43315657077085523,-0.540151893713774,-0.3092910014863668,-0.4778867522221492,-0.47458728198941663,-0.6814009769150549,0.8695074708881474,-0.3804559867648755,-1.0076705809197413,-0.12768147827147155,-0.1592885516873196,-0.16362987583162023,-0.19766016696388583,-0.05427564618503443,1.9578267711977668,-0.5386692244623461,-0.5130085100163242,-0.39640194595624795,-0.6381717205528314,-0.5744116672818231,-0.45343184469737524,-0.33362181230889637,-0.32945144822764744,-0.1381337051916818,-0.23364909000630935,-0.08602139992103093,-0.1653893853630229,1.683986431693236,-1.5658028184514576,-0.3496300255160612,-0.035408456459767056,0.0669803400712958,0.18116048655371142,0.01954628898658416,0.502827343872083,1.4341930925069801,0.675955431166085,0.20937636944878846,0.04066267231032044,0.9381772275817133,-0.42683190818637146,0.04750660025410388,0.6051264205596165,-0.588328603623195,0.4907891250823656,-0.22534812265101228,-0.05628488027706038,-0.5053272711163307,-0.606056000781914
18085,Kosciusko,Indiana,-0.08820070535294024,0.5236692130901149,-0.040334757479547914,-0.46235888542818004,-0.021165740535023573,0.6509788800253208,-0.6003963087338489,-0.2984324416640257,0.03617012614053986,-0.4954536355094445,-0.11589751827955393,-0.9460073679751205,0.6147009297041766,0.13328584594695764,-0.8240861735596857,-0.39052507719522395,-1.0203388666245723,-1.0898795033730564,-0.57138701579161,-0.016577015820905594,0.055994287911708074,0.1127514154679165,0.24685684418092094,1.5999934030831324,-0.40052594880584763,-0.5106301808820063,-0.3825913770412175,-0.6214719158845131,-0.677892985991289,-0.45200856098410447,-0.0746071208141715,0.03831230771820431,-0.18826316416507496,-0.1511786367030518,-0.08602139992103093,0.11935255018672145,1.394162322090279,-1.4069622060191855,-0.32702238630156366,-0.656816419985648,-0.6957897635710297,-0.4417912525732615,-0.5289640010493829,-0.8229225371054394,0.09050712416946476,-0.3634719438296821,0.17859379423358743,-0.6148640254045163,-0.4375925024685459,-0.6214550039703108,-0.38192996252919614,-0.1146360010152266,-0.588328603623195,-0.59786040540054,-0.0854126040720521,-0.04091453114523672,-0.3407880227437309,0.010759418596262175
18087,La Grange,Indiana,-0.2048893865142791,2.148961913859408,-1.319078156745161,-1.3228728695121812,0.3255978649119887,0.7854595759352214,-0.6640725347595078,-0.3423473280168264,-0.45206914406409243,-0.6666388562577493,-0.39996519756811166,-1.2041356246597503,1.0312941722505655,3.153042675050235,-0.8240861735596857,-1.3013932702835267,-1.085374467196766,-0.29953001507276045,-1.8309573221507214,-0.07564267724758877,0.011513258215470584,0.06863273288321488,-0.23451478754478733,1.0910093901207858,0.5480407719813609,-0.5069049571224459,-0.7007933009148235,-0.6170249363390007,-0.6904967673617999,-0.44973484673914277,1.2025016073474033,-0.08190950536548175,-0.2180718601165151,-0.25881875842232593,-0.08602139992103093,-0.05269808202946954,1.322215721009559,-1.2627343018148158,-0.45193778413529095,-0.704617032564562,-0.759353938874557,-0.6057259207645703,-0.6203823827220438,-0.8469300802217326,0.0841689828093819,-0.007732093563751208,0.6480280662654061,-0.6981936903682661,-0.21652010826165002,-0.7238882122776474,0.04750660025410388,1.0849680349428452,-0.588328603623195,-1.1421851706419928,-0.2699845024571939,-0.04946355187819635,-1.6865316197689846,-1.3407445238632496
18089,Lake,Indiana,1.1009946671862534,0.2989962590220501,0.4592679283268724,-0.5041829688801281,-0.7498657932351928,-0.8526526017986211,1.0110437474314398,-0.24686607300008018,0.06585626186785168,-0.28926584071236977,0.7075568720339952,0.00046290653518882833,0.10695002920728446,-0.376543229096453,0.6741083912089404,0.23629623451416673,0.2844694493294084,0.004528172333491383,0.5560792521707761,1.8876515343441627,2.39336193970079,2.2490145494189386,0.14558554087326442,0.3282943187178279,-0.6103929400262654,-0.4088449075340549,-0.5689565493769309,-0.6359739409019589,-0.6782840332715183,-0.41910815483401015,-0.205312094412379,-0.049911051866739206,0.15190696385030536,1.3566167025457105,-0.08602139992103093,1.9287072395864913,0.0470534211269226,-0.8784326290094432,-0.2735638085937647,-0.680716726275105,-0.6957897635710297,-0.4090043189350016,-0.5632458941766305,-0.7028848215239736,0.7475611118313628,-0.11148954989131415,0.9532886038161514,-0.6259746473996832,0.08636156176757188,0.3926337582723207,0.9063797258207039,0.1252848061763878,0.007006295041446424,-0.3256980227798136,1.3768639691005193,0.09127183540902535,-0.24559123101015762,0.2012940245821909
18091,La Porte,Indiana,0.0009281020639029091,-0.06621403367677592,0.5657450039201385,-0.22074925568545758,0.6738409191853041,0.047409681176483594,0.16669742381878946,-0.27143695635989523,-0.3296596540854875,-0.40068860527648764,-0.2064559274504181,-0.18883114836687276,0.04839770824961933,-0.2981079867820823,0.17471020295273174,-0.0905498048702153,0.13528493488405796,-0.22503190548304197,0.806881210353061,0.021738892543348872,0.11549813913978595,0.37291431065916136,-0.05632606793194564,1.3928928654278292,-0.5268695268710061,-0.35987575129187926,-0.266345540659208,-0.6171170172076768,-0.637269542032211,-0.42324553013628435,0.19962220631918437,-0.08027492226822289,-0.16843734355117113,-0.2292358267572913,-0.08602139992103093,0.152201687479792,1.1330773155057454,-1.167311950766623,-0.2834378960767765,-0.7125838013277145,-0.7487599096573023,-0.5401520534880482,-0.5861004895947962,-0.6508684781053384,0.6186855708430163,-0.5339306220821073,1.0482015440630221,-0.6787501018767246,-0.04665657372979786,0.0750908125195775,0.47694316303740386,1.0849680349428452,-0.29066115429087425,-0.0535356401590872,0.0601562689394702,-0.033391746807131494,-0.23560842126493636,-0.12971948581709225
18093,Lawrence,Indiana,-0.18803129583698713,-0.41937915955250743,0.40400014099766224,0.1851667215883946,-0.2410658777958003,0.761667673603868,-0.6585109104687584,-0.2614661142597306,-0.38094441966162196,-0.5469950350336849,-0.5767104289755873,-0.6878791112904907,0.03700300100580642,-0.35693441851786023,-0.25334538698116177,-0.6620654537424118,-0.6245214793510901,-0.5156393305620954,-0.23146391066862196,-0.17271073349663127,-0.25311909891054973,-0.37170265185040446,0.3459929558092093,-0.2842502246770702,1.0732057545762972,-0.46780467606415993,1.6663139019913218,-0.6308554948419147,-0.33230804929669816,-0.4393312879467261,-0.5931332569295859,-0.37721700338950115,0.03948296657641272,-0.3622257961533364,-0.08602139992103093,-0.14594144181061156,0.20572927244462552,-0.13700658702399512,-0.40335667799715463,-0.0832090690386811,-0.08133606897026743,-0.14670884982890617,-0.14043587894057283,0.4761522959650908,1.2588378482113607,0.6981891718077059,0.18628943803738757,-0.10933072462442976,0.8757273987097088,-0.49853515400150705,-0.38192996252919614,0.6051264205596165,-0.588328603623195,0.2186267424616392,-0.17623874713259693,-0.049892059199304055,0.13620150832084907,-0.02637868257048672
18095,Madison,Indiana,0.05856953406872974,-0.07314304323838919,0.6088002645007164,-0.23580797041615847,0.0019350895601992295,0.2500610719867885,-0.05366004533220884,-0.29209909134310147,-0.37327883767739706,-0.3402831933307594,-0.3889374865801126,-0.2404567997037988,-0.10824519494544729,-0.21967274446771134,-0.1820027886588462,0.24262813085572155,0.07686297639124355,-0.4007173936644917,0.602189737071531,0.09636650758444144,0.26380895629616014,0.749039611073728,0.7817024347821174,1.8323135368913386,-0.4524635532699836,-0.4801572951358264,-0.5293577736166366,-0.6376624043852744,-0.6884464625055414,-0.4541517872709627,-0.5082726948834507,-0.3244394885539413,-0.2461278916946083,-0.38956887172256605,-0.08602139992103093,0.5700569459366034,1.5994096619418694,-1.8010918667682958,-0.4027460632357617,-0.3461124382227075,-0.3461867994016306,-0.16310231664803845,-0.23185426061323375,-0.3227653888493318,0.5489660158821075,0.008943211917464278,-0.6499705219755789,-0.2954336430434729,-0.14407830677012504,-0.047829037449226335,0.47694316303740386,0.845047227751231,-0.29066115429087425,0.4907891250823656,0.172149600914393,-0.01103241315632726,0.45364428615460956,0.5210046346263765
18097,Marion,Indiana,2.5041436950690072,1.2087833454590804,0.6310816193403418,-1.4279184317650155,-0.8316613541597346,-1.2818960137421445,1.3924172913123625,-0.26030812428146094,0.8712923616112509,-0.182049262204257,0.08044840607342324,0.12092275965468287,-0.3442391919588737,0.09406822478977217,-0.5387157802704237,2.190559792480733,1.3236827484281306,0.01875311006919621,1.065518240514046,3.838377884622636,5.6890337127108825,6.27568908487525,4.354743551746803,-0.5463812840560718,-0.5746059317698362,-0.5158687190947938,-0.5243740658401123,-0.634430620107222,-0.6546382601501848,-0.4546199092917747,-0.600224249794467,-0.32662942335608325,0.0054653521715521515,-0.21879361597249086,-0.08602139992103093,5.859909297932908,-0.7979813589614765,-1.7541012701793097,-0.43985207977260005,-0.3461124382227075,-0.3144047117498666,-0.16310231664803845,-0.2661361537404822,-0.11336626277944138,0.43487947140062017,0.10528942136448749,-0.44218813927297057,-0.2954336430434729,0.0033032893678055643,2.098146676589474,0.9063797258207039,-0.354556808206841,-0.29066115429087425,0.2186267424616392,2.3469987211479957,0.4298184555919558,-0.5654197232346018,0.6566394388875461
18099,Marshall,Indiana,-0.18543053410636948,0.44362370096634063,-0.2562279611440909,-0.2810958927003792,-0.1262687209915121,0.7404089069553654,-0.6158735948107467,-0.277134649526534,-0.3580881894373366,-0.33576723653623836,0.06795910937480862,-0.6190449095079227,-0.13913446157024134,0.5646796786759973,-0.6100583785927393,-0.3841274177009155,0.13098961921341803,-0.03478322782323843,0.797147829551582,-0.0816706956754405,-0.036057375590234905,0.04743018072703271,0.02417431876898024,1.732033066891317,-0.4221865152514762,-0.5166937861233749,-0.35300049410036466,-0.6082258915580245,-0.6754134466522508,-0.45491439854649185,-0.059781296243459965,-0.12857659542762603,-0.22431451173230096,-0.3158714060671558,-0.08602139992103093,-0.0050879071098389765,1.5143708583772892,-1.4701064252437637,-0.4050991640235685,-0.6647831887488004,-0.7063837927882844,-0.47457818621152376,-0.5632458941766305,-0.7108873358960713,0.3207929269191332,-0.6710386893721015,0.39150660613872923,-0.6343076138960578,-0.36889769070934086,-0.6829149289547128,0.04750660025410388,0.36520561336800217,-0.29066115429087425,-0.3256980227798136,-0.2012426060093511,-0.04936967839549119,-0.288840840418493,-0.03445218282412788
18101,Martin,Indiana,-0.2908756068399592,-0.3110463884151629,-0.0010011802641860061,0.2870596189692821,0.28173335956978424,0.7894397525948037,-0.6670633407692831,-0.30618651081398945,-0.4490629505100992,-0.721443769110102,-0.619460066100595,-0.6190449095079227,0.0695396951839228,-0.47458728198941663,-0.9667713702043169,-0.8059805639288029,-1.0700808748173611,-0.9572601972568586,-0.6216721078444153,-0.2270541364649329,-0.3341342776870692,-0.4495438869581848,0.23964997078886555,-0.2549767703614565,-0.38128096720131716,-0.4427849480586033,2.4942726846355523,-0.6114492572323836,-0.24103101810441144,-0.4455997785173336,-0.5801649465232057,-0.3736858772265994,-0.03997104169055321,-0.3190379606809354,-0.08602139992103093,-0.23743044982501804,-0.42358045383647586,0.5143203111813345,-0.48652687641175363,-0.011508150170309747,0.0034161647677692342,-0.048348048914121824,-0.08329939039515956,0.4894898199185869,1.4870109371743352,1.0187255993910702,0.30428930969565915,-0.03155637065826235,1.0861833220083639,-0.5651167394012758,-0.38192996252919614,0.6051264205596165,0.3046737443737671,-0.0535356401590872,-0.3330743290092435,-0.06458607986199108,-1.4321069179119026,-1.8380721394875383
18103,Miami,Indiana,-0.2168915504467917,-0.09004876624260835,0.9592664393397444,-0.3947713744594842,1.7125709550524024,0.44124068785925236,-0.3055906952886313,-0.15895225652310283,-0.39430411786073033,-0.45473322198661403,-0.4537077084138172,-0.2576653501494408,-0.1416742457149466,-0.14123750215334038,-0.039317592014215016,0.014130463761710503,-0.7198489173240566,-1.2569443028576017,0.10065203151061138,-0.13347847002369195,-0.0653750484670812,0.0062552178296453615,0.15032285379617438,1.9229114595147792,-0.5824437286486452,-0.5069814095568848,-0.21732371846041998,-0.6314381456857131,-0.6596522138494876,-0.45281366267319195,-0.5502930183997372,-0.31037747164841706,-0.171199647420758,-0.3701784738618186,-0.08602139992103093,-0.004586208766791755,1.6298006301010062,-1.5825462647461233,-0.458997086498711,-0.5691819635909726,-0.5792554421812298,-0.2778565843819527,-0.437545619376722,-0.6281946873843949,0.6123474294829334,-0.6654802542116962,-0.37549255964003464,-0.5037578054528491,-0.42884952642646523,-0.1605055665872965,0.47694316303740386,0.845047227751231,-0.29066115429087425,0.2186267424616392,-0.23726987272922515,-0.0511973983261974,0.5499861578116112,0.9828088491346444
18105,Monroe,Indiana,0.11381229055849365,2.550429107028051,-1.8885650027729248,-1.4091223536109918,-0.16955468122592376,0.13479163529939822,-0.3910043881615914,-0.2890428767485783,2.237176278787059,-0.11982247739284602,-0.4468410850658003,1.0846015846106343,-0.17908457973830827,-0.47458728198941663,-0.46737318194810806,1.9361484151287296,1.326938597977056,-0.8736394497779306,1.8635967589284153,-0.0015823660998183062,0.09496519329321837,0.023995158597232984,0.8126587616538872,-0.6421184827729376,0.0953917716692365,-0.4085020309573173,2.1890400033018467,-0.6258361812535256,-0.08679309442004568,-0.44247459323502697,-0.6007614798072584,-0.37717883888352255,0.1551626532713753,-0.057009885976044825,-0.08602139992103093,0.2577698023134308,-0.5890828730425497,0.4614310017153396,-0.43367891346534754,-0.21864413801227023,-0.1978703903600674,-0.22867618392456057,-0.1975723674859861,0.35744833277897453,0.5722058675357437,0.6981891718077059,-0.0035364424563533643,-0.21488163357851398,0.5709722338143267,-0.05807235827995999,0.04750660025410388,-0.354556808206841,-0.29066115429087425,0.2186267424616392,0.026094125858862,0.004606788994857575,-1.0947028559237066,-0.20399568815059002
18107,Montgomery,Indiana,-0.20862651710917565,0.2325534079941308,0.08734145911287543,-0.25774453374656753,0.35128718824884286,0.7058524246519867,-0.5973818899795185,-0.2920663121256535,-0.2862917952413398,-0.5667240862231098,-0.34755332556720353,-0.41254230416021886,-0.09307513289193733,-0.14123750215334038,-0.6814009769150549,0.0064268327996529285,-1.0056037580164947,-1.389576570731812,-0.39237466772496776,-0.15659362066043434,-0.21177060073568485,-0.22254395865896756,-0.04670181605691374,2.1583527961052997,-0.6836937742658163,-0.5005116690669941,-0.3916637048084707,-0.6369943728152849,-0.4518029476535125,-0.45505736689334897,-0.5750263034614012,-0.37278550736416693,-0.24933858324769068,-0.39683385790503495,-0.08602139992103093,-0.185776372163545,1.815808056212992,-1.6851608283509938,-0.3635475741629307,-0.48951427595944935,-0.44153306235692125,-0.3434304516584772,-0.39183642854039075,-0.42413057089590295,0.6630525603635944,-0.15225140773428553,-0.5242750065135072,-0.4398717289806401,-0.18154820409332736,-0.4319535686017383,0.04750660025410388,0.6051264205596165,0.007006295041446424,-0.0535356401590872,-0.22579729376855875,-0.055023088491724804,0.12289601065240574,0.3934433306188475
18109,Morgan,Indiana,-0.11446312701785981,-0.1308732584744192,0.9544279229455078,-0.35475089415085875,-0.16153755417261656,0.7614141038267126,-0.6528990359010672,-0.29761018758795793,-0.350832771085893,-0.5769925980465588,-0.5809394108063854,-0.9632159184207626,0.528005054710588,-0.35693441851786023,-0.6814009769150549,-0.683784218892547,-0.7591305058128223,-0.5403716354846527,-0.5681087215822535,-0.14820121438474376,-0.10130948796827205,-0.045237593689173274,0.5554652862494444,0.49051907760137387,-0.05439020606172192,-0.4720741232648819,1.2344639958152441,-0.6371289958074161,-0.474331418024687,-0.451089113116471,-0.6111378209241598,-0.35780993593807386,-0.08857267489478914,-0.3006253687576542,-0.08602139992103093,0.07415749555498788,0.4583668255445601,-0.4776500489543714,-0.43504907341774146,-0.2744115193543367,-0.25084053644634,-0.22867618392456057,-0.24328155832231657,0.1507167114997835,0.40952690596028984,0.5703451631183867,-0.23440575657036217,-0.2593241215591807,0.32679340292478887,-0.45756187067857246,-0.38192996252919614,0.1252848061763878,-0.29066115429087425,-0.3256980227798136,-0.09359126150404429,-0.03487580496322995,0.2040466248490936,0.417663831379771
18111,Newton,Indiana,-0.27995416484280466,-0.4769591873537599,0.4626320492673543,0.2090143644813198,0.18007546295013238,0.7144935778285068,-0.6247634997220893,-0.24451531445942443,-0.40264791394103844,-0.15024633985113797,-0.20991590881081149,-0.8599646157469105,0.39367106630009485,0.2705475199971068,0.10336760463041615,-0.7814214838635081,-0.7318444830455638,-0.18706957851301487,-1.0928490174668772,-0.2112198776181166,-0.2746603355320835,0.06397032410569356,-0.7122882463972123,2.0938004573748756,-0.547071652833383,-0.45219216201405565,-0.45409861535461726,-0.6335515471243918,-0.6250087064650985,-0.4517360395672538,-0.3551241071865186,-0.17926873956162478,-0.10463207569319931,-0.3854926605035032,-0.08602139992103093,-0.2988463097338413,1.8140676122974035,-1.6346527239105526,-0.43942762804821717,-0.6408828824593433,-0.5368793253122118,-0.3434304516584772,-0.47182751250396965,-0.6642060020588345,0.5447405883087192,-0.40423380167265316,0.5146369069995342,-0.537089671438349,-0.160939760565566,-0.45244021026320563,0.04750660025410388,0.6051264205596165,0.007006295041446424,-0.0535356401590872,-0.3170164615569568,-0.06364104764761429,-0.02111172840671437,-0.08450788439670218
18113,Noble,Indiana,-0.18107835850761064,0.47616046320138256,0.28495264823625005,-0.5805888436145593,0.04197167058327498,0.7258408704622493,-0.6067246029103125,-0.2923924804735933,-0.3837485949885864,-0.4942792799625894,0.05407323568065265,-1.1525099733228243,0.3609284436778132,0.17250346710414313,-0.6100583785927393,-0.6172878863551974,-0.8114850141367472,-0.6346175228004397,-0.598504196391967,-0.10997280659222294,-0.04589098524901336,-0.06550920222831418,-0.03350827048649846,1.4230299253840895,-0.24607798524716112,-0.5150591030972291,-0.37113262430970034,-0.6267207166533478,-0.6786123524871471,-0.4255156037810709,0.5761565224055153,-0.03513409190512199,-0.22134880281092803,-0.2588653194806526,-0.08602139992103093,-0.06855262203699433,1.2898049325272771,-1.2243789289147264,-0.4291141957978618,-0.6886834950382574,-0.7169778220055391,-0.5401520534880482,-0.5746731918857134,-0.7909124796170485,0.16233939291706773,0.13493440888664843,0.1657677212272534,-0.6593065133851839,-0.2365040535006915,-0.6880365893700796,0.04750660025410388,0.36520561336800217,-0.29066115429087425,-0.8700227880212664,-0.20592147181712694,-0.04696234087351802,0.3047698728150019,1.0619291516203264
18115,Ohio,Indiana,-0.3037036883490869,-1.1153305636502029,0.66375521770841,0.6969706747456619,-0.16312056855453574,0.7838985720147873,-0.6476332481595889,-0.3068467687475775,-0.48541510218022127,-0.7705220793794789,-0.5810602348221159,-0.8427560653012686,0.17655384333515367,-0.651066577196751,-0.39603058362579246,-0.5819332790965117,-1.3201190647702925,-0.7563450320197478,-1.872978190268392,-0.24139435320980443,-0.347712487254605,-0.3169609934772557,0.1852628747367692,-0.49487288888889447,1.3737854166316985,-0.5028108902875682,1.2268641631419692,-0.4772783563230042,1.0153111191303976,-0.4428749071230706,-0.5875263279322666,-0.38288156565137615,-0.2455173201680531,-0.3097820373365076,-0.08602139992103093,-0.21372131994008395,0.134352561747702,-0.038349853896439384,-0.6749089768229389,0.02035892488229943,0.07757436928855048,0.09919315245805703,0.14524656378649353,0.5735162208256129,0.766575535911611,0.675955431166085,-0.5447967233236414,0.07954984929340414,0.5903316807646483,-0.3352307173092361,-0.38192996252919614,0.36520561336800217,0.007006295041446424,-0.59786040540054,-0.3482900006161306,-0.056819400955294946,0.5756999777850658,0.1835323240241801
18117,Orange,Indiana,-0.26337138002438437,-0.07551718790772131,-0.1737692662612601,0.15611267360560252,-0.043634455471317724,0.7030054742790203,-0.5696059645836211,-0.26558339135241804,-0.4759665019542509,-0.6345953637575419,-0.5719376968030169,-0.0683712952473792,-0.5347916456264921,-0.10201988099615492,-0.39603058362579246,-0.3407807075427968,-0.4482121440830456,-0.11293357710934725,-0.6638025342810474,-0.23365987344643324,-0.3604337784552221,-0.4838878438729469,0.10388388632431815,-0.17274286635403854,0.3839276522515908,-0.47704687302576115,1.8227528386668552,-0.6068102270626694,0.06794764729811106,-0.43908881856943066,-0.6176680431861178,-0.38910831210322105,-0.08619659672587705,-0.22990402242227148,-0.08602139992103093,-0.2955075054601723,0.003634399805821157,0.1240468633179492,-0.43598733512427196,0.028325693645451865,0.01401019398502316,-0.13031538300977621,-0.11758128352240721,0.576183725616312,1.662366181469954,1.302205792571734,0.25811544687285737,-0.03711168165584618,1.2629163377161365,-0.5497517581551753,0.47694316303740386,1.0849680349428452,-0.29066115429087425,0.4907891250823656,-0.28826951003398193,-0.06082135029270436,0.0029693749098393136,-0.2427484893680668
18119,Owen,Indiana,-0.2599944900746072,-0.6222145348610196,0.6515416027640619,0.24875502269782204,0.024014385025270937,0.764454347687414,-0.6528742573781473,-0.27871203520920856,-0.3682494629020196,-0.6073369986128841,-0.6061000471433593,-0.4297508546058609,-0.1602764485045448,0.17250346710414313,0.03202500630810057,-0.9375605074127226,-0.09754348319733437,0.21735054270737605,0.20903562022260067,-0.2642925817852177,-0.3896925789956579,-0.4726750441202126,0.19536322189268152,-0.11388882253402834,-0.16360101033604887,-0.3458217199010258,2.071638104530258,-0.6187479122952323,-0.10318925766174936,-0.44269631245170793,-0.5969690490356572,-0.3588751250463391,-0.03631686831004351,-0.3006390691973911,-0.08602139992103093,-0.2819578484082093,-0.1861648011621746,0.302723786404535,-0.4511186667724468,-0.21864413801227023,-0.17668233192555804,-0.13031538300977621,-0.17471777206782046,0.12137415880209176,0.5891075778292972,0.8575309797393207,0.08881128318925062,-0.18710507859059716,0.5416208142444847,-0.49341349358614023,0.04750660025410388,0.845047227751231,-0.8859960529555155,0.4907891250823656,-0.2842644009025258,-0.059672030058759255,-0.34252382312188445,-0.6141295010355552
18121,Parke,Indiana,-0.27130546057420785,-0.19687031358002982,0.21511665111064587,0.07424093127405759,-1.352749509773066,0.649933169034943,-0.5112124493459625,-0.30110238038859694,-0.5763720116805441,-0.7203719747239247,-0.575293638541518,0.10371420920904087,-0.28609872788953916,0.13328584594695764,-0.1106601903365306,-0.8851780594543899,-0.9534764810834703,-0.7037066439483628,-0.690353803967463,-0.269574488826433,-0.3865547753110342,-0.404798828878686,-0.04915640894594448,0.9651193046453442,-0.5585416926436211,-0.48633529662294983,1.0501862903003747,-0.6333600014604914,-0.3453262028140744,-0.45142087844542245,-0.45619805611867775,-0.3790310267428161,-0.21766958198884198,-0.2988981409872781,-0.08602139992103093,-0.32537041376910814,0.6975494085655479,-0.5376990317212132,-0.404868321857676,-0.4417136633805353,-0.37796888705339393,-0.2778565843819527,-0.3461272377040603,-0.27475030261674555,0.5067117401482232,-0.05961082172753268,-0.31905783841216556,-0.3843186190048064,-0.07663249158835983,-0.20660051032559795,0.04750660025410388,0.845047227751231,-0.29066115429087425,0.2186267424616392,-0.30822019383833815,-0.06301580556991981,0.9898519606604557,1.4397689634907276
18123,Perry,Indiana,-0.2647684108188716,-0.1886920264374701,0.514526239871277,-0.08240480763947446,1.706595181739314,0.6182230666072209,-0.48605912818945896,-0.3188065001368254,-0.43235089789426556,-0.48300467149082305,-0.6013073479364198,-0.41254230416021886,-0.12451354203450549,-0.7295018195111219,-0.46737318194810806,-0.7572402450172033,-1.4491813402521279,-1.4859234798446768,-0.7877125281767606,-0.23219080878396658,-0.34743638211009176,-0.48371287203429686,0.08894693296432998,-0.47036536457365863,0.16663431303764603,-0.4760718059725948,2.2541749198212777,-0.5096328562871186,0.2533828053978234,-0.4412865125997713,-0.5712728301261732,-0.3549130613905498,-0.23356352417751494,-0.31419448231381497,-0.08602139992103093,-0.2953040009393203,-0.387734216008894,0.5044557627671745,-0.45225053803746773,0.10002661251382265,0.10935645694031451,-0.048348048914121824,-0.0033083064315806597,0.818926661569943,1.3919388167730955,0.7519207116916223,0.022115703556314686,0.054550949804278846,1.0537094109949217,-0.5446300977398085,-0.38192996252919614,0.6051264205596165,0.007006295041446424,-0.3256980227798136,-0.29723421692168045,-0.060510483281814915,0.1860548440407352,0.2804143270678729
18125,Pike,Indiana,-0.28462557808642536,-0.4263017067866246,0.23949189967336923,0.2734723279130416,-0.11375610530344209,0.7476011363358221,-0.6514929535537992,-0.31538908307845764,-0.39699045364507335,-0.5149729999471054,-0.5890448310466986,-0.8771731661925526,-0.2295370485588052,-0.31771679736067504,-0.46737318194810806,-1.3271362429863673,-1.434740024010546,-0.9935374446652981,-1.3693286562483442,-0.18632048159864378,-0.296057805158651,-0.3637888320639356,-0.1550491905161181,0.5247935386138569,-0.259191766923428,-0.4536817326036482,0.8644012864100767,-0.48340264749777057,0.11479597693578832,-0.40908706602312817,-0.20175049728473526,-0.06585271324636098,0.058529013301296645,-0.21794223257395864,-0.08602139992103093,-0.2954335629576522,0.3994447414389932,-0.2608001579296273,-0.4859460477362824,0.028325693645451865,0.10935645694031451,0.14837355291544918,0.03097358669566698,0.5655137064535154,1.560955919708632,0.903851272742697,0.1708981504297873,0.07121688279702958,1.072444359656523,-0.3352307173092361,0.04750660025410388,0.6051264205596165,-0.29066115429087425,-0.0535356401590872,-0.32122744078395504,-0.06329173014489808,-1.0790062675766208,-1.5070586290882555
18127,Porter,Indiana,0.17812256767662724,0.02440498239191414,0.8945666556854379,-0.467993766212377,-0.26750310383856557,0.4550540626743541,-0.3722312344385466,-0.28821362550320423,0.032377012383096294,-0.41968667121992526,0.04503907962275716,-1.1008843219858984,1.2590510314973802,-0.8667634935612711,-0.1820027886588462,-0.42726717882181525,-0.3014626740804109,-0.5590134953390734,0.5367847862965998,0.3089976352006663,0.6031553385978363,1.0071105720780058,0.15693833268441976,0.6167978627234607,-0.41493270607980387,-0.37224057172034336,-0.388797863962653,-0.6322693778268828,-0.6359338945422721,-0.40663403395031406,0.033792818332092585,-0.19482765620402534,-0.015211512392985566,1.2933592410329953,-0.08602139992103093,0.6352615342248775,0.41956413458284575,-0.6821723166270093,-0.35155122805800465,-0.704617032564562,-0.7275718512227938,-0.49097165303065604,-0.5861004895947962,-0.6321959445704438,0.6926305533773134,-0.3727360024303572,1.1072014798921574,-0.6620841688839746,0.05263865417668951,-0.3756153040327032,-0.38192996252919614,-0.5944776153984553,0.3046737443737671,-0.8700227880212664,0.24549550131708725,-0.0025499966656699047,-0.46584505686838545,-0.15878408673019997
18129,Posey,Indiana,-0.2464400697037755,-0.44800798541625947,0.4104544944505661,0.20832752285835104,-0.028606295191515686,0.7364020089657296,-0.602497608834697,-0.331873446242108,-0.401664240591503,-0.6021320614475095,-0.6136893493872897,-1.0148415697576887,0.8726606274285676,-0.8863723041398639,-0.8954287718820013,-1.2499296713647543,-1.5675659966666806,-1.6217554300080368,-0.3547103249354689,-0.16122599670926205,-0.24018450473751599,-0.26303122086049413,0.10637622085324522,1.6530919182312105,-0.553406075795836,-0.5184947991886865,-0.2006016925773627,-0.6382061569393966,-0.6068035593232777,-0.4542656750007289,0.049723009998266184,-0.28384383629960747,-0.11955906192281125,-0.14807844716485344,-0.08602139992103093,-0.16751890778061737,1.3772685396542939,-1.266685879855355,-0.4276099984588208,0.08409307498751778,0.18351466146109574,0.27952128746849575,0.11096467065924588,0.5561774396860679,0.9588324905007838,0.4072977317465016,0.08111563938545002,0.15176889226198773,0.700867877868096,-0.6163333435549441,-0.8113665253124961,0.1252848061763878,0.3046737443737671,-0.8700227880212664,-0.2726795291624728,-0.05820813196151366,-0.13154218095104592,-0.08450788439670218
18131,Pulaski,Indiana,-0.28473101437280174,-0.2854140659891325,0.2203669130098228,0.15319985276531506,0.5381608845953427,0.7291488014740239,-0.6282896637217831,-0.26363310703331516,-0.3508125140991386,-0.6114641264040408,-0.475877872776126,-0.5674192581709984,-0.22583033656382992,-0.2000639338891186,-0.6814009769150549,-0.5327352306735047,-0.6809674325786728,-0.5179285262691101,-0.49514023756754616,-0.22551656060340983,-0.29627094047123803,-0.130029565389821,-0.441224546315412,2.159138799785824,-0.7585100698533773,-0.49117366656068967,-0.33802313533615513,-0.6262308869145343,-0.65592614950289,-0.4551371999100796,-0.3316862219481172,-0.34247119381174973,-0.17115221761309032,-0.4055956404693198,-0.08602139992103093,-0.3012556192122499,1.782728739873822,-1.6031442381746264,-0.4164104301522976,-0.656816419985648,-0.6428196174847571,-0.3762173852967394,-0.5175367033403001,-0.42413057089590295,0.6334745673498758,-0.6599218190512911,0.4889847609868662,-0.5870874704165995,-0.11472688720028298,-0.3352307173092361,0.04750660025410388,0.845047227751231,-0.29066115429087425,-0.0535356401590872,-0.31956176455638685,-0.06494203017546214,-0.30821279227042114,-0.6851763032675966
18133,Putnam,Indiana,-0.21085825183747595,0.534561297832454,0.11433865135912419,-0.5494236302233533,1.0610653532076904,0.5147067016856282,-0.4139449069727808,-0.3016207693245673,-0.14682174576393325,-0.3476635572791286,-0.5562401834429226,-0.6878791112904907,0.574956739980275,-0.651066577196751,-0.39603058362579246,-0.0008768210661777083,-1.0124306830202117,-0.8920277248572341,-1.099868789238629,-0.19789215107605235,-0.2432103703606318,-0.2050809667420236,-0.1076382156569269,1.0041344165729822,-0.26710865871670963,-0.4746789865149389,0.8691623472392298,-0.6352508985103655,-0.4444510764321899,-0.4498148081360522,-0.6113004364747596,-0.36455624070439274,0.017172541162974595,-0.3615964819896614,-0.08602139992103093,-0.21448388677603525,0.8678336948602396,-0.7511263369759256,-0.38051819661676467,-0.39391305080162153,-0.3673748578361392,-0.32703698483934723,-0.3346999399949775,-0.12937129152363697,0.5595295848155782,0.488821447432444,-0.24210140037416278,-0.370430341510848,0.21063672122286098,-0.13489726451046238,0.04750660025410388,0.36520561336800217,0.007006295041446424,-0.3256980227798136,-0.23934728914787762,-0.054604202609134615,-0.7661234365133103,-0.5931384003760887
18135,Randolph,Indiana,-0.2486718044320758,-0.1675008930523401,-0.12508384626395677,0.216609284239544,-0.39953091120600354,0.7573992870299653,-0.6245682260681541,-0.29380201214616425,-0.4637654483948243,-0.17190040728239875,-0.4332630663942377,-0.20603969881251477,-0.358722825865166,-0.02358463868178615,-0.1820027886588462,-0.5787576756319256,-0.8778861735535003,-1.0061546396730965,-0.15218669102639582,-0.20731965788452658,-0.23401569193030236,-0.2726374974027502,0.048771561607132356,2.2728509724013795,-0.6360967268715155,-0.5049675160336323,-0.49584362127578047,-0.6382949467378753,-0.7015384133163665,-0.4545387923170956,-0.508356448564006,-0.39209780762922436,-0.2411710654439216,-0.4120445137702557,-0.08602139992103093,-0.19434644535948445,1.9500828141456448,-1.8120055758972309,-0.40250777454838893,-0.42578012585423075,-0.4309390331396665,-0.32703698483934723,-0.3118453445768127,-0.1893901493143698,0.8848875079664862,-0.00587928184361619,-0.5884053715451765,-0.3926515855011818,0.027658722627887357,-0.3551286623712359,0.04750660025410388,0.845047227751231,-0.29066115429087425,0.2186267424616392,-0.2664285644432843,-0.059503280030003027,0.28706371348549625,0.11571492189359558
18137,Ripley,Indiana,-0.23795537743620862,0.21402320462530824,0.1626222432987402,-0.2781641708568687,-0.11967078042378733,0.7550051901354501,-0.6582291432951906,-0.2875946063173095,-0.3098558407153299,-0.5980102419598552,-0.567689169482341,-0.9287988175294786,0.3773340763963149,-0.35693441851786023,-0.5387157802704237,-0.5283956409554171,-0.1916280323795634,0.09118209659240835,-0.18057723327169328,-0.18406720924638678,-0.216793569482354,-0.21982834130507337,-0.09458954485534558,0.5510580048303376,0.030952596306843796,-0.49039309547593496,1.1957346892943146,-0.6227979711623324,-0.2719385469774541,-0.43671162304424105,-0.5103585707753056,-0.39193594867875337,-0.1940221543648917,-0.37260721803956603,-0.08602139992103093,-0.2051661368737524,0.5565913136075072,-0.45255275898591646,-0.40632039354635413,-0.11507614409129027,-0.09193009818752211,-0.19588925028629833,-0.07187209268607675,0.5335036489651245,0.8384078046592139,0.3313324512209642,-0.4806663582919722,-0.11488603562201359,0.49228544943560115,-0.6624282872932454,-0.38192996252919614,0.36520561336800217,-0.29066115429087425,-0.3256980227798136,-0.25991558323886027,-0.057664691245842115,-0.578959847215894,-0.6900204034197809
18139,Rush,Indiana,-0.2723481082950411,-0.09563360261875405,0.34890479973189975,-0.08565534101757716,-0.3822812907716615,0.7434380949686908,-0.5992742557716372,-0.3071015648892308,-0.4832160178306493,-0.4274694297900663,-0.57560359446148,-0.6018363590622807,-0.09273191881832851,-0.16084631273193314,-0.9667713702043169,0.032485455244485734,-0.5102690003094518,-0.49340991042373306,-0.4809964918585883,-0.2297936421321899,-0.2628614155783547,-0.3338290149267285,-0.13557999802836085,2.327000089984111,-0.5873056677366253,-0.5128470763471528,-0.5369115876400221,-0.639049529846823,-0.6885681312875722,-0.45506880828751317,-0.5222052790105213,-0.38768977990940023,-0.248001273124157,-0.41555075878997566,-0.08602139992103093,-0.2789914502699902,2.0254766252779515,-1.848760986218157,-0.4358086186087423,-0.2744115193543367,-0.2826226240981033,-0.2614631175628228,-0.1975723674859861,0.14804920670908409,0.31868021313243905,0.11084785652489254,-0.41653599326030294,-0.2621017770579723,0.09947602583069289,-0.6675499477086123,0.04750660025410388,0.845047227751231,-0.29066115429087425,0.2186267424616392,-0.3078084536472539,-0.06239713631764529,-0.4234603767842358,-0.5075592976874933
18141,St Joseph,Indiana,0.47520980604223967,0.9239281631622038,-0.20751947545237368,-0.7478487742114894,-0.6095341745148518,-0.24047186389557423,0.34842508710968895,-0.23328553182407605,0.49306905916959015,-0.010798495546100951,-0.046299411451123026,0.13813131010032487,-0.12636689803199314,-0.31771679736067504,-0.32468798530347687,0.42345777178588034,-0.07085632900600826,-0.6746431870129052,0.46288008956512766,0.7641945330687071,1.459165821093106,1.8280098120585901,1.5906002559416534,1.0334202601678808,-0.5208335475980443,-0.47906534561724673,-0.349288539271494,-0.6136552119557784,-0.6555425331581622,-0.4480009844300457,-0.09883361166023871,-0.20381938251071194,-0.09507806470661215,-0.36409588415053645,-0.08602139992103093,1.660830976799883,0.7818626294439693,-1.4771785325410185,-0.3965431108425877,-0.704617032564562,-0.7805419973090664,-0.5729389871263104,-0.5861004895947962,-0.7042185739193233,0.3693853440131,-0.40238098995251814,0.768593152524944,-0.6898607238718915,-0.16905823831892675,0.295322210380351,0.04750660025410388,-0.1146360010152266,-0.29066115429087425,-0.0535356401590872,0.5555920115932396,0.0524182331776816,-0.6347702042222824,-0.1991515879984052
18143,Scott,Indiana,-0.2509914027323564,-0.005848464027177705,1.041274133902183,-0.5131847564588389,-0.4670837809385891,0.7437719816376945,-0.6556021325151855,-0.3238489455969026,-0.29213694311538246,-0.23380413530198582,-0.5251665600442189,-0.15441404747558876,-0.3535746147610337,-0.5138049031466021,-0.32468798530347687,-0.04394626979770396,-0.04545826729139432,0.2543998962385982,-0.36394203290969157,-0.15966797517596235,-0.2407445835079985,-0.18320787480658962,0.4567016958881011,0.17511215067067912,0.4184413418101583,-0.47683435803092317,1.1589165730687585,-0.6152783728235468,-0.16304291297544346,-0.44805069121968794,-0.27295872863163584,-0.3472242626822252,-0.16924257807532164,-0.306547710414056,-0.08602139992103093,-0.04448516593078468,0.3617582211111043,-0.33250320533437716,-0.5964375334624729,0.04425923117175617,0.08816839850580516,0.0664062188197948,0.06525547982291542,0.5828524875930603,0.8806620803930979,0.4091505434666366,-0.4319272808679035,0.06566157179944573,0.5659762475045664,2.897125701386699,0.47694316303740386,1.3248888421344598,-0.588328603623195,0.4907891250823656,-0.27251108999339285,-0.04497671529790832,0.03899694854091568,-0.0958107847517997
18145,Shelby,Indiana,-0.18990864749163344,-0.05796217621581531,0.7549970095593396,-0.3226023596109607,-0.16175575611609405,0.6907213497330185,-0.5841039010171848,-0.31203073294063016,-0.29908355897490446,0.0581548065535044,-0.3893819969978073,-0.7567133130730604,0.2797926366766875,-0.5530225243037876,-0.7527435752373701,-0.20857408439428107,-0.8673125692394581,-1.3184758777671457,0.035097412939323384,-0.12141766216932501,-0.08015647411900552,-0.08134096218000772,0.12855991892828422,2.0865811806025234,-0.39622358629417376,-0.5087194740527842,-0.5006933590837814,-0.6390532624401891,-0.6471374188503594,-0.45564524168724746,-0.5399733353552325,-0.37375386160121465,-0.20816355188485913,-0.3962654647532432,-0.08602139992103093,-0.04255307671853678,1.875215783914967,-1.8047524686538285,-0.4325321491573658,-0.21864413801227023,-0.1872763611428127,-0.13031538300977621,-0.15186317664965565,0.2187380836626141,0.382061626733265,0.3461549449820447,-0.22927532736782874,-0.18432742309180564,0.27620904153846554,-0.5139001352476075,-0.38192996252919614,0.36520561336800217,-0.588328603623195,-0.3256980227798136,-0.2051915687511139,-0.04822411441786636,0.3247774703542027,0.7777419426921618
18147,Spencer,Indiana,-0.2615233162270649,-0.42722264070411364,0.498532476424777,0.14531400314648737,0.1769484845286355,0.7585929856714401,-0.6113885102942881,-0.31690056101855835,-0.5101789449040681,-0.5618056686662714,-0.4849239376245961,-0.9976330193120466,0.23757730562280233,-0.5726313348823804,-0.6100583785927393,-1.2638787672528409,-1.2703462897513558,-1.167036943066609,-0.36039451876253575,-0.1948301518734934,-0.25325115046074803,-0.355586341622014,0.3149039518976643,0.9766391042174001,0.2862692175311029,-0.511443772617383,0.3418598015839959,-0.6183655171735296,-0.33372511211098216,-0.44691985748603397,-0.2967750139999717,-0.33500184603459043,-0.19536226148672267,-0.3289484612020107,-0.08602139992103093,-0.15355203117551114,1.0911561810293116,-0.9945514166023377,-0.4411775605961114,0.11596015004012696,0.18351466146109574,0.13198008609631925,0.07668277753199744,0.8362654427094884,1.3306701169589636,0.8408556742581051,0.2298980862589226,0.12954764827165552,1.1242777176202865,-0.7443748539391147,-0.38192996252919614,0.36520561336800217,-0.29066115429087425,-0.59786040540054,-0.2920126026802026,-0.0603174442833314,-0.8663216904706379,-1.0904660160003772
18149,Starke,Indiana,-0.2535628766056473,-0.10272898730609875,0.08840314102213853,0.050615907340429776,-0.06291463628879916,0.7903450591735913,-0.6589318897454962,-0.2665270245339581,-0.5372797858231243,-0.5596528084121297,-0.4040502653173634,-0.20603969881251477,-0.11812976026538138,-0.23928155504630408,0.24605280127504683,-1.0576719812309143,-0.9566068797512048,-0.6277318364246625,-0.717130886084265,-0.2157332083012157,-0.21576572601983537,0.038534483467182926,-0.11414056259729034,1.5145987774718475,-0.49141591662351924,-0.40178620369797075,0.026609852884463485,-0.6018338872813089,-0.6919624676965425,-0.4532252023485996,-0.1256319579921847,-0.1978948163351765,-0.2242430995103075,-0.3382065274573706,-0.08602139992103093,-0.12795232446266983,1.2689542729059475,-1.1784626773672036,-0.5074441552502001,-0.6727499575119529,-0.6746017051365212,-0.42539778575413156,-0.5518185964675486,-0.47881441910523737,0.5193880228683885,-0.5765452916452137,0.5248977654046011,-0.6176416809033078,-0.13720882559420455,-0.6573066268778787,0.04750660025410388,0.845047227751231,-0.588328603623195,0.2186267424616392,-0.2695166158764163,-0.055483217081987626,0.8154090720783401,0.5678309360974945
18151,Steuben,Indiana,-0.2195918908923204,-0.20665752359350048,-0.37924737491479277,0.37926143722281214,0.27378322007526007,0.7355596221146241,-0.6262715377233863,-0.31165864440694263,-0.32071943175738826,-0.3633141504763573,-0.43296347912540606,-1.0148415697576887,0.25549308026518286,-0.2588903656248968,-0.9667713702043169,-0.7607807819936411,-1.3931632288575602,-0.8880680952641813,-1.777692421406278,-0.01931819991191342,0.1198012099038703,0.16725185606689508,0.11871208203979419,0.8129647907646664,0.291115773489977,-0.5103752235309817,-0.5917405552626992,-0.6198825300682241,-0.6838732881913334,-0.4540423538978716,1.5599374776854238,0.02166635490860677,-0.19055455486960016,-0.029889988509955723,-0.08602139992103093,0.12178480022104621,0.932191279724239,-0.9588743725690587,-0.4998189172542695,-0.7444508763803236,-0.8123240849608296,-0.704086721679357,-0.6546642758492923,-0.7922462320123981,0.0841689828093819,0.5481114224767658,0.5377238384109351,-0.750969144845309,-0.03041961822307637,-0.6624282872932454,-0.38192996252919614,0.36520561336800217,0.007006295041446424,-0.59786040540054,-0.22731324629027813,-0.04844790962157318,-0.8820942946624504,-1.195421519297711
18153,Sullivan,Indiana,-0.26037523221985526,-0.4107481543718474,1.3446591253732847,-0.29124957529616957,1.999502063212689,0.5134930014631645,-0.34843184293855595,-0.2917492379664338,-0.5169370427056516,-0.5476483407259016,-0.5749055040252066,-0.01674564391045318,-0.16110016228120597,-0.47458728198941663,0.24605280127504683,-0.3401931724865888,-0.9338237438479748,-1.7338138022624177,0.661641880046556,-0.2023018339671782,-0.30345708088923395,-0.3424105626066574,0.05662229095060865,1.1871165705538231,-0.19730667776858266,-0.4688511908590923,0.2825314869541708,-0.6096521464692126,-0.311025367766885,-0.42852613738490297,-0.3911957616505501,-0.288125698794782,-0.09588766935694226,-0.17190733089666632,-0.08602139992103093,-0.2360090925573906,1.0795869146017436,-0.947704110050588,-0.40157695936333876,-0.14694321914389946,0.0034161647677692342,0.16476701973457913,-0.04901749726791112,-0.11470001517479098,1.0792571763423529,0.8630894148997253,0.2786371636829916,-0.03433402615705466,0.6240545883555306,-0.20660051032559795,0.04750660025410388,1.0849680349428452,-0.29066115429087425,0.2186267424616392,-0.2935847015916153,-0.061374268451168994,-0.0683103801789091,0.062429820219564364
18155,Switzerland,Indiana,-0.28942292911655115,0.06827555800624055,0.5922294800692813,-0.3578416467767738,0.6803601930279842,0.732550294255323,-0.5878334162708746,-0.3158019987999476,-0.5121688486364208,-0.5402692651181696,-0.5658000109307615,0.00046290653518882833,-0.2223981958277417,0.13328584594695764,-0.46737318194810806,-0.39761728094569954,0.39300046833058033,1.668435994817932,-1.2987042794902366,-0.253348581739357,-0.3921142947667353,-0.4441464545721711,0.18470215968887263,-0.5193625303346926,0.987792554430428,-0.5019639247338095,1.581224556679474,-0.46947562548022337,0.8040022072094039,-0.44239894804199714,-0.5514208790720011,-0.3984294872361817,-0.1720353648475502,-0.3040118557633466,-0.08602139992103093,-0.27347419436687664,-0.06441646041728835,0.18069482923532895,-0.5735245868672789,0.06019276869806104,0.13054451537482312,0.13198008609631925,0.16810115920465915,0.5628462016628162,0.7813645324184697,0.709306042128516,-0.5088837189059067,0.11843702627648785,0.6096911277149698,-0.4626835310939393,0.47694316303740386,1.3248888421344598,-0.588328603623195,0.762951507703092,-0.3387263989050367,-0.06082667655696324,-0.20570532422474636,0.3772963301115657
18157,Tippecanoe,Indiana,0.25234678449987435,3.042021744938625,-1.9856298462728645,-1.813677130922241,0.4844329530900738,-0.10278683710678342,-0.2489461036106584,-0.30127633874673754,2.656209450966067,-0.23413186739969227,-0.07578399136115158,0.2757997136654609,-0.3084762854888344,-0.3373256079392697,-0.6814009769150549,2.0397435980151553,0.8301854212212796,-1.3622453966445172,1.3529130455787532,0.2702199241485515,0.5184920428510729,0.46824663406063477,0.29827785845228705,1.6366225429637742,-0.46506971101063715,-0.4774054544286655,-0.3233935945363863,-0.636130151355286,-0.43740051719167927,-0.4552834734812029,-0.4603442316511166,-0.33899522857380326,-0.21645811462056772,-0.35539146608505223,-0.08602139992103093,0.4548005648267035,1.4010232348543492,-1.5584564624491588,-0.36530495323230533,-0.529348119775211,-0.4839091792259392,-0.294250051201085,-0.4261183216676392,-0.5134919813843275,0.5785440088958261,-0.38570568447130266,-0.38318820344383475,-0.46487062846976535,-0.29270889948549544,-0.36537198320196956,0.04750660025410388,-0.5944776153984553,-0.588328603623195,-0.0535356401590872,0.09219714199111924,0.010496569910747168,-0.41959892774423063,1.7401031729261744
18159,Tipton,Indiana,-0.276545058249968,-0.5647874032843141,0.2044350143659645,0.41851546351361113,-0.10724604262337119,0.7550975440367461,-0.6313780946962493,-0.30717158403907424,-0.41532987317578074,-0.5474702235961485,-0.49201197481278036,-1.1525099733228243,0.9773409198792585,-0.5334137137251949,-0.8954287718820013,-1.2489859460633839,-1.2246828745829976,-1.5322933120227376,0.7023780188317541,-0.1845149949551163,-0.167156147902716,-0.1690946203241774,-0.12054076004004588,2.538584273336134,-0.78851103301359,-0.505542637730593,-0.7647227100528591,-0.6388508905220566,-0.709497643002873,-0.454868739911951,-0.4879783172073138,-0.3872310805917342,-0.262701360571025,-0.42556865394036697,-0.08602139992103093,-0.17996957446278866,2.142765429688931,-2.0055426149861564,-0.5458830991320303,-0.4974810447226015,-0.4733151500086845,-0.31064351802021495,-0.38040913083130873,-0.3227653888493318,0.6905178395906193,-0.5172553166008919,-0.6191879467603777,-0.4426493844794316,-0.2721004559577341,-0.647063306047145,-0.38192996252919614,0.1252848061763878,0.007006295041446424,-0.59786040540054,-0.3102601793305284,-0.05873048767473957,-0.10696126286887167,-0.2847306906870005
18161,Union,Indiana,-0.3002506499702601,-0.2708340299646497,0.43444032355534284,0.033155224273725754,-0.2900840831110345,0.7538867890244993,-0.6189103187450636,-0.3024118412841148,-0.3704258967170457,-0.2700506796364171,-0.5727766665984776,-0.8427560653012686,-0.1273965402528196,-0.21967274446771134,-0.5387157802704237,-0.052993558391587876,-0.253914363693703,-0.46774145604215495,0.18144489283379886,-0.2527308956312737,-0.34304520510318703,-0.3077236721592307,0.047656251439573534,1.607573344195935,-0.46653175594556007,-0.4892445529366963,0.20095879392569518,-0.6186236456157814,-0.6367631735523466,-0.4540948148914443,-0.5891738853389711,-0.33740254890036614,-0.25815940363202766,-0.23152588394650409,-0.08602139992103093,-0.24900209812821633,1.3717591014241164,-1.2261505172347857,-0.6169080210120953,-0.29831182564379344,-0.27202859488084863,-0.294250051201085,-0.20899966519506893,0.3361082944533806,0.4306540438272318,0.12381753856583799,-0.614057517557844,-0.27599005455193065,0.17691381363197814,0.4336070415952553,-0.38192996252919614,0.6051264205596165,-0.29066115429087425,-0.3256980227798136,-0.34510837186684296,-0.06195917732414663,-1.0385154771134544,-1.450544127312768
18163,Vanderburgh,Indiana,0.2105207954515063,0.35720383321402877,0.17408146014044668,-0.41578060252306953,-0.7124181033988799,0.10990023631986197,0.07541869605986574,-0.3145956590443489,-0.012694609170940407,0.37949802225111695,-0.4980107685977996,-0.01674564391045318,-0.2827352299681727,-0.23928155504630408,-0.6814009769150549,0.841995597739711,0.5270459540531272,-0.3229834044751462,0.9483175171607929,0.9156140157649322,1.5964247737689365,1.6281091416350888,1.6741418918201276,0.6798697288816389,-0.2889050753272073,-0.5103725409629676,-0.024970590995524143,-0.6327364212900316,-0.14521238323242625,-0.4515235714547909,-0.41808178893448167,-0.36178371738919124,-0.227740563541306,-0.3044538357773084,-0.08602139992103093,1.687846635433104,0.5386918846737876,-1.2524263930696795,-0.564112183716052,0.10799338127697508,0.2152967491128598,0.29591475428762803,0.16810115920465915,0.7175614795233721,1.250386993064584,0.7611847702922978,0.4120283229488634,0.18510075824748917,1.0624523870370024,0.02899586878127606,0.04750660025410388,0.36520561336800217,0.3046737443737671,0.2186267424616392,0.320020475903341,0.0898602920473795,-0.08612828997432286,0.19806462448073453
18165,Vermillion,Indiana,-0.2755199832435309,-0.1536259328943666,0.06905310725271602,0.10714293474060167,-0.06148241516538878,0.7885961138369838,-0.6395451083334692,-0.3061572571606091,-0.48697450953690485,-0.37283731157019645,-0.6080224730481867,-0.39533375371457685,-0.3431409069233255,-0.6118489560395658,0.9594787844982022,-0.1897337596529744,-0.9702883232746472,-1.5272203731177878,0.07188512412290247,-0.18573489925152625,-0.2317169852399575,0.02444060355561572,-0.08415791968208827,1.3542764449646447,-0.48795070197480134,-0.39773484111867324,0.2983325579244988,-0.6319693481166654,-0.5287329320972596,-0.44231589915616837,-0.3983101639768676,-0.3366608784268215,-0.0865449450083097,-0.282923985795541,-0.08602139992103093,-0.12312099161164657,1.1126647814113908,-1.0286006080253711,-0.5464266952000996,-0.4337468946173832,-0.33559277018437594,-0.21228271710543062,-0.3232726422858955,-0.34143792238422654,0.360934488866323,-0.204130135898067,-0.2113188251589613,-0.3537644085180981,-0.17342972633996706,-0.6880365893700796,-0.38192996252919614,0.845047227751231,-0.29066115429087425,0.762951507703092,-0.3050572805522817,-0.05841459920877656,0.9751669772210962,0.7922742431487158
18167,Vigo,Indiana,-0.007418937274228103,1.1017321307327665,-0.6534066442907782,-0.6895964734382106,0.22592615354921508,0.22845048143264468,-0.11363316658384391,-0.2930526842664345,0.21250489130693173,-0.3402959508180984,-0.5003558597593238,1.0846015846106343,-0.5244265806035056,-0.2981079867820823,0.3173953995973624,1.2096885932737833,0.6287883873857244,-0.8690158341380197,1.3459300290432574,0.09724779804830891,0.22215825702505615,0.48502464496567405,0.7218787167735563,0.8318802972484655,-0.2935456732287494,-0.46080613232467804,0.32188908704884406,-0.6258027921791501,-0.1096642674964304,-0.4252653497601511,-0.29594816926279904,-0.31310959846083014,-0.03221893706670277,-0.22881303067688874,-0.08602139992103093,0.45061350933928507,0.6862655586405478,-0.861746401378264,-0.434431012134868,-0.24254444430172756,-0.11311815662203072,0.05001275200066485,-0.14043587894057283,-0.21073018763996373,0.55530415724219,0.5351417404358204,0.045202634967715566,-0.1398849351111389,0.256849594588144,0.25947058747278323,0.04750660025410388,0.6051264205596165,0.007006295041446424,0.762951507703092,0.03464709255547626,-0.01631294793501976,0.42039640544514467,0.8956150463953206
18169,Wabash,Indiana,-0.2301296619584942,-0.09085177211948686,-0.49880134479185073,0.3321118209782293,-0.6791577792684339,0.7238941690246419,-0.6271070305217871,-0.239077358060495,-0.4000338017503926,-0.5799372549181276,-0.5057975808781382,-0.6190449095079227,0.2850094905955416,-0.2588903656248968,-0.6100583785927393,-0.2941294149927152,-1.0478303495651813,-1.8569010891477795,0.4993737837924405,-0.1655185404244318,-0.2119683154361805,-0.1323057835448983,-0.03393443528750786,1.8261806245135033,-0.5281042717012567,-0.494582133430856,-0.1231305137437996,-0.617995719068209,-0.6859404889142844,-0.4378123126784997,-0.5531448384986851,-0.2946974241547785,-0.18070341179874286,-0.25273728872127327,-0.08602139992103093,-0.15318941548506596,1.5591447659870317,-1.4496962662932833,-0.42643344806491734,-0.5771487323541248,-0.5686614129639759,-0.2614631175628228,-0.437545619376722,-0.669541011640233,0.6355872811365699,-0.5376362455223773,-0.30110133620329854,-0.5009801499540576,-0.38013865990630213,-0.7699831560159488,-0.38192996252919614,0.845047227751231,-0.29066115429087425,-0.3256980227798136,-0.22583472469502097,-0.05548861774855318,0.03297274383551941,-0.4655770963685602
18171,Warren,Indiana,-0.29670389044798756,-0.4740740105434565,0.4843243499927873,0.19555315966782913,-0.18762151253096226,0.7785957228477245,-0.6569973073020176,-0.3242007896086109,-0.37460630353841373,-0.4990141736063083,-0.5439176033246106,-0.8771731661925526,0.5757118109422144,-0.6902841983539365,-0.7527435752373701,-1.5179434163059915,-1.2807744330605237,-1.5002270219197336,0.9091877837969792,-0.26133953400611903,-0.3656554756420447,-0.22758892952107565,-0.49955315859079297,1.9637051748247127,-0.46440454105632883,-0.4997927545725426,-0.11122795378518449,-0.6390093677248795,-0.6542257594273543,-0.45414329341954784,-0.5257390176344338,-0.36724693394915353,-0.22788142607455328,-0.3795131158306388,-0.08602139992103093,-0.37906703507007206,1.7233780969401509,-1.5118485552589345,-0.46709890186938746,-0.5612151948278201,-0.4733151500086845,-0.294250051201085,-0.437545619376722,-0.536165772105271,0.4137523335336782,-0.6395408901298056,-0.13692760172222523,-0.47598125046493145,-0.37764066675142155,-0.3352307173092361,-0.38192996252919614,0.1252848061763878,0.007006295041446424,-0.3256980227798136,-0.34115940912508014,-0.06617106916893284,-0.462668898684329,-0.6480382021008477
18173,Warrick,Indiana,-0.13640266094134731,-0.047959875445166084,0.7777005977631186,-0.34312407184246374,-0.4466391633545978,0.5608676061866259,-0.5482144085937741,-0.32826066730295606,0.4025606532509968,-0.47580623440153713,-0.5596852800718349,-1.4106382300074543,1.642077937644826,-0.8275458724040856,-0.7527435752373701,-0.8512472312083258,-1.1347940532499112,-1.1686058340789716,-0.3475817476711396,-0.0780225096897904,-0.0502313174557725,0.057117199102442916,0.21033566043425464,0.38769830919945686,0.24283926634910985,-0.4311573197250343,0.5568393681123439,-0.5623904121435696,0.0611595426166164,-0.3742877757177101,-0.1881371672900757,-0.20778147308347397,-0.07843219279201866,-0.16583886291164088,-0.08602139992103093,0.04545730938103362,0.49161869491505655,-0.4975873985756526,-0.4487953520705617,0.10002661251382265,0.2047027198956051,0.21394742019197363,0.09953737295016307,0.7775803373141049,1.4722219406674757,1.00390310562999,0.5838977012337369,0.1489912367631962,1.2797777915115784,-0.49853515400150705,-0.8113665253124961,-0.5944776153984553,-0.29066115429087425,-0.8700227880212664,-0.134802711538934,-0.03718347231205804,-0.24357291373163398,-0.01669048226611767
18175,Washington,Indiana,-0.23879886772721975,0.01070533813752114,0.7299298585183812,-0.3733805285846942,-0.07064231418529962,0.7973382993242406,-0.6631180324294562,-0.3201507125946262,-0.49196983911826003,-0.6957089007349174,-0.6047494577968205,-0.41254230416021886,-0.2590534588891639,-0.18045512331052588,-0.46737318194810806,-0.7686369889864167,-0.3723953583572828,-0.3494708061839236,0.31648996538366764,-0.23982587339969375,-0.3661836496580554,-0.5223532877103251,0.16431839342906207,0.2754121423056792,0.6732521082502861,-0.4926633372022247,1.2785523162040449,-0.6287389148817267,-0.37821499353691046,-0.4453865366747312,-0.49649860254708805,-0.3893185044012217,-0.21185163011108346,-0.3869944240240881,-0.08602139992103093,-0.2953033211823704,0.5758141406200112,-0.4323264086095039,-0.35528193531968555,0.02035892488229943,0.03519825241953252,-0.048348048914121824,-0.026162901849746293,0.5908550019651583,1.1701038691702044,0.7889769460943233,-0.1471884601272921,0.0017754953272375235,0.8526209620270669,-0.36025032278660274,-0.38192996252919614,0.845047227751231,0.007006295041446424,-0.0535356401590872,-0.2630784965249167,-0.059536034398541646,0.33488957913670486,0.5597574358438533
18177,Wayne,Indiana,-0.1279501853168399,0.06401845863811688,-0.04742344148721094,-0.0353612581267896,-0.7563542451675401,0.43451164225429806,-0.24837863867856508,-0.27978099388852307,-0.13497503377002776,0.3425618499362693,-0.46984810023654644,0.12092275965468287,-0.5379492151036932,-0.08241107041756218,-0.32468798530347687,0.5741248103146983,-0.2877806048128739,-0.6423299479284721,-0.14099470535821568,-0.03790850034369952,0.0063657995098857206,0.14559753695190772,0.48135526085433744,1.5062718987376453,-0.23173260494919834,-0.47056410268441945,0.024910434361413585,-0.6263102488981357,-0.6687850516681673,-0.45404899999501547,-0.565775535569119,-0.34853782374309766,-0.2348592117136358,-0.39751271464224364,-0.08602139992103093,0.1751347912967887,1.378258164147267,-1.4155828777597639,-0.43886169241570666,-0.37001274451216454,-0.3673748578361392,-0.3762173852967394,-0.3004180468677298,0.2827581986393957,0.44966846790747966,0.1423456557671885,-0.5217097919122405,-0.3620973750144734,0.18628128796277874,-0.38073696444807004,0.04750660025410388,1.0849680349428452,-0.588328603623195,0.4907891250823656,-0.07886219194116591,-0.03680233653167828,2.1019190454421217,2.2002926873837145
18179,Wells,Indiana,-0.2380373834367236,0.3031423413149377,-0.27319845051416713,-0.14322153457522424,-0.31011645111364367,0.7474428833676576,-0.6199201968913461,-0.32470699707026507,-0.3812183397599135,-0.5410566119279517,-0.463448507046877,-1.2213441751053924,0.4059581301352907,-0.592240145460973,-0.8954287718820013,-0.8977471688564237,-1.2787963627335182,-1.4312056975521183,-0.21492715876092433,-0.1583521388454745,-0.198909830702903,-0.11153836030252216,-0.10968361214095555,2.319404387938832,-0.7354804993063364,-0.4984091427881836,-0.5251390150572969,-0.6310924783553535,-0.7051242558646048,-0.4546363857791389,-0.5444739641344674,-0.33927585835737684,-0.2322924184327854,-0.400736761732947,-0.08602139992103093,-0.16124846256554254,1.9509508466662628,-1.8271389823196658,-0.4642766702283155,-0.5134145822489063,-0.5156912668777032,-0.31064351802021495,-0.38040913083130873,-0.5401670292913199,0.8553095149527672,-0.09296143268996365,-0.6063618737540439,-0.4593153174721823,-0.17905021093844725,-0.7034015706161801,-0.38192996252919614,0.1252848061763878,-0.29066115429087425,-0.8700227880212664,-0.2647067418260227,-0.05490017236217075,1.485359058566521,2.205136787535899
18181,White,Indiana,-0.25032071079957324,0.01101114128487566,-0.4903308498659625,0.23404903618924602,-0.11449110712230383,0.7232395259236684,-0.6290165067965598,-0.23137563825364113,-0.39463790066966964,-0.4725979265510736,-0.0683610326264482,-0.7222962121817748,0.17662248614987544,0.17250346710414313,-0.8954287718820013,-0.731205664104117,-1.2038831555941187,-1.0864326454403177,-0.8332567634459052,-0.17316485699780126,-0.26509246618443133,0.06328335489763956,-0.4644581894811254,2.4026344153970625,-0.7300593349329575,-0.5146319186554544,-0.6127841032303167,-0.638415724080539,-0.6620044824529251,-0.4556371787023292,-0.5639615937902442,-0.37357607026081474,-0.18009448526618943,-0.36196266859567955,-0.08602139992103093,-0.22071500691047735,2.035354244112914,-1.8835240700060363,-0.3610902220743984,-0.6090158074067342,-0.5686614129639759,-0.35982391847760714,-0.48325481021305244,-0.5254957529424741,0.5088244539349173,-0.8081467566620958,-0.02918858846902096,-0.5398673269371405,-0.3751426735965414,-0.442196889432472,0.04750660025410388,0.1252848061763878,-0.29066115429087425,-0.59786040540054,-0.271088714787829,-0.0609795521156178,1.0002935905686752,1.0570850514681416
18183,Whitley,Indiana,-0.22143702590390726,-0.11963111140103554,0.3608042155006756,-0.0694730192833215,-0.07923143741711107,0.7727485693703422,-0.6545578346119185,-0.291658840524133,-0.4097377329574932,-0.5198710151662015,-0.5436862976347625,-1.1697185237684664,0.7979772450112879,-0.6118489560395658,-0.7527435752373701,-1.3037073088115911,-1.1184577826855306,-0.8335641896937674,-0.5896517978151667,-0.10743469640185162,-0.030104203352670313,-0.08241897344506492,-0.09705008003760279,1.8849709398344152,-0.4935647743503744,-0.5134570464420541,-0.31160497724577657,-0.6298748063147795,-0.6910357580037076,-0.4536241855947622,-0.2943537899731834,-0.23357687988468637,-0.24271137335173748,-0.32565166032452053,-0.08602139992103093,-0.0864023261716332,1.6326598036230262,-1.5500033060599583,-0.48833638113149114,-0.6488496512224958,-0.6428196174847571,-0.4090043189350016,-0.5061094056312173,-0.7335611266170149,0.1285359723299604,0.10343660964435247,-0.1625797477348928,-0.5870874704166004,-0.3101948515696568,-0.5804817206473762,-0.38192996252919614,0.1252848061763878,-0.29066115429087425,-0.59786040540054,-0.24342726013225816,-0.04986208498276778,-1.1049953334723803,-1.2567801212253829
19001,Adair,Iowa,-0.2999636289684577,-0.5664576734118053,-0.48206444252910974,0.761943055040886,-0.10919454663500701,0.7760145270713603,-0.6449176608416708,-0.326330311268713,-0.428604202127982,-0.4461345335499749,-0.5192957969050664,-0.6534620103992067,0.15479407106835433,-1.3177661368689038,-1.252141763493579,-0.3417571652612116,-1.3467443147601375,-1.0573380748674508,-1.530541273613631,-0.2674921305389307,-0.35175543179046015,-0.2373785064099331,-0.5771310231036356,1.9157302362162816,0.689001134052487,-0.512102181917219,-0.7019114313390011,-0.6353865353830057,-0.664756229630342,-0.45222677625416785,-0.5816724097896798,-0.3822172975280087,-0.22453678470016084,-0.39087657826805816,-0.08602139992103093,-0.4006827748132824,2.1980392726395963,-1.9639918588890093,-0.3152866684484516,-1.1188890082484828,-0.7699479680918118,-0.47457818621152376,-0.7460826575219532,-0.929622728733409,0.018674855421861772,-0.028113022485236727,0.6608541392717396,-0.8537423983006008,-0.2783454388449346,-0.5386799334337206,-0.8113665253124961,-0.1146360010152266,1.197676092370729,-0.8700227880212664,-0.34151500292647113,-0.06826622584472675,0.31802528836536,-0.1684722870345696
19003,Adams,Iowa,-0.310360818319463,-0.8435791389777797,-0.4738991298301422,1.0131832248954873,-0.045727223112576154,0.7562999450812363,-0.6661327915406104,-0.30701598250228834,-0.36732124529479987,-0.7274284069650837,-0.5984092987142238,-0.3437081023776508,-0.16041373413398832,-1.1412868416615691,-1.6088547551051564,-1.2674390823184454,-1.4288700858555758,-0.30318678552861705,-3.090134370228502,-0.2755411033702505,-0.3957932708832919,-0.13559409104716516,-0.7762490578975927,1.4395127922811501,1.4100044029205727,-0.4998361679394939,-0.577520552765436,-0.6180554956439791,-0.5884349572184302,-0.44772466820880635,-0.544085434406603,-0.3438748847794804,-0.23448393545212956,-0.36642851228290585,-0.08602139992103093,-0.4348115863111356,2.0553864692080137,-1.8105672882163952,-0.42306017383429567,-1.0551548581432642,-0.6746017051365212,-0.32703698483934723,-0.6775188712674571,-0.8762726329194243,0.2658623684650839,-0.45425971811629995,1.1508101281136924,-0.7648574223392673,-0.20465464077596932,-0.9236329684769536,-0.8113665253124961,-0.1146360010152266,1.4953435417030498,-1.1421851706419928,-0.3574605775993712,-0.06911910163304993,0.9439240015427244,0.21582632503874474
19005,Allamakee,Iowa,-0.2808240142054099,-0.28660285882836367,-1.1476266092305527,0.8355798995698325,0.45063306253420626,0.6691259944255393,-0.5905224127073693,-0.2711427892371698,-0.46549578688554494,0.6268280776444571,-0.19136084931871863,-0.2576653501494408,0.03556150189664936,-0.6118489560395658,-0.46737318194810806,-0.9551865968627413,-0.8949261556716893,-0.30710475387417874,-1.2873789090876566,-0.25742449671423323,-0.35229395309347433,-0.1725954362184157,-0.7054673845338862,0.2266058797731959,1.2309157451519792,-0.418476668915229,0.7259786090694653,-0.6065019654430479,-0.43713118363324516,-0.4498440295008723,-0.37542897403339626,-0.004558164859313499,-0.14876976926035737,-0.09973132206066539,-0.08602139992103093,-0.41139470453021176,0.7800925644283454,-0.580809701577757,-0.24942218595430454,-1.326024996090443,-1.108956903043956,-0.7204801884984869,-1.0431923979581024,-0.7775749556635524,-0.08273540633946022,0.5369945521559557,2.1076351743861976,-1.1287302926809775,0.3055604611083076,-0.6521849664625118,-0.38192996252919614,-0.5944776153984553,1.197676092370729,-1.4143475532627192,-0.31317979159458054,-0.06654313913211522,2.1044976600448173,2.074346083426914
19007,Appanoose,Iowa,-0.28451721301431626,-0.4259748575417839,-0.686898551628704,0.7345299465705639,-0.24278586808865898,0.7376849740492298,-0.6125133858945878,-0.2924823364778655,-0.3471601866335121,-0.3222123254186335,-0.5413893904985865,0.8264733279260047,-0.9644270229700161,-1.0824604099257908,-0.39603058362579246,0.0680004153595947,0.18936289517529598,0.49198035586739775,-0.1864024740919875,-0.2675786081453526,-0.38284517195528306,-0.1100658299182951,-0.6239106581155904,0.09423010229843441,2.45739802626722,-0.4657776430262242,0.24604518706708692,-0.6287312735950649,-0.5113367164585354,-0.44018905036255485,-0.46664809999339246,-0.09597845589635431,-0.155113442126223,-0.08351809470149422,-0.08602139992103093,-0.37897777579984737,1.2047165788761138,-1.0076335087680737,-0.3555574566144605,-0.8719191765907609,-0.5368793253122118,-0.21228271710543062,-0.5861004895947962,-0.5495032960587672,1.1848928656770632,0.24610311209475177,0.7788540109300113,-0.623196991900891,0.36551229682543196,-0.5386799334337206,-0.38192996252919614,0.1252848061763878,0.6023411937060877,0.2186267424616392,-0.3138909791973625,-0.06585402349831049,1.416368841325328,0.8859268460909516
19009,Audubon,Iowa,-0.30481369814177167,-0.6671185680328793,-0.9805935020464596,1.1029562277500449,-0.630007483434907,0.7721655306829585,-0.6523181271051451,-0.34583134777496716,-0.3822985481969382,-0.6198141681364585,-0.5648672290084226,-0.6190449095079227,-0.17331858330168007,-0.9648075464542345,-1.1094565668489478,-0.6401294812938103,-1.3989122574056687,-1.4793281529091684,-0.7524217071305132,-0.25479407062005693,-0.3516911437536495,-0.2766888244638574,-0.5855853921784774,2.39517668778652,-0.12748704622986515,-0.5151982374667793,-0.7866542040009197,-0.6369799315269725,-0.6977903160853038,-0.4550272683057396,-0.6193674192146036,-0.3904682819921544,-0.24069466486831534,-0.40663101841051225,-0.08602139992103093,-0.413821585082536,2.300665969366613,-2.0580952250256,-0.4098128121206623,-1.198556695880006,-0.844106172612593,-0.5401520534880482,-0.8260737414855321,-0.9963103485008901,-0.367951767543178,0.020060082238274712,0.8865930241832155,-0.9315167522667682,-0.3526607352026198,-0.04270737703385951,-0.8113665253124961,-0.1146360010152266,1.4953435417030498,-1.1421851706419928,-0.34742908930749977,-0.06829644716659784,0.06599657022069345,-0.6771028030139554
19011,Benton,Iowa,-0.24580159441405178,-0.24476216692525385,0.5165629365024268,-0.031762783867320954,-0.03912767034325842,0.7709088495262134,-0.6301554876590164,-0.341692921262542,-0.4709679250891019,-0.46334309593696427,-0.5886655878225123,-1.1525099733228243,0.9816654172067297,-1.4354190003404599,-0.8240861735596857,-1.3845528910873313,-1.362856001698318,-0.8132773610754145,-1.529716994411848,-0.231802098081525,-0.20367020082422607,-0.04280183269963517,-0.6372044363179058,2.1753284891073803,-0.282476869133235,-0.4149319283840624,-0.6951547628508143,-0.637807058896953,-0.6336200828949821,-0.45410205520949737,-0.4380545265875231,-0.21907003057397467,-0.2209191495981734,-0.3825006205961295,-0.08602139992103093,-0.2981383097504385,2.014067301349682,-1.8294022741572256,-0.2049217735874279,-1.3021246898009862,-0.9394524355678843,-0.6385128544028326,-1.0089105048308546,-0.7749074508728531,-0.036255703032187545,-0.5265193752015669,0.8250278737528131,-1.0537335942136017,-0.35016274204773973,-0.6368199852164114,-1.240803088095796,-0.5944776153984553,1.4953435417030498,-1.4143475532627192,-0.2782941681318038,-0.06342295024883905,-0.5864759466660867,-0.4833387969265704
19013,Black Hawk,Iowa,0.06342838959924178,1.2690706976736097,-1.1017213412523532,-0.6204936500471153,-0.3620517102717525,0.03240470896906773,0.04509127890155223,-0.30184013722804093,0.40468682260589434,1.1117500818004407,-0.37241984050564875,-0.13720549702994866,0.2943449133977016,-1.2001132733973472,-0.6814009769150549,0.7554469650604083,0.13155319867303172,-0.7239066968408695,0.6616753076018649,0.17710357035692606,0.3943285928402888,0.6108836939439446,-0.06827843691296732,1.8800899574056018,-0.4476640849503281,-0.42191024055709225,-0.7935099304436123,-0.6320307519789858,-0.6627360030918904,-0.455497600147412,-0.10595425533726364,-0.08630562802165971,-0.14605625396060468,-0.3252407322827506,-0.08602139992103093,0.34718804486219507,1.64862322777563,-1.7527184955695354,-0.3135367359005574,-1.3100914585641386,-0.9606404940023929,-0.5565455203071782,-0.9632013139945235,-0.6775435260123308,-0.15245496130036904,-0.3375325797477912,0.8558104489680145,-1.0370676612208516,-0.2677289679366933,-0.36537198320196956,-0.38192996252919614,-0.354556808206841,1.197676092370729,-0.8700227880212664,0.1155727555667674,-0.022948891616512535,-0.7909943421993416,-0.7093968040285196
19015,Boone,Iowa,-0.2440765396175047,-0.43620594487067277,0.7355844425298863,0.0355340987937008,0.27615305678541235,0.7229758425154436,-0.6061880178734386,-0.3012342830657871,-0.397130438381422,-0.39530655811111737,-0.5104187683312267,-0.9976330193120466,0.5665136737694979,-1.4354190003404599,-1.1807991651712635,-0.8061824721188859,-0.8897362013632351,-0.8211206886023347,-0.3195013220203856,-0.2245906426774901,-0.2830401768231913,-0.2210759117452569,-0.2210889302308373,2.058221213819431,-0.40466744352867384,-0.45805981491489706,-0.4162540115852918,-0.6370309841282528,-0.6111866129569745,-0.45478826396181543,-0.5499206224027944,-0.16774680090686409,-0.2038304161298856,-0.3771217216615977,-0.08602139992103093,-0.2684556997384929,1.8434711219857332,-1.6763600566158894,-0.31276229766659563,-1.1905899271168539,-0.7699479680918118,-0.42539778575413156,-0.8146464437764492,-0.918952709570612,-0.1693566715939227,-0.1485457842940155,0.8147670153477462,-0.8870742642861007,-0.33205229167485845,-0.559995078985909,-0.8113665253124961,-0.354556808206841,1.7930109910353704,-1.4143475532627192,-0.2645570181201739,-0.061323229577362706,-0.34230882145217206,-0.49787109738312424
19017,Bremer,Iowa,-0.2475090764962028,0.45008325541982647,-0.6322857972149857,-0.09976353847141455,-0.25717779534382257,0.703623118157284,-0.59994077322623,-0.35352921287802014,-0.17965005926897307,-0.5506596593837632,-0.5860260440236461,-1.3418040282248862,0.7898773928741196,-1.5922894849692015,-1.252141763493579,-1.367701357141828,-1.43410463112781,-1.2443366541969874,-0.6690932311675818,-0.20000753634703305,-0.1346698762360151,0.026334587019604755,-0.49051215604056325,2.014895069344329,-0.3682517579080158,-0.3995032739070756,-0.703168384600686,-0.635005122212277,-0.657847777826186,-0.45528176646811847,-0.0788083424581944,0.011360165530664693,-0.18755100227510435,-0.37328207352360177,-0.08602139992103093,-0.2070007954923085,1.8172886413363807,-1.6774370030372492,-0.41273929506245993,-1.3339917648535953,-1.0453927277404296,-0.6057259207645703,-1.0203378025399368,-0.7375623838030638,-0.1334405372201212,-0.15595703117455556,0.9686798914237522,-1.0898431156978938,-0.20153214933236882,-0.7546181747698484,-1.240803088095796,-1.0743192297816841,1.7930109910353704,-1.958672318504172,-0.2755991414265249,-0.058958236289997516,-0.3479548248076672,-0.32025409180302095
19019,Buchanan,Iowa,-0.25889326663912043,0.28178768227763273,0.045306658474083765,-0.28216904707428936,-0.19266327669867972,0.7726588024510124,-0.6362225166906904,-0.3406741462880107,-0.3838430661846297,-0.5546060221780412,-0.5765885246461135,-0.8599646157469105,0.8363485784407543,-1.3765925686046818,-0.9667713702043169,-0.9530184809767762,-1.0801168113407016,-0.6979113326945311,-1.0647242138590538,-0.2189698941774871,-0.13738953488347436,0.029460215611201893,-0.7571950241436348,2.2922598185434326,-0.43428299984242424,-0.4623709129506912,-0.7185169759442586,-0.6366547197118294,-0.6893652482656921,-0.45580311213417707,-0.37557675595400797,-0.32177144735381696,-0.18807035451356952,-0.39362353975071374,-0.08602139992103093,-0.2833593423817362,2.060510899232292,-1.8809362779812955,-0.3131122841761744,-1.3578920711430524,-1.0453927277404296,-0.7204801884984869,-1.07747429108535,-0.697549811942575,-0.07217183740598941,-0.3356797680276562,1.3406360086074334,-1.131507948179769,-0.134710832439324,-0.6880365893700796,-0.8113665253124961,-0.5944776153984553,1.197676092370729,-1.4143475532627192,-0.29764595711276476,-0.06316172834597115,-0.13235719198706392,0.25296442620549364
19021,Buena Vista,Iowa,-0.263447528453434,1.1328469852756622,-0.9068541113354421,-0.5920406899841383,0.1777962890078896,-0.1536915082417811,-0.44874623590752066,-0.26684098296581943,3.008019154304472,6.952159434680619,1.1966406189691232,-0.7395047626274167,0.0910248961918351,-0.31771679736067504,-1.39482696013821,0.8666011511631669,-0.5170284679122057,-0.19348367185292575,-1.2163006794569875,-0.203424031525209,-0.24835647694627208,-0.2287166896089576,-0.4609524999405648,2.4427299539919574,-0.5003240090317186,-0.4904128953021109,-0.8028477754391071,-0.6379206518998871,-0.6539111849088665,-0.4537003444558892,-0.5968886393060688,-0.1769878169135257,-0.20449799758375717,-0.3361014799660599,-0.08602139992103093,-0.3215499547570793,2.178785071730789,-1.9794367611667334,-0.3078624865324918,-1.4136594524851185,-1.0665807861749381,-0.5893324539454403,-0.9860559094126891,-1.06699922545442,-0.02991756167210506,-0.4134978602733286,0.23246330086018932,-1.1120643596882276,-0.5912190814936771,-0.3756153040327032,0.04750660025410388,-0.8343984225900698,0.3046737443737671,-1.4143475532627192,-0.31087778961715484,-0.06381624305161897,-1.3198389659714633,-1.1970362193484392
19023,Butler,Iowa,-0.2786215673344364,-0.46363638021232245,-0.5585461001853809,0.7053049996717551,-0.14441460422661845,0.7746795285955728,-0.667659033334518,-0.36127397805071026,-0.2855996355281319,-0.4775921031929961,-0.5996272067066366,-0.6878791112904907,0.09322146626293155,-1.2785485157117182,-0.6814009769150549,-0.781474574702668,-1.359064274559427,-0.9953638749474766,-1.4459630598654662,-0.2564113162261394,-0.3093808478354117,-0.20317743540176794,-0.5037607267808257,2.2075979694002714,-0.3361720975289793,-0.41632171675811563,-0.7535200247906423,-0.6370638836390073,-0.6676423025373595,-0.4555087605686198,-0.29525682678803544,-0.06424058864689704,-0.1917473364837857,-0.383314269433625,-0.08602139992103093,-0.35388140347737507,2.021544378849415,-1.8126055196558248,-0.3067455083104317,-1.326024996090443,-1.034798698523175,-0.5893324539454403,-0.9974832071217719,-0.8269237942914883,-0.0425938443922704,-0.5135496931606215,0.6326367786578053,-1.0759548382039354,-0.4188575538069447,-0.5386799334337206,-0.8113665253124961,-0.5944776153984553,1.4953435417030498,-1.1421851706419928,-0.3079581773531027,-0.06569755989246552,0.20776999721784004,-0.1926927877954925
19025,Calhoun,Iowa,-0.29259480406504096,-0.40280169186855963,-0.9795394548559401,0.858921274744383,0.822081455505659,0.6636668272436679,-0.513985967946486,-0.32123678178219095,-0.5033373515898831,-0.589823128299903,-0.5520143145415584,-0.5157936068340706,0.08821054078824275,-1.298157326290311,-1.1094565668489478,-0.8841576371677874,-1.6504478599007684,-1.7403982197386074,-0.7977383296103545,-0.25435670562945206,-0.29568001602114286,-0.2964101938718142,-0.39036175481963614,2.5678841227123566,-0.609688998621497,-0.4951249176799586,-0.8204583782739148,-0.6393997489025706,-0.7100335687415309,-0.45620951754236083,-0.6111099284288267,-0.15592573271153787,-0.2390933124735908,-0.39235905899883616,-0.08602139992103093,-0.3505256261631286,2.2525290571191903,-2.0386224573891134,-0.3138420432812539,-1.3658588399062048,-0.8864822894816117,-0.5073651198497859,-0.8832102300309453,-1.0790029970125665,-0.20104737839433587,-0.19671888901752693,0.18372422343612085,-1.0092911062329348,-0.5862230951839168,-0.5386799334337206,-0.8113665253124961,-0.1146360010152266,1.197676092370729,-1.1421851706419928,-0.3287884879293208,-0.06735530339527555,0.4442094506087495,-0.06513148378796407
19027,Carroll,Iowa,-0.26185134022912476,0.09934431577936119,-0.6998945258989221,0.25703578985089426,-0.25290598678041937,0.7237681129378043,-0.5896402597784525,-0.3427810118084267,-0.42067793987999175,-0.5403710495252103,-0.49690090641626017,-1.083675771540258,0.38831692675179724,-1.4354190003404599,-1.5375121567828411,-0.5196879062428437,-1.1770804724684174,-1.5569366561079618,-0.09092788135843051,-0.18082028264373315,-0.18983127753415865,-0.24968459649915184,-0.39259022687694695,2.4877472734951915,-0.49588531972303074,-0.49596663190083623,-0.7992245653347161,-0.6382708544443403,-0.7035913637908018,-0.45559669140059084,-0.5899543430719868,-0.2977888723400163,-0.22584698840548034,-0.4111303195170943,-0.08602139992103093,-0.28782126174037026,2.2251187094826776,-2.039045078853768,-0.3153536871417752,-1.254324077222072,-0.8229181141780844,-0.47457818621152376,-0.8032191460673664,-1.0736679874311679,-0.3109084953024345,-0.34864945006860165,0.6916367144869412,-0.928739096767976,-0.5437572115509538,-0.40122360610953733,-0.8113665253124961,-0.5944776153984553,1.4953435417030498,-1.4143475532627192,-0.28611723176240506,-0.06349149050147157,0.7143602786190465,0.6065837373149713
19029,Cass,Iowa,-0.2833164108639185,-0.5013853938716561,-0.7611356765792526,0.8409756071524694,-0.4084682026207403,0.7473777490958988,-0.657126091586401,-0.3159107095614906,-0.469832877026296,1.1928397122275225,-0.498385319261154,-0.03395419435609518,-0.13934039001440662,-0.8863723041398639,-0.8954287718820013,0.2899581970548736,-0.607612374901194,-0.47767493920120446,-0.8619783768619957,-0.2439330408074802,-0.2813142901519105,-0.057856549302039234,-0.6966653720020018,2.0847938920177915,0.3746757302557627,-0.5039519965387076,-0.774556780691767,-0.6352212638647071,-0.6922659515690982,-0.45569399208421923,-0.5692561852743653,-0.32568606500893493,-0.24409964063759898,-0.3937220668747441,-0.08602139992103093,-0.3453756243066937,2.2222761870558965,-2.011433409039526,-0.31933757613378977,-1.0870219331958735,-0.6957897635710297,-0.3762173852967394,-0.7118007643947055,-0.9909753389194915,0.054590989795663264,-0.052199574846992614,0.9712451060250189,-0.7981892883247672,-0.22901007403605111,-0.5386799334337206,-0.38192996252919614,0.1252848061763878,0.9000086430384084,-0.59786040540054,-0.3092308288528177,-0.06613581188313532,-0.07614192455218073,-0.7998200068692997
19031,Cedar,Iowa,-0.2663558126859828,-0.525055051265054,0.49604203414381864,0.23668539232773422,-0.12143561734210354,0.7672595581269963,-0.637134199048189,-0.32417715489582033,-0.36103211291350196,-0.2788017961436313,-0.5358856468709599,-1.1525099733228243,1.0507200888168249,-1.494245432076238,-1.1094565668489478,-1.1829920062134267,-1.6781738474578767,-1.0232676105776621,-2.2873185318433915,-0.23587249472703514,-0.2384793279698131,-0.16437536225518612,-0.5541228422648002,2.079359363237047,-0.18005482073363743,-0.4607506365773476,-0.5550099345249548,-0.6374331101299093,-0.5881314006336437,-0.4550084676144118,-0.4893465808418034,-0.3039773844381243,-0.2240071470940278,-0.3793233047696192,-0.08602139992103093,-0.32864297632896733,1.965918076576138,-1.7694207229512102,-0.30665615005266683,-1.0949887019590256,-0.7699479680918118,-0.3434304516584772,-0.8146464437764492,-0.5655083248029628,0.5912202916159914,-0.31344602738603533,0.6454628516641394,-0.8398541208066425,-0.03853809597643711,-0.6316983248010445,-1.240803088095796,-0.8343984225900698,2.0906784403676912,-1.6865099358834457,-0.3016884971706831,-0.0641929438082288,-0.6746920621269221,-0.7433055050938121
19033,Cerro Gordo,Iowa,-0.19658335017640557,-0.4544384691533814,-0.46580737906193764,0.6506456280983295,-0.49080025456691306,0.6239340548358949,-0.5087997601716239,-0.310265538849116,-0.15536443282692056,0.20082221348431065,-0.33687818527521246,-1.0320501202033303,-0.07776778520898385,-1.3765925686046818,-0.9667713702043169,0.3092031433554399,-0.6474516262988439,-1.2547447448427098,0.00892804110943485,-0.06472228858207546,-0.008638730626969448,0.0959133005007436,-0.4793869741918978,2.2078493003377893,-0.48009039708101814,-0.37685494007422154,-0.7820248575292569,-0.6380319351899724,-0.6948411271629399,-0.4560070108105334,-0.5753334908835046,0.07510367009959537,-0.044794505172394083,-0.29676819005662736,-0.08602139992103093,-0.11376128281628177,1.9566710045837163,-1.8532020158713365,-0.3116453194445355,-1.4375597587745756,-1.0983628738267022,-0.7204801884984869,-1.07747429108535,-0.8976126712450181,-0.11020068556648506,-0.7043893003345325,1.1944187763352276,-1.1731727806616443,-0.39949810685662324,-0.49853515400150705,-0.8113665253124961,-0.5944776153984553,1.4953435417030498,-1.1421851706419928,-0.17021236797218164,-0.05545022405532484,0.14215826122882877,-0.34608929261467236
19035,Cherokee,Iowa,-0.28800539682193527,-0.6896327847982696,-0.9276002089848704,1.0973065476060198,-0.002467471957612118,0.7100378849210114,-0.6026636278270406,-0.31032275868312936,-0.4044847776630461,-0.017477034947047467,-0.4060388937485958,-0.7395047626274167,0.28686284659302924,-1.2589397051331257,-1.1094565668489478,-0.3724972289228867,-2.1183972366568735,-2.0606472464288803,-1.9487805405983076,-0.19533399769074447,-0.27655280404405536,-0.45431941984116975,-0.30475334689818273,2.2782323296348066,-0.2289864763751294,-0.4299892535898224,-0.7548362904491916,-0.6240341866688968,-0.5929825961636835,-0.4493481468288485,-0.5885397788417597,-0.28241993325695725,-0.19768585720986806,-0.3974461784439294,-0.08602139992103093,-0.36338869490346376,2.1395926303574284,-1.923269890145627,-0.3101560151484553,-1.4056926837219665,-1.0665807861749381,-0.6221193875837026,-1.0203378025399368,-1.041657929942777,0.14543768262351406,-0.15780984289469058,0.25811544687285737,-1.1231749816833936,-0.4350945093136658,-0.5386799334337206,-0.8113665253124961,-0.5944776153984553,1.4953435417030498,-1.1421851706419928,-0.32017937484301323,-0.06681765404693883,0.5471457796644149,-0.011846382113932855
19037,Chickasaw,Iowa,-0.2859611043805263,-0.14479567639612795,-0.6859450436809487,0.47501014887033194,0.10646737313801598,0.7814690195942466,-0.6374447297321119,-0.3619336589191814,-0.4973196893287594,-0.6034622673381352,-0.4968155991357737,-1.0320501202033303,0.3012778376845998,-1.00402516761142,-0.8954287718820013,-1.1194939450109889,-1.3593078385186992,-1.161235929739333,-0.8521182765861623,-0.23309643254078583,-0.2868934035183989,-0.22804153976453181,-0.46434455570816024,2.2067839747899796,-0.4375249778090383,-0.3422818593664571,-0.6880616674179526,-0.6355810321783939,-0.6873593884803948,-0.4548275109136457,-0.3666635771789846,-0.14317865374519956,-0.20630417523061137,-0.40332507331597817,-0.08602139992103093,-0.34004844040126025,1.974882262607573,-1.7732117785019124,-0.36339119721184227,-1.4136594524851185,-1.1725210783474835,-0.7860540557750114,-1.157465375048929,-0.7882449748263494,-0.044706558178964566,-0.029965834205371744,0.9866363936326197,-1.2148376131435195,-0.15219678452348534,-0.559995078985909,-0.8113665253124961,-0.354556808206841,1.4953435417030498,-1.4143475532627192,-0.3237914592466162,-0.06595321308197866,-0.13828168816423048,-0.3541627928683135
19039,Clarke,Iowa,-0.29339436257006196,0.2303347772187092,-0.26445309877693113,-0.08050067482532246,0.4298474666935642,0.6481599748954194,-0.6043979198885873,-0.19366861777704442,-0.2521142372838109,0.5704208178421462,0.4060074902928442,-0.4813765059427885,0.13632915390819966,-0.9059811147184565,-0.8954287718820013,0.13960139259236343,-0.03199400496397635,0.5236329933631813,-0.7870987747672615,-0.263835992528318,-0.33833025253342686,-0.12746367925144414,-0.7471247432118078,0.36424976237841916,2.683237280797542,-0.49753676243729555,0.022775136737381737,-0.6142195390405114,-0.4088684479355736,-0.4450133587117714,-0.5718926128813105,-0.369770886385326,-0.23141115497785117,-0.38987662667148176,-0.08602139992103093,-0.4043680714079209,1.572773634503069,-1.3545044559737478,-0.41845822355940787,-0.9993874768011979,-0.6110375298329939,-0.19588925028629833,-0.597527787303879,-0.7535674125472592,0.5700931537490495,-0.2560088640618488,0.17602857963232071,-0.6870830683730992,-0.22776107745861082,-0.5241434560783412,0.04750660025410388,-0.354556808206841,0.6023411937060877,-0.8700227880212664,-0.3372104463833173,-0.0663374460869366,0.4791107369960188,0.6146572375686123
19041,Clay,Iowa,-0.2740028722340039,-0.2524403635966418,-0.32847221344027544,0.39615335756647563,-0.3992795333556521,0.7326004438132067,-0.6130876794758572,-0.32269594440474675,-0.33395775841995706,-0.48810906762509576,-0.40694841358549955,-0.7222962121817748,0.09967389084677743,-1.160895652240162,-0.9667713702043169,0.48410260332001737,-0.6129279587908676,-0.8072933657200423,-0.5812687981937765,-0.20149427794490316,-0.2461390027524,-0.3915036987406356,-0.35341012827097595,2.2441767088633675,-0.3223652261444727,-0.42592642249860374,-0.7924458624373468,-0.6381507663731494,-0.5831644361967714,-0.4533618479625642,-0.5820455112375157,0.3803819352007798,-0.2207615469582914,-0.3612214850476477,-0.08602139992103093,-0.347192296543033,2.0638081358222444,-1.8565831360220526,-0.3135367359005574,-1.5092606776429467,-1.077174815392193,-0.5893324539454403,-1.0089105048308546,-1.0536617015009238,0.411639619746984,-0.6265712080888601,0.727549718904676,-1.1537291921701027,-0.4057430897438237,-0.6931582497854465,-0.8113665253124961,-0.5944776153984553,0.9000086430384084,-0.8700227880212664,-0.3028675713542426,-0.06503874908150829,-0.010394532629123607,-0.3347863922595748
19043,Clayton,Iowa,-0.2695130437058092,-0.7687541159328529,-0.9232399183316267,1.1680279961954978,0.2953472915461145,0.7740639477815685,-0.6318924599510234,-0.34252750693418754,-0.5104635748236973,-0.1758156263349451,-0.5580176766512925,-0.6018363590622807,-0.1715338701189142,-0.8863723041398639,-0.32468798530347687,-0.3572673704848739,-0.25257242351656684,0.09011211195883514,-0.4608808251714332,-0.26648598065755896,-0.31758547389985536,-0.15937641380098924,-0.6884606866090808,0.8535425085407978,0.646755265119497,-0.38867346944830344,0.43387986520268734,-0.6354304287985747,-0.5285821912177642,-0.448496435562017,-0.5052087960766534,-0.13836388730234353,-0.12354568110256217,-0.2486892896000497,-0.08602139992103093,-0.39369729479024584,1.1330665928325416,-0.9316189926617574,-0.1495792259450876,-1.270257614748377,-1.0453927277404296,-0.704086721679357,-1.0203378025399368,-0.7348948790123645,-0.24752708170160817,0.07935005728259659,2.4359826433483436,-1.0842878047003108,0.20251824346950023,-0.5804817206473762,-0.38192996252919614,0.1252848061763878,0.9000086430384084,-0.8700227880212664,-0.29068380479079425,-0.06625917837362928,1.5504698999003048,1.165269954866932
19045,Clinton,Iowa,-0.1849297117460816,-0.13041640750771308,-0.01858755897649599,0.1294070417496199,-0.43734297963308233,0.5980942224435442,-0.4279041917460784,-0.292615131601422,-0.3389508457035853,-0.49316238311591504,-0.4650552388866813,-0.2404567997037988,0.07846326109775219,-1.298157326290311,-0.32468798530347687,-0.2043899289064619,0.016852999407382628,-0.2067532872714643,0.592057743814246,-0.11601912850719569,-0.08489941942735181,-0.0034912885249282657,-0.5647776222826559,1.9192695933602981,-0.2433018321304099,-0.44136067861572637,-0.7071487030960998,-0.6349687889678324,-0.508951313179006,-0.4553895052784676,-0.18342155781260236,0.022602707770018302,-0.1855598460884847,-0.23861326750143627,-0.08602139992103093,-0.20489438409204663,1.779671304780457,-1.641774048199639,-0.21108749337319996,-0.9914207080380457,-0.7275718512227938,-0.2614631175628228,-0.6775188712674571,-0.4508056188028955,0.7412229704712803,-0.3338269563075212,1.391940300632769,-0.7454138338477251,0.2343676561942224,-0.4882918331707734,-0.38192996252919614,-0.1146360010152266,1.4953435417030498,-0.8700227880212664,-0.17689378834568556,-0.0572138379939562,-0.164417701115911,-0.30249239124501076
19047,Crawford,Iowa,-0.27164812850493114,0.6393011391484921,-0.48339294785869313,-0.3482375679303522,0.42878628194125806,0.37955973614270944,-0.4437949267039095,-0.184335432276666,0.246285651283359,0.30612298427008966,1.370907352488034,-0.3437081023776508,0.1616583525405308,-0.06280225983896945,-0.39603058362579246,0.30275576235575563,-0.7101366475455898,-1.0335136939875829,-0.400846903004797,-0.22591329407914298,-0.2978455291998182,-0.35548415154585483,-0.40914193794756226,2.3424025027200015,-0.22299378745229714,-0.43785364691752116,-0.7427077967738939,-0.6390996577043966,-0.7084047385549741,-0.45172960131111106,-0.6228220017572743,-0.3572965183225954,-0.2438073278957862,-0.4061501836975523,-0.08602139992103093,-0.3706368179851993,2.2054878163246543,-1.9842053160618198,-0.2075280561055683,-1.2144902334063106,-0.8547002018298476,-0.47457818621152376,-0.8032191460673664,-1.006980367663687,-0.29400678500888083,-0.6821555596929116,0.7326801481072095,-0.9231837857703928,-0.6099540301552787,-0.47804851234003976,0.04750660025410388,-0.354556808206841,0.3046737443737671,-0.59786040540054,-0.31426528846198454,-0.06596848161235977,-1.9576114618920677,-2.3418585553147397
19049,Dallas,Iowa,-0.04720649145265259,0.9650085642322569,1.7455166624495204,-1.7583416996977463,-0.3453325980525996,0.34695139394925106,-0.49303569284006443,-0.3134036156657618,1.2856289933882472,-0.2850005021094281,-0.2525992170587473,-1.754809238920294,2.870166535831915,-1.553071863812016,-1.5375121567828411,-0.26282304830284253,-0.9717669568127504,-1.384858837623971,-0.07931813913996363,-0.12171029445915865,0.19239428190064936,0.11614574625775825,-0.2627345779189038,1.7211865970176297,-0.024410829128564772,-0.46765549260090494,-0.47818397538890867,-0.6340816085624723,-0.5494414191708648,-0.45463480132223094,-0.40178069199649213,-0.1853801394949751,-0.12699161099825534,-0.3303127549353344,-0.08602139992103093,0.0005949028242363388,1.683678594688776,-1.6371644056685204,-0.2993138798729914,-1.102955470722178,-0.6957897635710297,-0.32703698483934723,-0.7232280621037883,-0.9242877191520106,-0.21583637490119537,-0.3152988391061707,0.23759373006272322,-0.7981892883247672,-0.5450062081283936,-0.5343867769090749,-1.6702396508790962,-1.7940816513565272,0.9000086430384084,-2.2308347011248983,-0.14376741842663252,-0.03785103884616211,-1.59630790564952,-0.9709782122464897
19051,Davis,Iowa,-0.29455123293446955,1.2137710564326738,-1.3526918647501398,-0.4445594266753132,-0.18655364515629855,0.8108807823961086,-0.6758712783241067,-0.32299244850420705,-0.49741191087168896,-0.6159208700748211,-0.5823851191388731,-0.5157936068340706,0.09802646329345507,-0.31771679736067504,-0.8954287718820013,-1.6774359944008819,-0.24634520336325758,0.870900142719552,-1.5584790771974673,-0.27719770191758736,-0.37826250214147955,-0.23205214377309635,-0.646307671044818,0.2703372778783818,2.624803784731584,-0.5002123111075217,0.17798139814654154,-0.6205573615518953,-0.5364208742915961,-0.44236618238518216,-0.4428254956516355,-0.35656164571037396,-0.231482019281513,-0.3761314433889041,-0.08602139992103093,-0.4276898371709928,1.4538647444015553,-1.2288299716148516,-0.36402415153767637,-0.8480188703013039,-0.5156912668777032,-0.17949578346716838,-0.5289640010493829,-0.6588709924774361,1.2186962862641704,-0.18745483041685151,0.4043326791450628,-0.5898651259153911,0.08698606005629181,-0.5386799334337206,-0.8113665253124961,0.1252848061763878,1.197676092370729,-1.4143475532627192,-0.34441589972729214,-0.06716030272401705,-1.4116750895638526,-1.4779940281751476
19053,Decatur,Iowa,-0.2978607608123952,1.4508704495706215,-2.7349739100725596,0.025406265141421015,0.128932467476277,0.6319966602901086,-0.540266960392646,-0.26398703300198795,-0.2877277956311464,0.28272479626757785,-0.4675050488130834,0.6543878234695846,-0.7447013730456479,-0.9255899252970493,-1.3234843618158942,0.5646397118573304,0.9254020188803188,0.23478040653487536,1.3832583589336378,-0.2804532918654887,-0.40715410539692093,-0.11249992969671724,-0.7608886858132207,0.13389541780797778,2.866052717687841,-0.49077413260603675,0.14974412973598775,-0.6078888322042417,-0.3586071771122524,-0.44550925454790546,-0.498392296212316,-0.3630506964972419,-0.21486124209036983,-0.3570998356429014,-0.08602139992103093,-0.42712663822812186,1.4286820888737504,-1.204590018371285,-0.34276433271113144,-0.8878527141170655,-0.5262852960949571,-0.13031538300977621,-0.5175367033403001,-0.6588709924774361,0.8003789564987183,-0.12075360849198957,0.5454194822147352,-0.5954204369129741,0.020164743163247418,-0.45756187067857246,-0.38192996252919614,-0.1146360010152266,0.9000086430384084,-0.3256980227798136,-0.34342398017604364,-0.0678031212540541,-0.008576241555841529,-0.02153458241830248
19055,Delaware,Iowa,-0.2710887304299897,-0.1848088708695981,-0.08655172041723531,0.2133651126049915,0.2787325167832042,0.7759176697712008,-0.6310159750306759,-0.3627648903519543,-0.5254236502093044,-0.5322072374062052,-0.583870456428464,-1.0148415697576887,0.9863331286078096,-1.239330894554533,-1.252141763493579,-1.5740446847036225,-0.7229809454480083,0.014057669384179919,-1.084743605316011,-0.2369482921053761,-0.2242267901421769,-0.14693703716681145,-0.5611255529881795,2.0438728268442343,-0.2670745270296817,-0.4011970599507975,-0.46189557321412766,-0.6298880584787505,-0.6016410827841532,-0.4548012984814315,-0.5522961639628281,-0.3437785599765766,-0.13307684812695633,-0.3987335335004985,-0.08602139992103093,-0.32049733852750006,1.891602036537618,-1.7006858530754436,-0.30880819476050275,-1.24635730845892,-0.9818285524369023,-0.6549063212219648,-1.0203378025399368,-0.5735108391750604,0.09684526552954724,-0.22265825309941784,1.8408528558544532,-1.0509559387148102,0.13319893342157527,-0.6368199852164114,-0.8113665253124961,-0.354556808206841,1.197676092370729,-1.6865099358834457,-0.3073592825297074,-0.06474340769598264,-0.7455338283071692,-0.8692521090506127
19057,Des Moines,Iowa,-0.20678431088332147,-0.21771956409612683,-0.190793534478325,0.2955993537469344,-0.6031009323846027,0.3751125961344059,-0.17310085264310882,-0.2872084954044335,-0.20924891707551882,-0.1798679652499433,-0.4583766548168585,0.06929710831775686,-0.14929359814906248,-1.3177661368689038,-0.1820027886588462,0.1602247742679013,-0.12493910408569203,-1.0327009437757961,1.0447009008038275,-0.028144986248162248,0.27369346610187734,0.37084741642432584,-0.4548980792619156,1.210349049271086,-0.13288831919567082,-0.414461983026694,0.00036314156352888326,-0.6265852160505426,-0.5079143863167968,-0.4475365598348029,-0.3454339393725942,-0.10009148246319204,-0.1404566018173218,-0.12631394894415754,-0.08602139992103093,0.07995654966461857,1.1316105316085099,-1.1346953122103922,-0.4199326348125273,-0.8400521015381515,-0.5262852960949571,-0.09752844937151399,-0.5289640010493829,-0.6268609349890453,1.4046150994932611,-0.5932205971264292,0.9122451701958831,-0.5759768484214326,0.14381540432981568,-0.5139001352476075,-0.38192996252919614,-0.1146360010152266,0.9000086430384084,-0.3256980227798136,-0.19772409892190365,-0.051921324630551886,-0.8221771247132383,-1.2696977216312084
19059,Dickinson,Iowa,-0.2703653203540184,-1.2045349312558813,-0.8644014839134598,1.5402018463352039,-0.1464817847621816,0.7583866886769589,-0.6511368153264734,-0.3410985375112291,-0.28440120665669183,-0.4668531017057486,-0.5439304985924382,-1.2901783768879602,0.7199990074873633,-1.4158101897618671,-0.8954287718820013,-0.960529761703904,-0.4539090968877137,-0.4146858862348237,0.40725352214588434,-0.15991107272813168,-0.15658558324042793,-0.2896156067598821,-0.23488190276932017,1.9343500169486418,-0.6212634767307884,-0.09364618255285656,-0.8295378840749834,-0.6393997489025706,-0.5289375243808868,-0.4429373356930295,-0.622621004720667,0.6958446818231311,-0.14743803680289413,0.07682581271067644,-0.08602139992103093,-0.24422938379711764,1.6234979793961908,-1.472956860554378,-0.43933826979045243,-1.6287622090902316,-1.2043031659992476,-0.6876932548602247,-1.1231834819216813,-0.9883078341287924,0.5595295848155782,-0.5228137517612969,0.9866363936326197,-1.2731683786181447,-0.23338156205709146,-0.7187665518622806,-1.240803088095796,-0.8343984225900698,1.197676092370729,-1.4143475532627192,-0.28121378039585593,-0.061946594984664274,0.5523478486524662,-0.3380157923610312
19061,Dubuque,Iowa,-0.03590723609598261,0.5101957706218052,-0.3626159201823914,-0.2894443763655438,-0.317574275418061,0.4959291879996324,-0.4119824434719084,-0.3275627814776408,-0.10065115382256097,1.8080951798227454,-0.513116892181781,-0.6534620103992067,0.4639613085751817,-1.356983758026089,-1.0381139685266323,-0.21458996654482979,-0.2652962846159255,-0.664590531116781,0.5807813129833267,0.00961219350270318,0.16820553395162588,0.1792861463838864,-0.26468491824446916,1.112679611554165,0.5968240968190207,-0.41412581004961824,-0.11138405390031941,-0.6240865894032032,-0.30155970292804896,-0.44629080337954957,-0.588198410701041,-0.3617788276518319,-0.05331929687287221,-0.3093576585428952,-0.08602139992103093,0.042118654995018524,1.3656264848311706,-1.3458746567404634,-0.2808613996445578,-1.1666896208273967,-0.9182643771333749,-0.5893324539454403,-0.9860559094126891,-0.5294970101285229,-0.17358209916731102,0.09231973932354204,2.2410263336520697,-0.9870698622426018,0.2774580381159058,-0.3961019456941705,-0.8113665253124961,-1.0743192297816841,2.0906784403676912,-1.4143475532627192,0.002868235989062673,-0.03786986606705041,-0.9584956546696636,-1.0468691146307154
19063,Emmet,Iowa,-0.29394204550207265,-0.32549978531552914,-0.5608483616941783,0.579188996819617,0.16127427902046532,0.6242375201151845,-0.5726183268478905,-0.038388079856928985,-0.2850715957982923,0.2940411495763158,0.025099973590866173,-0.5330021572797127,-0.005967401010018168,-0.9255899252970493,-1.1094565668489478,-0.797428963961319,-0.6842766634909068,-0.6593301081400611,-0.008921867122278862,-0.2485616298504531,-0.33002970834798867,-0.45074958748078975,-0.3452710541743616,2.2312154927489747,-0.2908315590404911,-0.41691421331614165,-0.8093211517937613,-0.6393997489025706,-0.6187052089463089,-0.4554852070306297,-0.5528664719805231,0.3129017532880876,-0.18056179277161813,-0.27446508039521705,-0.08602139992103093,-0.40043863555796283,2.065314697243513,-1.8350596519081377,-0.4405818388776794,-1.6287622090902316,-1.1937091367819928,-0.7696605889558791,-1.157465375048929,-0.9269552239427098,0.1137469758231009,-0.07258050376847813,0.6762454268793404,-1.292611967109687,-0.26023498847205334,-0.5386799334337206,-0.38192996252919614,-0.5944776153984553,1.197676092370729,-1.1421851706419928,-0.3333737764209411,-0.0660983345109496,0.8588640165302353,0.5952808369598738
19065,Fayette,Iowa,-0.2633596648814537,-0.08586970803747056,-0.8102127652971284,0.4826103064887138,0.14294290523678957,0.6682606263183943,-0.5544919098267886,-0.3251356342117788,-0.19104202733819053,-0.5121317849166667,-0.507610453193418,-0.22324824925815678,-0.1770939381113771,-1.2001132733973472,-0.39603058362579246,-0.614569925369543,-0.3699150211615521,-0.42588220665594984,0.3068543433357634,-0.2405516460237971,-0.2749871115241318,-0.09069353811593696,-0.6269250099196502,1.8384708747888698,0.047608831177688195,-0.39178226568272906,-0.3675394109542366,-0.6373457071000211,-0.6288229066423587,-0.4543776544188913,-0.5525451938362983,-0.2698064080565971,-0.20932936013450074,-0.40510695407778535,-0.08602139992103093,-0.3350679030714071,1.831747479832281,-1.6362034087623938,-0.19544979826435788,-1.3897591461956618,-1.1513330199129748,-0.8188409894132737,-1.1346107796307632,-0.8402613182449845,-0.39330433298350864,-0.11519517333158452,1.3406360086074334,-1.200949335649561,-0.2221405928601311,-0.5856033810627431,-0.8113665253124961,-0.354556808206841,1.197676092370729,-0.8700227880212664,-0.2853124668434676,-0.06526799218566301,0.9593474000377725,0.7438332416268693
19067,Floyd,Iowa,-0.2750982380980253,-0.2081101481105291,-0.49717237847172085,0.43932843794869464,-0.3041654991297811,0.5590508209560213,-0.48031822644891564,-0.33404181629139357,-0.0502921219806321,-0.3771270687396561,-0.42745074451152243,-0.4813765059427885,-0.02422638972600753,-1.0824604099257908,-0.39603058362579246,0.04360848437539521,-0.646861476221244,-1.1991978475059486,0.17171777799994092,-0.22142484642833712,-0.2206301797118827,-0.08891257473267239,-0.5376664350939923,2.2174394726872038,-0.42575178852571494,-0.3335547255367671,-0.6806474064929715,-0.6351201708126507,-0.6719466401793032,-0.45469944345918617,-0.5154680951503957,-0.25496573285140667,-0.16240742868799699,-0.378178235613817,-0.08602139992103093,-0.2898039835759799,1.9907011260380048,-1.8102833920438324,-0.36660809449137555,-1.4056926837219665,-1.108956903043956,-0.704086721679357,-1.0889015887944329,-0.8669363661519769,-0.015128565165245557,-0.34123820318806125,1.0866797630820233,-1.164839814165269,-0.2608594867607733,-0.7290098726930142,-0.38192996252919614,-0.1146360010152266,0.6023411937060877,-0.3256980227798136,-0.3030172950600914,-0.06436307329164742,0.2737614191757733,-0.0828931843459743
19069,Franklin,Iowa,-0.2914174322005046,-0.22206335777855798,-0.6843844406707701,0.5454181595313833,0.2670616400766938,0.6966310279652951,-0.5935053896324646,-0.25377694501959286,-0.36126384560680835,-0.1615059071156441,0.26180483376571706,-0.5674192581709984,0.008584875710995908,-0.9255899252970493,-1.252141763493579,-0.3820762463740863,-1.1159166701458318,-0.705504554252214,-1.4672272994540385,-0.23935945337986353,-0.29955962643899026,-0.25732855050319037,-0.46940548782237107,2.482971689887993,-0.5648264559598598,-0.4644212257268472,-0.7980777033907183,-0.6391541891430266,-0.6982149810149852,-0.4561095400119649,-0.500746303984745,-0.17236805697637753,-0.2021470288121222,-0.41208362517401137,-0.08602139992103093,-0.3566218130291217,2.189221732997692,-1.9744418277130276,-0.3061795726779213,-1.3578920711430524,-1.0136106400886655,-0.6385128544028326,-1.0203378025399368,-0.8989464236403678,-0.06160826847251823,-0.4153506719934636,0.9507233892148848,-1.0953984266954768,-0.3476647488928596,-0.5386799334337206,-0.38192996252919614,-0.5944776153984553,0.9000086430384084,-1.4143475532627192,-0.3321385558476883,-0.06727336905748658,0.11053361767159628,-0.044140383128496934
19071,Fremont,Iowa,-0.3005259558291318,-0.636366805445007,-0.6795569330105387,0.9247037182977281,0.1159677058424975,0.7633335073592977,-0.6223707037954934,-0.3090237341707668,-0.4717336048960476,-0.5505906573423981,-0.48534700721193497,-0.49858505638843054,0.3278426069819227,-1.298157326290311,-0.9667713702043169,-0.591775102395091,-1.1086399993544065,-0.734320022274088,-1.297525252355648,-0.2575795636456224,-0.35433947729357523,-0.14362429538672095,-0.6400171575577095,1.9422633378518068,-0.24428113162853646,-0.4083661886724912,-0.5156108584497848,-0.6272190039398254,-0.6903579575568732,-0.45294089797010356,-0.5272991110391959,0.4593192861512092,-0.16102748640177308,-0.23067320314737813,-0.08602139992103093,-0.3842488827613501,1.8018684126178737,-1.5859213088769772,-0.3551851305404403,-0.9436200954591317,-0.4839091792259392,-0.015561115275859598,-0.46040021479488685,-0.8095850131519433,0.39473790945343035,-0.2708313578229293,0.45050654196786505,-0.5704215374238496,-0.24399803296533187,-0.5386799334337206,-0.8113665253124961,-0.354556808206841,1.4953435417030498,-1.1421851706419928,-0.34338654924958145,-0.06807191052108504,-0.501980563161493,-0.9887399128044999
19073,Greene,Iowa,-0.29487925693652944,-0.3095516370340422,-0.7741910879291,0.6707447067134256,-0.2599383566950602,0.7504944591945428,-0.6516933826835766,-0.27456659285730484,-0.35719405686951117,-0.3874121331908202,-0.4733605694248397,-0.5674192581709984,-0.010978326484706978,-1.3177661368689038,-1.1807991651712635,-0.22458961782512646,-1.328884890147445,-1.333982080066256,-1.1115183554067858,-0.26195792053766737,-0.37199820602797806,-0.439725019868288,-0.28975926175481304,2.3951610983395475,-0.48225005342737176,-0.47304703952043053,-0.7318144252836729,-0.6373964441583583,-0.6789119012193726,-0.4555977964036996,-0.5035187338558031,-0.09062328018249846,-0.22065802449414348,-0.3927490454604356,-0.08602139992103093,-0.3969440046580892,2.1401257558917623,-1.9093012758279175,-0.3145866954292939,-1.2304237709326153,-0.7805419973090664,-0.4417912525732615,-0.8146464437764492,-1.0016453580822886,-0.30245764015565785,-0.17819077181617643,0.7942452985376119,-0.906517852777643,-0.42510253669414527,-0.5386799334337206,-0.8113665253124961,-0.1146360010152266,1.4953435417030498,-1.1421851706419928,-0.3333176300312478,-0.06763477297287847,0.05202070715200706,-0.43812719550618034
19075,Grundy,Iowa,-0.2850853974464557,-0.26838235392006693,-0.12363573354138539,0.3088282347523485,-0.22780868322202782,0.7919821759032402,-0.6505820060600694,-0.3670721096696308,-0.4962572778960737,-0.5436160357007312,-0.6016906572630739,-1.5483066335725904,1.2328981190883879,-1.5138542426548327,-0.9667713702043169,-1.229953902844983,-1.6872224145845165,-1.3103748550511392,-1.591971765704404,-0.25564999490434237,-0.28983067457293926,-0.2617758849249367,-0.46620482042745837,2.608280940247054,-0.6317083913259268,-0.4899597695395993,-0.8277061237064574,-0.6382598013311604,-0.6964440903960906,-0.45620951754236083,-0.5900683974654312,-0.33244190691548664,-0.23728203835837275,-0.4228905136728011,-0.08602139992103093,-0.35778205550726094,2.2823413514508806,-2.064473754811195,-0.36619108928847305,-1.2782243835115292,-0.9394524355678843,-0.5729389871263104,-0.9289194208672759,-0.7468986505705111,-0.16090581644714605,-0.5005800111196763,0.868636521974348,-1.0148464172305187,-0.35453423006878004,-0.5386799334337206,-1.240803088095796,-0.8343984225900698,2.0906784403676912,-1.958672318504172,-0.323211279886452,-0.06579161221048646,-0.2359039892725985,-0.4284389952018113
19077,Guthrie,Iowa,-0.28960451383197716,-0.6343526760197756,-0.307718747168731,0.7376661832530272,-0.03965075376644041,0.7682033381435612,-0.6427364036572948,-0.29894554567691367,-0.47840754570480454,-0.3133316795178844,-0.5004797861453705,-0.9804244688664046,0.6344700603440447,-1.0628515993471983,-0.7527435752373701,-0.9944149213886436,-0.5030327412965163,0.0095599260609369,-0.6422597519309,-0.2652311946125918,-0.37109854499547906,-0.37413340732081557,-0.3375526372837909,1.5342253742667968,0.7522729826812655,-0.48169706557835495,-0.37021853161316537,-0.631681228944144,-0.5643099149727768,-0.4488442161706678,-0.5124026621293037,-0.2439154331266996,-0.23865619274525482,-0.3673055733622311,-0.08602139992103093,-0.3878130719673859,1.8510294261210776,-1.6321778974410694,-0.2983458320805392,-1.1587228520642443,-0.759353938874557,-0.4090043189350016,-0.757509955231036,-1.0123153772450855,-0.3658390537564838,-0.1856020186967165,0.37355010392986177,-0.8565200537993923,-0.5537491841704743,-0.5386799334337206,-0.8113665253124961,-0.5944776153984553,1.4953435417030498,-1.4143475532627192,-0.3255319973271088,-0.06711916380982018,-0.7942383696155848,-1.3229828233052394
19079,Hamilton,Iowa,-0.2776433528997221,-0.3106242237220731,-0.11328940355226368,0.34259219698884935,-0.21820958963197964,0.5891944725810597,-0.5787033257801509,-0.27480126267293753,0.29992854447658274,-0.5943906524400564,-0.2546859878160907,-0.9287988175294786,0.5156493480606704,-1.2589397051331257,-0.8954287718820013,-0.09357780144954103,-1.3615252043396147,-1.2785273822810488,-1.351753685361007,-0.22712706097287103,-0.22931420045520068,-0.3018272447831775,-0.36270289867137645,2.464365263224506,-0.6313513703655779,-0.4672830221656483,-0.7179380309758908,-0.638904308783668,-0.6980871505625773,-0.4553018038421392,-0.539446204908789,-0.3143063895469787,-0.22240989842328085,-0.39701214552774117,-0.08602139992103093,-0.319206375489539,2.1407998600979488,-1.9435185436438405,-0.30996240558996496,-1.3100914585641386,-0.9288584063506297,-0.6712997880410948,-0.9632013139945235,-0.9109501951985144,0.048252848435580406,-0.167073901495366,0.9712451060250189,-1.0481782832160178,-0.23213256547965117,-0.5497517581551753,-0.8113665253124961,-0.5944776153984553,0.9000086430384084,-1.4143475532627192,-0.31274933594026516,-0.06553771085029585,-1.6301458655949603,-2.1158005482127904
19081,Hancock,Iowa,-0.28977731219020514,-0.46821175985311075,-0.6492960421855233,0.7547152755915636,0.09436636158859935,0.7442067128772688,-0.6257505038792966,-0.32811633576405985,-0.39822830377119295,-0.34815773929965443,-0.3479561438710128,-0.9460073679751205,0.43300339913566593,-1.298157326290311,-1.1807991651712635,-0.6701262377872559,-1.2579890450933227,-1.3477075904346778,-0.5530285682192141,-0.2252111460157437,-0.3042390188653062,-0.357341442973821,-0.32246391791413787,2.500969135448047,-0.5887954667685452,-0.4616484512942857,-0.8070069836108954,-0.6389005394688805,-0.7058528291783872,-0.45620951754236083,-0.6077593751120232,0.046322006200011596,-0.21424568302129995,-0.3966243227951481,-0.08602139992103093,-0.349440805822275,2.1960968631402937,-1.9842262499607075,-0.3132090889554197,-1.4773936025903371,-1.119550932261211,-0.6712997880410948,-1.066046993376268,-0.9109501951985144,-0.0425938443922704,-0.754415216778179,0.8301583029553464,-1.1815057471580197,-0.49129935529846974,-0.5386799334337206,-0.8113665253124961,-0.5944776153984553,0.9000086430384084,-1.1421851706419928,-0.3275158364296058,-0.06700937270782223,-0.3515548707136233,-0.733617304789443
19083,Hardin,Iowa,-0.2715719800758815,-0.6039774359085339,-0.42181829390287706,0.7665056439278234,0.05194639971668773,0.6650484745614155,-0.579129559411612,-0.2969923609774783,-0.21012903079477724,-0.26722814243034754,-0.37926791145320576,-0.6706705608448487,0.09480025100153214,-1.160895652240162,-0.6814009769150549,-0.40595072477741906,-1.1566489984483195,-1.3831632365460445,-0.44139062693461445,-0.2234256832890414,-0.25087702047957944,-0.21191478448132797,-0.355547386015485,2.2633122174575524,-0.3844273320313506,-0.44646677402962087,-0.6687871052713239,-0.6360116988995025,-0.6100305440780581,-0.4550855495772597,-0.5584659647923561,-0.2834127151879829,-0.17447852668820268,-0.3920656337915861,-0.08602139992103093,-0.2920219631015466,2.0545672857807507,-1.8714178345045402,-0.31552495713582446,-1.2941579210378338,-0.9288584063506297,-0.5565455203071782,-0.9632013139945235,-0.8255900418961386,-0.22428723004797202,-0.13372329053293502,1.1713318449238266,-1.0231793837268932,-0.21277311852932962,-0.5702383998166426,-0.8113665253124961,-0.354556808206841,1.4953435417030498,-1.1421851706419928,-0.29886246222278645,-0.06470669967671519,-0.7529228052821783,-1.1986509193991672
19085,Harrison,Iowa,-0.2797637937701806,-0.29040604374868867,0.17910690047499422,0.17834707713792172,0.12921124164649878,0.7902242425216746,-0.6627675505195156,-0.28030459051689305,-0.4562812144112933,-0.553237150114287,-0.5666077902152546,-0.9976330193120466,0.5614341054800873,-1.298157326290311,-1.1094565668489478,-0.5111579812010871,-1.515270398746679,-1.5801093767833472,-1.0119059290013812,-0.24500353807804,-0.29812009825408486,-0.2586970982306899,-0.5412853587419912,1.956378684797838,-0.3586550506644614,-0.23728612307367608,-0.448780145738089,-0.6167611249499934,-0.6890109875012163,-0.43437075628616717,-0.5582636568011677,-0.06973469236444442,-0.11074966533150843,-0.34696659786494305,-0.08602139992103093,-0.37742328662208907,1.7640142840418644,-1.5520655670441146,-0.21768511140483526,-1.1666896208273967,-0.7275718512227938,-0.22867618392456057,-0.6660915735583751,-0.9216202143613114,0.05670370358235742,-0.7080949237748025,0.8224626591515463,-0.7981892883247672,-0.45320495968654706,-0.6214550039703108,-0.8113665253124961,-0.354556808206841,1.197676092370729,-1.1421851706419928,-0.3150139069912287,-0.06669929900242899,1.1040817074715863,1.1830316554249423
19087,Henry,Iowa,-0.2624693140187197,0.14287838084059015,-0.09515673946930907,-0.08424135521534905,0.6871055192088431,0.48344177143219585,-0.4831567553970683,-0.28834029121044685,0.3679015015762468,0.2670432879221867,-0.3326966593832793,-0.4813765059427885,0.1390062236823485,-1.298157326290311,-1.0381139685266323,0.04922243075860496,-1.0017171081545355,-1.052343574971833,-0.8776012562228092,-0.2030378055902948,-0.08766995567530315,0.07346433179747597,-0.6945912294995671,1.2837881576329655,0.5343921012965563,-0.45462028983492264,-0.011739629302319022,-0.6313728019427134,-0.63584467769183,-0.4228615382671367,-0.49943235009995257,-0.3340924359545139,-0.13721476777260333,-0.36029007928058066,-0.08602139992103093,-0.23289281090820968,1.505854785414337,-1.3634760564012103,-0.41483921411993296,-0.9834539392748933,-0.6640076759192665,-0.2778565843819527,-0.6546642758492923,-0.6388647065471919,1.3856006754130132,-0.6284240198089952,0.604419418043871,-0.7231925898573921,0.04576917300076861,-0.49853515400150705,-0.8113665253124961,-0.354556808206841,1.197676092370729,-1.1421851706419928,-0.2930606686211444,-0.061328703431386605,-0.647023572607842,-0.8208111075287662
19089,Howard,Iowa,-0.29408848478870653,0.06871605924596912,-0.7159015406508346,0.29322478430071036,-0.05519186981300965,0.7819080540835122,-0.6412244678124164,-0.33425147165384084,-0.47012702421059727,-0.44452966747748635,-0.577390122535849,-0.8427560653012686,0.15829485461916432,-1.1216780310829764,-0.8954287718820013,-0.9939053399859166,-1.6580749938122243,-1.2338559517114494,-1.8072757323386763,-0.24396361518668025,-0.33683204266764094,-0.25957492996446274,-0.5544633017665906,2.293971278007106,-0.47935737104723886,-0.30514189377436296,-0.6590149017353369,-0.6316967342808926,-0.6650792852799889,-0.4549796290240783,-0.5901291846319909,-0.22881932163334806,-0.20088900312926802,-0.4149248020209215,-0.08602139992103093,-0.39271996451229174,2.041800578523908,-1.8155311375628287,-0.387339210292812,-1.5092606776429467,-1.2678673413027741,-0.9335952571471879,-1.2488837567215898,-0.802916251175195,-0.12921510964673288,0.23683905349407636,1.635635687753112,-1.3203885220976037,0.0638796233736503,-0.5386799334337206,-0.8113665253124961,-0.354556808206841,1.4953435417030498,-1.4143475532627192,-0.3349084444058916,-0.06684390438182156,0.5910975098585138,0.4128197312275862
19091,Humboldt,Iowa,-0.2929169704956355,-0.3393665175328961,-0.5150917403232209,0.5691765464218703,-0.35207552899004474,0.7508375964732158,-0.6184414294772521,-0.30793110571653626,-0.40967261673795163,-0.503006061273352,-0.3781425164473306,-0.6362534599535646,0.06679398259505222,-1.2001132733973472,-1.0381139685266323,-0.32651390015997045,-1.7124580778617797,-1.6071498439689655,-1.6241870586496816,-0.2339449014124997,-0.2251098366733355,-0.0997935270557674,-0.8190055672107852,2.538875531274551,-0.6672296574532754,-0.4830401582545462,-0.8182645799840542,-0.6392355952749258,-0.7101551409924308,-0.4559421826284005,-0.43432827849772293,-0.2274746483040099,-0.19035446015056542,-0.3874549828068765,-0.08602139992103093,-0.37414760643813366,2.197930187041196,-1.9753419079348478,-0.41550940105316897,-1.421626221248271,-1.0136106400886655,-0.6385128544028326,-0.9632013139945235,-0.9522965194543526,-0.017241278951939717,-0.5672812330445383,0.06315913717658256,-1.1037313931918522,-0.6268154839507196,-0.5386799334337206,-0.8113665253124961,-0.354556808206841,0.9000086430384084,-0.8700227880212664,-0.3348335825529672,-0.06630055771817536,0.3191137214243933,0.24812032605330883
19093,Ida,Iowa,-0.30081883440239954,0.008882277193254476,-1.0585459602899612,0.5189914364710846,-0.13935713227226076,0.7645748965513298,-0.66035005352524,-0.32834800269341663,-0.3308360955529664,-0.19548156926945345,-0.47485526171918335,-0.6878791112904907,0.17346491667267427,-1.298157326290311,-1.4661695584605254,-0.4906556131599526,-2.2865068759220013,-1.9991848676676063,-2.4615057549416486,-0.22697373316604488,-0.32103545432781877,-0.4547119547673495,-0.32419806155743486,2.4797518005854915,-0.3737042807683545,-0.4529486410917459,-0.8145117794160265,-0.6389032081113682,-0.7081749092728387,-0.4556704181162176,-0.6184264666523869,-0.3306435730044534,-0.22622822288566918,-0.4096611481471533,-0.08602139992103093,-0.3888252714480103,2.2725312247636813,-2.0415337676824645,-0.4181752557431526,-1.2941579210378338,-0.9712345232196476,-0.5401520534880482,-0.8946375277400281,-1.0363229203613786,-0.3510500572496243,-0.5580171744438629,0.40689789374632995,-1.0148464172305187,-0.6780243436257634,-0.5386799334337206,-0.8113665253124961,-0.354556808206841,1.197676092370729,-1.4143475532627192,-0.3452580955726918,-0.06756870494275806,1.0387303449964393,0.9279090474098853
19095,Iowa,Iowa,-0.27351083623091405,-0.16657500415593854,0.14291344372257703,0.08228891665615884,0.0241504598402817,0.7604657479844527,-0.6204919634600409,-0.32556587560218125,-0.4327816116037407,-0.49174958440514854,-0.469946400266515,-1.3418040282248862,0.7646168370565103,-1.5138542426548327,-1.3234843618158942,-1.0833494385378903,-1.0291428814087538,-0.40727893719750263,-1.457044077719314,-0.22491711754097082,-0.23944397595968958,-0.11117075080291229,-0.7259260126595573,1.5840261208869548,0.3299112079813809,-0.15614428332991262,-0.5738176230764008,-0.6374519229127215,-0.5717946577976686,-0.4516495347231482,-0.32903120318229334,0.1390023687092538,-0.24481679630822037,-0.3847801329247149,-0.08602139992103093,-0.3551180477810395,1.7089522309370784,-1.5081629913894194,-0.3024712049806815,-1.102955470722178,-0.759353938874557,-0.3762173852967394,-0.7917918483582836,-0.6882135451751278,0.2996657890521912,-0.2930650984645498,0.2273328716576559,-0.8398541208066425,-0.27709644226749436,-0.6573066268778787,-0.8113665253124961,-0.5944776153984553,2.0906784403676912,-1.6865099358834457,-0.3102601793305284,-0.06512692103391214,-0.08173774513594835,-0.02637868257048672
19097,Jackson,Iowa,-0.2639776386710486,-0.39352540177774187,-0.24249734686798752,0.4833152751192219,-0.007790077967515198,0.729485982764275,-0.6295644091608887,-0.30694298278224513,-0.4467034081267935,1.7823593981205876,-0.5864447259110357,-0.37812520326893484,0.13488765479904263,-1.2589397051331257,-0.6814009769150549,-0.9131934943183874,-1.0913305088613805,-1.1849192423932122,-0.10698726903613474,-0.2354081275179491,-0.2752494932149458,-0.21675680021428895,-0.605575149105383,0.7752702969268251,1.032826971251011,-0.36626590387081165,0.008498151376317405,-0.6126455706383203,0.02538916824460632,-0.44948560885027067,-0.4501097149059188,-0.0954725954114588,-0.2026242771529811,-0.2164109110907353,-0.08602139992103093,-0.37162049058175006,1.230689355110533,-1.0360611672420241,-0.2562208600659106,-1.0392213206169596,-0.7911360265263203,-0.3762173852967394,-0.7917918483582836,-0.4508056188028955,0.18135381699731556,-0.31344602738603533,1.8511137142595209,-0.825965843312684,0.18753028454021947,-0.7341315331083811,-0.8113665253124961,-0.354556808206841,2.0906784403676912,-0.8700227880212664,-0.2855370524022408,-0.06462967923444031,0.871448018576582,0.6081984373656997
19099,Jasper,Iowa,-0.21200340705895288,-0.2589745981108777,0.545646098237656,-0.03315307234159722,0.48758002406916895,0.6463210584824893,-0.5291132370973822,-0.30923043715546233,-0.34630785760019117,-0.3424991331003453,-0.5042752398534731,-1.0492586706489724,0.7959179605696349,-1.4550278109190526,-0.8240861735596857,-0.3585612823947543,-0.6476187539596925,-0.373645277046845,-0.7631561964393315,-0.22274063746169603,-0.2606531488513621,-0.2353066218767697,-0.21314882782031652,1.907956478278171,0.24634747016385358,-0.44230274125159963,-0.6680564634859392,-0.6326667760882706,-0.5408721421807939,-0.4527928601896151,-0.4754872858952078,-0.3007798083525428,-0.22379133457397918,-0.38340248292559875,-0.08602139992103093,-0.26407798284209816,1.990090983978929,-1.8207969592457367,-0.19415410352676826,-1.0949887019590256,-0.7063837927882844,-0.31064351802021495,-0.7232280621037883,-0.8229225371054394,0.18135381699731556,-0.2986235336249552,0.6069846326451378,-0.7954116328259757,-0.28459042173213517,-0.3346420207097686,-0.8113665253124961,-0.354556808206841,1.197676092370729,-1.1421851706419928,-0.22371987734990628,-0.06027653581511849,-0.6613111003738447,-0.7917465066156585
19101,Jefferson,Iowa,-0.2673281695492318,-0.2675817421104631,-1.3272233587853883,0.9074984532308855,2.1503061838847786,-0.058847053238748344,-0.49657778199629243,-0.25837869205971137,3.5167297742540353,-0.5098662710797001,-0.470817782601056,-0.051162744801737194,-0.2732625215365692,-0.5334137137251949,-1.1807991651712635,0.6522717327186411,-0.06983345437986993,-0.23525052770207824,-0.19149155810532015,-0.23411289864184973,-0.21113730593252855,0.04621665188583216,-0.7280460936417869,1.0828160242176985,1.0574505533408158,-0.4204482278164354,-0.01331109728527318,-0.6331787592682058,-0.6572057006317364,-0.43408065097250714,-0.5002516626488362,-0.3414845550840348,-0.1905498669956846,-0.38638109766027035,-0.08602139992103093,-0.294982336177937,1.5446485007985475,-1.3743860295682337,-0.41463071151848174,-1.0073542455643503,-0.6640076759192665,-0.294250051201085,-0.6889461689765399,-0.6441997161285903,0.9250290699136764,-0.6969780534539921,0.31968059730325943,-0.7426361783489344,-0.1852951938256478,-0.7034015706161801,-0.8113665253124961,-0.8343984225900698,0.3046737443737671,-0.8700227880212664,-0.2927799366726779,-0.062129242936708864,-1.0150057297520645,-1.4860675284287885
19103,Johnson,Iowa,0.12174637110831713,2.3734182590213306,-1.0040514836177914,-1.6865489773010311,-0.22423233799689501,-0.06311567991730298,-0.13582219668289064,-0.2955329074540451,1.9483267692701924,-0.19110896112309878,-0.2880275189007439,0.2585911632198189,0.794407818645756,-1.160895652240162,-1.4661695584605254,1.6184325389393586,1.1283219506859294,-0.6625524926865446,1.6667788130481334,0.03383288759483367,0.28647899781686886,0.39123226499305364,-0.32144566137920416,1.3277602424877626,0.1313765783381487,-0.322732745840452,-0.4540610357289977,-0.6332024226501674,-0.4347689364847986,-0.45293871862512936,-0.3259264940574248,0.31468920742819806,-0.11216522357650009,-0.2490733780228364,-0.08602139992103093,0.14017912573502264,1.366792426127051,-1.3893441375475677,-0.2758871232956498,-1.1109222394853306,-0.7381658804400477,-0.3434304516584772,-0.8032191460673664,-0.697549811942575,0.7010814085240901,-0.33012133286725115,0.5967237742400705,-0.8342988098090593,-0.08537546763044049,-0.13489726451046238,-0.8113665253124961,-1.3142400369732985,1.4953435417030498,-1.4143475532627192,0.00719150799544756,-0.020154129689469297,-1.6287275126579581,-1.0888513159496491
19105,Jones,Iowa,-0.26034008679106313,-0.6301122577786015,0.5617211250452407,0.3007632195745234,0.8362164027965778,0.6295116053955653,-0.5170789942195124,-0.3281329527129026,-0.43242337657232877,-0.644815585654801,-0.5423220451152249,-0.8599646157469105,0.5269754124897615,-1.239330894554533,-0.6814009769150549,-0.8249980430361699,-0.49649509543627196,-0.22284842910743444,-0.2666480542587935,-0.2477935479782999,-0.23829209847098481,-0.2154336711492247,-0.5085285894242907,1.682100720142645,0.1360302804101949,-0.43077686833219136,-0.30149415515273514,-0.6303507581295312,-0.45162091356931244,-0.4512635806999988,-0.4905988573758908,-0.3061426467245664,-0.17555038717819893,-0.3663572597804676,-0.08602139992103093,-0.33623953883421664,1.71779080693384,-1.5249065127639965,-0.3103049455780633,-1.0631216269064165,-0.7805419973090664,-0.4090043189350016,-0.8375010391946149,-0.5441682864773688,0.22360809273119953,-0.2634201109423889,1.1148971236959582,-0.8481870873030178,-0.006064184962994578,-0.3704936436173364,-0.8113665253124961,-0.354556808206841,1.4953435417030498,-1.4143475532627192,-0.290814813033412,-0.0633913369361009,-0.944078128880944,-1.1760451186889722
19107,Keokuk,Iowa,-0.2909019659115533,-0.27655104688240656,-0.6041887199940752,0.5556777328188436,0.18702384210815656,0.7806421389500746,-0.6399493306347963,-0.337083160932192,-0.5000890854528212,-0.6821835035444651,-0.5674953642028416,-0.5330021572797127,-0.0538800856858098,-1.1216780310829764,-0.6100583785927393,-0.836630158272753,-0.3740350964727586,-0.08728341521767523,-0.14374791466444306,-0.26109575842620375,-0.28188120160243596,-0.007218845623781139,-0.8735222259435911,1.459231066588667,0.5999408422565702,-0.18572839770763586,-0.47028114519183617,-0.6380431150716758,-0.6424435164303046,-0.44928013959465923,-0.33625193365421335,-0.06667702553987619,-0.19540470903427112,-0.3944697532264249,-0.08602139992103093,-0.37989947337593694,1.70826014625872,-1.4967911762336459,-0.3081156682628254,-1.0392213206169596,-0.6428196174847571,-0.2614631175628228,-0.6660915735583751,-0.6015196394774024,0.5426278745220247,-0.5709868564848083,0.0862460685879839,-0.7370808673513505,-0.29270889948549544,-0.5386799334337206,-0.8113665253124961,0.1252848061763878,1.197676092370729,-0.8700227880212664,-0.3309594816641288,-0.06719366514024999,-0.1506205594788453,-0.388071493933606
19109,Kossuth,Iowa,-0.27752620147041496,-0.5537162181080524,-1.0938501940888539,1.0548846636847429,0.16426175540837484,0.7253400884403157,-0.611053909533068,-0.3103039317666892,-0.3949886382728197,-0.32420454623329914,-0.462037739406483,-0.7222962121817748,0.26400478929068166,-1.3765925686046818,-1.3234843618158942,-0.5048020928392012,-1.0916744819347526,-1.3738553698689435,-0.1844907851540579,-0.24871041243314365,-0.31879149094191006,-0.4141778661847953,-0.3799776339244854,2.5286320067623556,-0.5744631548931053,-0.4832787995861124,-0.8123777039186304,-0.6391795962208132,-0.7104294676622439,-0.45609000653087683,-0.536170544312745,-0.08236663140612611,-0.20802731275075986,-0.4094626357828451,-0.08602139992103093,-0.39396616533182105,2.229819583274876,-1.9977891230769735,-0.014201465431396868,-1.5331609839324034,-1.1619270491302287,-0.6385128544028326,-1.07747429108535,-0.9856403293380931,0.08628169659607605,-0.26156729922225386,0.6223759202527385,-1.2092823021459365,-0.37264468044166127,-0.5386799334337206,-0.8113665253124961,-0.354556808206841,1.4953435417030498,-0.8700227880212664,-0.3040092146113399,-0.06771022357879519,-0.36180646421890716,-0.9128490104202742
19111,Lee,Iowa,-0.22233616312383928,-0.4364523152284449,0.09731183353937345,0.35363206054709406,0.14144948456417292,0.6016435609526277,-0.42765795796548584,-0.28656081309517645,-0.34896947221935115,-0.3977579750446542,-0.4374244868364808,0.08650565876339886,-0.31801763673515965,-1.2785485157117182,-0.1820027886588462,-0.34844969053673946,-0.39703347465648203,-0.48976754154290564,0.09116464980190567,-0.08977802861311968,0.05065869362201254,0.07487188535295727,-0.7803598522284743,0.8646247313447708,0.3803147966238616,-0.44705528577263837,0.3878405283216114,-0.6208157790082346,-0.6043502348882878,-0.44237399302714153,-0.4001984060024116,-0.24165089018929312,-0.16937476697749682,-0.08004976163398467,-0.08602139992103093,-0.19043150113733168,1.023418172814951,-0.9127730280238627,-0.3387357645902345,-0.7763179514329328,-0.4627211207914306,-0.08113498255238405,-0.47182751250396965,-0.6335296969657933,1.453207516587228,-0.29491791018468483,0.8583756635692812,-0.5204237384455997,0.24248613394758314,-0.6726716081239792,-0.38192996252919614,0.1252848061763878,0.6023411937060877,-0.59786040540054,-0.21909715793182374,-0.057821795630661026,0.5366595422269776,0.22874392544457015
19113,Linn,Iowa,0.3430629937838287,0.46041835552079763,0.6695291533426931,-0.7576118083413288,-0.3396318336608311,0.2794211817374286,-0.19024517794232154,-0.309637960169769,0.4426832614238115,0.10090497357321143,-0.4588919827746985,-0.5846278086166387,0.6219770680646837,-1.3765925686046818,-0.8240861735596857,-0.27476088346043964,-0.546671362548669,-0.7071789863433783,-0.023773104464748687,0.2918872819047945,0.6420385423687809,0.646514805241136,0.14901967653538573,1.418406642509923,-0.11131851428207754,-0.4112708654178734,-0.45126358892043317,-0.6341676550655343,-0.5071266835491567,-0.4542802782543696,-0.25977149983372433,-0.2129691060151388,-0.10420793947539228,-0.33206987211329564,-0.08602139992103093,0.5171294765979756,1.346229341059092,-1.5320941319926242,-0.2004538606991874,-1.2304237709326153,-0.8547002018298476,-0.5401520534880482,-0.9403467185763587,-0.7589024221286576,0.1686775342771502,-0.3616191321095471,1.0507667586642888,-0.9731815847486435,-0.17155623147380686,-0.13489726451046238,-1.240803088095796,-1.0743192297816841,1.4953435417030498,-1.4143475532627192,0.3997296338046104,-0.005428285044248828,-0.430655375062317,0.12217372209650829
19115,Louisa,Iowa,-0.28859115396847074,-0.2692115087502899,0.5603232424250908,-0.03103148078232648,0.4326306168110081,0.5346632340604506,-0.6182673231572341,-0.2545559189798179,0.6282213403186737,-0.07530591584148875,0.45488025477798705,-0.9115902670838365,0.33100017645912383,-0.5726313348823804,-0.7527435752373701,-0.6573467231045417,-1.1462766020785018,-0.8540872042043778,-1.1512079849531112,-0.2446035287389367,-0.253750860977044,-0.10184009849666929,-0.7945856416791529,1.4187664140134788,-0.3196669231140609,-0.1709798678399971,-0.389384502149657,-0.6383720147069329,-0.5955101706801006,-0.45188570903752634,-0.005853429192391274,0.8360646388537785,-0.21057616365234233,-0.04914598530448126,-0.08602139992103093,-0.3790406956415444,1.2523090958673555,-1.0538767852615984,-0.4290248375400969,-0.9356533266959792,-0.6534136467020117,-0.14670884982890617,-0.6546642758492923,-0.5761783439657597,0.9778469145810316,-0.5709868564848083,0.6711149976768069,-0.6815277573755169,-0.00981117469531499,-0.4831701727554066,-0.38192996252919614,-0.354556808206841,0.9000086430384084,-1.4143475532627192,-0.33324276817832343,-0.06536107036711819,0.4242214125662704,0.819724144011095
19117,Lucas,Iowa,-0.2957227472275406,-0.1256274892974079,-1.023720631475763,0.6255690530047096,0.5162221638167627,0.7791770977915569,-0.6556151454637235,-0.30471057600333723,-0.48041049922809226,-0.6055538322130262,-0.5308651319554964,0.06929710831775686,-0.1810065785505177,-1.219722083975942,-1.4661695584605254,-0.8025132546072672,-1.1491985410440841,-0.4920830206250423,-1.7863120570409534,-0.2695310306318043,-0.3835199368915471,-0.2564303377573523,-0.5427783010188225,0.1486655479874087,2.5038841150382845,-0.4802542216336435,0.2664736355398661,-0.620460355907386,-0.41129542813964987,-0.4403851841658812,-0.3983277522352482,-0.10193450404072195,-0.245419584652272,-0.3565525287279983,-0.08602139992103093,-0.4078474660788673,1.279349351924326,-1.0677290584902173,-0.41656680710338606,-0.9914207080380457,-0.6004435006157391,-0.2614631175628228,-0.6203823827220438,-0.6668735068495338,0.5595295848155782,-0.050346763126857264,0.1375503606133191,-0.6981936903682668,-0.1303393444182841,-0.49341349358614023,-0.8113665253124961,0.1252848061763878,0.9000086430384084,-0.8700227880212664,-0.3368548525819264,-0.06674703638986226,-0.6695234349670778,-1.1001542163047464
19119,Lyon,Iowa,-0.28648242824094294,0.8005375727372612,-0.8394782546514771,-0.31944482574014127,0.33556350483880265,0.7746983435683161,-0.664351354472942,-0.2675916253926559,-0.46168324358825064,-0.05381002325509981,-0.50287493716433,-1.2213441751053924,0.7150567248273964,-1.0432427887686055,-1.6801973534274721,-1.7006107486336899,-1.3211740197304227,-0.6834013786095132,-1.5020199737143443,-0.23036182290041488,-0.3088031806524365,-0.49035927444461913,-0.24416640200403703,2.4018740288573524,-0.5218632565333814,-0.2962111170680935,-0.7772874200642155,-0.638791219008033,-0.705543724934997,-0.45561489911327385,-0.6213946542352662,-0.20618740998433963,-0.123495164570974,-0.40034207928975996,-0.08602139992103093,-0.37633089516378593,2.1288111063421145,-1.9072002936195254,-0.3023520606369951,-1.5331609839324034,-1.1831151075647381,-0.6057259207645703,-1.1231834819216813,-1.1003430353381605,0.7348848291111975,0.0441466346000306,0.2863328074867917,-1.2203929241411025,-0.21339761681805,-0.5386799334337206,-1.240803088095796,-0.5944776153984553,1.4953435417030498,-2.2308347011248983,-0.33408496402372306,-0.06670516067261845,-0.3261245951407929,0.09472382123412902
19121,Madison,Iowa,-0.2730598032280817,-0.047832914074841165,0.9535126639938792,-0.4307985401417869,0.07082377019912929,0.7411680086946304,-0.6491901861260122,-0.3070817373467224,-0.231687588986734,-0.4704644378206597,-0.542498050620667,-1.3073869273336023,1.157047808820838,-1.356983758026089,-0.32468798530347687,-0.8392276072710719,-0.6296481855150373,0.15006883059003598,-1.438505625965091,-0.26566425404613436,-0.33492012962007733,-0.1799562308560313,-0.6387241208828306,0.9411510711466441,1.611718844915397,-0.48929578065912765,-0.15827033924686484,-0.6274421451335599,-0.42495335833308845,-0.43953253854405705,-0.4895097925792694,-0.2822426244222065,-0.1278802709569964,-0.3845153686757964,-0.08602139992103093,-0.3922637721469334,1.6559595527643154,-1.4406053704970092,-0.3212811182401745,-1.079055164432721,-0.6957897635710297,-0.31064351802021495,-0.6775188712674571,-0.8762726329194243,-0.010903137591857235,-0.2578616757819838,0.15294164822091982,-0.7759680443344334,-0.46319693230606757,-0.3961019456941705,-1.240803088095796,-0.5944776153984553,1.7930109910353704,-1.6865099358834457,-0.31634270488063704,-0.06481070895931668,-0.6906924695936971,-0.5075592976874933
19123,Mahaska,Iowa,-0.25619878376505706,0.47593676476497127,-0.47829653415817175,-0.20027123736169383,0.33481503880984476,0.6107781108144675,-0.5571614530611243,-0.30768435330215027,-0.0068517117503991915,-0.47564914698988364,-0.5271850653492892,-0.6362534599535646,0.24162723169138645,-1.239330894554533,-1.1094565668489478,0.31922812518651883,-0.6514741312658925,-1.0850218211219613,-0.21878365000804906,-0.2141302598040435,-0.16863551039579006,0.00798836043155202,-0.6855092101357282,1.6298239118462123,0.4592879000250047,-0.38052304850819724,-0.5295784761894322,-0.6374040255523153,-0.5663604558490941,-0.4465605873965749,-0.41912211224454243,-0.16712152145963236,-0.18416843787135026,-0.34702726336455353,-0.08602139992103093,-0.2795875773804396,1.8125868862878292,-1.6415277588492456,-0.31297080026804697,-1.0153210143275024,-0.6004435006157391,-0.2614631175628228,-0.6203823827220438,-0.6295284397797445,0.4517811816941738,-0.06702206860807308,0.12985471680951896,-0.7065266568646413,-0.15219678452348534,-0.6419416456317781,-0.8113665253124961,-0.354556808206841,0.3046737443737671,-0.8700227880212664,-0.2893362914381548,-0.06282863530197386,-0.7436309358448526,-0.7852877064127458
19125,Marion,Iowa,-0.223519392559841,0.4034825961546841,-0.14711256593228092,-0.2984560562411969,-0.049860069239569406,0.7022964450679711,-0.6242229101787189,-0.32783852808972613,-0.0722628639204243,-0.46479073272198596,-0.5573679053432383,-1.083675771540258,0.7316682859900633,-1.494245432076238,-1.39482696013821,0.09710194786665173,-0.8220672504141616,-1.02790537405021,-0.5223527006943983,-0.19834327444014702,-0.20416056047241418,-0.11593387924104602,-0.39411888508201415,0.9140618708679217,0.6796792167159659,-0.42507776272493664,-0.14317399476704984,-0.631376135734688,-0.2058213305452305,-0.44896142786253507,-0.486977302575727,0.13122421790644423,-0.02853194883938171,0.15040228452241264,-0.08602139992103093,-0.2502084470868565,1.2075530842745634,-1.0659851702861884,-0.3151377380188436,-1.0312545518538074,-0.6216315590502485,-0.2614631175628228,-0.6203823827220438,-0.6948823071518759,0.3060039304122737,-0.07072769204834312,0.20424594024625503,-0.7176372788598082,-0.20902612879700966,-0.6265766643856777,-0.8113665253124961,-0.8343984225900698,1.197676092370729,-1.4143475532627192,-0.243576983838107,-0.05869585437759971,-0.23492449694567122,-0.14748118637510246
19127,Marshall,Iowa,-0.2056069390187851,0.5506727892532555,-0.5128347359525036,-0.2519234573370274,0.2225579727126074,0.4130969918423336,-0.5106330454733095,-0.22042147639627369,0.7939470945537314,0.15989308640356212,0.9522528737194134,-0.2576653501494408,-0.006241972268905226,-0.8275458724040856,0.24605280127504683,0.1373922835916948,-0.4634573249022855,-0.8413956101314325,0.03200404814690572,-0.18628309724049066,-0.22446135664305317,-0.15182859147309188,-0.21530064864181506,2.149401261664718,-0.19879104230474628,-0.452334080451872,-0.7410980462767286,-0.6352818459197429,-0.5781133085909849,-0.453974092805573,-0.45052084162261474,-0.2535551275506957,-0.18282612356810315,-0.3898602596792432,-0.08602139992103093,-0.21741662994534752,2.0264052569420272,-1.876247695137096,-0.31314951678357655,-1.2065234646431584,-0.8229181141780844,-0.47457818621152376,-0.848928336903697,-0.7655711841054058,0.022900282995250095,-0.33938539146792623,0.6095498472464045,-0.9231837857703928,-0.3176888310342976,-0.4319535686017383,-0.38192996252919614,-0.5944776153984553,0.6023411937060877,-1.1421851706419928,-0.21658928585885587,-0.05652035608314398,-0.02477632883242594,0.07211802052393398
19129,Mills,Iowa,-0.2766592808935424,-0.2850691008794024,0.6249558168254639,-0.048610347108246486,0.10971430413755928,0.7387379756133436,-0.6441251172692849,-0.24569983381405067,-0.44705492847804157,-0.12185422118221112,-0.4524752328649772,-0.9804244688664046,1.1639807331077363,-1.3765925686046818,-1.252141763493579,-0.7716174074230279,-0.6554143538766373,-0.6697727393778525,0.0743303322578006,-0.23825337860617093,-0.26094694558041925,0.05034737513909536,-0.7619987907724927,1.973756467153595,-0.16802063872407677,-0.3451820433771894,-0.5102376155270039,-0.621705590668021,-0.686490120246785,-0.44470951695781813,-0.5437402917542791,-0.22283713561187876,-0.10257920920038321,-0.35288282909969726,-0.08602139992103093,-0.31863497700917215,1.8673840620333064,-1.6779446740970156,-0.41186805204925303,-1.0073542455643503,-0.5156912668777032,-0.048348048914121824,-0.5403912987584657,-0.8015824987798454,0.22360809273119953,-0.3875584961914377,0.6223759202527385,-0.6259746473996832,-0.28833741146445513,-0.6419416456317781,-0.8113665253124961,-0.5944776153984553,1.197676092370729,-1.4143475532627192,-0.31585610283662835,-0.06371578022535361,1.6506919901442374,2.3375421916956127
19131,Mitchell,Iowa,-0.28990617876244296,-0.012164071021967529,-0.733158624874145,0.3763324133739712,-0.14458753385404965,0.7822984654536461,-0.6643231448747225,-0.34134385862011024,-0.44992048615406727,-0.4219174157525153,-0.5779281789534128,-0.8943817166381945,0.3792560752085243,-0.8275458724040856,-1.6801973534274721,-1.1238751340262738,-1.2820934494163514,-0.5962485884915629,-1.8918110723379373,-0.244350219767677,-0.2808234184707294,-0.10621807121285295,-0.6312400207450767,2.3662503789076927,-0.5875846254762687,-0.3683296540739766,-0.6975130222639422,-0.6368093202330751,-0.6884005471959697,-0.4558372808569767,-0.5060416739390069,-0.2949988911710074,-0.16356463729259987,-0.40103174735485986,-0.08602139992103093,-0.34413471813192625,2.0639972344446904,-1.8580870387571464,-0.39043696322865884,-1.5012939088797943,-1.2043031659992476,-0.8352344562324036,-1.1917472681761765,-0.8149200227333417,-0.15879310266045152,0.09602536276381207,1.6279400439493117,-1.2703907231193532,0.00018079792420551654,-0.5386799334337206,-0.8113665253124961,-0.354556808206841,1.197676092370729,-1.6865099358834457,-0.33079104249504887,-0.0661715811769971,0.06693712812588705,-0.02637868257048672
19133,Monona,Iowa,-0.29567881544155045,-0.5014909668631388,-1.2788857765056143,1.0989215256989606,-0.7219731487577898,0.6918525813222896,-0.6306081219053676,-0.15575782503978436,-0.5092086727122023,-0.0005442125982743132,-0.5411713921953291,-0.37812520326893484,-0.17970236507080417,-1.160895652240162,-0.8240861735596857,-0.09490865404594902,-0.8704148424065964,-1.2402105310953497,-0.19303824050152998,-0.25794525632897436,-0.34735771153970285,-0.40344922110837084,-0.36022041788862436,1.9781076500879826,-0.37952246668660433,-0.2596428990975766,-0.4498233091711996,-0.5906967845684573,-0.6830789811136452,-0.44029633622824393,-0.5598780127199099,-0.03271420084451777,-0.16607155482299085,-0.3554509586396852,-0.08602139992103093,-0.3954124699101878,1.775966987924976,-1.5559197142156342,-0.21942759743124923,-1.1905899271168539,-0.8335121433953391,-0.35982391847760714,-0.757509955231036,-1.0123153772450855,-0.22639994383466616,-0.9100514012695238,0.5223325508033344,-0.8787412977897261,-0.7204902272587264,-0.9236329684769536,-0.38192996252919614,0.1252848061763878,0.9000086430384084,-0.59786040540054,-0.33200754760507056,-0.06831153663503935,0.3148497621087993,-0.3541627928683135
19135,Monroe,Iowa,-0.29833815288682164,-0.15966388350840932,-0.13654942131836628,0.21509925716565276,-0.17035077669738136,0.7744797954656828,-0.6224187450614344,-0.3317260107080042,-0.4699857063804899,-0.5264693540128897,-0.5091558745237917,-0.6534620103992067,0.04633842380796639,-1.160895652240162,-0.7527435752373701,-1.0322727986350895,-1.3827600171069994,-1.1082845888871586,-1.114954686969239,-0.24935069856607658,-0.3719814012240285,-0.21896485129191554,-0.653349100051489,0.06979189924939745,2.218494833610725,-0.4654683654005095,0.681856150909528,-0.6319900470414077,-0.4516234803651572,-0.43167291031760735,-0.5160863615570644,-0.36663259265907805,-0.22296059672122778,-0.39566515750507975,-0.08602139992103093,-0.4173674075814925,1.0725540420434245,-0.8625682586665903,-0.4165072349315428,-0.9515868642222841,-0.5686614129639759,-0.24506965074369283,-0.597527787303879,-0.6775435260123308,0.707419549884173,0.088614115883272,0.25811544687285737,-0.6676394798815585,-0.01543165929379561,-0.5386799334337206,-0.8113665253124961,-0.1146360010152266,0.9000086430384084,-1.1421851706419928,-0.34334911832311926,-0.06717789307378015,1.7310500216942786e-05,-0.09258138465034335
19137,Montgomery,Iowa,-0.29186553641760427,-0.29760239836844493,-0.618407256324199,0.5821530164145147,-0.6892215111056484,0.757719622974671,-0.6433500970512426,-0.2583801245620462,-0.45856609140322196,-0.23196883644129038,-0.40798387791646196,-0.22324824925815678,-0.20640441999757056,-1.1216780310829764,-1.0381139685266323,0.16706305424088447,-0.8438028472064059,-1.150386222000664,-0.45811449102527535,-0.24739275694013113,-0.3386101153626869,-0.05077891221085213,-0.6635729323951989,1.9375403494496821,0.38659478036707184,-0.4439555811034589,-0.6417430977080969,-0.6350252279195225,-0.6865283611998818,-0.453332439438592,-0.5462681638405502,-0.366454721969828,-0.2326871979273578,-0.3803535653294683,-0.08602139992103093,-0.35185918624949647,2.0826797906425147,-1.872915704115113,-0.4234101603438746,-1.0232877830906548,-0.5792554421812298,-0.16310231664803845,-0.597527787303879,-0.8589338517798791,0.32501835449252153,-0.5709868564848083,0.935332101607284,-0.6815277573755169,-0.27085145938029426,-0.5548734185705422,-0.38192996252919614,0.1252848061763878,1.197676092370729,-0.8700227880212664,-0.32571915195941986,-0.06600933796587233,0.14900370850654296,-0.49948579743385213
19139,Muscatine,Iowa,-0.19595659002961258,0.5422089246301974,-0.002361992966289389,-0.49835026722042736,0.00380400992958374,0.5363930786301191,-0.46548196707200273,-0.2468884183314215,-0.1514734133161497,0.38368377226761113,0.6129620824431116,-0.7567133130730604,0.41495033886384186,-1.1216780310829764,-0.8954287718820013,-0.2262784387135549,-0.21259365998836374,0.0421628305001041,-0.36039451876253575,-0.01220836948181515,0.08245803075278799,0.1426281021509047,-0.5678418987566674,1.4972341385014751,-0.23578499721538768,-0.22873662303204467,-0.5402152460215209,-0.6354187995780259,-0.427557203407506,-0.4542645466749589,0.014549216310713865,0.1432682538010052,-0.1824951437151998,-0.20844508881403165,-0.08602139992103093,-0.0833921252188707,1.367525709578391,-1.2935339936708299,-0.40549382966202974,-1.0232877830906548,-0.7275718512227938,-0.21228271710543062,-0.757509955231036,-0.4934856954540831,0.720095832604338,-0.47464064703778547,0.6172454910502047,-0.7676350778380588,-0.027921625068196686,-0.559995078985909,-0.38192996252919614,-0.8343984225900698,0.9000086430384084,-1.6865099358834457,-0.21745019716748665,-0.05101825612284621,-0.3137186726615563,-0.011846382113932855
19141,O Brien,Iowa,-0.28063071434705317,0.1402496142283012,-0.7893062241064369,0.26387912892790594,0.050160436366960576,0.6937735371456126,-0.5916473998327473,-0.3170367337550875,-0.31896937323662417,-0.5470908394867328,-0.3181498439052852,-0.7567133130730604,0.31411404403756976,-1.1020692205043836,-1.39482696013821,-0.013817717875863158,-1.061056664796051,-1.2794390134791307,-0.6610093798359354,-0.18627734667904122,-0.22006787060265157,-0.438921749507185,-0.2710422192079957,2.5336298984518004,-0.6275359172218501,-0.4367513576725414,-0.8130336883489386,-0.634283298606555,-0.6315188542492483,-0.45316105152210834,-0.6206933563570574,-0.29274388057723066,-0.22079740358535738,-0.4161814671034726,-0.08602139992103093,-0.330046028117069,2.210726017064641,-2.0068223825761518,-0.3131718563480177,-1.5092606776429467,-1.1301449614784655,-0.6385128544028326,-1.0889015887944329,-1.0549954538962734,0.6609398465769003,-0.5079912580002164,0.4556369711703985,-1.195394024651978,-0.35890571808982036,-0.5386799334337206,-0.8113665253124961,-0.354556808206841,1.197676092370729,-1.1421851706419928,-0.31473317504276216,-0.06586977577906644,-0.20168505162578124,-0.4833387969265704
19143,Osceola,Iowa,-0.30346059913327467,-0.3503385326591271,-0.9792282645709868,0.8104330039873496,0.3288521695934344,0.687543446821299,-0.6066722450270762,-0.2697491296488609,-0.2650227657915768,-0.030746997293854078,-0.088314317468658,-0.8943817166381945,0.34184574118516264,-0.8275458724040856,-1.5375121567828411,-0.8346052068063899,-1.7805408450688067,-1.8303975653794502,-1.0672529790957226,-0.20933978864016894,-0.25428712146168647,-0.4551571051014188,-0.26605882074233306,2.584036259056631,-0.7630297545230595,-0.40486271394916235,-0.8306604904090356,-0.6393997489025706,-0.6735423721093905,-0.45431405189611174,-0.6260715851362577,-0.09145136399113511,-0.19693776304205526,-0.40425772221896017,-0.08602139992103093,-0.3493956260283286,2.1990485023411375,-1.987115400967067,-0.44251793446258364,-1.6128286715639266,-1.2572733120855202,-0.6876932548602247,-1.1917472681761765,-1.028320405989281,0.766575535911611,-0.34679663834846663,0.6942019290882079,-1.29816727810727,-0.2027811459098091,-0.5386799334337206,-0.8113665253124961,-0.354556808206841,1.4953435417030498,-1.4143475532627192,-0.34986209952754327,-0.06776932012960121,0.21351544669957953,0.03175051925572874
19145,Page,Iowa,-0.2766651384650078,-0.9333006227480131,0.23365236382670793,0.7434688016629066,1.3680675683648054,0.567071679798842,-0.4784585969702832,-0.22656022214782556,-0.2616912733809272,-0.015529247532322859,-0.43627164490802295,0.06929710831775686,-0.24319696868843635,-1.160895652240162,-1.1094565668489478,0.0036538685451764624,-0.8133627143759646,-1.3993332197559,0.08536459081612129,-0.2596755887110701,-0.3725737149440987,-0.16256470906827444,-0.4861303726928077,1.8352750817413732,0.4834635045538549,-0.4459387631601008,-0.5524779999785938,-0.6359270419393154,-0.6695400145685538,-0.45370803298057755,-0.5717126028268589,-0.3621296704104981,-0.2346699508227712,-0.38394147678453033,-0.08602139992103093,-0.35476875402890756,2.0258184296705797,-1.8163777429148817,-0.3412080097217276,-0.9356533266959792,-0.49450320844319384,-0.06474151573325176,-0.4946821079221353,-0.9042814332217664,0.5151625952950002,-0.5246665634814319,0.750636650316077,-0.5870874704165995,-0.2652309747818136,-0.7290098726930142,-0.8113665253124961,-0.1146360010152266,0.9000086430384084,-0.8700227880212664,-0.30275527857485596,-0.0649878371393244,1.1487050003532664,0.7373744414239566
19147,Palo Alto,Iowa,-0.2948851145079948,0.04890614406779212,-1.1886151779971255,0.5468949812011213,-0.12246679352532726,0.63546518176674,-0.5451146121851649,-0.2956560496836958,-0.23896435592712134,-0.25186004047712945,-0.4789690658832507,-0.5846278086166387,-0.04447602006892806,-1.2001132733973472,-1.3234843618158942,-0.08531825580616748,-1.528012908619438,-1.5660517802253369,-1.3554643711549306,-0.23666166367829555,-0.2981852600578898,-0.3807718287828038,-0.46061178813064857,2.4193927086668445,-0.4609781813730694,-0.4657619486503084,-0.8277164284171512,-0.6392741620095683,-0.6963965254390916,-0.4560049910770185,-0.5406792740451828,0.10705619227549094,-0.20076262600351674,-0.3354207498062724,-0.08602139992103093,-0.39571526053057754,2.1736100145498005,-1.9423858620957253,-0.3158749436454033,-1.493327140116642,-1.0559867569576835,-0.6057259207645703,-1.0089105048308546,-0.9749703101752961,0.1581139653436794,-0.4134978602733286,0.5043760485944669,-1.1453962256737273,-0.42635153327158515,-0.5386799334337206,-0.8113665253124961,-0.8343984225900698,1.197676092370729,-1.4143475532627192,-0.33487101347942944,-0.06762561968896903,0.4184898150670353,0.09472382123412902
19149,Plymouth,Iowa,-0.24717226613694487,0.2924756224959954,-0.1678447967755657,-0.18586246568159195,-0.09340368465736243,0.6313217119032778,-0.572561260034021,-0.21450614374558247,-0.3334885604765454,0.5475634673572383,-0.28063169658005144,-1.2557612759966765,0.9227698821754557,-1.2785485157117182,-1.3234843618158942,-0.7289631378839323,-1.5941899307598886,-1.3321971590703285,-1.5482641704641147,-0.18127500909227193,-0.23444515272460004,-0.407550778074415,-0.34338775210967526,2.236602328171626,-0.7060268627797933,0.050388346645242645,-0.7378001923311174,-0.6388202166137913,-0.6898837760637352,-0.45472639348474064,-0.6018854051228264,-0.19248634491831035,-0.202756929500642,-0.39528358809566333,-0.08602139992103093,-0.34222310445625126,1.8827491539520207,-1.682699168112816,-0.09665679778387738,-1.3658588399062048,-0.9818285524369023,-0.49097165303065604,-0.9746286117036063,-1.0990092829428109,0.35459634750624053,-0.3375325797477912,0.20937636944878846,-1.0537335942136017,-0.4725644066368686,-0.7034015706161801,-0.8113665253124961,-0.8343984225900698,0.9000086430384084,-1.4143475532627192,-0.2800347062122964,-0.06479292868789555,0.9386697697665846,1.6286888694259283
19151,Pocahontas,Iowa,-0.3015246717639748,-0.5299353559500153,-1.0299503352897477,1.0011525623617215,-0.15393835754416024,0.6931983470105767,-0.6008642071299755,-0.2811172928106869,-0.3442705176354539,1.1008372626448044,-0.4101337599245224,-0.7567133130730604,0.0291090773128035,-0.9451987358756418,-1.5375121567828411,-0.7020245054533931,-1.851632608912964,-1.5777405161963596,-1.872300980467947,-0.2520570488054461,-0.2635520783739943,-0.08422586162789378,-0.8587358073752072,2.6289675068133675,-0.7137063126472669,-0.48072196511143594,-0.8258454386859074,-0.6391524998426446,-0.7098193065223638,-0.4561088522279379,-0.5795319654356269,-0.1959734358965481,-0.15892109098207588,-0.4094394512104436,-0.08602139992103093,-0.3949618356114084,2.2656070593610953,-2.03215259271949,-0.30914328822712084,-1.4375597587745756,-1.0242046693059201,-0.6057259207645703,-0.9403467185763587,-1.0229853964078826,0.05036556222227456,-0.6080430908875096,0.17859379423358743,-1.1009537376930598,-0.6255664873732798,-0.4626835310939393,-0.8113665253124961,0.1252848061763878,1.4953435417030498,-1.1421851706419928,-0.3424320606247952,-0.06849637071177386,0.7363471537686174,0.09472382123412902
19153,Polk,Iowa,1.1146662389863922,0.8702715941846103,1.1081452277273105,-1.3536401790923922,-0.3294250575048209,0.054424317348643385,-0.13943336954158012,-0.29595192812436216,1.3131072947035163,-0.19627753381090665,-0.07949171287497563,-0.7567133130730604,0.7968789599757397,-1.1805044628187567,-0.8954287718820013,0.5564040345246191,0.25801715841997985,-0.23441557422856804,0.5386803300666189,0.957662770699824,1.8947298060815443,2.1160411761167515,1.2471935865940085,0.8046720214814883,-0.043158794402597754,-0.4284127006392426,-0.5806381142210654,-0.6343215400311352,-0.5198113571283128,-0.454732696983651,-0.33632663892375136,0.08892542676042767,-0.043204897372565346,-0.1469377181575779,-0.08602139992103093,1.837836585450819,0.7727718514408598,-1.5447594269995313,-0.2994702568240799,-1.071088395669569,-0.6534136467020117,-0.2778565843819527,-0.7118007643947055,-0.8856088996868715,0.09050712416946476,-0.0688748803282081,0.5402890530122019,-0.7648574223392673,-0.27959443542237444,0.1314290770886126,-0.8113665253124961,-0.8343984225900698,1.197676092370729,-1.4143475532627192,1.0344458538242514,0.10246002244089715,-1.1243217529131113,-0.4542741960134627
19155,Pottawattamie,Iowa,-0.04792990152862395,0.20305349999077563,0.22571372472166704,-0.29947866185923544,-0.3401231218912446,0.6337137748274818,-0.5369113695517255,-0.2176746061342091,-0.19606712475921484,-0.14578917265129632,-0.13238595517724544,-0.6018363590622807,0.31576147159089213,-1.1412868416615691,-1.1807991651712635,0.3910743524090987,-0.13628186252737648,-0.6998723298428212,0.3788747073554624,-0.03306437493465478,0.04958763460696438,0.18114727061431365,-0.5544401149535604,2.067697267961693,-0.2868568851926197,-0.36443561231228083,-0.6511389078738132,-0.6291068126437578,-0.6993578431301246,-0.45256544806725374,-0.5538401833619796,-0.2663054411863698,-0.158605851824862,-0.36797965036440683,-0.08602139992103093,-0.08074311077974064,1.906108971419336,-1.818299579155259,-0.02589995067710691,-1.0949887019590256,-0.6110375298329939,-0.16310231664803845,-0.6203823827220438,-0.8869426520822212,-0.019353992738634255,-0.36903037899008717,0.7762887963287445,-0.7204149343585998,-0.3564077249349407,-0.08368066035679413,-0.38192996252919614,0.1252848061763878,0.6023411937060877,-1.1421851706419928,-0.009521400669927783,-0.05055558245868766,0.33971544155249433,0.6776305395470127
19157,Poweshiek,Iowa,-0.26671605333110215,0.3781005197610508,-1.3737313391861903,0.3358056825884547,-0.6565612166111318,0.6002081648423389,-0.5685791200380711,-0.29305956609658435,0.20098134935348566,-0.014894875438476755,-0.474207052314563,-0.49858505638843054,0.1385943667940179,-1.298157326290311,-1.0381139685266323,0.37386310620496,-0.3111205376345562,-0.35927443378816204,-0.40103215904912604,-0.23630543496263648,-0.2792945132920374,-0.19030729676519337,-0.4412849577371,1.997359447052729,0.26764225648222706,-0.4046620839618055,-0.6945766012648098,-0.6376913008862136,-0.6224835706401016,-0.4547189893554038,-0.5709778623884912,-0.3574780906534733,-0.23837105920536872,-0.40217961323899254,-0.08602139992103093,-0.31917896978656035,2.087754988975198,-1.8919590417332905,-0.303521164509418,-1.1268557770116352,-0.7487599096573023,-0.3762173852967394,-0.7689372529401188,-0.6962160595472254,0.34825820614615766,-0.15410421945442054,0.6018542034426043,-0.8398541208066425,-0.12846584955212345,-0.5395084373244416,-0.8113665253124961,-0.5944776153984553,0.9000086430384084,-1.4143475532627192,-0.2978892581347691,-0.06428495244980298,-1.0696925379464313,-1.3924149254865523
19159,Ringgold,Iowa,-0.30657682715284357,-0.5213398814700149,-1.1550394266035846,1.0555302857921829,-0.2055619708817961,0.7653780961583124,-0.6436894399405216,-0.3092602697932323,-0.43766508852894803,-0.42891806349539785,-0.5083432400334417,0.10371420920904087,-0.3316775568647908,-0.9059811147184565,-0.8240861735596857,-0.6851679272151863,-1.016156819944492,-0.7795292528046512,-0.8853504664047127,-0.28505251460870024,-0.4188614369098505,-0.2474157703794543,-0.6510216321694919,0.6296541905526057,2.7714130248959514,-0.5038073755575555,-0.3385492427386273,-0.627854995861391,-0.5384288175199399,-0.4451880159604144,-0.5166653946473658,-0.3699944835334033,-0.23763691780358429,-0.3693537257300226,-0.08602139992103093,-0.4481005823999864,1.8739957711684847,-1.6284781589580333,-0.3386017272035872,-0.9356533266959792,-0.5686614129639759,-0.17949578346716838,-0.5518185964675486,-0.8015824987798454,0.9334799250604531,-0.23562793514036295,0.4889847609868662,-0.6398629248936416,-0.059771037792919306,-0.5386799334337206,-0.8113665253124961,-0.354556808206841,1.197676092370729,-1.1421851706419928,-0.35235125613727997,-0.06899024017460084,-0.728147075992954,-1.3229828233052394
19161,Sac,Iowa,-0.29243957842120905,-0.5116615650636692,-0.9868947576305663,0.9628748377720927,-0.2929731374668171,0.775170921431646,-0.6389717998562344,-0.333697592925409,-0.4287396124994894,0.19298589544318648,-0.4279221307933765,-0.8599646157469105,0.2519236538996511,-1.219722083975942,-1.252141763493579,-0.9587890572509848,-1.5573402955645461,-1.2547211649507009,-1.4469371347990827,-0.23136565961325656,-0.2624981881064609,-0.31212260339031633,-0.38109619132884065,2.4836514162837044,-0.5094328205623314,-0.4845640894331601,-0.798360845754171,-0.638657706722099,-0.7098181427928265,-0.4560081068421957,-0.5930725962716629,-0.15906210234072596,-0.2198749736301217,-0.3855806153066646,-0.08602139992103093,-0.33861271537930593,2.2149557862122986,-2.0072361322024115,-0.30931455822117,-1.326024996090443,-0.9500464647851382,-0.49097165303065604,-0.8717829323218625,-1.131019340431202,-0.274992360928633,-0.4079394251129235,0.4120283229488634,-1.0065134507341433,-0.6480484257672013,-0.5386799334337206,-0.8113665253124961,-0.354556808206841,1.197676092370729,-1.4143475532627192,-0.3289382116351696,-0.0673732905294969,0.1174460689159109,-0.3896861939843339
19163,Scott,Iowa,0.18560268643788572,0.29835047114309865,0.669013650891534,-0.6080450759572761,-0.42611785697799126,0.13674042127156794,-0.03762104288745991,-0.25904212321299935,0.5155095207230701,-0.14749249585471952,-0.20247029441815598,-0.46416795549714485,0.686569956717864,-1.239330894554533,-0.5387157802704237,0.31866481122478746,-0.03396553850194355,-0.6120469380148756,0.5557355915071998,0.5091219617850962,1.0040702446652194,0.8431830987594721,0.019305256359731092,1.5559956443994285,-0.35646168752769264,-0.4397365799067373,-0.69218331703133,-0.6371082669224105,-0.38370677701024547,-0.4545923919857775,-0.31025243185316276,-0.050437362991382996,-0.10239699801817857,-0.21498423945998207,-0.08602139992103093,0.7038183103989846,1.3707794171265657,-1.6365619353963232,-0.3913230992848265,-0.9675204017485887,-0.6957897635710297,-0.22867618392456057,-0.6775188712674571,-0.39878927538426023,0.9081273596201224,-0.3727360024303572,0.8532452343667473,-0.7231925898573921,0.16379934956885717,-0.12465394367972873,-0.38192996252919614,-0.5944776153984553,0.9000086430384084,-1.1421851706419928,0.2386643572377345,0.006387431930562853,-0.2674044030011333,0.22712922539384225
19165,Shelby,Iowa,-0.2873639927464789,-0.46496735570705416,-0.6499198141337938,0.7520369182878479,-0.2142224558768958,0.7164379009552763,-0.6203074839728644,-0.29238920645406347,-0.4099047035773433,-0.24334560393339968,-0.4662742264998369,-0.9976330193120466,0.3278426069819227,-1.219722083975942,-1.39482696013821,-0.719483235790034,-1.0615082867209131,-0.7795292528046512,-0.9983691912501778,-0.2321266594980076,-0.31984409305693084,-0.23943507157878707,-0.5814037961479701,2.5382179903620945,-0.4803418641100754,-0.48169135304766214,-0.8039899189829447,-0.6384322747568545,-0.7070205868094467,-0.4561110428615028,-0.6061723640117846,-0.370743095283106,-0.2487421062286971,-0.41188880181369586,-0.08602139992103093,-0.38554023461723225,2.281846638869413,-2.0520086666060817,-0.2995596150818447,-1.1826231583537015,-0.7911360265263203,-0.42539778575413156,-0.7689372529401188,-0.9589652814311006,-0.20949823354111252,-0.2986235336249552,0.8994190971895495,-0.8787412977897261,-0.3926286256807023,-0.6060900227242104,-0.8113665253124961,-0.5944776153984553,1.7930109910353704,-1.4143475532627192,-0.31978635011516005,-0.06683816747983203,1.0956320296510915,0.6211160377715251
19167,Sioux,Iowa,-0.21882747781609155,1.6817721298463808,-1.5182264392868023,-0.7932806221812525,0.1021173812688711,0.7173241531415347,-0.6361123169316455,-0.31625270766648456,-0.2923425308545404,-0.4359387718586702,0.10386637545855187,-1.2901783768879602,1.0875812803224123,-1.0432427887686055,-1.5375121567828411,-1.0763204008035676,-1.2793676617389826,-1.5404823835591512,0.24868077454032494,-0.1484075961419346,-0.12252722621501495,-0.35179360265306303,-0.18886482913173386,2.492069489572536,-0.7233891109235354,-0.39522948315125106,-0.8053298414768978,-0.6393997489025706,-0.6982494795489209,-0.45537624531506316,-0.6059202470182848,-0.15997664743681547,-0.14360485859890637,-0.38874397904920155,-0.08602139992103093,-0.24044330399988462,2.1264324689441874,-1.963554872029745,-0.16745832401953048,-1.469426833827185,-1.0983628738267022,-0.5729389871263104,-1.07747429108535,-1.1083455497102583,0.7243212601777266,-0.18189639525644646,0.11702864380318492,-1.159284503167686,-0.33767277627333864,-0.795591458092783,-0.8113665253124961,-1.0743192297816841,0.9000086430384084,-2.2308347011248983,-0.26476288821571603,-0.061405450880799455,-1.0079094819614465,-0.5786060999195347
19169,Story,Iowa,-0.03647542052812206,3.397133114033515,-2.9980935787313387,-1.6366096113515562,0.9923584272918724,0.12807939943933863,-0.46199400786769995,-0.3197811336856062,2.4310064433522824,-0.43809116276460736,-0.43727725619442354,0.2241740623285349,0.5785948091605284,-1.0628515993471983,-1.6088547551051564,2.2325533921831315,1.108753251113491,-0.8538167208126168,1.2840544484642626,-0.07382735399883368,0.09718139812793619,0.04927525044121129,-0.0811099922549897,2.1733835314381995,-0.4179622529404159,-0.45475345024970015,-0.6966493023016064,-0.6381529436664514,-0.637001356682353,-0.45580341677528563,-0.5268824976971456,-0.29843936155179634,-0.20513464548422386,-0.40041227827206577,-0.08602139992103093,0.008528226819365707,1.950847171515221,-1.9003363642093887,-0.3127920837525173,-1.198556695880006,-0.7805419973090664,-0.42539778575413156,-0.8260737414855321,-0.8669363661519769,-0.053157413325741205,-0.41164504855319356,0.658288924670473,-0.8954072307824761,-0.40012260514534315,-0.6675499477086123,-0.8113665253124961,-1.3142400369732985,1.197676092370729,-1.1421851706419928,-0.1233114171150365,-0.0354723520404894,-1.4301403608196064,-0.7497643052967248
19171,Tama,Iowa,-0.2715485497900201,0.0844430046995161,-0.4812725306594071,0.1618864802988484,0.03848454616245298,0.2092599471770498,-0.601269701622275,1.0882418338614999,-0.35363538460094845,0.20859448915157028,0.07203615032966446,-0.2404567997037988,0.03837585730024171,-0.6706753877753437,-0.7527435752373701,-0.5124005489611563,-0.9050375621647911,-0.40278566504997015,-1.3481695002191514,-0.2575093867569697,-0.34026815541510724,-0.2696216928298899,-0.4402419240843835,1.867441650047387,0.10622726427851802,-0.38953056214364257,-0.6366207892962031,-0.636725409687735,-0.5451202815954772,-0.4495958588030074,-0.3607413538532654,0.17515551966516443,-0.20553565448168507,-0.38869677798035507,-0.08602139992103093,-0.3689458199802816,1.8867967915982657,-1.6750972915272562,-0.2022559188974444,-1.2383905396957675,-0.8864822894816117,-0.5565455203071782,-0.9060648254491102,-0.768238688896105,-0.023579420312022578,-0.4079394251129235,0.6865062852844077,-0.9787368957462266,-0.3370482779846187,-0.4831701727554066,-0.38192996252919614,-0.354556808206841,0.9000086430384084,-1.1421851706419928,-0.30359747442025564,-0.06600688474080611,-0.43182931680115616,-0.6480382021008477
19173,Taylor,Iowa,-0.30298320705884824,-0.29625772798367384,-0.5165430910119475,0.530184051671304,0.4341597541311689,0.7716984850209965,-0.6495357264191995,-0.31168666996196037,-0.4649669263536569,-0.18335659637103263,-0.14456998465190957,-0.3437081023776508,-0.2891190117372968,-0.6902841983539365,-1.5375121567828411,-0.8141853329371704,-1.291208659481451,-0.5999082268580429,-2.01174679499135,-0.2827279849253513,-0.4323908202778291,-0.29061381949647763,-0.5281180181744921,1.393456252179678,1.1510691332530463,-0.4822571399773858,-0.332238255644124,-0.6295016575412852,-0.6022019862355752,-0.44117899685102774,-0.5553609357871959,-0.38716486114008697,-0.25427982780074315,-0.393712522030306,-0.08602139992103093,-0.433062539815299,1.8928737574812116,-1.6533241495939541,-0.3417813918757185,-0.9515868642222841,-0.5686614129639759,-0.19588925028629833,-0.5632458941766305,-0.8642688613612776,0.6440381362833466,-0.3875584961914377,0.8583756635692812,-0.6509735468888077,-0.1359598290167643,-0.5386799334337206,-0.38192996252919614,-0.1146360010152266,0.9000086430384084,-1.4143475532627192,-0.3474103738442687,-0.068495019658106,0.3537658862351319,-0.02637868257048672
19175,Union,Iowa,-0.28505903837486163,0.05399977053468694,-0.559614436768128,0.22894888949474326,-0.5770704730018624,0.7028172547275457,-0.5998007741507685,-0.3022407771981277,-0.33629162282859515,-0.4782821605952831,-0.4755685950411794,-0.41254230416021886,-0.19274449986793943,-1.0824604099257908,-0.6100583785927393,0.14456123319277042,-0.5129230800471958,-0.5469714825857119,-0.47874484980127874,-0.25027868221192134,-0.3152670345205843,-0.10443166605192461,-0.6457788672718412,1.038670146725459,1.8385971086317545,-0.5054091510921485,-0.4178374619248656,-0.6069792050314636,-0.4788257242484987,-0.4474552833210677,-0.5574977991803227,-0.3445908870632711,-0.22568425683756377,-0.3138145704262796,-0.08602139992103093,-0.3590681421479368,1.8546382790143388,-1.6480966307453702,-0.42290379688320734,-1.0551548581432642,-0.685195734353775,-0.32703698483934723,-0.6546642758492923,-0.8335925562682364,0.5616422986022724,-0.22451106481955285,0.4787239025817993,-0.7620797668404751,-0.18342169895948757,-0.6265766643856777,-0.38192996252919614,-0.1146360010152266,0.9000086430384084,-0.59786040540054,-0.32190119746027474,-0.06487524726987633,0.14570007461646298,-0.04736978322995386
19177,Van Buren,Iowa,-0.30027993782758683,-0.39917770335985,-0.4915469533743718,0.6125537155393411,0.6605057831305577,0.7990583408749677,-0.6581317801558875,-0.31248369284613486,-0.369975118138371,-0.49707081676846054,-0.5695329947059095,-0.2920824510407248,-0.3635964657104113,-0.8275458724040856,-0.9667713702043169,-1.2022896209711533,-0.476173316959158,0.25231624231963606,-0.9739696392541785,-0.275834620636578,-0.368813146845907,-0.1764806577202298,-0.7150364483948032,0.4172726390532961,1.5348302015896134,-0.47135615972158973,0.5829445769550103,-0.6105332976778467,-0.5519997987607497,-0.43222920847296825,-0.5055729590019078,-0.31527165451910427,-0.18773879531073145,-0.2806023223786983,-0.08602139992103093,-0.4241664664687328,1.105344575682763,-0.8915125245326752,-0.37464289116872823,-0.9037862516433701,-0.6110375298329939,-0.2614631175628228,-0.6089550850129618,-0.7202236026635187,1.2884158412250797,-0.4005281782323831,0.6069846326451378,-0.6676394798815585,0.056385643909009034,-0.5386799334337206,-0.38192996252919614,0.1252848061763878,1.197676092370729,-0.8700227880212664,-0.3425069224777196,-0.06788599952987556,-1.1408701786055309,-1.7298872360887483
19179,Wapello,Iowa,-0.2184935962425663,0.25635448250291354,-0.03289817090072713,-0.2197905521567532,-0.07560479000430664,0.38905840230564454,-0.4050637915598801,-0.21503949369622746,0.0006081041392837869,4.048747071146434,0.09877319380271316,-0.051162744801737194,-0.3561830417204607,-0.7295018195111219,-0.32468798530347687,0.01155329019019166,0.33917828266315636,0.2470106147470941,0.5381957010953503,-0.1398467470725501,-0.07050609900330114,0.19565732274537032,-0.5393698873655083,0.7062916079626607,1.303778156588872,-0.4683333265978284,0.1909369457357523,-0.6243086987856977,-0.6101825657309812,-0.44699323191456547,-0.4494976799187645,-0.31325361918059363,-0.1904075563574663,-0.3101769087361348,-0.08602139992103093,-0.1301467845266497,1.285372471969323,-1.1934773735670212,-0.4152711123657963,-0.9117530204065225,-0.5156912668777032,-0.17949578346716838,-0.5632458941766305,-0.6308621921750941,0.7475611118313628,-0.4060866133927882,0.18115900883485414,-0.6204193364020993,-0.16718474345276654,-0.4165885873556378,0.04750660025410388,-0.354556808206841,0.007006295041446424,-0.59786040540054,-0.23133707088496536,-0.054111874946566885,0.1325514829293838,0.1948352243792776
19181,Warren,Iowa,-0.1701774180105848,0.5270618605215985,0.684383425605522,-0.8264068676596524,-0.3275199093733944,0.7290528605595816,-0.6136493190004838,-0.3125275043824892,-0.27314595097762717,-0.04366888064876675,-0.4777878372123268,-1.2385527255510345,1.6361060127640326,-1.5726806743906088,-1.1094565668489478,-0.9123380146207368,-0.59681009279103,-0.5288208186267894,0.12500669153972685,-0.23080071150135495,-0.17636899849159715,-0.051343485843233616,-0.3067574106323249,0.7382505394721461,1.4979836331986345,-0.4542409219988512,-0.14735710212954234,-0.6295443179670959,-0.24202551803101807,-0.448285994389987,-0.3566966248961541,-0.017979553453835687,-0.19201063463148907,-0.3340825997547425,-0.08602139992103093,-0.20266967963005347,1.4047150729087874,-1.2781942303534073,-0.31303781896137056,-1.0392213206169596,-0.6110375298329939,-0.19588925028629833,-0.6203823827220438,-0.8255900418961386,0.2552987995316127,0.008943211917464278,0.627506349455272,-0.7065266568646413,-0.15531927596708536,-0.6316983248010445,-1.240803088095796,-0.8343984225900698,1.4953435417030498,-1.6865099358834457,-0.20171049259012866,-0.05210994030568992,-0.9800948087275139,-0.7045527038763353
19183,Washington,Iowa,-0.25657952591030514,0.24824958598067148,-0.48496930691574713,0.012815709014976957,-0.3554441127997379,0.7197409800051187,-0.5986775229889267,-0.30894864760486274,-0.32308078498359044,-0.16298420712703054,-0.2333870568151856,-0.9287988175294786,0.5153747768017833,-1.0432427887686055,-1.1094565668489478,0.08081016512816551,-0.9777828946745176,-0.9482069485192369,-0.9856300567343717,-0.2193489773609881,-0.16378797732859687,-0.02377235705690078,-0.717869981105183,1.5556895205726122,0.35621682498932145,-0.28117147324179603,-0.44328194657514836,-0.6363927914644439,-0.5652123028979742,-0.4517205763419143,-0.33238698374148834,-0.17729707663730881,-0.18381762951033753,-0.3838153069240907,-0.08602139992103093,-0.29896888541416616,1.6929541846747678,-1.5168507949075982,-0.31486966324554927,-1.0392213206169596,-0.6746017051365212,-0.24506965074369283,-0.7003734666856227,-0.6428659637332408,0.7538992531914452,-0.7766489574197996,0.1708981504297873,-0.750969144845309,-0.29832938408397564,-0.49853515400150705,-0.8113665253124961,-0.5944776153984553,0.9000086430384084,-1.4143475532627192,-0.28433926275545024,-0.06284026710793278,-0.004007106168057171,-0.01669048226611767
19185,Wayne,Iowa,-0.30204599562439144,0.13945601033999372,-1.604663197136008,0.6706723742686814,-0.1576233321399537,0.7835127309965668,-0.6374075058646197,-0.324154409099219,-0.39454186306570127,-0.7142338995972727,-0.583891047086604,0.7920562270347207,-0.39537808892658827,-0.7883282512469002,-1.0381139685266323,-1.164489947181039,-0.33691280722601985,0.607336477347328,-1.338872115693158,-0.28102787006049623,-0.42578833469394617,-0.1877745104173449,-0.7100011038417229,0.7017110034555065,2.4938611406827356,-0.4848597179746946,-0.27341386024307024,-0.6312614895930952,-0.5985082771975375,-0.44450209374819694,-0.5097423886419422,-0.25189316538122597,-0.22854184767439217,-0.382437203485641,-0.08602139992103093,-0.4448798536138754,1.8193567376467172,-1.5767474415331733,-0.3472992642926957,-0.9117530204065225,-0.5792554421812298,-0.2614631175628228,-0.6203823827220438,-0.596184629896004,0.9651706318608658,0.045999446320165616,0.5762020574299362,-0.6648618243827662,0.16192585470269738,-0.9236329684769536,0.04750660025410388,0.36520561336800217,1.197676092370729,-0.59786040540054,-0.3478969758882774,-0.06833441037595261,-0.027122357630644505,-0.23306028906369777
19187,Webster,Iowa,-0.2157551815825128,0.5787800485787465,-0.8789191921789259,-0.09550163293295211,0.7534219690290942,0.44533809849860023,-0.3061396553490775,-0.27968311054072814,-0.12941998042166025,-0.2912683478372502,-0.3083068291770671,-0.41254230416021886,-0.16322808953758067,-1.0432427887686055,-0.6814009769150549,0.447007898497211,-0.2790377446010314,-0.43644287317790903,-0.284458217848893,-0.15967989125920048,-0.10813710687815344,-0.16775961917170196,-0.44367228972039646,2.2523148270150237,-0.616814485489404,-0.43676331725359296,-0.5259336549780519,-0.6390015320624782,-0.6986072746301187,-0.4547503426890543,-0.564528167380243,-0.3035181863379944,-0.13838544120994437,-0.36305578228707563,-0.08602139992103093,-0.2445762434449121,1.9385873236850375,-1.7791435646979343,-0.20498134575927124,-1.3339917648535953,-0.9182643771333749,-0.6385128544028326,-0.9289194208672759,-0.9336239859194579,-0.12921510964673288,-0.18745483041685151,0.4787239025817993,-1.0398453167196433,-0.4219800452505448,-0.6521849664625118,-0.38192996252919614,-0.1146360010152266,1.4953435417030498,-0.59786040540054,-0.2249738133863902,-0.0604347555107155,-0.4125795246843977,-0.5527708991078834
19189,Winnebago,Iowa,-0.2905856570524242,0.03696379157469591,-1.142253441103382,0.5348082788596092,-0.31784915084807075,0.66560264341316,-0.5545817351307049,-0.30734428904969296,-0.1741786675376125,-0.6450685269411801,-0.335739322987884,-0.7395047626274167,-0.375059815768946,-1.3373749474474963,-0.9667713702043169,-0.5504149744339493,-0.7637859723941585,-0.6837194610911765,-0.42465216371467907,-0.23358485123781994,-0.29709609408121257,-0.3162582099955158,-0.3697149780885923,2.389675865245484,-0.5077916254262232,-0.4175706286987773,-0.787395065620891,-0.6381522974924116,-0.7046608911100141,-0.4560644063872149,-0.5966338857637079,0.2806988188248931,-0.227171021388791,-0.39728321679349066,-0.08602139992103093,-0.3477908834731205,2.1231676830385204,-1.9140353004778377,-0.441095648859827,-1.5490945214587082,-1.2043031659992476,-0.8024475225941413,-1.157465375048929,-0.9176189571752624,0.07783084144929941,-0.3616191321095471,1.1610709865187598,-1.2731683786181447,-0.24587152783149208,-0.5386799334337206,-0.8113665253124961,-0.5944776153984553,1.197676092370729,-1.1421851706419928,-0.3294248136791783,-0.06549274033390565,1.5225294378848413,1.4962834652662151
19191,Winneshiek,Iowa,-0.26236094894661066,0.30846442720599815,-1.4481899438972745,0.43704176077093276,-0.11002711381769227,0.7253726349961285,-0.6375430297841679,-0.367325129404024,-0.18201152496329748,-0.5779119415808944,-0.5317743118874176,-1.0148415697576887,0.669958395555197,-1.3765925686046818,-0.8954287718820013,-0.9552807495979037,-0.3015268238368328,-0.13762720099667508,0.31178800787993977,-0.2487842734140805,-0.23032870623044321,0.06127572320696027,-0.899034562813646,1.3141789588777162,0.7937862335511188,-0.3093131605201056,-0.17831743509320525,-0.6317296353831682,-0.5686141080404981,-0.4540151032615873,-0.5920077039860151,-0.31451212683256874,-0.1854780217501149,-0.4089748612847269,-0.08602139992103093,-0.3452168664176933,1.6531502403471414,-1.4581857937152236,-0.22612202024212966,-1.445526527537728,-1.2043031659992476,-0.8516279230515335,-1.157465375048929,-0.7562349173379584,0.0017731451283081073,0.35171338014245007,1.556114035113842,-1.245391823630228,0.14381540432981568,-0.5386799334337206,-1.240803088095796,-1.0743192297816841,1.7930109910353704,-1.6865099358834457,-0.28980417801893243,-0.06482902666556074,0.9330667638303822,1.0151028501492085
19193,Woodbury,Iowa,-0.018931993989383545,1.0937486414801114,-0.09496751278131055,-0.9603539489867383,-0.11651161593574698,0.1554965938497936,-0.30184610187281774,0.15780705712783882,0.5689541624548066,1.7526908880162084,0.5464708238011684,-0.2920824510407248,0.18513419517537424,-0.8275458724040856,-0.9667713702043169,0.6365279544174668,-0.47268319568249495,-1.105410639705277,-0.04715796904089228,-0.0010137541822397467,-0.03571879655155916,-0.06869399149913863,-0.14094098804067207,1.9561733120680613,-0.36859964018282493,-0.09517006200045995,-0.6516924278722198,-0.6363033229498734,-0.7002090389059218,-0.45262652368965284,-0.575600107624962,-0.2151359211123244,-0.18574584257119922,-0.3631943219544416,-0.08602139992103093,-0.07295712989023272,1.759312293356944,-1.6789422403740197,-0.0863508120550025,-1.24635730845892,-0.8970763186988656,-0.4417912525732615,-0.848928336903697,-1.069666730245119,-0.21161094732780666,-0.5154025048807568,0.1118982146006515,-0.9509603407583097,-0.7098737563504856,-0.20147884991023113,0.04750660025410388,-0.5944776153984553,0.9000086430384084,-1.1421851706419928,-0.028498880386266637,-0.046315076089714184,-0.24942072669806165,0.4612607327494326
19195,Worth,Iowa,-0.2992929370356745,-0.4518323681468438,0.1476041439442528,0.3427549502878993,0.3074721016184624,0.7391188917406961,-0.6189162944787838,-0.28251257475678015,-0.36552702799199643,-0.5126739655005875,-0.459748092191501,-0.8083389644099845,0.3031998364968092,-1.298157326290311,-0.8954287718820013,-0.7401118703670722,-1.8148871171874459,-1.5077470413304679,-1.8757633347998044,-0.24754495035558766,-0.31398276272012754,-0.21858598512503977,-0.4909449862603249,2.336960414989185,-0.49979460185970154,-0.38234810216609133,-0.7726627165262702,-0.6386877710461694,-0.6955424805368117,-0.4559196419214049,-0.5760855563868917,0.2835085699832445,-0.14129540093986037,-0.3799418585467157,-0.08602139992103093,-0.3552106105499108,2.0748812407383324,-1.863886870661212,-0.4407382158287677,-1.5490945214587082,-1.2043031659992476,-0.8516279230515335,-1.1917472681761765,-0.8229225371054394,0.014449427848473074,-0.3004763453450902,1.3842446568289686,-1.2898343116108946,-0.14532730334756486,-0.9236329684769536,-0.8113665253124961,-0.5944776153984553,1.197676092370729,-1.1421851706419928,-0.34432232241113664,-0.06704702288828326,-1.3525451150985925,-1.7896311379656922
19197,Wright,Iowa,-0.2841188981546721,-0.12396546674279324,-1.2205943017930232,0.7220844143377829,0.09830358550485681,0.7014909901458172,-0.6023968354469623,-0.2629074302135684,-0.3397057730230334,0.2151397386222417,0.2490336186799018,-0.6018363590622807,-0.10096905658494026,-1.00402516761142,-1.1094565668489478,-0.008921650794828805,-1.0555711263308583,-1.2109466051237294,-0.7524217071305132,-0.20784620192190273,-0.2860564283702142,-0.3093723557943875,-0.4563412597999138,2.4542667532126026,-0.5734491362081648,-0.43825250380961683,-0.8102710483892455,-0.6390312321282261,-0.7083841625644294,-0.4561094919326359,-0.46858398780581667,-0.1051103426785872,-0.20211790815244357,-0.38601645304556137,-0.08602139992103093,-0.3602914625133199,2.15705649024055,-1.9415857972386954,-0.3063880752793724,-1.397725914958814,-1.0136106400886655,-0.704086721679357,-1.0317651002490196,-0.9309564811287586,-0.008790423805163074,-0.42832035403440905,0.6967671436894746,-1.1231749816833936,-0.41323706920846415,-0.529265116493708,-0.38192996252919614,-0.5944776153984553,0.9000086430384084,-1.1421851706419928,-0.31971148826223567,-0.06637624984815345,0.3206854812967937,0.11087082174141077
20001,Allen,Kansas,-0.2846841538010789,0.10054653750559576,-0.7252897462887019,0.2685754726751456,-0.3700535874791215,0.5785514615523141,-0.47803422464245504,-0.08057088454077507,-0.12489185198102777,-0.3522679623582412,-0.42969985817316986,0.4823023190131645,-0.6199773786962017,-0.3961520396750457,-0.32468798530347687,0.1039894189455848,-0.6881578238960998,-1.288133096273471,0.1365922880154061,-0.23856411064359556,-0.295002063465433,-0.13705477008130013,-0.459999638854716,0.40465850380624735,2.9174950224462415,-0.365018846475385,-0.2963011150828218,-0.638408868664766,-0.5764936643159083,-0.4166735430437973,-0.5875471864413686,-0.37970006202640283,-0.10079281221693223,-0.3608186138318058,-0.08602139992103093,-0.31114678298320364,1.7185591739262358,-1.5364869026863428,-0.36371139763549953,-0.17084352543335618,0.07757436928855048,0.29591475428762803,0.06525547982291542,-0.6935485547565263,2.471535561773835,1.7283524882027972,0.17859379423358743,0.02677439481636203,1.03185197088972,-0.4319535686017383,-0.38192996252919614,-0.1146360010152266,-0.29066115429087425,0.4907891250823656,-0.31853241407867616,-0.06576848862853399,-0.23323682610887284,-0.6480382021008477
20003,Anderson,Kansas,-0.29789590624118734,0.19375147800742823,-1.0654061677487203,0.35209152611146227,-0.15883325599023743,0.7389225478229586,-0.6329486556052223,-0.17737593479317887,-0.3628303988510919,-0.6345849683988973,-0.5530954927243572,-0.3092910014863668,-0.2999645764633356,-0.2000639338891186,-0.5387157802704237,-0.3392687730110573,-0.7383071504079141,0.34824981682975353,-2.182032891777563,-0.2770305777611927,-0.4089013714850075,-0.283778172265866,-0.4949229602686391,0.4785299333103191,2.6161045686080207,-0.1398050065829573,-0.3297173507835757,-0.6270268059362244,-0.4513018337952726,-0.4269818298167698,-0.6082954010956682,-0.39226959299299763,-0.22027988885529726,-0.37919128024138476,-0.08602139992103093,-0.41341955076877335,1.6549202679910708,-1.4304613111089457,-0.3052040783639886,-0.2664447505911843,0.02460422320227784,0.29591475428762803,0.008118991277502157,-0.7762412032682028,2.0109639562744976,1.5356600693087514,-0.6499705219755789,-0.03433402615705466,0.5903316807646483,-0.36537198320196956,-0.38192996252919614,0.1252848061763878,0.007006295041446424,0.2186267424616392,-0.3420203204337109,-0.06807409469042222,0.41267391111408885,0.3385435288940884
20005,Atchison,Kansas,-0.2738359314472413,1.0280818456786533,-1.0862381383289925,-0.406186195334719,-0.6640461311513258,0.46168240208008615,-0.2806140389363674,-0.17933311291310663,-0.3656969495306163,-0.18981613504438632,-0.47326013079070617,-0.11999694658430474,-0.26509402658467923,-0.6314577666181586,0.816793587853571,0.2748463935839598,-0.7215228404026969,-0.560863083370253,-1.0037116904159864,-0.22631647777077543,-0.36153281405757887,-0.2396116679134392,-0.30441502475811505,1.0044794116948816,1.5673028143915373,-0.4800443151236088,-0.13771688967828688,-0.6385753098629549,-0.6398943663140136,-0.44895919202977913,-0.6033520355256339,-0.33967339938423363,-0.1761888923167056,-0.3294367810159731,-0.08602139992103093,-0.32145866605171103,1.6982166703167347,-1.5122575160873237,-0.41695402622036687,-0.553248426064668,-0.1978703903600674,0.18116048655371142,-0.22042696290415092,-0.8255900418961386,0.8215060943656599,1.1391583611998493,-0.6807530971907801,-0.2676570880555561,0.07449609428189073,-0.6982799102008133,-0.38192996252919614,0.1252848061763878,0.007006295041446424,0.2186267424616392,-0.3135166699327404,-0.06313788639649207,0.019265374284136667,0.2691114267127754
20007,Barber,Kansas,-0.307944570090004,-0.40633766000388255,-1.2021369515777944,0.9730363622223968,0.56727740255143,0.6851137201842249,-0.5987115365572382,-0.09459411104097235,-0.4666007181933427,-0.5669321082610915,-0.36779960264602124,-0.15441404747558876,-0.34746540425079664,0.4470268152044409,-1.1094565668489478,-0.010154660341358271,-1.0271293008432596,-0.5911574589273108,-1.5573114421852987,-0.2810574784930115,-0.43835898106408333,-0.6093965810357822,-0.7707777490753345,0.06645719195663438,-0.8301345082773126,4.250733313280668,-0.7312402008453752,-0.6388960392359406,-0.7077777471187731,-0.4479037358121223,-0.5625738655147042,-0.3379419713750251,-0.25741568577280033,-0.38169203953125336,-0.08602139992103093,-0.6102637026651629,-0.3101877936918459,0.5650419634187266,0.10591092604747177,-0.09117583780183297,0.08816839850580516,0.6729644911276378,0.16810115920465915,-1.0963417781521116,0.6334745673498758,-0.3560606969491417,-1.2066220904504676,0.14621358126440467,-0.7398496742090479,-0.571499116226579,-0.38192996252919614,0.1252848061763878,0.007006295041446424,0.2186267424616392,-0.35412922514423484,-0.07007448814578969,-0.1975237720424634,-0.8159670073765815
20009,Barton,Kansas,-0.24540913712587298,0.19710476531907026,-0.6926649698165636,0.16337053493798745,-0.22689521762241666,0.655967680416499,-0.5403792437396657,-0.1606637342029368,-0.5101086445309699,-0.21628320276043908,0.3959960322564081,-0.18883114836687276,-0.34101297966695077,0.2117210882613286,-0.6100583785927393,0.16627885157078848,-0.6557928272771845,-0.8908111832800786,-0.3675172301181957,-0.2156138752594403,-0.3265618801386184,-0.36395827089174154,-0.246428186794023,1.6646885714115138,-0.8191898239197106,1.008277190591874,-0.7912978772002305,-0.6393997489025706,-0.7116490013262518,-0.45588621590136197,-0.5823933589289865,0.3798908971316606,-0.23520363345981854,-0.27325282264098794,-0.08602139992103093,-0.3356946285774007,1.268423796853723,-1.0882577566701153,-0.0692535987360018,-0.4337468946173832,-0.293216653315358,0.2631278206493658,-0.1975723674859861,-1.0990092829428109,0.1285359723299604,0.033029764279220164,-1.7196650107038214,-0.2315475665712639,-0.884108778903378,-0.4678051915093061,0.04750660025410388,-0.354556808206841,-0.29066115429087425,-0.0535356401590872,-0.2715566013686066,-0.06490220768611492,-0.473818839565622,-0.5204768980933193
20011,Bourbon,Kansas,-0.278343332689832,0.6613735792825604,-1.3197189587184377,0.04793258355363998,-0.34758251626200054,0.5226181582715501,-0.4204401306096845,-0.11334036770371307,-0.13893480259889518,-0.23151233302854565,-0.4994488979669762,0.1897569614372509,-0.5676715538782172,-0.2000639338891186,0.17471020295273174,0.021903587868416074,-0.1184041436494563,0.0713028497270384,-0.3189583616711674,-0.25808988521947074,-0.3572285193808685,-0.24731003406185673,-0.4955474829927351,-0.3356768962142069,4.217081410327244,-0.5009148971759309,-0.02232747571514628,-0.6387280151141593,-0.29494762498870014,-0.43834146520182904,-0.6135947919972788,-0.3916476896291369,-0.1851641749477202,-0.3591222812610552,-0.08602139992103093,-0.3815474370828376,1.5776491690683228,-1.3690969706241252,-0.2642407637003026,-0.14694321914389946,0.10935645694031451,0.29591475428762803,0.07668277753199744,-0.690881049965827,2.0574436595817707,1.678326571759151,0.5762020574299362,0.04621798330790507,0.9906350838341969,-0.45244021026320563,0.04750660025410388,-0.1146360010152266,-0.29066115429087425,0.762951507703092,-0.3162678430277126,-0.06613037408248498,0.1952735602811648,0.28525842722005773
20013,Brown,Kansas,-0.2928993977812394,0.10393794526314856,-0.8655267455109423,0.33529152655632327,-0.30927552813584913,0.10647430035814338,-0.5293990283941821,1.1926542702554668,-0.3220238932580892,-0.41931786660956033,-0.32275331557322906,0.15533986054596688,-0.5603954155177102,-0.18045512331052588,-0.6100583785927393,0.17908840951711502,-0.5920502132810428,-0.6174741066013503,-0.5970504300567736,-0.26340369730109975,-0.38338941859585535,-0.3048333533103356,-0.39984976704702174,1.8151220825597951,0.4360570661111559,-0.3922563838264243,-0.4894018432473031,-0.637649553489264,-0.6957313704232387,-0.4527484296847595,-0.604159538544382,-0.39555264963280323,-0.2522066939565673,-0.37878974884062455,-0.08602139992103093,-0.38424538121037655,1.9845245816347652,-1.763504970843195,-0.31393140153901866,-0.6647831887488004,-0.27202859488084863,0.13198008609631925,-0.28899074915864703,-0.9442940050822549,1.2546124206379723,0.7815656992137833,-0.6243183759629112,-0.35098675301930654,0.040148688402288434,-0.5958467018934768,-0.38192996252919614,-0.1146360010152266,-0.29066115429087425,-0.0535356401590872,-0.3333737764209411,-0.06739259106288478,-0.5079521433090025,-0.8547198085940588
20015,Butler,Kansas,-0.12494232236938008,0.5383295011652477,0.493141929891752,-0.7415458982531483,0.10014809352749206,0.5538286638016009,-0.5082665959418542,-0.08890978198292841,-0.00799344285796189,-0.09529704771148927,-0.3324225517863166,-1.0320501202033303,0.7191752937107022,-0.592240145460973,-0.5387157802704237,-0.35562192256333564,-0.2591199592891348,-0.5245028241707117,0.5203004561330985,-0.22864952700571894,-0.30119186529994524,-0.30941568398388347,-0.4125599836657442,-0.10616484583921663,-0.6918002093919053,3.941147211341519,-0.5974321570849054,-0.6392514292054141,-0.6960701142736719,-0.4531096473967261,-0.49151335077675906,-0.3921444835695726,-0.2315735209730642,-0.2688042833048269,-0.08602139992103093,-0.35729865939859684,-0.41756167917263065,0.5602197784002793,0.33728924148649253,-0.1947438317228135,0.056386310854041874,0.45984942247893684,0.08811007524108025,-0.9829728245473939,2.2919548899048277,0.8371500508178351,-0.6397096635705118,0.04621798330790507,0.3436548567202303,-0.45756187067857246,-0.8113665253124961,-0.8343984225900698,0.007006295041446424,-0.59786040540054,-0.1508792944544518,-0.0612137407542565,-0.7765359473520932,-0.36385099317268255
20017,Chase,Kansas,-0.3131548799084374,-0.6426252663287236,-1.0834413918654717,1.1316110813202147,0.6118293030932332,0.7130033327870339,-0.5768724775874963,-0.18735164029602713,-0.5029217692733142,-0.535787739049575,-0.3575388878198306,-0.5330021572797127,-0.32261670532151787,-0.06280225983896945,-0.8954287718820013,-1.09479205810539,-0.5189686854648484,0.3772951754773702,-1.530541273613631,-0.28845763033051247,-0.42544706503314617,-0.5471502751759304,-0.8082808257055085,-0.5292692820991552,-0.618349198643187,5.042652214202808,-0.6500535448860613,-0.6388479971881744,-0.7051273816848403,-0.4512674169889607,-0.5830965440915761,-0.3811288864176975,-0.23954214545274435,-0.3746777493692735,-0.08602139992103093,-0.5967413071800812,-0.800925609164297,1.0363094754244453,-0.16079368729457144,-0.3620459757490121,-0.11311815662203072,0.23034088701110358,-0.10615398581332439,-0.89094390926827,1.7574383018711932,0.8315916156574298,-1.0065353515516597,-0.1426625906099296,0.1375704214426156,-0.571499116226579,-0.38192996252919614,-0.5944776153984553,0.007006295041446424,-0.3256980227798136,-0.36421685982579954,-0.07017754675073658,0.09510972472282511,-0.22014268865787237
20019,Chautauqua,Kansas,-0.3113917508973655,-1.219910531934161,-1.2004082541230308,1.7217043708681992,0.39719910926124546,0.4197484911920412,-0.5310010078808095,0.7589413940783034,-0.4187421218874716,-0.3450221961020847,-0.4125255422680072,0.32742536500238506,-0.8276905360442612,0.8392030267762957,-0.1820027886588462,-0.7476045349675761,-1.0083635603153598,-0.5594843254435085,-1.2432355875275567,-0.29058121896233335,-0.447110828923377,-0.5426620716469767,-0.6782910020336814,-0.6997175593271394,0.88254897440234,2.834433214201107,0.2606806852180164,-0.6189906371581525,-0.688242148467055,-0.4183656508039119,-0.6210477314516563,-0.394950217825921,-0.2522260008815072,-0.36965557010605987,-0.08602139992103093,-0.5667451039429303,-0.2896197304479529,0.5262568524338241,-0.2597951903765031,-0.035408456459767056,0.2364848075473684,0.4106690220215423,0.19095575462282396,-0.8109187655472929,1.8715248463526801,1.0150199759508,-0.43705771007043714,0.16565716975594613,0.40922717703583483,-0.571499116226579,0.04750660025410388,0.36520561336800217,0.007006295041446424,0.762951507703092,-0.3589390991946284,-0.06983538044716642,-0.5669977954179021,-1.356891524370532
20021,Cherokee,Kansas,-0.26251324580470986,-0.19708401309675114,0.29198932109905823,0.036153866773399476,-0.31455862135042983,0.4626503703569438,-0.6047564923150055,0.6654777983741944,-0.3965856832761704,1.3946842070316077,-0.5097092287787889,0.15533986054596688,-0.5518837064922114,-0.14123750215334038,-0.39603058362579246,-0.13485033071090297,-0.6400622382175933,-0.5011376337526232,-0.6787429491032432,-0.22061094466535705,-0.2522192102568896,-0.09035187467505314,-0.4653328246245601,0.7499231060044127,2.0217474894308105,-0.49974216654809467,-0.27363048332686113,-0.6392787184501307,-0.638025179178708,-0.4503948904239246,-0.2644167496131611,-0.289746942125594,-0.004884777138220868,-0.31661291244859774,-0.08602139992103093,-0.27991298503099105,1.6532033558238846,-1.4864312657011958,-0.2999096015914235,0.06815953746121348,0.2788609244163863,0.44345595565980456,0.25951954087732004,-0.6001858870820529,2.471535561773835,2.0118326813834613,0.6531584954679396,0.23509855722573816,1.286647272687499,-0.677793268539346,0.04750660025410388,0.1252848061763878,0.3046737443737671,0.4907891250823656,-0.2896170233866214,-0.06383115288493126,0.48992689084415725,0.4531872324957914
20023,Cheyenne,Kansas,-0.3131285208368432,-0.6280620303361664,-2.3301466267750643,1.7390753886668944,0.14123336878220055,0.7279573026922382,-0.6715533516782579,-0.3131533374665381,-0.16108060929188395,-0.6878131757286048,-0.1910482914899246,-0.49858505638843054,-0.5765264769773248,0.7607677844619247,-1.1094565668489478,-1.025901860791217,-1.6397941974121655,-0.9765951294763298,-2.298735845626302,-0.290285131209461,-0.4488414058198047,-0.6299831612488368,-0.5363142221337258,1.0578081236110544,-0.7484678846856361,2.562130541719034,-0.8310527252684717,-0.6393997489025706,-0.712607123416166,-0.45461138205408225,-0.6001386897288142,-0.31476517755955025,-0.2472552260741342,-0.42610273045668723,-0.08602139992103093,-0.558575385776222,0.702874465896699,-0.442193912488617,0.019866370341437834,-0.48951427595944935,-0.685195734353775,-0.08113498255238405,-0.5861004895947962,-1.4284461245941669,-1.523606208864909,-0.25971448750211884,-2.0069690460456995,-0.5065354609516406,-1.6953320559507166,-0.9236329684769536,-0.38192996252919614,-0.5944776153984553,0.007006295041446424,-0.59786040540054,-0.3623827444291514,-0.07034505138785904,-1.929431716744573,-2.685789666119849
20027,Clay,Kansas,-0.29747416109568176,-0.4004556275399133,-0.6584362436365033,0.6968448442141625,-0.1959392152024988,0.7157360363683605,-0.6032852839204363,-0.19450389307311342,-0.3424395372320234,-0.23715605026035938,-0.5045975497115993,-0.7739218635187005,-0.2018739942259341,-0.43536966083223116,-0.6100583785927393,0.05952528740335746,-0.4277067028002345,-0.8565389641292549,0.21016586002748186,-0.27060942179565745,-0.41672299683078895,-0.4332457420717692,-0.4043146544350454,1.1720907665330058,-0.783580875098482,1.7970866190426518,-0.579491818232195,-0.6360174359258376,-0.6994027058984252,-0.45443264083360335,-0.5990208049472827,-0.3866787329855646,-0.2420929376963656,-0.21569022547244832,-0.08602139992103093,-0.4411623453895679,0.7995119703534463,-0.5868379854723152,-0.2518199658709937,-0.5134145822489063,-0.22965247801183067,0.3614886215641502,-0.10615398581332439,-0.9336239859194579,0.7348848291111975,1.0465177751930963,-0.9783179909377252,-0.2037710115833471,-0.10535941286948194,-0.571499116226579,-0.8113665253124961,-0.8343984225900698,0.3046737443737671,-0.3256980227798136,-0.337697048427326,-0.0683360745784711,-0.5211050071150494,-1.059786715036541
20029,Cloud,Kansas,-0.2951779930812626,0.21724518076408383,-0.9987055030217759,0.29722912856954825,-0.19574736949656973,0.6698724856777696,-0.5885158129517625,-0.20377078623413997,-0.15020401918868695,-0.3365076066208557,-0.45925583322806285,-0.17162259792123075,-0.6468167192524117,-0.43536966083223116,-0.5387157802704237,-0.15967293993220358,-0.7366989527747828,-0.8173436649584659,-0.43339268487243454,-0.2611732898225995,-0.3716619069367844,-0.44103158657763497,-0.42386419217695553,1.265422490446711,-0.8117426255011251,1.8196268188112936,-0.62128657539121,-0.6393001309077453,-0.6991876813570252,-0.45523611104050143,-0.5915688387929485,-0.39325817335987934,-0.21775170115017642,-0.3664962190113447,-0.08602139992103093,-0.4336518189225146,0.8786659971585534,-0.667035728036981,-0.20532388574736962,-0.5851155011172772,-0.293216653315358,0.29591475428762803,-0.17471777206782046,-0.8962789188496685,0.2616369408916952,0.4943798825928494,-1.281013313887204,-0.27321239905313915,-0.4875523655661498,-0.5036568144168738,-0.38192996252919614,-0.354556808206841,0.007006295041446424,-0.3256980227798136,-0.3344967042148073,-0.0683297258232979,-0.1524378422139201,-0.6141295010355552
20031,Coffey,Kansas,-0.2969557660209978,-0.49424778535837205,-0.1683915563344363,0.5392028693212186,-0.2834527511317673,0.6706541814727115,-0.6166149044080319,-0.14304942653637134,-0.251500745569497,-0.446388303187761,-0.5018446953884145,-0.5674192581709984,0.48002372722007464,-0.7098930089325312,0.3173953995973624,-0.5264847165846971,-0.848148106143064,-0.7753739926455916,-0.5219094078110929,-0.25593004420568743,-0.37477794846544454,-0.23650250882067636,-0.6280426409101717,0.18967196796779145,1.0791300900489145,1.5393174532853862,-0.4310485560609915,-0.6383062781411233,-0.6646491450328268,-0.43492909354148324,-0.5381948076181042,-0.2853827310324892,-0.13648373259587315,-0.011983113866447076,-0.08602139992103093,-0.41873082700920383,0.675045795182593,-0.4755137888508959,-0.2528922649641715,-0.25847798182803183,0.02460422320227784,0.2631278206493658,-0.03759019955882911,-0.7802424604542515,2.2032209108636707,1.1187774322783637,-0.21644925436149517,-0.048222303651013855,0.6103156260036897,-0.5548734185705422,-0.8113665253124961,-0.5944776153984553,0.007006295041446424,-0.0535356401590872,-0.3385392442727257,-0.06827384099704979,-0.9749989037795487,-1.46669112782005
20035,Cowley,Kansas,-0.21867225217225966,0.4766521048501225,-0.37182119468629155,-0.25395685812313246,0.10776569544207594,0.37577673046398125,-0.42931014049855326,0.15759714381651013,0.1572091197279154,1.540278672059025,0.1047008965132585,-0.17162259792123075,-0.28726565573980917,-0.23928155504630408,-0.46737318194810806,0.5136414951305651,-0.4689110726066774,-0.536094934563164,-0.6027067222824389,-0.24545989216044625,-0.37046081506126366,-0.3719387506405993,-0.34142364637588635,0.0330543863311576,-0.618676502316057,3.5588895961537195,-0.4971845359609845,-0.6391470844182918,-0.7052699771466074,-0.4486485609610219,-0.5137939785057565,-0.34777134857407727,-0.18183568981716342,-0.32108908548569315,-0.08602139992103093,-0.38376611422363327,-0.24739551536836563,0.4062075428154657,0.10320039222860572,-0.0832090690386811,0.14113854459207778,0.4106690220215423,0.14524656378649353,-0.9349577383148076,2.8433731882320155,1.1799202190428202,-0.183101464545027,0.1128817152789048,0.7558237272754601,-0.4319535686017383,0.04750660025410388,-0.1146360010152266,0.007006295041446424,0.2186267424616392,-0.23848637783924687,-0.06444020235431638,-0.6359521829157031,-0.6480382021008477
20037,Crawford,Kansas,-0.20722069995749043,1.8123925392448328,-1.5243477532389167,-0.910570153612236,-0.06257150906881545,0.48246555697275517,-0.4785279151505347,-0.08729747473189069,0.16313851282832023,1.0422531586667434,-0.2627229161592266,0.6888049243608686,-0.8922834246974416,-0.02358463868178615,-0.1106601903365306,1.509985177978647,0.8841018273753394,-0.7272210521907788,1.40526250137823,-0.19569764880858712,-0.23607647851925131,-0.020280837479300033,-0.2349577203304363,0.30302019663456237,3.099496166269798,-0.5052641945668083,-0.3291010750287576,-0.6392795725817639,-0.6710266943661227,-0.4517080726616817,-0.30379533719499524,-0.34302301998091317,-0.180731836259112,-0.3359420056473978,-0.08602139992103093,-0.1829801766136198,1.7008362590101846,-1.5745900504516046,-0.2967820625696551,-0.059308762749223795,0.18351466146109574,0.3614886215641502,0.17952845691374197,-0.6895472975704774,2.522240692654496,1.6820321951994208,1.3355055794049,0.13232530377044546,1.3147496956799,-0.6726716081239792,0.04750660025410388,-0.354556808206841,-0.29066115429087425,0.762951507703092,-0.23930985822141543,-0.05724473939663134,-0.7700923153622181,-0.5011004974845806
20039,Decatur,Kansas,-0.3126306272622881,-1.1993830532017655,-1.8630420049049075,2.0327960648707375,0.05145029487797283,0.7410044199636402,-0.5908762148823383,-0.2536181910405645,-0.5022578998692683,-0.8388121841029915,-0.4683120783670134,-0.22324824925815678,-0.6070725295285101,0.29015633057569956,-0.6814009769150549,-0.24747474778315967,-1.0942836110223093,-0.9440229319651455,-1.1197248577565901,-0.28767481225126884,-0.440787225222342,-0.5743175191504052,-0.5077551851802103,1.256230729644529,-0.8241393722960875,2.228526024720201,-0.8292219080990857,-0.6393997489025706,-0.7124298186621221,-0.45607924372286357,-0.5497473332123325,-0.38603069866848483,-0.25766492416838604,-0.4244545498938976,-0.08602139992103093,-0.5286796151021882,0.864006216232739,-0.6117565592221814,-0.07416085639158593,-0.6886834950382574,-0.5580673837467212,-0.015561115275859598,-0.448972917085804,-1.1483581215707468,-0.5559832945589624,-0.08184456236915322,-1.7247954399063548,-0.4982024944552652,-1.1495205516093974,-0.571499116226579,-0.8113665253124961,-0.354556808206841,0.3046737443737671,0.4907891250823656,-0.36122238570882303,-0.07022834268293192,-0.3087072576311212,-1.1001542163047464
20041,Dickinson,Kansas,-0.2668273471889439,-0.25231509949726405,0.022845837599176463,0.2210753856139844,0.025973907705134327,0.6740167784997643,-0.5660647768132976,-0.14109075285911915,-0.26152429313607223,-0.07837934625096869,-0.3538980682198101,-0.8083389644099845,0.16090328157859138,-0.16084631273193314,-0.32468798530347687,0.12332680676217102,0.10047581583317704,-0.3828860485078698,0.7398108163346924,-0.2582553329419106,-0.3634809803733301,-0.34304533515401536,-0.3851864182670556,1.1784164927164282,-0.7063686789546997,1.8100467710569175,-0.6052575165873052,-0.6384763462133544,-0.7033075440521639,-0.4521081857813576,-0.5967456392107926,-0.3590062777790163,-0.20368214856610356,-0.3528324078928925,-0.08602139992103093,-0.3863379398840844,0.8406777854457642,-0.6505297502720917,-0.10551071182407436,-0.4178133570910783,-0.10252412740477604,0.44345595565980456,-0.026162901849746293,-0.9269552239427098,0.5785440088958261,0.6407520084835187,-1.2553611678745362,-0.10377541362684671,-0.3526607352026198,-0.559995078985909,-0.38192996252919614,-0.354556808206841,0.6023411937060877,-0.0535356401590872,-0.2952316623559524,-0.06635566175431376,-0.9771989336793965,-1.356891524370532
20043,Doniphan,Kansas,-0.2986515329602181,0.19225341555914094,-0.6204918632229492,0.13189651301741073,0.1878433945216706,0.5353082802581792,-0.4189892766413689,-0.08909837400596206,-0.42547242702870386,-0.6804420399250906,-0.5045481655293925,-0.5330021572797127,-0.21457291494946054,-0.3373256079392697,-0.46737318194810806,-0.05916324668503617,-0.4700618223275552,-0.012311103709697464,-1.010459886898077,-0.24610105794750206,-0.36072398712941245,-0.3210915832395406,-0.41348730265361927,1.5884289243649072,0.09625553409588009,-0.4763442781364706,-0.016695371826062927,-0.6392201317962525,-0.6893628934444922,-0.4505054126445889,-0.570496930348039,-0.24360386807342876,-0.19107853565127417,-0.28575604238814767,-0.08602139992103093,-0.3831111685484135,1.6075617054782831,-1.3975034502748374,-0.4434413031261533,-0.6010490386435817,-0.219058448794576,0.14837355291544918,-0.2661361537404822,-0.7949137368030974,1.0855953177024356,0.42397303722771706,-0.5294054357160407,-0.3065442650386398,-0.03728909939899727,-0.571499116226579,-0.38192996252919614,-0.1146360010152266,0.007006295041446424,-0.0535356401590872,-0.34561368937408277,-0.0668969336100935,0.22098783469535135,0.40151683087248863
20045,Douglas,Kansas,0.03716011036285686,2.4062206097094223,-1.3044706973308908,-1.5671550953617503,-0.12258815445684372,0.05701524706757337,-0.28099062418149734,0.18874270078478686,1.485887055602343,0.2441137398187111,-0.23510286011712533,0.10371420920904087,0.46931544812347936,-0.41576085025364035,-0.7527435752373701,2.5056408718016776,1.2076643367236224,-0.46927903082893024,1.0072630934999405,-0.02910795786227927,0.14824639406382847,0.527273917836603,-0.08764362516653185,-0.020463849257247202,2.3445789059803688,-0.3599363856547208,0.09157646851137846,-0.6234253205120318,-0.4377912662696158,-0.4429563887603066,-0.5759518319275598,-0.31466496855269466,-0.13935276233087815,-0.06455160336981873,-0.08602139992103093,0.19592481901108877,1.040737059887456,-1.0964135346921182,-0.38654987901588955,-0.3381456694595551,-0.03895995210124948,0.32870168792588794,-0.04901749726791112,-0.718889850268169,1.1088351693560718,2.2508453932808834,-0.6294488051654448,-0.08433182513530604,0.5965766636518484,-0.5907250414781099,-0.8113665253124961,-1.3142400369732985,0.3046737443737671,-0.0535356401590872,-0.04998423217557335,-0.01699787645297276,-1.4439792084536531,-0.8450316082896892
20047,Edwards,Kansas,-0.31271556204853573,-0.27537280562293337,-0.9094138576356002,0.7065997289534399,0.5779251533930309,0.5684684576394506,-0.5339137073586058,0.09393203977239435,-0.45030095085566385,-0.5520327950745919,0.8154873055561511,-0.4813765059427885,-0.45818626439700283,0.8980294585120717,-1.0381139685266323,-0.7722110338164521,-1.8990557982340388,-1.7490899565850808,-1.6462530194915093,-0.2833315392361982,-0.4299203566266176,-0.5580809471578048,-0.294559828121243,1.7766127615518605,-0.8276624244948398,1.2375698911751232,-0.8273060625670213,-0.6393997489025706,-0.7116115689758251,-0.4533074483886846,-0.5757685033188484,-0.3438886929303411,-0.25666936490627185,-0.4149116769459834,-0.08602139992103093,-0.46085317978384827,1.3747934798031396,-1.1376375283106515,-0.2766987941370135,-0.2744115193543367,-0.1978703903600674,0.3778820883832824,-0.08329939039515956,-1.144356864384698,-0.4165441846371448,-0.3523550735088717,-1.4400566191657438,-0.10377541362684671,-1.1282876097929158,-0.571499116226579,0.04750660025410388,-0.5944776153984553,-0.29066115429087425,-0.8700227880212664,-0.36294420832608454,-0.0699489022414877,0.4306053052352614,0.0043006183933488994
20049,Elk,Kansas,-0.3135004766248933,-0.9157846353262682,-2.240029804617674,1.9592688898481456,0.0867425881587739,0.6804462454079249,-0.5861223523231742,0.09207182894527338,-0.28679621872332894,-0.3630757826199094,-0.3641860579411208,0.8436818783716448,-0.9467171767718009,0.8980294585120717,-0.1820027886588462,-0.9923286010691351,-0.7190514743227336,-0.09128817349861429,-1.09919238349799,-0.2918558374989308,-0.45776497346030404,-0.5617360417635876,-0.6278683249946153,-0.6091400443676621,0.6672984521493132,3.367003611469532,-0.1529324042021954,-0.6365415178471081,-0.6472621691004942,-0.4159274549035459,-0.6177974756407272,-0.3959477520511659,-0.14503716999434305,-0.35308326981117355,-0.08602139992103093,-0.5630412125428769,-0.297832390927667,0.5326422811733813,-0.25548365443935095,-0.10710937532813784,0.11995048615756844,0.3450951547450202,0.08811007524108025,-0.9002801760357174,2.1419522110495386,0.7611847702922978,-0.4575794268805713,0.0739945382958211,0.3567693207833513,-0.9236329684769536,0.04750660025410388,0.36520561336800217,-0.29066115429087425,0.762951507703092,-0.36195228877483604,-0.07007627960639402,0.79873858201001,-0.22014268865787237
20051,Ellis,Kansas,-0.23728468550342546,1.6589018579296395,-1.4269886646876675,-0.8176487000775986,0.14029790210176293,0.624844886894472,-0.5618595351265713,-0.275566933802221,0.06462922777907255,-0.2908147672018369,-0.2756120388119967,-0.2404567997037988,-0.30785850015633853,-0.3373256079392697,-1.252141763493579,1.2902800561247756,0.16562896923688547,-0.8699797317344211,0.4612756601556545,-0.20584540943299673,-0.17285408322553442,-0.27244181223875746,-0.6599653381572179,0.6910779453346264,-0.7862302087290952,3.032818356735425,-0.8057203900247817,-0.6393997489025706,-0.7122753248154703,-0.45155221583474703,-0.5766497847939724,-0.3485822859291468,-0.21768808785664362,-0.40485172846224515,-0.08602139992103093,-0.3686323976923993,0.32469572281269937,-0.15652525477870952,-0.0695067804663353,-0.505447813485754,-0.3461867994016306,0.29591475428762803,-0.23185426061323375,-1.1510256263614462,-0.26654150578185637,0.2405446769343464,-1.4939261257923455,-0.27321239905313915,-0.9003457344100996,-0.6675499477086123,-0.8113665253124961,-0.8343984225900698,0.3046737443737671,-0.3256980227798136,-0.27966039694767436,-0.06425539674170057,0.2778985205752453,1.2702254581642654
20053,Ellsworth,Kansas,-0.3030388539877691,-0.6160992855057555,0.3428630140568382,0.3968485282607945,3.0131321035700855,0.42284285069848193,-0.31123469673972454,-0.17644966465286663,-0.395447457091847,-0.37856463301233745,-0.24880658563058,-0.8427560653012686,0.08690632730852922,-0.47458728198941663,-0.8240861735596857,-0.6383756038161622,-1.3246379356507674,-1.0690161512973477,-1.2913220825664564,-0.277960619957274,-0.42226260174014124,-0.5183994711749718,-0.42505352144280173,0.4530779741135819,-0.7791768731403657,3.33014019744866,-0.6756267367917161,-0.6393997489025706,-0.7121602486225339,-0.45516275025572084,-0.6144030154345491,-0.38246276970322496,-0.24817423206699682,-0.3058046226752632,-0.08602139992103093,-0.47931419355880456,0.09354642166929777,0.11598790256678629,-0.20136233631979625,-0.39391305080162153,-0.2084644195773213,0.4106690220215423,-0.07187209268607675,-1.0043128628729878,0.42431590246714934,0.17569626672961947,-1.7324910837101553,-0.1398849351111389,-0.7073757631956054,0.03923918961200971,-0.38192996252919614,-0.5944776153984553,0.3046737443737671,-0.59786040540054,-0.349824668601081,-0.06912487023909912,0.23753185959066606,0.14316482275597486
20055,Finney,Kansas,-0.21410627521501535,2.241516723251698,-0.40774430416670326,-1.8620021104392885,0.6949289418336818,0.22157761504119755,-0.37228991628229474,-0.1461523639705967,0.8782853288807146,0.00833005749369552,2.945409289000897,-0.2576653501494408,0.11601088075055738,1.0941175642980008,-1.1807991651712635,0.8922389366305807,0.9124578078876405,0.8653351210275115,0.45019610379189534,-0.23374104592801284,-0.36896205395551446,-0.5252994402031236,-0.44765744444706773,1.6810380535675151,-0.4629825661747309,1.1172494623513762,-0.8256262169677138,-0.6393997489025706,-0.712420537150355,-0.44391650884075085,-0.6232505602403747,-0.32676430973639786,-0.17974819945070766,-0.4162380250947672,-0.08602139992103093,-0.46254732578446145,1.4457002781495685,-1.205843183121749,0.2302008160768454,-0.4178133570910783,-0.3144047117498666,0.39427555520241236,-0.17471777206782046,-1.1536931311521452,-0.8581013660562339,-1.4343971180677448,-2.1814036389318394,-0.2037710115833471,-1.8083662462090448,-0.47292685192467293,0.9063797258207039,-0.5944776153984553,-0.588328603623195,-1.1421851706419928,-0.28899941309999494,-0.06503416787100526,-1.0662720270247172,0.30302012777806797
20057,Ford,Kansas,-0.222447456981681,2.1680550890171433,-0.3790939601442628,-1.808591704794711,0.8524772918611997,0.46645447342239926,-0.48768074402786327,-0.07895918570730938,-0.062309613910988985,0.4739121734799736,3.3238653016317126,-0.11999694658430474,-0.07673814298815738,1.290205670083928,-1.0381139685266323,1.2442567583702349,0.47846988071968727,0.22925837687084838,0.06981804095731847,-0.23340710964092592,-0.3615625655468237,-0.5089971706420542,-0.3695205044532977,1.715439936136259,-0.6437969904894199,1.159241257959924,-0.8224942857503761,-0.6393346682037664,-0.70953621891201,-0.4543017304360477,-0.5904195008049408,-0.29608885230965265,-0.2285551616484031,-0.41025091103429195,-0.08602139992103093,-0.43336583424850966,1.3977574709194769,-1.1718307915989399,0.07839602917738993,-0.25847798182803183,-0.1872763611428127,0.45984942247893684,-0.06044479497699393,-1.1910381982219347,-0.34893734346293015,-0.7006836768942625,-1.7401867275139555,-0.07599885863892988,-1.3206330827186896,-0.45756187067857246,1.335816288604004,-0.5944776153984553,-0.588328603623195,-0.8700227880212664,-0.29818870554646676,-0.06449008777078408,-1.272164658164624,-0.04898448328068175
20059,Franklin,Kansas,-0.2460974017730522,0.3035717667419802,0.35095604453494744,-0.4544570723598881,-0.07375279066487399,0.6717532563488441,-0.5455885214711799,-0.10507672785344195,-0.39064473149202145,-0.44615210223372287,-0.3975108688230702,-0.7050876617361327,0.017988941327877647,-0.5530225243037876,-0.46737318194810806,-0.08960336242645082,0.0004862200347245976,-0.01625652956140121,0.1733321521005183,-0.20982356026870472,-0.24318114497277415,-0.08773721288135665,-0.43357567833993177,0.32940427179772735,2.5963170551201915,-0.29776698519086364,-0.065108469599992,-0.6288656262517667,-0.5286794327494506,-0.44611804260582383,-0.5827650282975794,-0.36379653546142116,-0.19507703564303328,-0.37234643473060425,-0.08602139992103093,-0.2653835054110907,1.4991337979507942,-1.3429144710055494,-0.31020814079881803,-0.28237828811748916,-0.017771893666740122,0.312308221106758,-0.0033083064315806597,-0.7068860787100224,1.8588485636325152,1.8450796265713056,-0.5884053715451765,-0.05099995914980459,0.6971208881357756,-0.4882918331707734,-0.8113665253124961,-0.354556808206841,0.3046737443737671,-0.3256980227798136,-0.27743325682317305,-0.06163020960988907,-0.6110097576964004,-0.5560002992093397
20061,Geary,Kansas,-0.22815566037466956,4.079801785776018,-2.20899724685089,-2.658522889604863,1.0441198818116941,-0.7260466943637547,0.740261005198247,0.004025439726910389,1.2293432090664094,6.711481522541939,0.4657886881567471,-0.4813765059427885,0.2235055286048406,-0.7295018195111219,0.24605280127504683,4.15782196796309,1.6577252132969773,0.6291471350888929,0.33379615436723,-0.13752388945996669,-0.10967526279335144,-0.07561854452079549,-0.4026872255948917,-0.2099564514134012,-0.6576518982210182,3.2177730803066464,-0.22399491370944674,-0.6054520758452014,-0.6810095963499064,-0.4469951833988289,-0.5668634262394616,-0.33774339898723327,-0.22002800716617582,0.03979718160170976,-0.08602139992103093,-0.19752057191913877,-0.5043059439661801,0.5755729160930367,-0.4387351015505399,-0.42578012585423075,-0.13430621505654008,0.312308221106758,-0.07187209268607675,-0.9136176999892136,0.6757288430837598,1.0131671642306654,-1.157883013026399,-0.14821790160751347,-0.1684337400302068,0.0033875667044419265,0.47694316303740386,-0.5944776153984553,-0.588328603623195,0.2186267424616392,-0.3013890497589854,-0.05451106903766616,-1.133787157922893,0.19806462448073453
20063,Gove,Kansas,-0.3131900253372295,-0.3103489124058773,-1.5062275243762016,1.0360462418222574,-0.020596102647930308,0.7607490066438701,-0.6403570287550074,-0.3231993799835379,-0.3162045443184199,-0.5344082650963565,-0.478626742785393,-0.8427560653012686,-0.18780221720797238,0.8588118373548884,-1.3234843618158942,-0.5077831058033698,-1.3398723366575025,-0.5522545884526417,-2.3070122816931833,-0.28535768348961216,-0.4504596646216533,-0.6065355022920883,-0.46099709882739254,1.0464402866761384,-0.6444553344490083,2.449498387173656,-0.8255794020100871,-0.6393997489025706,-0.7120870976724728,-0.45615516535618783,-0.6207631305680804,-0.3901971931383536,0.26191736485882244,-0.42266348103453766,-0.08602139992103093,-0.529446167907923,0.7387455009941574,-0.48964452431130706,0.057947881192208686,-0.5691819635909726,-0.44153306235692125,0.21394742019197363,-0.3118453445768127,-1.1483581215707468,-0.6320409908799538,-0.44870128295589456,-2.004403831444433,-0.3537644085180981,-1.3637234646403729,-0.571499116226579,-0.8113665253124961,-0.354556808206841,0.007006295041446424,-0.3256980227798136,-0.3638612660244086,-0.0703751505820531,-0.4084624070495463,-0.8918579097608071
20067,Grant,Kansas,-0.29996948653992306,1.6750357653985444,-0.861105267138992,-1.114332441563051,0.10600850702151415,0.5687474877169519,-0.6108409973088934,0.14826475627900187,-0.4040578197611368,-0.5021371922841986,2.7818125939404763,-0.6878791112904907,0.6490909798797806,0.9568558902478499,-0.8240861735596857,-0.35839523893380887,-1.0391752504615361,-0.3839484856622349,-1.7954012029742317,-0.26289308254594024,-0.4004551728473446,-0.5838120222305924,-0.2727242807860674,1.8706343263716414,-0.6231737929584503,0.15584290750848925,-0.8295203630912668,-0.6393997489025706,-0.7127453779516705,0.2200101301636806,-0.6248245148447505,-0.37228470806573105,-0.24704692109457435,-0.42147175897101613,-0.08602139992103093,-0.4506158833005874,1.55989750001101,-1.3220193080719707,-0.31154851466529027,-0.29831182564379344,-0.219058448794576,0.4270624888406746,-0.14043587894057283,-1.1777006742684384,-0.9595116278175558,-1.2194709585320782,-2.2814470083812437,-0.12321900211838817,-1.8014967650331244,-0.5714991162265791,0.47694316303740386,-0.8343984225900698,-0.8859960529555155,-1.1421851706419928,-0.3552895838645632,-0.06828984569615558,-0.7317818711130717,0.17222942366908317
20069,Gray,Kansas,-0.30337273556129435,1.266281553860914,-0.4032548315707526,-0.9657726726469072,0.251515007312955,0.6713904770859234,-0.5632002453233477,-0.2705383311117778,-0.43663565192228615,-0.570806596093176,0.4521612258910916,-1.1869270742141085,0.9167293144799404,1.1725528066123716,-1.39482696013821,-0.8063920809934274,-1.6287731255762559,-0.9746286107490383,-2.3221123751556343,-0.28193132356028866,-0.45355015142299293,-0.6432547817797737,-0.3866751732069754,2.0773700767732146,-0.36757237847211566,0.38205112837760236,-0.8276366400479157,-0.6393997489025706,-0.7127453779516705,-0.44327900133427056,-0.6258897872388977,-0.3126216135636286,-0.21866882615181166,-0.4176032821108693,-0.08602139992103093,-0.5220446692625429,1.879110532349612,-1.601526744123677,-0.09265056922742172,-0.3381456694595551,-0.26143456566359397,0.4270624888406746,-0.12900858123149003,-1.1363543500126,-0.6066884254396234,-1.1212719373649203,-2.0403168358621677,-0.14544024610872194,-1.5860448554247089,-0.5714991162265791,-0.38192996252919614,-0.8343984225900698,0.007006295041446424,-1.4143475532627192,-0.3568242518495137,-0.06944871752230032,-1.5246425110584299,-1.4779940281751476
20073,Greenwood,Kansas,-0.3033903082756904,-0.8883002068521955,-0.8296732694549067,1.2315656576669451,-0.09625833594252724,0.6872069026917614,-0.6161822094978363,0.04099037847546183,-0.43053309445185356,-0.5705377840690702,-0.40426274863835726,0.06929710831775686,-0.7444954446014826,-0.10201988099615492,-0.6100583785927393,-0.27408547276876083,-1.0246650271548041,-0.7574220496112215,-1.1924617378313112,-0.2895738436884829,-0.4431915554521378,-0.5111541251320217,-0.6628534556214725,-0.5988635687479003,0.2959639577788259,4.058848715266143,-0.44957714599134446,-0.6389033028924379,-0.6892445972105374,-0.4371088283165095,-0.590995685939255,-0.38120112120626426,-0.2288399118063933,-0.334640908114566,-0.08602139992103093,-0.550312424900322,-0.4557371210713136,0.6806651285266431,0.11828704474789836,-0.20271060048596592,0.02460422320227784,0.312308221106758,0.01954628898658416,-0.8602676041752289,2.940558022419949,0.7445094648110823,-0.30110133620329854,-0.006557471169137838,0.6440385335945721,-0.31927703946366814,-0.38192996252919614,-0.1146360010152266,0.007006295041446424,0.2186267424616392,-0.34293737813203495,-0.06980399398521021,1.3479113048325317,0.3708375299086525
20075,Hamilton,Kansas,-0.3134741175532992,1.2691777410555332,0.031919425037604164,-1.1851653076578217,0.9687673127139866,0.5025142889538909,-0.4640652760243692,0.02198853256444337,-0.4674102598918359,0.4253213023113218,1.9550802313283862,-0.2404567997037988,0.009271303858213554,1.8784699874417097,-1.5375121567828411,-0.03753024308228871,-1.684167426714055,-0.47931170631263836,-3.3046538851951412,-0.28935365754189674,-0.4650012116741614,-0.6374446383464546,-0.6162633121138364,1.2142748967258858,-0.5181226671347068,0.7716017614658042,-0.8242730485203874,-0.6393997489025706,-0.7126039932973453,0.6641152613207145,-0.5524868405502567,-0.32175807736934214,-0.24314460749960873,-0.4171555970902796,-0.08602139992103093,-0.5875735062184677,0.9611633390855632,-0.6807883188851597,0.003044678317211889,-0.3620459757490121,-0.3885629162706486,0.24673435383023354,-0.28899074915864703,-1.2270495128963743,-1.1623321513401996,-1.115713502204515,-2.1198384885014376,-0.2565464660603892,-1.8102397410752051,-0.9236329684769536,0.47694316303740386,-0.8343984225900698,-0.588328603623195,-0.8700227880212664,-0.3686898555380333,-0.07035745866988287,0.8754860336878224,2.875237308588106
20077,Harper,Kansas,-0.30498942528573236,-0.13737116675994532,-1.236445346969005,0.7423289254276321,-0.020596102647930308,0.672393527922482,-0.6179493566409194,-0.03416035944818787,-0.40467731938481366,0.4158740206914389,-0.25803143573309206,-0.051162744801737194,-0.5616309861827019,0.7215501633047392,-1.0381139685266323,0.2554404953568386,-0.9206451153532694,-0.7615890819591896,-1.1858850525898588,-0.2683456768160972,-0.400311714232543,-0.5492044535075331,-0.3032656288357016,1.239546352513134,-0.8254177940939155,2.087648510340721,-0.7353526762731564,-0.6393997489025706,-0.7090554154577489,-0.4551939545429374,-0.6139000822732117,-0.3797339517781267,-0.24867919644447756,-0.4025513405809865,-0.08602139992103093,-0.4481307043128704,0.8469998875169362,-0.6299982628041303,-0.1421103649002454,-0.0832090690386811,0.10935645694031451,0.7057514247659,0.2023830523319068,-1.041657929942777,1.1996818621839227,-0.22636387653968787,-0.43962292467170383,0.16843482525473844,-0.3164398344568573,-0.5714991162265791,-0.38192996252919614,0.1252848061763878,-0.29066115429087425,0.2186267424616392,-0.3504048479612452,-0.06947333196166554,1.2536498949247386,0.9375972477142543
20079,Harvey,Kansas,-0.2200751405382122,0.48785546524483137,-0.8991075474595506,-0.0016804192385624624,-0.3538529793232821,0.6122937990244387,-0.5177611334852351,-0.12783405205826764,-0.18579603520177546,-0.37268843348491243,0.16976787598838755,-0.8943817166381945,0.4969098596416287,-0.2000639338891186,-0.7527435752373701,0.001339512173282534,-0.6170876331665318,-1.1234092380541931,0.171917347425178,-0.15093429144009715,-0.19881155491025473,-0.1777239444249064,-0.22814932490411216,1.7544380392720091,-0.7823789704880683,0.8158861560312592,-0.6643806667316636,-0.6393997489025706,-0.7054396612464843,-0.45577865279302204,-0.5923085457500581,-0.3701078459301802,-0.25576077791802115,-0.38356922171313645,-0.08602139992103093,-0.2146946818531241,1.3734497579887157,-1.242605848154607,-0.33734326507339946,-0.24254444430172756,-0.007177864449485444,0.6237840906702457,0.1223919683683287,-1.0469929395241757,1.4616583717340046,0.6666913725654096,-1.6093607828493504,0.0489956388066958,-0.2252630843037307,-0.45756187067857246,-0.8113665253124961,-1.0743192297816841,0.007006295041446424,-0.59786040540054,-0.23034515133371689,-0.05756828584249963,0.39312422889199367,0.4370402319885091
20081,Haskell,Kansas,-0.309288882741303,1.2812445718820777,-0.7854912376020695,-0.7891973582037648,0.12768890829933707,0.6621424557530645,-0.6406467264305424,-0.09249973915711704,-0.32633611783139543,0.576727411035727,1.5504053529025277,-0.8255475148556282,0.4636867373162947,1.7804259345487459,-1.252141763493579,-0.5591521609337441,-0.9228426073887357,-0.00354992280247202,-2.081709299872507,-0.2816602703032621,-0.4409005253628773,-0.6029002085848942,0.08153086958280654,2.3971835548923544,-0.7334739850786124,-0.10666128341350889,-0.8300564973982584,-0.6393997489025706,-0.7127453779516705,-0.34352935953151115,-0.626692478638686,-0.34668360407693743,-0.2393225128574754,-0.4209045139105912,-0.08602139992103093,-0.37678786898809963,2.0284421109051536,-1.8094221650668345,-0.30966454473074884,-0.3062785944069459,-0.2084644195773213,0.4270624888406746,-0.11758128352240721,-1.1510256263614462,-0.972187910537721,-0.9989863638360066,-2.1916644973369066,-0.11766369112080512,-1.6965810525281568,-0.5714991162265791,0.47694316303740386,-0.5944776153984553,-0.588328603623195,-1.4143475532627192,-0.3651339175241236,-0.06945323328342982,-0.2803704199281598,1.165269954866932
20085,Jackson,Kansas,-0.2823352676434715,0.17740288740040697,-0.2465972477406593,-0.04062807774465988,0.06359629921542555,0.20737505796622013,-0.5987050405900701,1.21712853775095,-0.40629430218960977,-0.3209719131089705,-0.35409708912182636,-0.6190449095079227,0.33587381630436913,-0.06280225983896945,-0.7527435752373701,-0.48947386642016144,-0.06411459119548903,0.19744988154223522,-0.035502555988763916,-0.27615849995223535,-0.40597941631922707,-0.36957757101421523,-0.4254475940947007,-0.030133393145217777,3.268356801113922,0.15160394907223207,-0.2131728814596953,-0.63146569015986,-0.5414607632756308,-0.4459434115995514,-0.6161048287563532,-0.394734624241316,-0.2569988944995428,-0.3620573112134045,-0.08602139992103093,-0.42295440223763864,1.4492116249229148,-1.2263505543804507,-0.24992854941497186,-0.5612151948278201,-0.22965247801183067,0.21394742019197363,-0.22042696290415092,-0.8616013565705785,0.802491670285412,1.4708116591040243,-0.8500572608743867,-0.2732123990531384,0.12258246251333439,-0.571499116226579,-0.38192996252919614,-0.354556808206841,0.007006295041446424,-0.0535356401590872,-0.32255623867336336,-0.06670268599218437,-0.8250305306367186,-0.9919693129059562
20087,Jefferson,Kansas,-0.2651374378211889,-0.3776183659863816,0.7054140120627066,-0.0034160979381372136,0.35137100627626533,0.7238853393951894,-0.6311843259583154,-0.0951695906618278,-0.5115237059696611,-0.12248868368156318,-0.488581715748763,-1.1525099733228243,0.8804859083068488,-0.4941960925680094,-0.6814009769150549,-1.5411211672569847,-1.0055022493833838,-0.074243964896555,-2.059646435262682,-0.27251845559829846,-0.39701597643076764,-0.26386202621554733,-0.2147197941442508,0.1587760231814325,2.377656366175926,-0.4739898995915422,0.21907789624669205,-0.6333611235562357,-0.4732643793869212,-0.44836300466135626,-0.5666727540571403,-0.21024812351707947,-0.18720110724752662,-0.03361625342760497,-0.08602139992103093,-0.3257359905061563,1.2321882470440266,-1.0573282681673422,-0.32542883070475787,-0.4417136633805353,-0.10252412740477604,0.2631278206493658,-0.11758128352240721,-0.778908708058902,0.728546687751115,1.7024131241209064,-0.6961443847983807,-0.1648838346002634,0.25497609972198376,-0.571499116226579,-0.8113665253124961,-0.5944776153984553,0.6023411937060877,-0.8700227880212664,-0.30037841474450583,-0.06373332704068348,-0.2594399674266046,-0.17816048733893866
20089,Jewell,Kansas,-0.3124783304041888,-1.158230110754239,-2.430283180461382,2.2773787383359543,0.5375041934504938,0.774388834848637,-0.6660819178440501,-0.2417089321963934,-0.5056119166246383,-0.6994567255233702,-0.517456867029755,-0.2576653501494408,-0.6661739930039493,0.07445941421117944,-0.8240861735596857,-1.179119189265884,-1.2027266582014717,-1.294187903933813,0.09116464980190567,-0.28350458752502133,-0.37412843416167446,-0.3971014891104024,-0.5780197292176742,1.1869769389340927,-0.8256080205399579,2.022891473998685,-0.6343072657697473,-0.6393997489025706,-0.711665451591779,-0.45569999633409536,-0.6066729619904079,-0.3864800509861634,-0.21920097548797532,-0.3578831120088544,-0.08602139992103093,-0.46595697994745366,0.7951526305683,-0.5718950854082233,-0.059036971264891484,-0.656816419985648,-0.44153306235692125,0.13198008609631925,-0.3004180468677298,-0.9909753389194915,-0.28344321607541,0.7852713226540533,-1.0321874975643275,-0.3954292409999733,-0.5343897372201527,-0.9236329684769536,-0.38192996252919614,-0.1146360010152266,0.007006295041446424,0.2186267424616392,-0.3598561568929525,-0.07023113769090653,0.9263953740488455,-0.12326068561417954
20091,Johnson,Kansas,1.4433931496221202,0.39408316066910176,1.2871893370734468,-1.0041041132370039,-0.4374803366356857,0.17417481358996395,-0.3066741818796862,-0.2638531142211749,1.5151354524536995,-0.256054486830939,-0.13293311844623737,-1.5827237344638743,2.484256631466155,-0.9255899252970493,-0.8954287718820013,0.2934148899119141,-0.4810771083549191,-0.8924094879603421,-0.06302148843236231,1.3839838199929528,2.814856311950212,4.051041322356903,2.468211986416693,-0.34395356574729213,1.225831645819728,-0.5038416627271025,-0.2603504247108348,-0.6380583251121259,-0.5833927680805437,-0.4498984614586592,-0.6125516914036188,-0.3959258658333551,0.11892070286910054,-0.3256318924184322,-0.08602139992103093,3.201958659670491,0.2160047373930477,-1.592395121955381,-0.38262556219571814,-0.3779795132753167,-0.017771893666740122,0.24673435383023354,-0.08329939039515956,-0.7068860787100224,1.1891182932504523,1.1817730307629557,-0.42423163706410333,-0.11488603562201359,0.3155524337278281,-0.19123552907949748,-1.240803088095796,-2.0340024585481418,0.6023411937060877,-1.1421851706419928,1.4329354969409052,0.19173307813465287,-0.9142257721352369,-0.2136838884549591
20093,Kearny,Kansas,-0.3096696248865511,1.2779533603779778,-0.6840305386977855,-0.8366944413787025,-0.1974895938809722,0.6151700846850368,-0.5673834933512079,0.020416421321976894,-0.3687996804017006,0.1020005535876253,1.641679388493693,-0.7050876617361327,0.7948196755340867,1.1725528066123716,-1.1807991651712635,-0.57317764452552,-0.7171134030284451,0.1715939031661826,-1.8018592803478777,-0.2892788471949407,-0.45457188502892365,-0.6271581507721431,-0.37411871620292103,1.5122743422577498,-0.4116188530090651,0.9849467254225459,-0.8297427168777299,-0.6393997489025706,-0.7125833765961438,-0.10074349549570386,-0.5915984322441658,-0.25247930707910965,-0.23253604848903933,-0.40455391449735134,-0.08602139992103093,-0.5149379487631681,1.302772532166962,-1.044267083299932,-0.0915112514409203,-0.3779795132753167,-0.33559277018437594,0.32870168792588794,-0.22042696290415092,-1.211044484152179,-0.9320463485905311,-1.3343452851804518,-2.212186214147041,-0.2176592890773055,-1.8308481846029665,-0.571499116226579,0.9063797258207039,-0.354556808206841,-0.588328603623195,-0.3256980227798136,-0.3643478680684173,-0.06996776275135645,0.11909685523102326,1.3848691617659683
20095,Kingman,Kansas,-0.2999636289684577,-0.4957229907051049,-0.3008850400136333,0.6065460326663106,-0.08388070549584654,0.7331491083263649,-0.6505919022735981,-0.1446321365879301,-0.3552032232386694,-0.5583281479937168,-0.42888116313050223,-0.5502107077253546,0.0813462593160663,-0.376543229096453,-0.5387157802704237,-0.8667285554902414,-1.3105495969301981,-1.2895114264725729,-0.6333810271834694,-0.2708539750073813,-0.38780278113820904,-0.5422288444476598,-0.4177530927660663,0.8541649302328853,-0.8268747596297386,2.7017571786207717,-0.6863166191474672,-0.6393997489025706,-0.7088390428844954,-0.4552015984161222,-0.6144846623289189,-0.37596636972582714,-0.25490805168073044,-0.361075301245729,-0.08602139992103093,-0.47368316006231437,0.46688427736457017,-0.2494100763703244,-0.09454943220492394,-0.1947438317228135,-0.0283659228839948,0.5418167565745913,0.07668277753199744,-0.9589652814311006,1.132075021009708,-0.09666705613023369,-1.424665331558143,0.03510736131273818,-0.4937973484533499,-0.49853515400150705,-0.8113665253124961,-0.8343984225900698,0.6023411937060877,-0.59786040540054,-0.34215132867632864,-0.06916352344354969,1.0012731826328571,0.6517953387353613
20099,Labette,Kansas,-0.26345338602489937,0.10319314868834657,-0.20105381623658405,0.005058487377075178,-0.03905309029471536,0.39575900919698337,-0.3180505410353903,0.2424909099986358,-0.3686267699131789,-0.10258233656364853,-0.3673884379094596,0.2241740623285349,-0.7929572717950484,0.1528946565255504,-0.039317592014215016,0.26238946816987324,0.1783170226971476,-0.16620262049689746,0.5102683108248072,-0.22659120728193138,-0.26446788474050426,-0.10133929435500683,-0.40686977153234516,0.264106930630509,3.455086132179985,-0.49109532423693025,-0.34648352310703195,-0.6375383727684009,-0.6447162666035905,-0.4481852956373646,-0.5446545939318416,-0.3745501446240235,-0.2064022603346634,-0.33411469701109153,-0.08602139992103093,-0.2727048824914569,1.823420316998589,-1.655031732517871,-0.2535401123329662,0.04425923117175617,0.26826689519913244,0.44345595565980456,0.22523764775007243,-0.6281946873843949,2.1504030661963154,2.374983778529932,0.48128911718306605,0.2156549687341967,1.2591693479838162,-0.32439869987903497,0.04750660025410388,0.36520561336800217,0.007006295041446424,0.762951507703092,-0.2857803534242452,-0.0646068529662764,-0.39116998766581756,-0.7917465066156585
20103,Leavenworth,Kansas,-0.08145864059631652,0.22018257763786775,1.5312456295904064,-0.9654372002853655,1.4757820245971565,0.09209651671124107,0.011747539931490534,-0.13428449045834498,0.20284508040284982,0.7167760615058164,-0.18012297187848098,-1.0664672210946144,1.380960670443234,-0.7491106300897147,-0.39603058362579246,0.5168038973258575,-0.37107328001981843,-0.5707056641634839,-0.36171893493945484,-0.1592649198347935,-0.10503438454472644,0.2907976127789792,0.08919909220486831,-0.09638489796630315,2.4828187839672187,-0.47938054156765675,0.4467652270802598,-0.6339069967899078,-0.5421098022143558,-0.4476369327240502,-0.516654723016506,-0.35460344559041895,-0.19065365298720208,-0.2930416672525983,-0.08602139992103093,0.05932986850595671,1.028534705050202,-1.0255776201959075,-0.39089120103896335,-0.4018798195647737,-0.03895995210124948,0.29591475428762803,-0.09472668810424238,-0.729559869430966,0.9778469145810316,1.3874351316979467,-0.7294921746148487,-0.12321900211838817,0.23749014763782333,-0.06319401869532681,-0.8113665253124961,-0.8343984225900698,0.3046737443737671,-0.59786040540054,-0.12140243986546395,-0.0344025488275162,-0.2779039080908147,0.7438332416268693
20105,Lincoln,Kansas,-0.3122352411883766,-0.8138269952828652,-1.3708956032152604,1.432493171660344,0.02524570824689844,0.7382486025634575,-0.642543495903126,-0.2030361923762372,-0.4634593417320043,-0.8388121841029915,-0.4353063068855679,-0.41254230416021886,-0.560464058332432,0.29015633057569956,-1.1807991651712635,-0.7891700918388743,-1.2164380912887092,-0.4066696195629057,-2.1300470305176713,-0.28950526287169087,-0.4483251993510922,-0.5294606933196436,-0.5018838196133444,0.8168972848408641,-0.8083940351552485,2.8316659642808375,-0.7031973504285247,-0.6393997489025706,-0.6976670185815534,-0.4555627778310202,-0.6192737693672831,-0.3949221557282991,-0.244990754798959,-0.3884849515112621,-0.08602139992103093,-0.5142965687509419,0.43855185201460173,-0.20433055607523667,-0.2035069345061519,-0.46561396966999236,-0.24024650722908536,0.3778820883832824,-0.14043587894057283,-0.9643002910124991,0.17079024806384438,0.01450164707786966,-1.5914042806404831,-0.19543804508697252,-0.7835645544194508,-0.571499116226579,-0.8113665253124961,-0.354556808206841,0.007006295041446424,-0.3256980227798136,-0.361577979510214,-0.07002965176641965,-0.918199197979909,-1.565187830914471
20107,Linn,Kansas,-0.29249229656439724,-0.7399779997289929,0.10040906861536586,0.6317219177296167,0.31759138852696,0.7302347745194664,-0.6206930222257802,-0.10435796538783022,-0.46793445834180614,-0.4666758049154719,-0.49479779725325795,-0.4297508546058609,0.4910752203902787,0.03524179305399396,1.3875343744320952,-0.7312334557249477,1.0750980851410428,2.3306323023466184,-0.4760351779465342,-0.25013474538957897,-0.3626277215570648,-0.19842642694221635,-0.4616602713593471,-0.03258730183153733,2.8209460150919163,-0.4982708775363103,0.22035777993329156,-0.6389279229596028,-0.36724597352006194,-0.4380560818789023,-0.3519270830463465,-0.16375334950387888,-0.13892378287536172,-0.26740961754812653,-0.08602139992103093,-0.35545024711193385,1.244348869818264,-1.0563224589043443,-0.2884419585116059,-0.22661090677542267,0.07757436928855048,0.32870168792588794,0.042400884404749796,-0.6215259254076468,1.8630739912059036,1.8580493086122511,-0.5499271525261749,0.007330806324820572,0.7520767375431392,-0.6163333435549441,-0.38192996252919614,0.1252848061763878,0.3046737443737671,0.762951507703092,-0.3298365538702626,-0.06754206271787838,0.09929157328147725,-0.3541627928683135
20109,Logan,Kansas,-0.3127272771914664,0.1801708365161873,-1.3556033585226555,0.509126413229304,-0.0691943288005756,0.7189098575129436,-0.6304754911078666,-0.21022441172044778,-0.2871229834060431,-0.40802725362617487,-0.20582244394868934,-0.7739218635187005,-0.14991138348155836,-0.2784991762034896,-1.39482696013821,0.28905565628320135,-1.7855779805125298,-1.8885681892574924,-1.70726209064941,-0.28834399338352196,-0.46116912971634055,-0.6493302772825387,-0.693396372247804,1.085628328361912,-0.7112812604844914,2.523726296566182,-0.8293261917820822,-0.6393997489025706,-0.7122194850145125,-0.4558838572757835,-0.6210719545145004,-0.3777119998850937,0.03806338759109908,-0.4240370406371294,-0.08602139992103093,-0.6113072642334361,0.7470933291789082,-0.462418331678944,0.059057412892788444,-0.5134145822489063,-0.4839091792259392,0.18116048655371142,-0.3575545354131431,-1.2750645991289609,-0.9743006243244153,-0.459818153276705,-1.85562138457096,-0.3620973750144734,-1.491745613827982,-0.571499116226579,-0.38192996252919614,-0.354556808206841,0.007006295041446424,-0.59786040540054,-0.3642542907522618,-0.07034506041042364,-1.877498325038015,-2.4306670581047913
20111,Lyon,Kansas,-0.22368926213233628,1.9031795148570803,-1.792013263880432,-0.8609083038401514,-0.6716639788155795,0.42686192267737944,-0.4492282102930678,-0.044496983474200204,0.45174717148142224,0.019314338951772356,0.8629921048611435,0.10371420920904087,-0.40375251232264353,0.38820038346866326,-0.46737318194810806,1.4297378962258054,0.672589401988147,-0.5582010677332997,0.9713641389413629,-0.2085588441066026,-0.2945371774995579,-0.22671002086286765,-0.5135118012302087,0.01484930845902114,0.22901770264845314,2.9722759702357586,-0.5324447061218129,-0.6392325326499642,-0.6972438192720357,-0.4521246785584755,-0.5531679676381388,-0.35919630718696355,-0.21532492261115024,-0.3566627650773584,-0.08602139992103093,-0.3501202163571857,0.11824803336532787,0.03619519239311774,-0.10294910843481629,-0.3461124382227075,-0.08133606897026743,0.21394742019197363,-0.09472668810424238,-0.8429288230356837,1.6158864781626818,0.9409075071453981,-0.8295355440642528,-0.1287743131159712,0.19814675544846033,-0.7238882122776474,0.04750660025410388,-0.8343984225900698,-0.588328603623195,-0.3256980227798136,-0.2645008717304806,-0.0627718832024501,-0.6695036906180037,-0.19592218789694887
20113,McPherson,Kansas,-0.23731690214648493,0.10935359359690251,-0.48797849235078344,0.14227652406279795,-0.4011817487007136,0.6730855960847341,-0.569143814517683,-0.21227293513188492,-0.25756567419154036,-0.3187168328915428,-0.3819305140735313,-1.2557612759966765,0.6941206663372581,-0.5726313348823804,-1.252141763493579,0.25775977149525153,-0.8821417056539492,-0.7643716390699136,-1.0971172930144075,-0.20586847081125595,-0.2546934597042309,-0.30417900989903585,-0.33575849342448255,1.5863973557903985,-0.8011180923218242,1.2344684548264644,-0.6690548016991064,-0.6393997489025706,-0.7055397372556068,-0.4557568399600874,-0.6122072620940627,-0.3751616600729518,-0.23770037349825812,-0.3863824999880513,-0.08602139992103093,-0.3158304225145362,1.1995134572498565,-1.0298377129752228,-0.06933551047228606,-0.3142453631700983,-0.08133606897026743,0.5418167565745913,0.03097358669566698,-0.9456277574776045,0.8806620803930979,0.5221720583948752,-1.645273787267085,-0.03155637065826235,-0.40699208632126405,-0.7751048164313157,-0.8113665253124961,-0.8343984225900698,0.007006295041446424,-0.59786040540054,-0.2540389277842938,-0.06425964634876541,-1.3359547400801257,-1.7444195365453021
20115,Marion,Kansas,-0.2861046148814275,-0.20431305684229414,-1.4279152434655327,0.8993565684092678,-0.16913066763583862,0.7053257219375891,-0.6006690183277991,-0.11988112004066603,-0.4229103351018343,-0.26489143273457055,-0.40588509591130767,-0.6534620103992067,-0.2712032370949163,-0.003975828103191509,-0.7527435752373701,-0.855149208871644,-1.5110806100687613,-0.8968593846021001,-2.0944909113411807,-0.276083719937092,-0.3875917563010385,-0.4324237611061388,-0.3856405612909553,0.9589077504889417,-0.6702824201401947,2.240107088297217,-0.6551414748238649,-0.6390247437350242,-0.6951413020016254,-0.45352234764662275,-0.5826091402542676,-0.3952477539830004,-0.23515555698151097,-0.309244483130155,-0.08602139992103093,-0.4281966335626772,0.640872375005605,-0.43820297474555525,-0.029846607061719422,-0.33017890069640293,-0.09193009818752211,0.4106690220215423,-0.0033083064315806597,-0.9736365577799465,1.1701038691702044,0.8519725445789152,-1.524708701007547,-0.07044354764134762,-0.19403816986772845,-0.6726716081239792,-0.8113665253124961,-0.5944776153984553,0.3046737443737671,-0.59786040540054,-0.3200109356739333,-0.06828272549768949,0.9966631034186964,0.6857040398006539
20117,Marshall,Kansas,-0.29248058142146655,-0.24751427103982152,-0.9618716240232948,0.7070590908931025,-0.13949579080071742,0.7487155325732769,-0.6325803116865811,-0.20861448571295696,-0.43197115476011705,-0.4254977046029072,-0.5089466988335839,-0.8771731661925526,0.009339946672935319,-0.5726313348823804,-0.8240861735596857,-0.8758843179328534,-0.9661377729922548,-0.39634059589709075,-1.3712280003035109,-0.2723590612253022,-0.43395058336584635,-0.42176277553775465,-0.4067776122521539,1.3282653764361727,-0.7293280081745287,1.381738687405437,-0.44399031233277886,-0.6257247671354532,-0.6918531634838678,-0.4529268565844596,-0.6058649846940907,-0.3778866097702344,-0.24030566418814778,-0.3439884088593781,-0.08602139992103093,-0.44342330817253595,0.9778340624626322,-0.7592303234817227,-0.06618563188607648,-0.704617032564562,-0.42034500392241186,0.09919315245805703,-0.36898183312222593,-0.8616013565705785,0.9736214870076425,1.00019748218972,-0.5268402211147739,-0.4287611069854732,0.09323104294349235,-0.6060900227242104,-0.8113665253124961,-0.354556808206841,0.3046737443737671,-0.59786040540054,-0.33013600128196025,-0.06864545683703333,-0.6040376891638892,-1.1146865167613005
20119,Meade,Kansas,-0.30909851166867897,0.7207485505780401,-1.172916673734185,-0.07987854753078809,0.40025513672251983,0.6512359555860556,-0.6151319969369546,-0.11221610496099373,-0.3148087213925177,-0.34141029314000937,0.657180503831227,-0.8255475148556282,0.6121611455594713,1.035291132562223,-1.1807991651712635,0.2931656881049685,-1.7965732424367296,-1.1417827025687668,-2.6696634274314666,-0.2888207391660742,-0.4625774050472731,-0.6527487440544772,-0.5082153662032868,0.7824274540709587,-0.4319706057038547,2.655027425987062,-0.818176858552204,-0.6393997489025706,-0.7118813178016528,-0.37440310716189307,-0.6063725372960975,-0.1998657064903192,-0.24048300802210637,-0.41457408851119865,-0.08602139992103093,-0.5625713471170566,0.5749378547199936,-0.31608607373524084,-0.010500544255637538,-0.17084352543335618,-0.07074203975301276,0.5746036902128511,-0.0033083064315806597,-1.2217145033149759,-0.21161094732780666,-0.4060866133927882,-1.8402300969633596,0.018441428319987456,-1.2194643599460417,-0.571499116226579,-0.38192996252919614,-0.5944776153984553,-0.29066115429087425,-1.1421851706419928,-0.3613908248779029,-0.07002851708958538,-1.5149715403662534,-1.720199035784379
20121,Miami,Kansas,-0.2206374673988863,0.06468465547208267,0.7973017572850584,-0.4566630187778482,-0.09264483833292615,0.6729713007393234,-0.5709408244224107,-0.16242403166485653,-0.3659564941594397,-0.4169482021820866,-0.45596943236242377,-1.3245954777792441,1.2840370160561023,-0.8667634935612711,-0.46737318194810806,-0.9417795921499857,-0.14030276713569728,0.38015196790924266,-0.2735788969870564,-0.22860659967027247,-0.22541118159892934,0.18899811206284547,-0.508453376174758,-0.1337367789093828,3.512003910138064,-0.5099074583502426,-0.013815911098594124,-0.6372180626510399,-0.4904134866043339,-0.44870870031706467,-0.5145609405963892,-0.36769713462101894,-0.16858358297711068,-0.23697639798110762,-0.08602139992103093,-0.1891831210680992,1.4574477050446495,-1.3352845895374554,-0.3005425559172576,-0.3142453631700983,0.02460422320227784,0.24673435383023354,-0.03759019955882911,-0.6161909158262483,1.4003896719198727,1.0502233986333664,-0.4191012078615697,-0.07044354764134685,0.3773777643111122,-0.6521849664625118,-1.240803088095796,-0.8343984225900698,0.3046737443737671,-0.8700227880212664,-0.25261655257872995,-0.05875202993851155,-0.963479054894308,-0.8563345086447867
20123,Mitchell,Kansas,-0.30339909463288844,-0.0357837459031537,-1.6723061487850244,0.8658047474712394,0.17243940042935615,0.7447997162121793,-0.6670347701527718,-0.2316633033152212,-0.3074821519661277,-0.10068741110449324,-0.5110643704149137,-0.5846278086166387,-0.25692553163278925,-0.3373256079392697,-1.1807991651712635,0.04934644625810538,-1.20198565987207,-1.2952356393213038,-1.0218718948484848,-0.27120791407885425,-0.3931916217645816,-0.3765083788079165,-0.5189714208658082,1.514008552767998,-0.817722810311716,1.3753280773764847,-0.7234579187149863,-0.6393997489025706,-0.6990149071125664,-0.4558046307861995,-0.6177674937023186,-0.3884126668984489,-0.18234888799846075,-0.15887086650981652,-0.08602139992103093,-0.4459303709377219,1.120724217391095,-0.8970687411767957,-0.2044005170837999,-0.5771487323541248,-0.3567808286188853,0.23034088701110358,-0.2661361537404822,-0.9362914907101572,-0.16724395780722853,0.2220165597329959,-1.3810566833366078,-0.32043254253259823,-0.7492171485398486,-0.571499116226579,-0.8113665253124961,-0.354556808206841,0.007006295041446424,-0.0535356401590872,-0.3467740480944112,-0.06915063591689903,2.4780407357217227,2.0904930839341964
20125,Montgomery,Kansas,-0.22768998344317382,0.22621337644813333,-0.654655151657145,0.11762377727556934,-0.16493009107414688,0.21080071978316958,-0.24008825310562396,0.5875218003200606,-0.15137377752277767,0.3334522906941824,-0.18587616006880764,0.20696551188289292,-0.7881522747645249,0.29015633057569956,0.03202500630810057,0.3505153918013886,-0.10366565429346003,-0.328526618293825,0.028221242380704416,-0.1738089911202657,-0.22365609787980448,-0.09604322697462338,-0.17526861979670671,0.013676539297462357,2.582047593456677,-0.0794709070918318,0.0755271603410053,-0.632484027165485,-0.4944942396704059,-0.43127067085490656,-0.5925856094596618,-0.3579007487680698,-0.1198649919514698,-0.27803607687008186,-0.08602139992103093,-0.18445882219335208,1.1818035236956894,-1.069337182723092,-0.25478368142019325,0.028325693645451865,0.28945495363364104,0.49263635611719675,0.23666494545915523,-0.712221088291421,1.7130713123506147,1.8154346390491447,0.1118982146006515,0.22676559072936361,0.812028573260264,-0.6112116831395772,0.04750660025410388,0.1252848061763878,-0.29066115429087425,0.762951507703092,-0.23393852027408873,-0.06066997696277558,-0.4216730756267931,-0.7384614049416273
20127,Morris,Kansas,-0.30445052871091965,-0.8656171662707451,-0.7441190635102704,1.1680607123555908,0.027725407626262785,0.7322700621501428,-0.6346097921241689,-0.17035295372344572,-0.27072331130798644,-0.6246461528303888,-0.32370988869291406,-0.6878791112904907,-0.06500022167073566,-0.08241107041756218,-0.8954287718820013,-1.0684986703193038,-1.2895924623603896,-0.5324842772278106,-2.081709299872507,-0.2802656024498969,-0.4342291519220214,-0.4826781578133748,-0.4723330365966741,0.05914515007201587,-0.5514104767696774,3.7427066862591625,-0.5976703396644513,-0.639297979165861,-0.6996977660026672,-0.4465966747228085,-0.5950859101871607,-0.3987892368117116,-0.24561463722432075,-0.3303251184326518,-0.08602139992103093,-0.48397944499288736,-0.19126903220722388,0.39490558995792335,-0.21662770535461845,-0.4018798195647737,-0.17668233192555804,0.23034088701110358,-0.11758128352240721,-0.8669363661519769,1.1024970279959898,0.7908297578144587,-1.1142743648048639,-0.17599445659543028,-0.08475096934172013,-0.571499116226579,-0.38192996252919614,-0.354556808206841,0.3046737443737671,-0.59786040540054,-0.34963751396877,-0.06921686674034475,-1.010339413407677,-1.565187830914471
20129,Morton,Kansas,-0.3133335358381307,-0.30860555695817704,-0.2691477126434758,0.4183526176311519,0.04063853896355033,0.49945324945866343,-0.5472945340283542,0.08621031010396842,0.06962775871273073,-0.06338820797092,0.9198257312601391,-0.4813765059427885,0.03109971893973467,0.7803765950405174,-0.7527435752373701,0.23382710367822163,-0.9024228352437931,-0.8894127992330982,-0.9423199346650843,-0.28849745356873757,-0.46794394051851423,-0.6485204269946884,-0.4329777625681662,1.0687102238184976,-0.703175364935099,1.6364862522144152,-0.8278622225417813,-0.6393997489025706,-0.7123587184650594,0.2753584884373091,-0.6015579898355595,-0.3003071064040059,-0.24007355256872892,-0.42573389022563524,-0.08602139992103093,-0.5421688152126641,0.7341031273404046,-0.47963832647692145,-0.19658911605085921,-0.15490998790705188,-0.1872763611428127,0.4270624888406746,-0.10615398581332439,-1.3004058946406034,-1.196135571927307,-1.0119560458769519,-2.137794990710305,-0.05655527014738843,-1.823978703427046,-0.571499116226579,0.04750660025410388,-0.5944776153984553,-0.29066115429087425,-0.59786040540054,-0.36580767420044336,-0.07014811401802357,-1.0411890952183995,-1.2761565218341215
20131,Nemaha,Kansas,-0.29094589769754353,0.5760351175464289,-1.0395719934454533,-0.012964860466870324,0.23820334564396387,0.7424307326019509,-0.6292507794632223,-0.2099344751705171,-0.4998136501452987,-0.3290226475709328,-0.5363979773854319,-0.9804244688664046,0.5251906993069957,-0.7491106300897147,-0.8954287718820013,-0.4073407467755659,-1.8591503430722083,-1.6290860431914562,-1.9428285066009559,-0.270656619665808,-0.3959164596185546,-0.3234111377962059,-0.5139259866952172,1.3062781327906021,0.1754744510168603,0.7761682911833121,-0.49608454914569355,-0.633731943698489,-0.6888177903530989,-0.44859849313658345,-0.6152296911617158,-0.3965269603880831,-0.24705002247042926,-0.38434801853326434,-0.08602139992103093,-0.426991580422674,1.365594210772309,-1.1433129718422794,-0.20434094491195684,-0.7125838013277145,-0.39915694548790326,0.03361928518153257,-0.36898183312222593,-0.9763040625706458,1.3370082583190466,1.1558336666810647,-0.6114923029565773,-0.43709407348184853,0.1787873084981388,-0.571499116226579,-0.8113665253124961,-0.5944776153984553,0.007006295041446424,-0.59786040540054,-0.33447798875157625,-0.06791415118949265,-0.9513563166391226,-1.1615128182324184
20133,Neosho,Kansas,-0.274029231305598,0.3105973587998584,-0.7912080941317792,0.10788821571509179,-0.1520787902216486,0.6339679301783642,-0.5695039306425479,-0.022257949911840522,-0.2900308699455076,-0.2623331186462045,-0.28154967546297865,0.20696551188289292,-0.42482585644222526,-0.43536966083223116,0.4600805962419936,0.15147234104958743,-0.2592000126781238,-0.44861131135382204,-0.028282941774899862,-0.22854485583627038,-0.2830407826777857,-0.07663983379265915,-0.6245268869580894,0.18716397351818098,3.411846206789635,-0.4757446252851407,-0.28999352449308524,-0.639152166046143,-0.6438898668904638,-0.4371580875711247,-0.44114143609043566,-0.28557407091124426,-0.12370785598055689,-0.30392053876530056,-0.08602139992103093,-0.329475076402567,1.7280949149861593,-1.5378448230282704,-0.30972411690259216,-0.0832090690386811,0.15173257380933247,0.32870168792588794,0.1223919683683287,-0.7709061936868042,2.610974671695652,1.7468806054041475,0.9584190330186849,0.09621578228615407,1.2329404198575742,-0.571499116226579,0.04750660025410388,-0.1146360010152266,-0.29066115429087425,0.762951507703092,-0.3092308288528177,-0.06509385877097672,-0.09261525723270202,-0.1329488859185486
20135,Ness,Kansas,-0.31285614376370424,-0.8840989385041402,-1.4279526904980833,1.5256487850017526,-0.5966470766439167,0.6839805245977294,-0.6216250717103171,-0.08598950954348113,-0.5352375854230373,-0.6929196876482001,0.04771318504528216,-0.6706705608448487,-0.06829507677738035,0.9176382690906666,-1.0381139685266323,-1.4636301972853,-1.4741362589003069,-0.5236279479146798,-2.7463530962435043,-0.2887315054227624,-0.4511124691571707,-0.5980740176133744,-0.4418853079449329,0.9014481439211763,-0.5853577891814632,2.6621751345214957,-0.8299448739951706,-0.6393997489025706,-0.7126141895905231,-0.4535557213688088,-0.5930143797351124,-0.33029407820578865,-0.24385705227106466,-0.4101766710851602,-0.08602139992103093,-0.522234968334288,0.6227232877106328,-0.3799586122643897,0.06079245239772183,-0.4576472009068399,-0.3144047117498666,0.3778820883832824,-0.16329047435873767,-1.0643317206637208,-0.32358477802259983,-0.8804064137473628,-1.9146213204000957,-0.2176592890773055,-1.3568539834644524,-0.9236329684769536,-0.38192996252919614,-0.5944776153984553,-0.29066115429087425,-0.59786040540054,-0.3616715568263695,-0.07035480070901459,-0.10447150158348265,-0.8918579097608071
20137,Norton,Kansas,-0.30520908421568316,-0.5437172843715156,0.5086657162674304,0.24759173052708902,2.575524583180156,0.5600258086806588,-0.4297632539105071,-0.24412722362260836,-0.30931973872946134,-0.5394617903326454,-0.3067677198054031,-0.49858505638843054,-0.41068543660954177,-0.10201988099615492,-1.3234843618158942,-1.0427630978960838,-0.7542121120114478,0.37384616772759804,-2.282012909737739,-0.2807680086916708,-0.41699320773628346,-0.5129527611038132,-0.47627846194448287,0.8996241182332811,-0.8261464752251956,2.7404677934835537,-0.8284965543477205,-0.6393997489025706,-0.7127453779516705,-0.4538304230682842,-0.45184105779577216,-0.3354146185364849,-0.2507784530245652,-0.3989652544056766,-0.08602139992103093,-0.4903994387818934,0.5119740883109286,-0.2860303672776979,-0.08372218997242088,-0.7524176451434761,-0.5580673837467212,0.0664062188197948,-0.46040021479488685,-1.1030105401288597,-0.41020604327706234,-0.3078875922256303,-1.5965347098430165,-0.5093131164504321,-1.130161104659076,-0.571499116226579,-0.38192996252919614,-0.354556808206841,0.3046737443737671,-0.59786040540054,-0.35482169728378565,-0.06961716597996952,-0.9378723403640628,-1.1001542163047464
20139,Osage,Kansas,-0.2741991008780933,-0.2588315533971297,-0.12998447395871357,0.30319105159406945,0.02622871027373449,0.738831988058487,-0.6122041119621443,-0.17287882867149243,-0.4509652142810199,-0.3357030672295373,-0.45391136740022403,-0.051162744801737194,-0.004594544715582878,-0.35693441851786023,-0.32468798530347687,-0.3838601593438672,-0.010371718082993225,0.05068078100125688,0.2743932597180921,-0.27122939196510853,-0.37273796736639697,-0.2499775604176266,-0.43290907479813234,0.10959024287895172,1.2571453581366683,1.387410758826865,-0.2501456844084729,-0.6362202102150204,-0.5275436782614158,-0.44585334432016616,-0.6024046433536246,-0.36127219531835436,-0.1991003341469266,-0.16568993767012033,-0.08602139992103093,-0.37282343025516573,0.6767444914158662,-0.4969850289467118,-0.20393883275201502,-0.29831182564379344,-0.0495539813185034,0.32870168792588794,-0.026162901849746293,-0.8162537751286914,1.577857630002186,1.5541881865101017,-0.7731008228363837,-0.06766589214255453,0.4198436479440757,-0.7341315331083811,-0.38192996252919614,-0.1146360010152266,0.3046737443737671,0.2186267424616392,-0.30208152189853626,-0.06625457235800597,0.6344556086751938,0.35146112929991435
20141,Osborne,Kansas,-0.3108909285370776,-0.7088280618673514,-1.1160511221390697,1.2088426539269488,0.34323949186032837,0.6998872161465158,-0.6532667517374653,-0.1951363094716916,-0.18667348860476396,-0.48698140487115626,-0.5341144115061638,-0.17162259792123075,-0.64324729288688,0.23132989883992133,-1.39482696013821,-0.40019668022694566,-1.4670295350514357,-1.6386884102452035,-0.8485147861239102,-0.2832197945981554,-0.37966698098864093,-0.3696372208754914,-0.7881308334130491,0.8861663914171924,-0.8231300843070394,2.74268884782556,-0.7221326243495025,-0.6393997489025706,-0.7116411180465552,-0.4483293616237732,-0.618830314643455,-0.3876655612801437,-0.21906005473246148,-0.39216024217660195,-0.08602139992103093,-0.5153365648793492,0.5000881390226376,-0.2637084216532053,-0.07404171204789954,-0.5851155011172772,-0.3885629162706486,0.2631278206493658,-0.2661361537404822,-0.9629665386171495,-0.25175250927499687,0.1441984674873235,-1.4374914045644769,-0.3259878535301813,-0.8266549363411342,-0.571499116226579,-0.38192996252919614,-0.354556808206841,0.007006295041446424,-0.0535356401590872,-0.3585835053932374,-0.07008950286828532,-0.17950438624194237,-0.8918579097608071
20143,Ottawa,Kansas,-0.30420451070937476,-0.5011068852621866,0.18314941331721535,0.3704484392685023,0.852252122325946,0.7208583663282159,-0.6027017290288155,-0.21970120324114642,-0.4732075646152791,-0.6981374417289893,-0.5068910838654643,-0.7911304139643425,0.20641346773912125,-0.41576085025364035,-0.8954287718820013,-0.9804903080977393,-0.8931211905704075,-0.7475689998588807,-0.313756801525655,-0.2834367490114015,-0.4112602524540457,-0.5327355087321454,-0.4121115620095338,0.8680936978021148,-0.808882992627499,2.6273244760992784,-0.6581042821802964,-0.6391022993888887,-0.7043360848805081,-0.45596730955314785,-0.6014141578184254,-0.39251038095463137,-0.2564587906845628,-0.3671448005567478,-0.08602139992103093,-0.4785684436114887,0.48873989722485167,-0.268549429925008,-0.20279951496551377,-0.4576472009068399,-0.1554942734910487,0.4270624888406746,-0.07187209268607675,-0.950962767059003,0.483471888494587,0.14790409092759355,-1.3374480351150728,-0.14544024610872194,-0.5781046174305561,-0.571499116226579,-0.8113665253124961,-0.5944776153984553,0.3046737443737671,-0.59786040540054,-0.35053585620386296,-0.0692355727244039,0.05286515780601642,-0.22014268865787237
20145,Pawnee,Kansas,-0.3021250728391737,-1.191930517699892,1.23320790841371,0.48394327312334207,2.773824631824094,0.3957902764958919,-0.26796720423178566,-0.13012045615713044,-0.40967604199656227,-0.21329867420161916,-0.17676144637507116,-0.08557984569302073,0.6465511957350754,-0.4549784714108239,-0.8240861735596857,0.6768078012966628,-2.294822094004754,-2.774054129152964,-1.9295619247996287,-0.2787171657382426,-0.4279626467308992,-0.5395923756815812,-0.21082562649391368,1.9862812134107015,-0.8293602012830318,0.8309233719197721,-0.8248220363828551,-0.6393997489025706,-0.7118107382342231,-0.4553606438196327,-0.565531182503318,-0.36489669763632593,-0.2597179253484144,-0.4077672485870033,-0.08602139992103093,-0.43012962068132876,1.5804701548956692,-1.3508650666217956,-0.17798025887133712,-0.3779795132753167,-0.2826226240981033,0.312308221106758,-0.17471777206782046,-1.0856717589893148,-0.15245496130036904,-0.3634719438296821,-1.7247954399063548,-0.19543804508697252,-1.0958136987794733,-0.1195322832643619,-0.38192996252919614,-0.354556808206841,0.3046737443737671,-0.59786040540054,-0.3490760500718369,-0.06911181623011109,-0.9147479531512882,-1.2083391197035362
20147,Phillips,Kansas,-0.3055810400037332,-0.4502634665864539,-1.0843919161445927,0.9548652585121262,-0.14166145828331436,0.7270098287071979,-0.6475144700971686,-0.23692459540893074,-0.26001287721148386,-0.7621586943722615,-0.4660220651258177,-0.6018363590622807,-0.28664787040731327,-0.18045512331052588,-0.9667713702043169,-0.5188629748061795,-1.4129061130724458,-1.7841788201504662,-0.3607566128404621,-0.2605038315510997,-0.2930316465679288,-0.3169640152929418,-0.6288099442300299,0.7603455604486938,-0.8214799541795507,2.8288904754043416,-0.7759806450120555,-0.6393197979366709,-0.7114838039628926,-0.4385015865881591,-0.5114827553758385,-0.3469050651327896,-0.21907517798141277,-0.3330982206856715,-0.08602139992103093,-0.42303586992983805,0.3769484057909866,-0.18383863963608177,-0.07381086988200707,-0.704617032564562,-0.49450320844319384,0.14837355291544918,-0.36898183312222593,-1.1070117973149085,-0.511616305038384,-0.09296143268996365,-1.5837086368366826,-0.4398717289806401,-1.0864462244486728,-0.9236329684769536,-0.38192996252919614,-0.354556808206841,0.3046737443737671,-0.59786040540054,-0.34885146451306365,-0.06966580066356155,-0.3356811900909523,-1.0775484155945516
20149,Pottawatomie,Kansas,-0.24949772200869083,1.1741187525636587,0.006882661637333788,-1.0851205540430837,-0.15517483483305708,0.6531560672321263,-0.5687893991356284,-0.14895254687143442,-0.15831853600169474,0.049718174078523636,-0.33409088743049575,-1.2557612759966765,1.2330354047178314,-0.6118489560395658,-0.8240861735596857,-0.8728715985153139,-0.4024552762260002,-0.13592562372373612,-0.09673537432246754,-0.230026474119401,-0.330622066633435,-0.26876817503879424,-0.6195380364447906,-0.1936548529167141,0.06547200549033845,3.0504681089531287,-0.30737072229806944,-0.6197342795263298,-0.6341863262799214,-0.4454664502530818,-0.5990874472246972,-0.38561457637283986,-0.18781985357457304,-0.16097066514126648,-0.08602139992103093,-0.40881272525342444,-0.16105240978288646,0.3330764137521322,-0.09810142295107523,-0.553248426064668,-0.25084053644634,0.19755395337284137,-0.1861450697769033,-0.8375938134542853,1.005312193808056,1.4300498012610532,-0.6114923029565773,-0.2704347435543476,0.2381146459265428,-0.7085232310315469,-0.8113665253124961,-1.0743192297816841,0.3046737443737671,-1.1421851706419928,-0.299685942604955,-0.06497191444380983,-1.2392293270867087,-0.9144637104710022
20151,Pratt,Kansas,-0.29407091207431046,0.43768008328288627,-1.5842589119421489,0.38576261868741374,-0.16876660010590055,0.6195737573668991,-0.54532824287397,-0.09796992335888477,-0.22585175280256434,-0.22588539301720642,-0.17761100722817627,-0.5674192581709984,-0.11957125937453844,-0.04319344926037889,-1.0381139685266323,0.4856503016974807,-0.43211072708080606,0.6018639022958471,-1.8507737435063136,-0.25768762656962024,-0.39002709847195194,-0.5345582655935514,-0.29623314557244856,1.6809859963457086,-0.8275756302055706,1.3500338038678383,-0.8177482373498034,-0.6393997489025706,-0.710636381384282,-0.4559720629248494,-0.5556347179075982,-0.285721466572509,-0.25658130214729064,-0.41204608318333297,-0.08602139992103093,-0.43584879730317916,1.2806762064042396,-1.0569299591450787,-0.19204673794781457,-0.23457767553857511,-0.11311815662203072,0.45984942247893684,-0.026162901849746293,-1.123016826059104,-0.048931985752352886,-0.5431946806827824,-1.3887523271404083,-0.03988933715463771,-1.061466292899871,-0.571499116226579,-0.8113665253124961,-0.8343984225900698,0.6023411937060877,-0.59786040540054,-0.33792163398609926,-0.06828428969494484,-0.34269140949758375,-0.4510447959120063
20153,Rawlins,Kansas,-0.3135004766248933,-0.8311869010924335,-1.8416738271238327,1.6829423524460312,0.24775062436883025,0.7031666116280981,-0.5941425449558123,-0.20469706853598413,-0.28679621872332894,-0.5216545831142969,-0.1511934819346379,-0.051162744801737194,-0.3400519802608461,0.5646796786759973,-1.252141763493579,-0.30072516539165395,-0.8615615677920536,0.14933855838361504,-2.190667299277589,-0.2916741621423603,-0.4511876815577604,-0.6163980704455717,-0.5262120457835239,1.1792978507959795,-0.8289218964091829,2.406401851740208,-0.8307436040371858,-0.6393329049096317,-0.7123498450060286,-0.45566521848063773,-0.5741719080184982,-0.38581150778086676,-0.2472699644503556,-0.42620066365085263,-0.08602139992103093,-0.5521467531828314,0.7860921265566215,-0.525875315787521,0.05680856340570735,-0.5851155011172772,-0.6322255882675024,-0.13031538300977621,-0.5061094056312173,-1.3030733994313026,-1.0799363136591256,0.12937597372624304,-1.8966648181912285,-0.514868427448016,-1.347486509133652,-0.9236329684769536,-0.38192996252919614,-0.5944776153984553,0.007006295041446424,-0.3256980227798136,-0.3632249402745511,-0.07039513953019487,-1.0611159573930038,-1.7896311379656922
20155,Reno,Kansas,-0.13933144667402486,0.05032065106232772,-0.36069273153186904,0.13327188307526505,0.09256041745446486,0.5469223265392051,-0.4049980516762891,-0.164569563103974,-0.3532085464872778,-0.24345746938531435,-0.00239032765026616,-0.18883114836687276,-0.16137473354009305,0.07445941421117944,-0.5387157802704237,0.2872828302445509,-0.22382254315797093,-0.8740955890269744,0.49038003052091517,-0.1767718139215781,-0.26367425949133744,-0.26705768925386036,-0.2106565543908724,1.1559633185536844,-0.8115739458240989,1.8522166032637746,-0.6887579714354236,-0.6391748360162592,-0.7060910435437286,-0.4541491625118328,-0.580177857234318,-0.14960135537064384,-0.2514907800417828,-0.2916480596761938,-0.08602139992103093,-0.2655697789232708,0.7709660360263257,-0.6348941130309611,0.2072357438312885,-0.2664447505911843,-0.10252412740477604,0.5254232897554589,0.008118991277502157,-1.000311605686939,1.0158757627415271,-0.17448514837590606,-1.812012736349425,-0.02877871515947161,-0.6680323710062424,-0.5446300977398085,0.04750660025410388,-0.354556808206841,-0.588328603623195,-0.0535356401590872,-0.11140838250005473,-0.06069319847136508,0.29896724929951973,0.29010252737224196
20157,Republic,Kansas,-0.3073324538718744,-0.9413252015719363,-1.8049033559484728,1.7660982942396262,-0.11822584371097616,0.7581901502409741,-0.6101264175033714,-0.3244943427507047,-0.34824522420446846,-0.5791889969260803,-0.5270050074581387,-0.39533375371457685,-0.59306939532527,-0.003975828103191509,-1.0381139685266323,-0.16871302310862013,-1.3622816228052217,-1.5773392033439755,-0.8521182765861623,-0.26571358476491513,-0.40805157484123356,-0.4618479015165753,-0.35493748178860357,1.6362544093888935,-0.8202575434262325,1.1767915429332232,-0.6196462651972694,-0.6393997489025706,-0.707457500411999,-0.45572440215310134,-0.5969035351998715,-0.36211287083551175,-0.2376950283662838,-0.38393201125878473,-0.08602139992103093,-0.43392158653109236,1.2399436705114826,-1.0181609755146925,-0.20357395319947538,-0.680716726275105,-0.4097509747051579,0.16476701973457913,-0.2775634514495642,-0.9616327862217999,-0.07428455119268357,0.8241803687768897,-0.914187625906056,-0.3843186190048064,-0.41698405894078455,-0.571499116226579,-0.8113665253124961,-0.5944776153984553,0.007006295041446424,-0.3256980227798136,-0.35092888093171615,-0.06954336391298237,-0.09115130745426041,-0.9467577114855668
20159,Rice,Kansas,-0.2929784749960217,0.6732991335582396,-1.408070336050455,0.08094634123921225,0.04821868663318278,0.5737743735027531,-0.5387813229156819,-0.035149635024655096,-0.05310243437809405,-0.039516499950305414,0.13109988500716374,-0.46416795549714485,0.04311221151604346,-0.04319344926037889,-0.8954287718820013,-0.3519045936836139,-1.2628005189320632,-1.2652962418102578,-0.9717541599329419,-0.2644001432414151,-0.41121484345138215,-0.47956911502692223,-0.14997338279913272,1.6406836952224009,-0.8226590625365147,1.2690548605093221,-0.7169793886797984,-0.6393997489025706,-0.7082895119464375,-0.4519705866837275,-0.6077009266796877,-0.33694696524732914,-0.24724110476675276,-0.39707792074259335,-0.08602139992103093,-0.38486898545153037,1.2432182071950513,-1.042522168760365,-0.19772098731588025,-0.3461124382227075,-0.1872763611428127,0.4270624888406746,-0.07187209268607675,-0.9883078341287924,0.8172806667922716,-0.11519517333158452,-1.7530128005202894,-0.11488603562201359,-0.686767319667844,-0.571499116226579,-0.38192996252919614,-0.8343984225900698,0.007006295041446424,-0.0535356401590872,-0.3373601700891662,-0.0681498629349637,-0.4559973393076673,-0.517247497991863
20161,Riley,Kansas,-0.10350068202044775,4.249150342364892,-3.231312341025561,-2.305409537149489,1.3208001348914027,0.02848007091448632,-0.1333119338214329,-0.19249883896979794,1.4788862349080765,1.090678579914095,-0.09506450182308485,1.1018101350562763,-0.25575860378251924,-0.2981079867820823,-0.8240861735596857,3.507708617352127,2.1075914878917374,-0.35025891483417176,1.511783438380517,-0.11227979229955876,-0.07348776848139206,0.009725408907680698,-0.37063381001772727,-0.03720514015117905,-0.7137747636202486,3.0321108627865807,-0.2197704413740794,-0.5861677472846277,-0.6651231044780777,-0.45087319757168787,-0.5726578558600016,-0.33544381417253116,-0.18428163529615682,-0.14938733549493494,-0.08602139992103093,-0.1432589887942423,-0.3596053495796924,0.4114654609599906,-0.2767211337014547,-0.48951427595944935,-0.1978703903600674,0.29591475428762803,-0.11758128352240721,-0.8962789188496685,0.8933383631132629,1.3188810980529495,-0.7756660374376506,-0.20099335608455557,0.10010052411941281,-0.6009683623088435,-0.38192996252919614,-1.0743192297816841,-0.29066115429087425,0.2186267424616392,-0.2298585492897082,-0.04592624906921252,-1.850659461783554,-0.9725929122972176
20163,Rooks,Kansas,-0.30650067872379394,-0.4931085943649145,-0.8089729688022883,0.8571741649760206,-0.6001595825829134,0.7191960660255299,-0.615236303627831,-0.2717322256085365,-0.3251744650459051,0.05818944552263108,-0.5268916062465605,-0.6878791112904907,-0.42812071154886994,-0.04319344926037889,-0.32468798530347687,-0.6671645058359293,-2.0235739455121977,-1.6702185707201962,-2.2279309350741263,-0.26542835372020873,-0.23523977648994568,-0.29606255014997035,-0.9576680499431848,0.7996934669785672,-0.8296599721990728,2.8300456429505867,-0.7817525447214373,-0.6393997489025706,-0.7111696434761203,-0.4472974230816326,-0.5142126473430932,-0.2599413760021571,-0.22078590687549737,-0.3483870700476057,-0.08602139992103093,-0.48909292812056454,0.41199002216005953,-0.18938782924772637,-0.07328961337837904,-0.5851155011172772,-0.42034500392241186,0.24673435383023354,-0.2775634514495642,-1.1136805592916565,-0.28766864364879835,-0.03367145764564178,-1.6811867916848198,-0.33987613102413966,-1.0271188870202683,-0.571499116226579,-0.8113665253124961,-0.354556808206841,0.3046737443737671,-0.59786040540054,-0.35265070354897765,-0.0697401308203801,-1.189820224608381,-1.7896311379656922
20165,Rush,Kansas,-0.31201851104415845,-0.9875645310398223,-0.7343390563522586,1.2755378421736854,0.4862810483837319,0.7351434233453802,-0.6400358694647951,-0.18947815071643243,-0.41129356283788143,-0.17806718204315752,-0.40157808795114786,-0.39533375371457685,-0.17386772581945417,-0.10201988099615492,-0.8954287718820013,-0.5058158148805104,-1.2939216356987524,-0.974034081831487,-1.4459630598654662,-0.2878151222757447,-0.4474013811746944,-0.5050563713168512,-0.2882502448325154,1.4066104629740332,-0.576651894954314,1.6818411368284216,-0.8171185538866875,-0.6393997489025706,-0.7125488348447927,-0.45539811942869834,-0.5941031923018871,-0.3611430735477058,-0.25224503861661485,-0.4083969873429923,-0.08602139992103093,-0.4470839910180174,1.124058246916663,-0.899812098751734,-0.20547281617697769,-0.44968043214368775,-0.3144047117498666,0.27952128746849575,-0.1975723674859861,-1.1030105401288597,0.09473255174285307,0.10528942136448749,-1.5067521987986796,-0.2398805330676393,-0.8197854551652137,-0.571499116226579,-0.8113665253124961,-0.5944776153984553,0.007006295041446424,-0.3256980227798136,-0.3602678970840367,-0.07000491985144064,0.6440659592626161,-0.12326068561417954
20167,Russell,Kansas,-0.30083054954533023,-0.7021208394413752,-1.0147149730282228,1.15219623520041,-0.370485373609403,0.6601759848021211,-0.5557409205466604,-0.17033796417922714,-0.3612557349168246,-0.4876998457855514,-0.41917973036610057,-0.01674564391045318,-0.6596529256053817,0.03524179305399396,-0.7527435752373701,-0.7822108469124084,-0.5758334695574656,-0.743458058232393,0.4769194500669691,-0.27797678090096684,-0.4137795827644269,-0.4354631694924818,-0.42206234193226055,0.3590861015648112,-0.8021727522052498,3.556172207543318,-0.7517785525117486,-0.6393997489025706,-0.7121179923903415,-0.45530299472311375,-0.6185181930719911,-0.37447279592594634,-0.25268806803228294,-0.2571229360435367,-0.08602139992103093,-0.4474232267652356,-0.009405653348571123,0.2023116859684783,-0.07019930696401255,-0.4735807384331448,-0.27202859488084863,0.4270624888406746,-0.16329047435873767,-1.042991682338127,-0.13977867858020368,-0.024407399044966693,-1.624752070456951,-0.2037710115833471,-0.9334441437122616,-0.571499116226579,-0.38192996252919614,-0.354556808206841,0.007006295041446424,-0.3256980227798136,-0.3423759142351019,-0.06929513311637005,0.8969762404027465,0.3918286305681196
20169,Saline,Kansas,-0.16209982695986014,0.3474281013842024,-0.09191927147354316,-0.27430136722660764,-0.1900416071336926,0.42100958603217387,-0.3544938328313615,-0.1974712120150012,0.3569905847350405,0.03427196866305487,0.14748759745890802,-0.37812520326893484,0.06995155207225338,-0.21967274446771134,-0.7527435752373701,0.606827932196801,0.21913036023078186,-0.4090883061561423,0.6159358558697893,-0.09338155087584785,-0.13132777015033875,-0.23339834188890904,-0.2599183959933407,0.9190643285220798,-0.7824486719869788,2.259591899748378,-0.6421226545226211,-0.6390031440529031,-0.705900509631957,-0.45540214638581566,-0.609604163884853,-0.3815898497303875,-0.2460542767636706,-0.3438389800262719,-0.08602139992103093,-0.21014314565213651,0.5508880052539831,-0.4448591449687751,-0.2028069614869941,-0.37001274451216454,-0.07074203975301276,0.5254232897554589,-0.0033083064315806597,-1.0043128628729878,0.390512481880042,0.7389510296506769,-1.5400999886151476,-0.05933292564617995,-0.4806828843902293,-0.21172217074096478,-0.38192996252919614,-0.8343984225900698,0.007006295041446424,-0.3256980227798136,-0.1607610590404744,-0.055163991404988705,-0.8636580074478671,-0.9709782122464897
20171,Scott,Kansas,-0.30678477093986367,0.6655486214009138,-1.104672201335746,-0.06301086941111307,0.162400452433582,0.6247929420614616,-0.6228963961290408,-0.15783452428906541,-0.12195562024161569,0.15941555444331182,0.614783700838576,-1.1353014228771825,0.49368364734970577,0.40780919404725596,-1.4661695584605254,0.20136451932262328,-1.2749278007657383,-1.2028520477726388,-1.3945352053194424,-0.27393316437259246,-0.42058694293879095,-0.5867868276259964,-0.5195565930857312,2.20843492254785,-0.6634417409922225,0.40595995818594266,-0.8308428905397639,-0.6393997489025706,-0.7127453779516705,-0.44330774828373426,-0.622538101564884,-0.3749618944187187,-0.17172755716279378,-0.41572310110322613,-0.08602139992103093,-0.5272303456367596,1.8742839293385496,-1.5945953927289493,-0.20549515574141888,-0.4974810447226015,-0.3885629162706486,0.2631278206493658,-0.2775634514495642,-1.27773210391966,-1.0250057552050762,-1.0527179037199232,-2.0172299044507667,-0.29821129854226447,-1.7471654139144805,-0.9236329684769536,-0.38192996252919614,-0.8343984225900698,-0.29066115429087425,-1.1421851706419928,-0.35712369926121135,-0.06948401822730393,-0.6104494384429447,-0.6480382021008477
20173,Sedgwick,Kansas,1.1904661425338197,1.03417881524968,0.0519610991395647,-0.9786464547595645,-0.2883694325555616,-0.12642580916901822,0.04373582223838615,-0.02645765665846213,1.231941112882345,-0.011589894780072855,0.37886200499162814,-0.3264995519320088,0.29461948465658866,0.09406822478977217,-0.39603058362579246,1.0684453688715478,0.31587053913552876,-0.48781128084382536,0.5395748891678122,0.6457972744760457,0.9885676735365703,1.5025005880789744,0.2658036459338399,1.0513312309048453,-0.7988285552701329,1.0079175779597627,-0.6741481007862637,-0.6393997489025706,-0.6843656970346926,-0.4550552203408263,-0.5833394230907488,-0.37156663520498784,-0.22476961958459324,-0.2868224201230825,-0.08602139992103093,1.0218435752297064,0.6737097152196165,-1.0961581423104771,0.011459247590065101,-0.15490998790705188,0.10935645694031451,0.6565710243085056,0.17952845691374197,-1.045659187128826,1.537716068054996,0.6703969960056796,-0.9757527763364584,0.12954764827165474,-0.04665657372979786,0.12118575625787893,0.04750660025410388,-0.8343984225900698,-0.588328603623195,-0.3256980227798136,1.2855699394591968,0.03609470357591015,-0.8792612944601638,-0.38322739378142123
20175,Seward,Kansas,-0.258152283848753,2.6357252106788467,-0.5612000791389876,-2.148755080252909,0.5074647051365941,0.25606577962420296,-0.35410493157385836,-0.04790432395177584,0.4406312816420963,0.39693021399991935,3.834899161345943,-0.051162744801737194,0.00034773794438416704,1.5451202076056314,-0.6814009769150549,0.6012075198285121,0.49038973774091155,1.148919756776884,-0.5640832186311338,-0.23202737239101798,-0.3797282738262997,-0.5148470760418974,-0.21098378840986812,1.1510797094827692,-0.6985555232930425,0.5154263415164715,-0.828139932461812,-0.6393997489025706,-0.7127453779516705,1.003265488212389,-0.5919792645867599,-0.31694367286570846,-0.24394498396049177,-0.41798110255836624,-0.08602139992103093,-0.39736478733701913,0.8172966270926807,-0.6230374463127162,-0.26321314373600724,-0.1947438317228135,-0.08133606897026743,0.5418167565745913,-0.03759019955882911,-1.1376881024079497,-0.9595116278175558,-0.528372186921702,-2.0223603336533,-0.006557471169137049,-1.4867496275182217,0.16728069999618037,1.7652528513873038,-0.8343984225900698,-1.481330951620157,-1.1421851706419928,-0.33079104249504887,-0.06388793252996426,-1.6074959967464917,-0.5560002992093397
20177,Shawnee,Kansas,0.19711867193877383,0.24898262339927207,-0.143868183568753,-0.15773398303478187,-0.7495084981533582,0.10677938865840447,0.028605745075620907,0.01591523485724571,0.09084709373064426,0.17511489019851417,0.21879853596005303,-0.8083389644099845,0.2559735799682352,-0.592240145460973,-0.46737318194810806,0.8857550413062942,0.22567279624498163,-0.6418916147525209,0.6562456348765636,0.31131889141065294,0.40470131838695855,1.1111746786590064,0.4672562232781148,-0.015384835872037622,2.24671115578187,-0.10713132669323382,-0.20496650171051586,-0.6315484210350009,-0.4063236389401724,-0.4511788025115879,-0.585509923208633,-0.3731845699870039,-0.16545666317109584,-0.27679638897571873,-0.08602139992103093,0.6964768356014455,1.0014543176231834,-1.2743267882812124,-0.3261660363313175,-0.4018798195647737,-0.0495539813185034,0.3614886215641502,-0.06044479497699393,-0.8362600610589356,0.7391102566845861,1.6245950318752342,-1.0655352873807955,-0.10655306912563824,0.11508848304869401,-0.1605055665872965,0.04750660025410388,-0.8343984225900698,-0.29066115429087425,-0.3256980227798136,0.34966576966140883,-0.004300704756025465,-0.37443784279870895,-0.4203654949481701
20179,Sheridan,Kansas,-0.3135268356964874,-0.09854752068318633,-1.6155316963065083,0.8953531217155101,0.22177815257506528,0.7532417420087235,-0.6285626708939526,-0.28981449581146784,-0.465835569999883,-0.6796672554038049,-0.29172859142617735,-0.46416795549714485,-0.0751593582495568,0.5254620575188118,-1.252141763493579,-0.6227920204030373,-1.584438727137685,-0.5911574589273108,-2.934459831065484,-0.2881402385065243,-0.4629967760213131,-0.6286975157965637,-0.371049430513229,1.4493133662094941,-0.8127003281088592,1.8789911586939718,-0.8266216243056422,-0.6393997489025706,-0.7118010237372826,-0.45607956348455375,-0.5826548628320737,-0.3883588986609915,-0.2501411748419224,-0.4223477426415266,-0.08602139992103093,-0.516922093777448,1.0592962871570888,-0.806697761699412,-0.07252262166589776,-0.5930822698804297,-0.4627211207914306,0.11558661927718697,-0.36898183312222593,-1.2083769793614798,-0.6785206941872264,0.18310751361015987,-1.7786649465329571,-0.39820689649876484,-1.1376550841237165,-0.9236329684769536,-0.8113665253124961,-0.8343984225900698,0.3046737443737671,-1.1421851706419928,-0.36511520206089254,-0.07030138783018125,-1.3874463953802858,-1.8832837409079284
20181,Sherman,Kansas,-0.30358067934831445,0.3610553480060554,-0.7060048786110635,0.018969547559735837,-0.0320701134532766,0.71002798900689,-0.557859882053928,-0.23693438624023916,-0.4395347495673402,0.11046297450953385,0.19158261838075044,-0.3437081023776508,-0.11819840308010315,-0.5334137137251949,-0.8954287718820013,0.5692241712533653,-0.1031331785192621,-0.0016645510288088564,-0.4675743658286577,-0.2840702773326837,-0.45149973641330937,-0.6333915851796889,-0.29054690300911484,1.8832573029128397,-0.7691808423660904,1.0783052069862458,-0.8311177150896858,-0.6393997489025706,-0.7124782692676235,-0.4559338382196138,-0.6237258190667978,-0.3686976909974181,-0.25843821274317674,-0.42739877748311167,-0.08602139992103093,-0.4923042020364831,1.5062604353021984,-1.2518740138073052,0.046606828977557906,-0.48951427595944935,-0.6322255882675024,-0.08113498255238405,-0.5289640010493829,-1.3750960287801823,-1.2848695509684636,-0.08184456236915322,-2.0428820504634344,-0.4787589059637238,-1.548574958101506,-0.571499116226579,-0.38192996252919614,-1.0743192297816841,0.007006295041446424,-0.3256980227798136,-0.351808507703578,-0.06971791681456882,0.5670237793861173,0.7422185415761409
20183,Smith,Kansas,-0.31041646524838384,-1.0490636831475788,-1.7324956049918332,1.8292953372183578,0.13730631137951793,0.7717412946521639,-0.6299674150891703,-0.18145296432086575,-0.3656209861369413,-0.05499120817355306,-0.5336900241780481,-0.49858505638843054,-0.6731755601055692,-0.02358463868178615,-1.0381139685266323,-0.6730060865611047,-1.6060041019437765,-0.9736528571820631,-2.2862150833712755,-0.274814633514839,-0.316233231560482,-0.3510851026312021,-0.7467036026608108,1.2322923798074543,-0.8302168545476859,2.061487997110065,-0.713109378646854,-0.6393997489025706,-0.7111724545581736,-0.43354694666678045,-0.5972950003718798,-0.37665950704456264,-0.22420793747559764,-0.4036076068588689,-0.08602139992103093,-0.4768575223785534,0.83768593954797,-0.6085407361077427,-0.07209816994151477,-0.6966502638014096,-0.4839091792259392,0.11558661927718697,-0.3461272377040603,-1.0083141200590366,-0.6890842631206976,0.2498087355350218,-1.4528826921720774,-0.43431641798305703,-0.9453096111979427,-0.9236329684769536,-0.8113665253124961,-0.354556808206841,0.007006295041446424,-0.0535356401590872,-0.35482169728378565,-0.07005404443288718,1.5610947975559892,0.27718492696641656
20185,Stafford,Kansas,-0.3087382710235596,-0.1864557918759397,-1.260229104439899,0.7993943694617826,0.284339446628094,0.6515568053097682,-0.608543898232961,0.04869736387233358,-0.4437459504198742,-0.356131282694502,0.2573573018260671,-0.13720549702994866,-0.32364634754234434,0.5450708680974046,-0.9667713702043169,-1.168507916983233,-1.4706289525142733,-1.1876681395388875,-1.1690640869451687,-0.2861158120979654,-0.4408312505620645,-0.5396221789290422,-0.2570664047585965,1.5189222684949293,-0.8192344611175623,1.3753855941481623,-0.814621179450266,-0.6393997489025706,-0.7116804784972447,-0.455110448968694,-0.48078643864814896,0.4801793110991056,-0.2494821195861796,-0.3636805369004381,-0.08602139992103093,-0.44815262472638184,1.1248783879454043,-0.90014809272833,-0.14807502860604663,-0.3620459757490121,-0.25084053644634,0.3614886215641502,-0.15186317664965565,-1.069666730245119,-0.3214720642359057,-0.33012133286725115,-1.524708701007547,-0.1676614900990557,-1.0783277466953123,-0.18099220824876383,0.04750660025410388,-0.5944776153984553,0.007006295041446424,-0.3256980227798136,-0.3584899280770819,-0.0697959502738091,-0.1986227051335357,-0.3541627928683135
20189,Stevens,Kansas,-0.30484591478483114,1.0592818668331867,-0.5361099665186083,-0.7089036760442592,-0.37129779602353136,0.6345659717999429,-0.6176499220856889,-0.006082907552498054,-0.3497825687539349,0.33151960149625354,1.985835913846527,-0.8255475148556282,0.3804230030587943,1.4862937758698533,-0.9667713702043169,0.16762289791284515,-0.43416033310183005,0.29308190292044056,-1.4170655035015096,-0.2835469393657802,-0.4540890784228315,-0.6165681062816653,-0.18172027129952886,1.6849210249002675,-0.7845872551735504,0.4107281123064708,-0.8314107983406205,-0.6393997489025706,-0.7127453779516705,0.41762225879034753,-0.6265831312975952,-0.39864379056433585,-0.25754433005814864,-0.42489764597049007,-0.08602139992103093,-0.4575444695564062,1.3040023213712832,-1.0702413614890172,-0.19810075991138068,-0.20271060048596592,-0.1237121858392854,0.509029822936329,-0.04901749726791112,-1.1270180832451528,-1.0566964620054893,-0.756268028498314,-2.0403168358621677,-0.02877871515947161,-1.5916653400231893,-0.9236329684769536,0.9063797258207039,-0.354556808206841,-0.588328603623195,-0.3256980227798136,-0.3605860599589655,-0.06931287935120094,-0.9248274214843323,-0.09258138465034335
20191,Sumner,Kansas,-0.254028553537143,0.12614263495760278,-0.39127374818164146,0.07864844192731733,0.04282817194562877,0.6549825080577619,-0.5755575385212861,0.008373279101691005,-0.37990935759384586,-0.4522954545743504,-0.2990899454051898,-0.5330021572797127,-0.1444199583038172,-0.376543229096453,-0.46737318194810806,-0.31238409327811506,-0.4950874203466377,-0.29375671845047713,-0.5149514390226001,-0.2530906969005384,-0.3794519706996908,-0.42823196513087475,-0.31711935007849446,1.858866624866787,-0.8007973511506785,0.7616795922267688,-0.6996422821078319,-0.6393393858760823,-0.7098879106311238,-0.4557179918683888,-0.49306498130733495,-0.3631710406238559,-0.2392648535658155,-0.36309559204348846,-0.08602139992103093,-0.4008165315233821,1.4679387637740107,-1.2541151171184248,0.14235420217255426,-0.07524230027552867,0.18351466146109574,0.6729644911276378,0.22523764775007243,-1.0403241775474275,2.1926573419302002,0.37950555594447566,0.07341999558164988,0.19065606924507142,0.3068094576857474,-0.4370752290171051,-0.38192996252919614,-0.5944776153984553,-0.29066115429087425,-0.0535356401590872,-0.2832350504248151,-0.06685785564483182,-0.09016594172841431,-0.031222782722671535
20193,Thomas,Kansas,-0.2981331378855342,1.200986214328388,-1.5037272578153051,-0.3575627170220798,-0.5647541756790957,0.66200357818693,-0.5928795820424217,-0.17662978922627015,-0.2784416114725147,-0.2197492571377314,-0.16444099755310834,-0.9287988175294786,0.2011279710055454,-0.21967274446771134,-1.252141763493579,0.49992768895194,-0.6246458681654343,-0.5911574589273108,-0.8616782216024579,-0.280941873368117,-0.44227355887571007,-0.6120657000870098,-0.2718670257376187,2.211633251452433,-0.7312199565132149,0.4467725298538621,-0.8296607091483201,-0.6393997489025706,-0.711826649326515,-0.4556135013344539,-0.6240801004613918,-0.38780420440589264,-0.2508311271447835,-0.42645040766609266,-0.08602139992103093,-0.47645215239538985,1.8467644739619382,-1.5897630172758659,0.06043501936666257,-0.553248426064668,-0.5898494713984844,0.0008323515432703504,-0.46040021479488685,-1.2710633419429118,-0.7566911042949119,-0.00587928184361619,-1.878708315982361,-0.4593153174721823,-1.2781671990857266,-0.571499116226579,-0.38192996252919614,-0.354556808206841,0.007006295041446424,-0.59786040540054,-0.3478595449618152,-0.06937614827386741,0.9011059148827528,1.7982323747523898
20195,Trego,Kansas,-0.31270091811987233,-1.59267351505543,-0.6488188706143194,1.7904224732903453,0.3750150728576928,0.7604092895613366,-0.6235317964461321,-0.26758505212845046,-0.3758103145648562,-0.4094104374914447,-0.5124495594041275,-0.6362534599535646,-0.21450427213473877,-0.14123750215334038,-0.8240861735596857,-0.4188973250159808,-1.2027266582014717,-1.576696844285571,-0.23226569257929852,-0.2846280946560716,-0.43643816788296524,-0.5762585750966692,-0.48222754266181866,0.8791741044469306,-0.8177140978075044,2.7931570789583557,-0.8299702715284114,-0.6393997489025706,-0.7125885978000894,-0.45595062040519146,-0.5520266495474975,-0.19550580052842848,-0.17345387533854364,-0.3616274167347361,-0.08602139992103093,-0.5204486702738149,0.4956540068317901,-0.25719040161379925,-0.0699163391477574,-0.5373148885383632,-0.4097509747051579,0.23034088701110358,-0.2775634514495642,-1.179034426663788,-0.5517578669855742,-0.34309101490819627,-1.9094908911975623,-0.32321019803138973,-1.2956531511698879,-0.9236329684769536,-0.8113665253124961,-0.5944776153984553,0.3046737443737671,-0.59786040540054,-0.3616341258999073,-0.07023811274039342,1.667847509151909,0.9375972477142543
20197,Wabaunsee,Kansas,-0.30061089061537943,-0.3480207805101778,-0.357143627631636,0.4984886131094495,0.5312098419995814,0.735242979821654,-0.606338113207567,-0.08978858487726302,-0.4203346338527903,-0.4914992146174465,-0.37351950263664657,-1.3073869273336023,0.7170473664543275,-0.651066577196751,-0.5387157802704237,-1.7059717573542121,-1.3765130368876295,-0.6445763258477503,-1.8989322558704826,-0.26923557124824876,-0.42264144097994155,-0.4615375600455849,-0.656307523349074,-0.35683836947853725,0.4017270795548968,3.657085100695387,-0.5241995507210809,-0.6379689207135235,-0.6769388206237746,-0.45125784839781485,-0.6048514657838934,-0.3894814300842661,-0.2007670090448687,-0.3667739275474311,-0.08602139992103093,-0.5210155715494122,-0.16957674729058106,0.3898056097165582,-0.14439644699472848,-0.4337468946173832,-0.13430621505654008,0.27952128746849575,-0.09472668810424238,-0.8375938134542853,1.1447513037298738,1.4189329309402425,-1.091187433393463,-0.16210617910147188,0.1588033632590969,-0.9236329684769536,-0.8113665253124961,-0.8343984225900698,0.9000086430384084,-1.1421851706419928,-0.34787826042504627,-0.06907684496959864,-0.45853792255442916,-0.536623898600601
20201,Washington,Kansas,-0.3050772888577127,-0.2999963251313401,-1.176741886518492,0.8624189608650108,0.364533902164141,0.7410040020452441,-0.644894569219121,-0.26701904374127045,-0.33836689067804154,-0.6161682522213586,-0.4150552726531979,-0.8599646157469105,-0.6492878605823952,0.19211227768273587,-0.9667713702043169,-0.7764568637934536,-1.8459609118767568,-1.2123173412170525,-2.5334089673091067,-0.28461156152620304,-0.44629684404894915,-0.5037294774881348,-0.3051805540103133,1.1089491360524344,-0.763722369092625,2.0146836969351916,-0.5561069238512674,-0.6367729364312151,-0.6805593032496758,-0.454718721721342,-0.618629278120361,-0.4017158546270574,-0.24850149590820322,-0.3893564277814682,-0.08602139992103093,-0.45023370343028285,0.7463267860368721,-0.5312138327711388,-0.0708769404187291,-0.6886834950382574,-0.3885629162706486,0.14837355291544918,-0.3004180468677298,-0.817587527524041,0.4876973160679753,0.9557300009064782,-0.7397530330199158,-0.3898739300023903,-0.09661643682740129,-0.571499116226579,-0.8113665253124961,-0.354556808206841,0.007006295041446424,-0.59786040540054,-0.34933806655707234,-0.06963112122178367,-0.11902505742640951,-0.7190850043328891
20205,Wilson,Kansas,-0.2959424061574914,-0.1322756492345032,-1.0010876423568729,0.6204222473385519,-0.23561973810265235,0.6854789286782004,-0.6336053422536082,0.058823402837881865,-0.3595312262167751,-0.3681912277971452,-0.4391777666374245,-0.20603969881251477,-0.6506607168768305,-0.06280225983896945,-0.039317592014215016,-0.2109723661082465,-0.7802757211395824,-1.0122238217119546,-0.20862223737242458,-0.2642746489824921,-0.3446871800699652,-0.2812234909118535,-0.4441904795266479,0.410691940625301,1.7654868395099166,0.27081034119360686,-0.034987912712026496,-0.6360427381587963,-0.5040477315534164,-0.4297851455017665,-0.5899043805148587,-0.3362706908157266,-0.1726773800456936,-0.38310508059301646,-0.08602139992103093,-0.37676114229545027,1.2032336722019377,-1.0071487894048143,-0.31160064031565315,-0.059308762749223795,0.19410869067835043,0.4106690220215423,0.14524656378649353,-0.8495975850124319,2.4313939998266454,1.2558854995683577,0.560810769822336,0.1351029592692378,0.8807233850194691,-0.571499116226579,-0.38192996252919614,0.1252848061763878,0.3046737443737671,0.4907891250823656,-0.33335506095771006,-0.0677894774592163,0.13338407309156805,-0.4784946967743856
20207,Woodson,Kansas,-0.3117197748994254,-0.8407353329996998,-0.9443663787755758,1.2448642462967792,0.08036885455340419,0.7049187877355825,-0.6125394049206709,0.014453165620365985,-0.48720335200481635,-0.5831051316806092,-0.464009755067388,-0.03395419435609518,-0.8217186111634677,0.29015633057569956,0.10336760463041615,-0.666175885902351,-0.655304460322471,-0.08911679560715938,-1.114954686969239,-0.2874673575115328,-0.4307937802765027,-0.46804509207015993,-0.4545224181407206,-0.07092439125763683,1.6641452739578726,1.3757647588271833,-0.1435450402031974,-0.6386919773041383,-0.6878961924730174,-0.328265110272956,-0.6039174652391973,-0.3808549171695269,-0.178033587578517,-0.31048465107257833,-0.08602139992103093,-0.47457625776463463,0.6831664591544852,-0.4592985603281837,-0.36371139763549953,-0.15490998790705188,0.07757436928855048,0.29591475428762803,0.05382818211383261,-0.7615699269193569,2.8180206227916846,0.7445094648110823,-0.1625797477348928,0.029552050315154343,0.687753413804975,-0.571499116226579,0.04750660025410388,0.1252848061763878,-0.29066115429087425,1.0351138903238184,-0.36107266200297417,-0.06959052885444345,-1.073755422429809,-1.6846756346683585
20209,Wyandotte,Kansas,0.1635957904425466,1.4249582548213535,0.34985354530322244,-1.4870196618437328,-0.12032280371161332,-1.0531082465288253,0.9422811909133284,-0.0434081888045847,1.3734525910821667,0.9437362714839701,1.4419409451171206,1.0501844837193504,-0.5786544042336995,1.0156823219836302,0.24605280127504683,1.7522652621945936,1.4542958089850486,0.9122153456267839,0.893486514886223,2.9685700036423595,2.8915739070656605,3.835009954365324,2.2796586312189038,-0.5618993141001312,0.4282090386002351,-0.4932080127972585,0.2517729614459926,-0.6366512033739179,-0.5934771847035586,-0.4442730213391968,-0.5683976391320757,-0.3632829673606436,0.13147056729160653,-0.1620721478115251,-0.08602139992103093,3.4323042763394107,-0.359502288080383,-1.1323229210453258,-0.6236918020807406,-0.3779795132753167,0.0034161647677692342,0.312308221106758,-0.07187209268607675,-0.7415636409891125,1.2989794101585508,1.1132189971179582,-0.5550575817287084,-0.09544244713047134,0.27683353982718545,0.7511499873479985,1.335816288604004,-0.1146360010152266,-0.588328603623195,0.2186267424616392,0.08076199395691505,0.15076988268335753,-0.6974257630337536,0.4951694338147251
21001,Adair,Kentucky,-0.26467176088969324,0.2239141242046622,-0.19885328990071763,-0.10725531017319448,-0.09366638629867773,0.6352863326868566,-0.46568330082974235,-0.30094610331454824,-0.5002264120257064,-0.6089794574204546,-0.5468507628084571,1.1878528872844862,-1.240508423780953,-0.651066577196751,0.816793587853571,-0.558247291024597,-0.38350812020348773,-0.4496125516635461,0.25352566034991453,-0.25168329346390106,-0.3664483830718469,-0.495007315943216,0.3786326547466902,-0.638263053275901,1.8100877020597925,-0.489341329800316,1.3605946846192178,-0.5899643582301471,0.5897464634247965,-0.4283845582422094,-0.5943138057995624,-0.39706336077809534,-0.0643022308899683,-0.30423146755981034,-0.08602139992103093,-0.2300971076670023,0.19058710359768252,-0.0859522865832486,-0.43291192175286625,0.426664131803068,0.480147479544223,0.29591475428762803,0.33951062484089894,1.5738305173378282,-0.19048380946086468,1.00760872907026,0.5325934092084013,0.40731319815082373,1.1498821474578083,-0.5804817206473762,0.9063797258207039,2.044651263709303,-1.481330951620157,1.0351138903238184,-0.29390286446654407,-0.06114746635839972,-0.8606269421678633,-1.1615128182324184
21003,Allen,Kentucky,-0.25848323663654554,0.09146294470990678,0.5223641880352421,-0.34440959281866645,-0.19577999692136583,0.747826844089865,-0.5885561913729251,-0.29788884266835697,-0.5303297285922602,-0.5752953596362022,-0.5285359193808932,0.396259566784955,-0.577624762012873,-0.651066577196751,0.03202500630810057,-0.4128113163568274,-0.13210002067338958,0.049306640255647904,-0.030210337845492395,-0.23161273338711744,-0.31785869212393325,-0.38488866271446753,0.17873113860654938,-0.6502047032380223,2.2499452858076325,-0.47991958531362305,1.142306006845961,-0.5993742335731568,0.4434082537532031,-0.403764387183342,-0.6241320285717084,-0.3905146987821483,-0.21792898327258353,-0.2780919622432882,-0.08602139992103093,-0.22784958111876183,0.3778579162031776,-0.26899122097183,-0.4778218928011648,0.4664979756188296,0.4165833042406957,0.3614886215641502,0.2709468385864029,1.1777060559189911,-0.38485347783673163,1.4337554247013233,1.1148971236959582,0.39898023165444835,1.1923480310907717,-0.4370752290171051,0.47694316303740386,1.5648096493260741,-1.1836635022878363,0.4907891250823656,-0.29221847277574475,-0.05822263420692863,-1.194541553431929,-1.3972590256387372
21005,Anderson,Kentucky,-0.25428921546735134,0.06822877470070789,1.3519638245969807,-0.7361596123609864,-0.48918538228185243,0.6648117949980196,-0.5167032195295211,-0.30666881908804355,-0.31716176574868565,-0.3978701200387996,-0.56378601683275,-0.7395047626274167,0.38344328690655194,-1.00402516761142,-0.32468798530347687,-0.5519740813496835,-0.34975917755726593,-0.5478404957361506,0.5225440368696198,-0.1732189692786912,-0.20827459880012608,-0.3011091464133978,0.3091168633831884,-0.784844876717093,1.897044382211533,-0.4842024918945724,0.9608830048801765,-0.3403566048520617,1.5243574748842774,-0.41686082858832046,-0.6258265393539023,-0.3991197216326454,0.03493168781376398,-0.3784098195436688,-0.08602139992103093,-0.1183398720005681,0.08560548496797375,-0.032136231730248835,-0.5878591407170509,0.21156137519795506,0.2258907783301137,0.16476701973457913,0.2138103500409896,0.7989203756396989,0.43276675761392597,0.7074532304083806,0.9892016082338864,0.2128773132354052,0.9812676095033963,-0.38073696444807004,0.04750660025410388,0.6051264205596165,-0.588328603623195,0.2186267424616392,-0.28926142958523043,-0.04759153920341726,0.17573252217793955,0.5678309360974945
21007,Ballard,Kentucky,-0.297808042669207,-0.5988726777977604,-0.03006532120965359,0.5667028584089825,-0.14683155587437466,0.584766722571788,-0.4017731544252744,-0.2606986537161118,-0.3773773661512774,-0.33018596040783593,-0.5955623846508541,0.1725484109916089,-0.5264172222304367,-0.9059811147184565,1.0308213828205177,-1.1286371309163072,-1.3248173144296003,-1.0466747059397887,-0.9889898380422237,-0.2568093796961943,-0.3974633891922266,-0.5132454088440804,-0.13937635634265672,0.9550200195798408,-0.14138707280690901,-0.514140915967104,-0.07349144823818615,-0.6349551316171448,-0.6781944849618096,-0.44833248980719753,0.9170998897027244,0.10032457993753575,-0.13924367886684344,0.24208460115110458,-0.08602139992103093,-0.3878441481952259,0.8763615147449066,-0.6845719390683236,-0.5362473003363913,0.3390296754083923,0.4165833042406957,0.5254232897554589,0.31665602942273335,1.0630033499189238,1.4046150994932611,0.9501715657460735,0.7224192897021422,0.3934249206568645,1.4090489372766273,-0.37189958961371156,0.47694316303740386,1.0849680349428452,-0.8859960529555155,0.2186267424616392,-0.33797778037579257,-0.06485759901822974,3.584732705126965,3.3935560248718617
21009,Barren,Kentucky,-0.19131446464331867,0.15619690300624764,0.3621230405249411,-0.3242448250334016,-0.7432565250642225,0.5092186723459128,-0.3667712589336926,-0.29903340458731487,-0.31622014676038585,0.12228665918336303,-0.45451177667301806,0.9641417314911407,-0.7456623724517526,-0.7295018195111219,0.24605280127504683,0.6072080486859728,0.49612952999634685,-0.02370620031186777,0.7536328527314272,-0.17977533323288164,-0.2204601945604096,-0.3175033555966476,0.4532221837099275,-0.26789678323823235,2.8017107769472713,-0.5013230913251733,0.21494938192549426,-0.5907659413946751,0.41297693513528866,-0.42499408555164997,-0.58949738339683,-0.39867635460078377,-0.14712467555634468,-0.2637309175482031,-0.08602139992103093,-0.08976886166282327,1.0039535137291802,-0.9373084491440926,-0.3676208214127101,0.41869736303991556,0.3848012165889316,0.312308221106758,0.22523764775007243,1.2790712379655624,-0.355275484823013,1.1354527377595791,1.0918101922845571,0.3545377436737808,1.1423881679931682,-0.40634526652490416,0.9063797258207039,1.8047304565176885,-1.481330951620157,1.3072762729445448,-0.18799205804172986,-0.05237639869291075,0.24429897676793533,0.23681742569821132
21011,Bath,Kentucky,-0.2843004828700981,0.5319809966953669,0.13459294042183081,-0.5571334409537675,-0.28492120671580173,0.7318245668871444,-0.5677122674747086,-0.31869285057155305,-0.48636822794660234,-0.19688519970179655,-0.5785531460380984,0.8436818783716448,-0.9248887616902798,-0.6118489560395658,1.3875343744320952,-0.0511825738533498,-0.7000925178273194,-0.6220114596485995,-0.70811212070578,-0.2610581753927757,-0.28096667096585354,-0.29585853177280147,-0.21472675792996077,-0.7247046005547833,2.4988783350370793,-0.5000185521671686,1.2262214419756088,-0.5570403182243976,0.1923888329698337,-0.42790733872465947,-0.6193128728515739,-0.3836589088731616,-0.2336291254384493,-0.2782435137066456,-0.08602139992103093,-0.2994909590079472,0.41714183919169906,-0.2762539355041773,-0.5284954714752939,0.13986045632958427,0.14113854459207778,-0.14670884982890617,0.1223919683683287,0.5214998774069779,-0.4228823259972273,1.5449241279094263,0.2529850176703235,0.09066047128857024,0.7014923761568159,-0.42171024777100463,0.47694316303740386,1.8047304565176885,-1.1836635022878363,1.3072762729445448,-0.3221819294087413,-0.061681085226470006,1.3341384426428091,1.4995128653676715
21013,Bell,Kentucky,-0.24466815433550557,-0.19124548043655248,0.3210213325729086,0.01631648736628635,-0.4917766149520248,0.6666329516651748,-0.49823892670699915,-0.26309393635864015,-0.4970486223936704,-0.4381010018458167,-0.6179529011177691,2.7194138769466236,-1.701101710563993,-0.5726313348823804,1.5302195710767263,0.6832086750568668,0.9931638315802402,0.42159267736405054,1.2166201084706645,-0.19792658242400155,-0.22561755222335772,-0.2589461771001847,-0.2199204008829271,-0.8216759057788137,-0.7179923975803084,-0.2991890609669821,2.9232130025400704,-0.6211791644261796,0.8169895541158835,-0.29445716315676385,-0.6194420790631673,-0.3965671254455299,0.0760509259456983,-0.39574889338663793,-0.08602139992103093,-0.2583203159457899,-1.133923643524558,1.213949668403235,-0.4710381117325195,0.2593619877768691,0.17292063224384108,-0.32703698483934723,0.08811007524108025,1.7178757760355874,0.2912149339054142,1.1021021267971483,0.2632458760753908,0.10177109328373792,1.3259906648768613,-0.6009683623088435,1.7652528513873038,3.244255299667375,-1.7789984009524775,3.21241295128963,-0.2485178661311183,-0.055809658439808466,0.2566731954381808,-0.25889548987534916
21015,Boone,Kentucky,0.07031982242823205,0.6126548232805928,1.2523762681979855,-1.1881324322989169,-0.23388910568595953,0.43673764260289544,-0.39203032037246516,-0.31604776054589245,0.4016838936807335,0.30850717662783045,-0.3868874291034775,-1.2729698264423184,1.5845552589079874,-1.219722083975942,-0.5387157802704237,-0.35816350416426407,-0.6374953557657964,-0.953510227072626,0.20792755123192097,1.009061507709828,0.9215729178486965,0.8551971588128127,1.2211107932004284,-0.7492445224302124,1.256088479123218,-0.4583608339935842,1.073464442433795,-0.6148897885080848,0.05416458516261419,-0.4323959513767919,-0.6072176285600783,-0.3903556795869049,-0.07272767507316849,-0.034416552468734464,-0.08602139992103093,1.115554858288238,-0.16936429547289217,-0.3169621858761326,-0.5487351168590238,0.004425387355994558,0.07757436928855048,0.11558661927718697,0.15667386149557633,0.6121950402907522,0.6820669844438423,0.6629857491251395,-0.6063618737540439,0.07954984929340414,0.5641027526384063,-0.18611386866413065,-0.38192996252919614,-0.5944776153984553,0.007006295041446424,-1.1421851706419928,0.01493970977312437,0.03793503254704785,-0.16571322276628167,1.2266285567946038
21017,Bourbon,Kentucky,-0.26295549245034416,-0.08304021493876869,0.1966349910095074,-0.02142434225375693,-0.5283773259355619,0.42565287452317985,-0.2295785579124114,-0.30103874808189546,-0.4438838318147061,-0.4738597596784282,-0.21195427493309965,-0.0683712952473792,-0.5955405366552536,-0.47458728198941663,-0.25334538698116177,1.0411027374617037,-0.3654401442804696,-0.7099935710803972,-0.4919080583016806,-0.19910466558049486,-0.2242104023264037,-0.29999992914244417,-0.2805060207981618,-0.6630048332099325,5.744005849459762,-0.5180766004084681,-0.44165210982461384,-0.6381733396367391,-0.5226126000981601,-0.45001792578271954,-0.626509985922158,-0.3952556546542052,-0.2292411303169111,-0.40308448339632175,-0.08602139992103093,-0.28876983726094624,1.9462638320292565,-1.767526999758753,-0.5228212221072283,0.14782722509273669,0.16232660302658714,-0.031954582094989546,0.1338192660774107,0.6001912687326056,-0.15034224751367486,0.8427084859782399,0.4992456193919335,0.12121468177528016,0.6421650387284119,-0.24757379364853255,0.47694316303740386,1.0849680349428452,-0.8859960529555155,-0.0535356401590872,-0.29062765840110094,-0.05669299136455145,0.39188830686632764,0.3498464292491859
21019,Boyd,Kentucky,-0.18408329266933782,-0.5082978720013266,0.6665103794295398,0.13635109338037035,-0.17657548577754256,0.6187779768332423,-0.47011917054106694,-0.30550171324605246,-0.39130112434257097,-0.3922471129732711,-0.5672569129062842,1.0501844837193504,-0.3916027341168912,-0.9255899252970493,1.0308213828205177,0.35208065825519175,-0.3222843252231028,-0.49967978266738855,-0.24079783575881467,0.5380229677823853,0.7000116480818528,1.3838073274443035,0.6763708754883953,-0.8196335823027224,0.09048770008770478,-0.47723856867329356,2.228068786286051,-0.6137868774358081,-0.22845694933778754,-0.40514798776409616,-0.6235621620951984,-0.3918507125456011,0.0338708161046607,-0.319096001960435,-0.08602139992103093,0.9835367877966588,-0.766087775158658,0.3201814097929471,-0.6193504800576668,0.19562783767165018,0.24707883676462306,0.05001275200066485,0.15667386149557633,0.20673431210446755,-0.17146938538061685,0.709306042128516,-0.10871024110829092,0.17954544724990454,0.25872308945430417,-0.05807235827995999,0.47694316303740386,1.0849680349428452,-1.1836635022878363,1.0351138903238184,-0.15381762218173506,-0.010545270963767422,1.4183539296415193,1.1378200540045522
21021,Boyle,Kentucky,-0.2328710054042804,0.25656148362667835,-0.24237642879101567,-0.11565740145219879,-0.0883523121641405,0.2533975877581548,-0.06387156293520622,-0.29662191421800144,-0.22457975932993704,-0.25155363217245863,-0.45427025000120563,0.1725484109916089,-0.14263524512105133,-1.0236339781900128,0.3173953995973624,0.5480659473748704,0.3828629112657073,0.13625529541739637,0.3822464314254986,-0.03034093441133069,-0.0810997332556993,-0.18024632522302458,0.48759780549591547,-0.6097268700855804,3.601605777548849,-0.5075179527284814,0.413176986142105,-0.6319707472858496,-0.08420456218523249,-0.4495234409453174,-0.6268783757608254,-0.4062617303182623,-0.028832789708381792,-0.37637248682653063,-0.08602139992103093,0.04006204479252523,1.0293192303438805,-1.018021799311866,-0.6037425710347463,0.21156137519795506,0.15173257380933247,0.0008323515432703504,0.19095575462282396,0.7882503564769017,-0.17358209916731102,0.21831093629272585,0.022115703556314686,0.16010185875836308,0.3967372112614342,-0.38585862486343686,0.47694316303740386,0.6051264205596165,-0.8859960529555155,0.2186267424616392,-0.24600999405815044,-0.036511118445912545,-0.758551360023733,-1.059786715036541
21023,Bracken,Kentucky,-0.2965925965901458,-0.005490858928017385,0.8378888580523927,-0.41222476650244216,0.014836567678381917,0.7874746249092347,-0.6165664999803981,-0.29510945531924093,-0.5910081038958249,-0.403928492996564,-0.5801208028645537,-0.0683712952473792,-0.16700344434727774,-0.8667634935612711,0.4600805962419936,-0.3073693832018569,-0.6933661921092836,-0.27771600149800885,-1.0538299403685232,-0.2598981399134018,-0.3053013563325042,-0.387133470079331,-0.11194485227602154,-0.8012265396593494,1.45648443127443,-0.5016315487838262,1.2752796385478251,-0.2802675838197727,1.4366409318935014,-0.421362627131268,-0.6196797586395856,-0.3978824936668591,-0.2447387698716833,-0.17855424435402412,-0.08602139992103093,-0.30996224707389003,-0.12987099275168013,0.2600841870796182,-0.5843890617071841,0.04425923117175617,0.056386310854041874,-0.08113498255238405,0.08811007524108025,0.7162277271280223,-0.09963711663301388,0.8482669211386452,-0.4011447056527022,0.037885016811528914,0.49415894430176094,-0.3295203602944018,0.47694316303740386,1.3248888421344598,-0.8859960529555155,0.2186267424616392,-0.3393814401181253,-0.06257527804996356,-0.25452976518498993,-0.5285503983469599
21025,Breathitt,Kentucky,-0.28391974072485004,-0.44373500218186424,1.2884011694311044,-0.23284197971709103,-0.03134696914598806,0.7671262314644083,-0.6523116961137739,-0.3278130527733664,-0.3776035979837993,-0.17172654116826208,-0.6190778544417158,2.5301198220445613,-1.5317598866453999,-0.7883282512469002,2.2436455542998814,0.07618131221612108,-0.2562284786719567,-0.05030020581037399,-0.5087902190716906,-0.24946993566988987,-0.3502256895148485,-0.44594779564134623,-0.4452887969782429,-0.8221988482510404,-0.6694748283739619,-0.3785764451210491,3.3257636825869903,-0.6329009238875984,0.25860459607886555,-0.355193394946508,-0.6255769607734616,-0.4056726198772488,0.2328517842156877,-0.4137666484241622,-0.08602139992103093,-0.4322822018666912,-1.1124850840275344,1.2682117161293647,-0.37117281215886133,0.2991958315926307,0.2788609244163863,0.017225818362402626,0.29380143400456854,1.0429970639886792,-0.3299229193826823,0.5925789037600072,0.2298980862589226,0.2517644902184889,0.6465365267494522,-0.37189958961371156,1.335816288604004,2.5244928780925315,-1.7789984009524775,3.21241295128963,-0.31147668444055016,-0.06555461919810389,1.4729819141373974,0.8487887449242028
21027,Breckinridge,Kentucky,-0.26093755908052935,-0.23730627730471934,0.20834525459370495,0.11486607609124082,0.04460895008080941,0.6714089165578339,-0.5133813162375122,-0.2693246077400499,-0.5033697024786367,-0.5841041336923163,-0.5624844310773661,0.6543878234695846,-0.6626045666384175,-0.5726313348823804,0.816793587853571,-1.1090987544007613,-0.6825341309882609,-0.383717826322793,-0.2792854453070913,-0.27164436874305153,-0.41342875482846486,-0.5802101939453768,0.17164323630842637,-0.29983826996628826,1.0885979676295048,-0.4708641479111936,1.5028140628175957,-0.5787001321342571,0.16483672100559793,-0.40618617054325795,-0.6173399846149011,-0.3948031243167033,-0.20502973029320506,-0.23065537384981666,-0.08602139992103093,-0.3340855254093043,0.19734562861756438,-0.04762784821411838,-0.30387859754047725,0.19562783767165018,0.2258907783301137,0.09919315245805703,0.11096467065924588,0.9829782061979464,0.9567197767140893,0.9557300009064782,0.35046317251846093,0.17121248075352996,1.1505066457465276,-0.47804851234003976,0.47694316303740386,1.5648096493260741,-0.8859960529555155,0.762951507703092,-0.28617337815209837,-0.06357471580876925,-0.20549076595699153,-0.4332830953539955
21029,Bullitt,Kentucky,-0.08169880102639608,-0.14142962577144705,1.6011171439967784,-0.6670881237618627,-0.15303910134622242,0.7070513811901468,-0.5840051324942178,-0.2773615502744058,-0.34901643749660954,-0.35742196182751246,-0.5374564590596689,-1.1525099733228243,0.7285107165128621,-1.1216780310829764,-0.039317592014215016,-1.0746796194620511,-0.7874094487039398,-0.3967817831734006,-0.6466699995813209,0.07543354750824217,0.14053960436546734,0.1890452567443758,1.0287504094732918,-0.6837258791792219,0.22608556817863382,-0.4766159310268633,1.7143328470991763,-0.465781337172293,0.43626440807071803,-0.4294472727990535,0.029488329509177468,-0.3411712549025107,-0.07276767434814856,-0.3782651683760616,-0.08602139992103093,0.4032743080841472,-0.570913619691321,0.3809473957576809,-0.5163278553763185,0.21952814396110748,0.26826689519913244,0.27952128746849575,0.25951954087732004,0.8789455193606763,0.9081273596201224,0.7482150882513523,0.48385433178433274,0.25731980121607195,1.0499624212626013,-0.6009683623088435,-0.38192996252919614,0.845047227751231,-0.588328603623195,-0.59786040540054,-0.08133263308767155,-0.013993228814950933,-0.2655177139941308,0.1706147236183547
21031,Butler,Kentucky,-0.28319047307741335,-0.2622265470550497,0.7205204652640699,-0.1172476253113242,0.04793347147724295,0.7715905672314569,-0.6373876926521314,-0.2759220825138072,-0.500452698165408,-0.683053054803106,-0.45945603796666806,0.6027621721326586,-0.6464048623640811,-0.41576085025364035,0.4600805962419936,-0.058080448743672575,-0.8195498486958736,-0.5911574589273108,-1.0259574211604536,-0.27305875707984845,-0.42487190787462975,-0.5869455933934253,0.032492820909572624,-0.27445052430684447,0.4550554557034074,-0.4547405599421596,1.7334934189962246,-0.5933304644265475,0.5878422982741257,-0.413298482300608,-0.5128863758995779,-0.24334784397100165,-0.19488235267140605,-0.35111217118089816,-0.08602139992103093,-0.37803432317278396,-0.06432529944415637,0.225748244925613,-0.41856992138161386,0.36292998169784907,0.3848012165889316,0.3614886215641502,0.24809224316823725,1.0469983211747282,0.14543768262351406,1.2503270644079523,0.8968538825882824,0.3489824326761978,1.1729885841404502,-0.40122360610953733,0.47694316303740386,1.5648096493260741,-0.8859960529555155,0.762951507703092,-0.32132101810011054,-0.06464710289818802,-0.0689397400927648,-0.1684722870345696
21033,Caldwell,Kentucky,-0.2835770727941268,-0.18018550450920118,-0.30441235533417377,0.3176041227415454,-0.6792564106412968,0.4649302344398882,-0.2921402734150605,-0.3207968342614905,-0.4765466097561802,-0.49259362147980484,-0.5803841329498065,0.2241740623285349,-0.7947419849778142,-0.7687194406683074,0.5314231945643092,-0.589158277814504,-0.6240428292668523,-1.0130243281050815,0.6041053854627505,-0.25377008926833494,-0.4056504302005233,-0.549711599028113,0.14436453822333503,0.31733872882606584,0.32770201479414346,-0.47511807795570055,1.2103988026027348,-0.5880177152487494,-0.024802867171762933,-0.42056226318352435,-0.4172822365449936,-0.34841287609337435,-0.15917935620079612,-0.3799066237356913,-0.08602139992103093,-0.3249309183745125,0.4607399642415701,-0.3076576784983489,-0.48082284095776656,0.28326229406632586,0.40598927502344095,0.39427555520241236,0.3052287317136505,0.9496343963142059,0.2848767925453317,0.3368908863813696,0.745506221113543,0.34620477717740544,0.8238940407459452,-0.10928896243362825,0.47694316303740386,1.0849680349428452,-0.8859960529555155,0.762951507703092,-0.3138161173444381,-0.06322673160520781,0.4043884755610473,-0.09742548480252816
21035,Calloway,Kentucky,-0.20668473216841043,1.3537465659738865,-1.3843743497679308,-0.5577377179143799,-0.6664213081035444,0.46905289875681255,-0.38706428732305986,-0.3125055570567144,0.061333765672115126,-0.3758959399994258,-0.5057506925999474,0.34463391544802896,-0.696582759925691,-0.5530225243037876,-0.039317592014215016,1.1295647014052006,0.6365515242105346,-0.10006324136027692,0.7208917171519098,-0.1758621067600776,-0.26621976730152613,-0.38284272644698036,0.6862204796587136,0.4300915879984572,0.26164782029028244,-0.4883887168287523,0.6200248730091518,-0.5922234306889806,0.00694393859441919,-0.43820698207249625,-0.2812348454666006,-0.3814076791602665,-0.20972612393138215,0.09846218717562778,-0.08602139992103093,-0.061707195625019404,0.5418707805498837,-0.5001770888262065,-0.4340140069319656,0.36292998169784907,0.40598927502344095,0.5582102233937212,0.3623652202590638,1.5871680412913245,0.13064868611665456,0.12196472684570298,0.6069846326451378,0.4156461646471975,0.9706511385951554,-0.6982799102008133,0.47694316303740386,0.6051264205596165,-1.1836635022878363,0.4907891250823656,-0.22860461325322426,-0.05103095918068587,-0.8428521653137757,-0.8127376072751251
21037,Campbell,Kentucky,-0.04682282052167184,0.25442819417958357,0.7711292303582157,-0.6184356874677251,-0.4437828061680175,0.5863475078718685,-0.4499924146009469,-0.33562628824579066,-0.20590729705440053,-0.42725017495539586,-0.5468944082791514,-0.6190449095079227,0.7412096372363886,-1.2001132733973472,-0.46737318194810806,0.23063772541606953,0.1514745590956472,-0.10999157528862404,0.4077164302400843,0.42750333488185654,0.6730935245172194,0.7304629355546555,1.4316872678343646,-0.8094283121421627,0.9057911750072515,-0.49011488577877,0.8302934748409972,-0.3304022062333974,1.2675983052258764,-0.43177769087265455,-0.6060281936509536,-0.39712795488756003,-0.22510757360214834,0.044637924827476694,-0.08602139992103093,0.9331745260091703,-0.3871269873582268,-0.026509155449920847,-0.621025947390757,0.028325693645451865,0.08816839850580516,0.09919315245805703,0.1338192660774107,0.6668788885000867,0.37361077158648837,0.8334444273775644,-0.7320573892161154,0.08232750479219567,0.5253838587377632,-0.017099074957025378,-0.38192996252919614,0.1252848061763878,-0.29066115429087425,-0.3256980227798136,-0.057489132931245815,0.05169338986950264,-0.06406737068690099,0.7099245405615767
21039,Carlisle,Kentucky,-0.3069692844410224,-0.21202067280577563,-0.256529074243739,0.3230865305625569,-0.22978628228032422,0.7114507414217285,-0.5277962315318976,-0.23920340689050276,-0.4747337360876631,-0.5859522900374092,-0.5255294258106811,0.1725484109916089,-0.4161768617872829,-0.4549784714108239,0.03202500630810057,-1.2604263405225573,-0.9449640272124215,-0.789994352464502,-0.08777791075951594,-0.27610905715831496,-0.4223036206247053,-0.5557107807015235,-0.12752504785487104,1.1016201526860674,-0.0688169701424214,-0.5079255171763479,0.21529163957488043,-0.636882897158385,-0.6425362121620535,-0.44976845559716916,0.22471742481690915,-0.04985962737120067,-0.191015525424246,-0.05463560546822045,-0.08602139992103093,-0.41074015319723683,1.0535446038627865,-0.8469480885718134,-0.5918281366661047,0.3708967504610015,0.4377713626752043,0.509029822936329,0.33951062484089894,1.2870737523376599,1.3179938342387987,0.903851272742697,0.8045061569426788,0.412868509148406,1.4927317079651135,-0.37189958961371156,0.47694316303740386,1.5648096493260741,-1.1836635022878363,-0.0535356401590872,-0.3531185901297552,-0.06588380958400501,1.7977221606100924,1.426851363084902
21041,Carroll,Kentucky,-0.2897743834044725,0.7281485496524575,0.24337179526985683,-0.792032591269296,0.1049992190270224,0.6583062424340446,-0.4724296526414507,-0.2602160200215058,-0.3883794622530377,-0.2727256937670926,-0.20065440115566374,0.12092275965468287,-0.277998875752371,-0.7098930089325312,-0.1820027886588462,0.9056556619927439,0.6663386108719441,-0.02176090016171369,0.8536117666942846,0.037706346092411594,-0.14282360460457202,-0.19211959103187623,0.07374104998800528,-0.6562945946931354,1.1367052019940347,-0.4735312298577763,1.5275535172797823,-0.5961574408323775,0.438181734808748,-0.4286342755886436,-0.5775821639121053,-0.3701328846617381,-0.011218286768609186,0.05909860040843254,-0.08602139992103093,-0.08097331423957879,-0.13186254797984212,0.16315837002142425,-0.6377284950712966,0.13189368756643183,0.2047027198956051,0.23034088701110358,0.22523764775007243,0.5788512304070117,0.7834772462051642,0.648163255364059,-0.4473185684755042,0.19343372474386294,0.6121891208698494,-0.4473185498478388,0.9063797258207039,1.8047304565176885,-1.1836635022878363,0.762951507703092,-0.3325690115020037,-0.05468930456154003,1.082155478896884,1.4397689634907276
21043,Carter,Kentucky,-0.24242763325000724,0.03551059655753482,0.04531566614636769,-0.05528322364611387,-0.3575591588626956,0.7846932467158088,-0.6464917332897485,-0.3146588895817093,-0.5364552768523619,-0.6292043506324435,-0.5989060969460471,0.9469331810454987,-0.8394971001764047,-0.5726313348823804,2.814386340878406,-0.709628588225003,-0.253914363693703,0.4396900698819316,-0.8899342167245123,-0.21975255496708937,-0.19315220861108476,-0.13756623011384217,0.11901349564264242,-0.8139509133990127,0.019313915320913828,-0.4246600180784096,2.7789448989597907,-0.5963624547305325,0.11353904934929225,-0.36435895182667294,-0.6242720091607141,-0.4062617303182623,-0.0551056941363471,-0.39997634560777745,-0.08602139992103093,-0.11908973706240189,-0.7926975295781782,0.822092081939768,-0.43305340566099393,0.1239269188032794,0.13054451537482312,-0.13031538300977621,0.06525547982291542,0.16005297826723064,-0.2813305022887155,0.7593319585721624,-0.10357981190575703,0.07121688279702958,0.2225021887085417,-0.4678051915093061,0.9063797258207039,2.044651263709303,-1.1836635022878363,1.8516010381859975,-0.24973437124114,-0.05728779708942483,1.4784923331788136,1.2427755573018862
21045,Casey,Kentucky,-0.273584055874231,-0.02090405420594446,-0.11488995871974275,0.07647572047029752,-0.610203853431526,0.7405338034510661,-0.6077770544188756,-0.31021809310120907,-0.5081907469343018,-0.4415555565882055,-0.49048529082589104,1.8417778042188822,-1.4395039436593484,-0.2000639338891186,0.03202500630810057,-0.702166108377758,-0.5627349043572398,-0.0711873852658918,-0.8531980228257542,-0.2550102452962881,-0.39245549835567456,-0.5891942840934227,0.17454906370985446,-0.6752475500990959,1.3304783953567125,-0.4858070222571414,2.010033890003328,-0.6350668489289377,0.19822596016087998,-0.41570049220593547,-0.6124170412081841,-0.4029886301700908,-0.15661107882224917,-0.4227988089534542,-0.08602139992103093,-0.32659172173481177,-0.06284468807598462,0.2020993017062239,-0.4080777726157289,0.2991958315926307,0.31064301206815037,0.09919315245805703,0.25951954087732004,1.291075009523709,-0.14400410615359238,0.6388991967633837,0.3453327433159275,0.26565276771244734,0.8613639380691476,-0.5446300977398085,1.335816288604004,2.2845720709009174,-1.481330951620157,1.3072762729445448,-0.302044090972074,-0.06330484836106895,-0.43409618908611997,-0.8304993078331353
21047,Christian,Kentucky,-0.11454513301837478,3.130984842790013,-2.36960551975335,-1.7044104710809374,1.3434499325534215,-0.7252999438225245,0.923606034593519,-0.19386856584186826,0.14549893796266875,1.541276441871825,-0.11774084172893054,0.7576391261434348,-0.6405702231127312,-0.651066577196751,0.9594787844982022,2.8994492050258915,1.3840120791395512,0.16803795276015338,0.68344795561777,-0.09463799635996778,-0.16300883324826515,-0.23976533223664173,0.012649229513956793,0.5731628099158528,0.32203208073164236,-0.45779972021659054,0.8561401702118496,-0.5854516544943063,-0.13081330510276917,-0.4249925730082995,-0.5243359145080951,-0.38490013290329406,-0.20878668900581626,-0.3901040175274842,-0.08602139992103093,-0.1478753277875335,0.7100653056874717,-0.6264977113826574,-0.20093043807393304,0.4425976693293723,0.522523596413241,0.44345595565980456,0.41950170880447707,1.0750071214770704,-0.15245496130036904,0.42026741378744703,0.7044627874932747,0.46842161912423963,0.7714361844934612,0.04436085002737654,1.335816288604004,1.3248888421344598,-1.481330951620157,0.762951507703092,-0.16268875175327807,-0.05052614799247077,-0.24179373406112611,0.9295237474606132
21049,Clark,Kentucky,-0.21470374750448157,-0.05364521560689055,0.7054176607174579,-0.3018881040650481,-0.5566704221321774,0.4930437928175432,-0.33264337865585414,-0.3181743337359405,-0.36850471749098795,-0.4847725379616504,-0.48180877002761796,-0.2576653501494408,-0.020176463657423423,-0.9844163570328273,-0.1820027886588462,0.5231589333262078,0.06969412230216582,-0.19389049925658183,0.12347634764351453,0.014707404050799709,0.21143335119981763,0.0009299400918311976,-0.19805415886021677,-0.7039130161017688,4.201859845667955,-0.5067089460044363,0.10745101242386798,-0.5937052288654996,0.09454243364730142,-0.44274149829974435,-0.626036304714245,-0.4039746527122769,-0.15680057773248401,-0.3971278287382361,-0.08602139992103093,0.012957025586701277,1.2081869882577017,-1.1802186493023,-0.5499712394247704,0.19562783767165018,0.2152967491128598,0.017225818362402626,0.19095575462282396,0.6882189268256802,-0.3109084953024345,1.1632449135616048,0.6172454910502047,0.1739901362523215,0.772685181070901,-0.2168438311563316,0.04750660025410388,0.845047227751231,-0.8859960529555155,0.2186267424616392,-0.22474922782761697,-0.041155094832291635,-0.8020751117713213,-1.0210339138190643
21051,Clay,Kentucky,-0.2626245396625516,-0.1808689913000155,2.0468286326484377,-0.8527255608560146,0.9653195618555902,0.5732377639293361,-0.40604932751695705,-0.3090109121483174,-0.5771635148004051,-0.455771988144828,-0.5494166429643984,3.1152105371963894,-1.7536134638261427,-0.4941960925680094,1.8869325626883042,0.46386145852941285,-0.0716034051969357,0.12880901051490456,-0.5164053386232614,-0.25722893408386566,-0.3265754274107595,-0.36524050093281224,-0.20215585105835052,-0.8216376172739589,-0.4175062552132763,-0.4699872336246913,3.3513354166889444,-0.6371224217814863,-0.08598373291190443,-0.37362743651288427,-0.6255102449188593,-0.40502310901529454,-0.20216198878474903,-0.4159539636665506,-0.08602139992103093,-0.33282698096871877,-0.9979205355956196,1.1138915767198028,-0.3891561615340298,0.3310629066452399,0.31064301206815037,0.017225818362402626,0.23666494545915523,1.4271177538493702,-0.14189139236689785,0.9538771891863436,0.5377238384109351,0.25731980121607195,1.0786893425437238,-0.3500070019558691,2.194689414170604,3.244255299667375,-1.481330951620157,3.21241295128963,-0.285387328696392,-0.06205223774057655,1.4765772306894216,1.4026308623239787
21053,Clinton,Kentucky,-0.2909839719120683,-0.22152744878597214,0.2933590491201986,0.05799098203011024,-0.4281147571819028,0.7572703453205292,-0.6503142431704503,-0.28031243598484434,-0.46874846034143286,0.8495600713072469,-0.49540349249365245,1.5320238961973245,-1.4907114834417847,-0.5334137137251949,0.8881361861758866,0.25861976191424,-0.4393077833630745,-0.4490285602978377,-0.5062573381042185,-0.20117260071922405,-0.2576136850617631,-0.1179635084394965,-0.09476457513628136,-0.7454170275448625,1.7837187635768514,-0.48348920378374033,1.450490600876954,-0.6233993606330469,0.45289636841096703,-0.4227877127629733,-0.5950111139357194,-0.3977484226203499,0.036598625311636816,-0.13263307023699822,-0.08602139992103093,-0.18602102938484724,0.07314903021016149,0.009194374472291633,-0.5868389672742359,0.5063318194345912,0.522523596413241,0.27952128746849575,0.40807441109539505,2.168684085663759,0.19191738593078636,0.8612366031795907,0.40689789374632995,0.460088652627865,1.4615067935291113,-0.3909802852788037,1.335816288604004,2.5244928780925315,-1.481330951620157,1.3072762729445448,-0.3303044404510402,-0.060493902045442256,-0.978075355022688,-1.4150207261967473
21055,Crittenden,Kentucky,-0.295119417366609,-0.3916587641569487,0.06086338698628353,0.3305165969206922,0.13873794080671917,0.7508342575970791,-0.6149346924697833,-0.28790165398959466,-0.5369313550285847,-0.47432945391838405,-0.614831348337884,0.8092647774803626,-0.7637840755382984,-0.7098930089325312,0.4600805962419936,-1.271442148112172,-0.950858935720839,-0.015075226281880984,-2.0507956349250183,-0.28111054833828736,-0.4468704604420889,-0.625949275468599,-0.03224910952962719,-0.11471019456396972,0.7725734018310143,-0.4860831357741205,1.4958007187355757,-0.5736862396403312,-0.19694797267925468,-0.42576723502036734,-0.3562619735721234,-0.31664697510983086,-0.2263020682209799,-0.1908223474536602,-0.08602139992103093,-0.4173830755300557,0.2366311344176077,-0.049859748920581426,-0.4635841437306381,0.23546168148741178,0.331831070502659,0.3450951547450202,0.24809224316823725,1.0496658259654275,0.772913677271693,0.3998864848659615,0.8198974445502796,0.2878740117027811,1.0543339092836417,-0.37189958961371156,0.47694316303740386,1.3248888421344598,-0.8859960529555155,0.2186267424616392,-0.3345902815309629,-0.0659261353764893,-1.0533134785096692,-1.6071700322334044
21057,Cumberland,Kentucky,-0.3015393156926382,-0.6955565726362295,-0.22620172516764575,0.7534552371493518,-0.5748980355936552,0.6592663723850869,-0.4371509726278597,-0.33558401866316756,-0.5397939966382085,-0.7781523163602331,-0.593501838804901,1.4631896944147584,-1.4294820927099707,-0.7295018195111219,-0.039317592014215016,-0.15340537939727228,-0.286227904202667,0.6770148541839184,-1.5387608464990166,-0.2743416209685137,-0.4155029059060407,-0.539131252284655,-0.20255826016132686,-0.7365097724205251,0.3303973002989742,-0.4993647506344856,2.2796331393182254,-0.563907780229214,1.268828094015662,-0.4232246475919178,-0.6251499961460715,-0.4043840083243281,-0.12020654186983534,-0.2975485762481502,-0.08602139992103093,-0.42305853078264416,-0.5756865123217911,0.7423427483752516,-0.50855368695078,0.5222653569608955,0.5437116548477495,0.3450951547450202,0.43092900651355986,1.9179386353380303,-0.08273540633946022,0.7389510296506769,0.4710282587779992,0.4878652076157819,1.2373119078786148,-0.4678051915093061,0.9063797258207039,1.8047304565176885,-1.1836635022878363,0.762951507703092,-0.34280636988941726,-0.06643719083126536,0.41375302827001836,-0.20399568815059002
21059,Daviess,Kentucky,-0.02360633601873691,0.4917698014136181,0.05887000235413066,-0.48237629050574293,-0.5460589871345471,0.40053443425222696,-0.25965242520319964,-0.35970963102229153,0.07604811755265363,-0.12344153352933487,-0.46495046605663587,0.15533986054596688,-0.21292548739613817,-0.8667634935612711,-0.1820027886588462,0.4519532589751448,0.14483246994534552,-0.3426750834536473,0.5077181614548707,0.005475367400243441,0.029270614433476314,0.09133816821198061,0.24222343391077672,1.0330855549184648,0.23315089352442672,-0.501869213417146,0.053079447976794196,-0.6260547427907766,-0.42675312520071707,-0.42910404731575713,-0.33726943663981734,-0.32735884751113603,-0.19189676633007072,-0.12295177337323657,-0.08602139992103093,0.10733353589837318,1.1226995592985352,-1.1378514232237515,-0.38476271386059324,0.18766106890849832,0.2788609244163863,0.2631278206493658,0.17952845691374197,0.9242931008025633,0.7750263910583876,0.8538253562990507,-0.049710305279155126,0.22676559072936361,0.9375527292929934,-0.2834254165561003,0.47694316303740386,0.6051264205596165,-0.8859960529555155,0.2186267424616392,0.031615187512037506,-0.02636876392845671,0.6891950120749236,1.050626251265229
21061,Edmonson,Kentucky,-0.2853255578765353,-0.8400739357998267,0.802967245682507,0.3740520359652547,0.26251889691740915,0.6852708170003573,-0.5560174756154244,-0.2799132818213173,-0.4776807611489906,-0.6076656362219424,-0.596281935167916,0.2585911632198189,-0.5656122694365643,-0.47458728198941663,0.5314231945643092,-1.0789707493249612,-0.7639623587676373,-0.5045304301505974,-0.31624921576204595,-0.2793117424589775,-0.4338346160402067,-0.5778288880074759,0.12344288014863167,-0.5912592091210258,0.777065063894748,-0.48417284992442716,1.7640650887063216,-0.3463883501138143,0.7657937303869847,-0.42574666935520555,-0.6031471284317896,-0.3863566875926053,-0.22612665469384022,-0.2744498442279839,-0.08602139992103093,-0.3541324395080433,-0.23055874359594483,0.3770446495537989,-0.5107504107874982,0.38683028798730634,0.3953952458061863,0.3450951547450202,0.29380143400456854,1.220386132570179,-0.3151339228758228,1.0465177751930963,0.9635494622212187,0.3684260211677392,1.0655748784806025,-0.6368199852164114,0.47694316303740386,2.044651263709303,-1.1836635022878363,1.0351138903238184,-0.3210964325413373,-0.06263190915162238,0.35341695168166454,0.11732962194432404
21063,Elliott,Kentucky,-0.29889462217603036,-0.7361442569115343,1.2469571647986937,0.05718884679716521,3.13750847409224,0.5774971572231723,-0.4426319980088681,-0.30241919351808955,-0.5482805744395459,-0.09159107015987973,-0.6180215258936966,2.2719915653599303,-1.473070280058291,-0.9844163570328273,2.7430437425560905,-0.4738883299896783,-0.38102113847945684,0.12465535780658495,-0.7845818908258846,-0.2775168905348713,-0.3969523456891193,-0.38926169231026275,0.04697665805551575,-0.8202730334391067,-0.004207661953932827,-0.49020383874633433,2.6295494972865776,-0.5877375647257644,1.1508155153591426,-0.4074605671780885,-0.6250526898792538,-0.4050220827516274,-0.2435678241886238,-0.3974455311094794,-0.08602139992103093,-0.2986339592926242,-0.8095656057330394,0.9160067206111789,-0.5647004589130037,0.16376076261904102,0.13054451537482312,-0.19588925028629833,0.09953737295016307,0.4161334381743577,-0.29400678500888083,0.9890806118689092,0.0246809181575814,0.08232750479219567,0.44732157264775757,-0.14514058534119603,1.335816288604004,2.764413685284146,-1.481330951620157,2.3959258034274504,-0.3496749448952322,-0.06420802516764305,1.1528398347919022,2.347230391999981
21065,Estill,Kentucky,-0.279596852983418,-0.39124335360240303,1.0794016255937136,-0.17711607013102984,-0.2997482274348302,0.8082042351805613,-0.6634882712164314,-0.30853575776554565,-0.6011178369864232,-0.6966016477175362,-0.6119785949410573,1.4115640430778305,-1.422137311534742,-0.6706753877753437,0.5314231945643092,-0.07106533193992912,0.3858605893805903,0.7854056501763316,-0.04868121685534046,-0.2353589666602445,-0.2885957250070932,-0.2062893793242074,-0.21850230628031045,-0.780691683281412,0.33831927436203485,-0.48929091564378846,2.4293587430567896,-0.6080722777126819,0.8342333792675177,-0.38970282214218266,-0.6117548851466184,-0.3982748027326057,-0.16290691083932654,-0.37157371947918005,-0.08602139992103093,-0.266595251199302,-0.6156045733336732,0.7136015822710026,-0.5495467877003877,0.2593619877768691,0.28945495363364104,0.05001275200066485,0.2709468385864029,0.8562717286397326,-0.37851533647664914,1.5152791403872654,0.7942452985376119,0.24065386822332202,0.9931330769890775,-0.49853515400150705,0.9063797258207039,2.5244928780925315,-1.1836635022878363,2.3959258034274504,-0.308014323742796,-0.05934903463645055,1.8484573120122136,1.5269627662300507
21067,Fayette,Kentucky,0.6255326625576475,1.2009243227206425,0.34058307011292205,-1.2760046793828523,-0.498485878445991,-0.42265951405973384,0.4479196436599522,-0.30341634749258856,1.0213555682069768,-0.1634174017826059,-0.16940852857430905,0.15533986054596688,0.2237114570490059,-0.592240145460973,-0.6100583785927393,2.11917649079337,0.7847849302119173,-0.6625867633572318,0.755460456074576,1.1121236855426584,2.044526920944441,1.78799067995655,1.3473521199448948,-0.6994468698833107,3.7303462169095254,-0.5120019489116006,-0.4942085320944456,-0.6301320308389137,-0.43657193031042163,-0.4478471327582455,-0.6257497899964108,-0.4031964744366969,-0.1733358047946167,-0.37719102229090845,-0.08602139992103093,1.8296946888834633,0.9992317256520736,-1.7614133318087233,-0.5273263676028709,0.19562783767165018,0.2152967491128598,0.05001275200066485,0.19095575462282396,0.7695778229420074,-0.06794640983260071,0.5944317154801423,0.8096365861452123,0.17954544724990612,0.7377132769025788,0.8484615352399683,0.04750660025410388,-0.8343984225900698,-0.588328603623195,-0.3256980227798136,0.5451300676470527,0.1658663751458737,-1.0480209056584182,-0.2831159906362721
21069,Fleming,Kentucky,-0.2782056797603962,0.21717075828396712,0.234234743199469,-0.3167282355883668,-0.49707825142873996,0.7423152626750519,-0.5754186780049801,-0.34706286373832906,-0.53434034008725,-0.6186877123928529,-0.5966834036539272,1.1362272359475603,-0.808539190736889,-0.2981079867820823,0.816793587853571,-0.1969872764063701,-0.4051104735699766,-0.15162327321351496,-0.5740508480405333,-0.24169821347529657,-0.3310285232417088,-0.3364628586725223,-0.20531416727806195,-0.6386967466447099,2.96835760435802,-0.48079571003802934,0.9340582414039573,-0.5655065085154565,0.09991225550411828,-0.42736770591552786,-0.6244325230656322,-0.3979580145132964,-0.19434668612333714,-0.40269689139690557,-0.08602139992103093,-0.321860349951041,0.7142595879742084,-0.555460427780047,-0.47832080974035174,0.06815953746121348,0.0669803400712958,-0.21228271710543062,0.05382818211383261,0.5054948486627825,-0.34259920210284767,1.2503270644079523,0.1965502964424549,0.018441428319987456,0.6046951414052091,-0.5856033810627431,0.47694316303740386,1.8047304565176885,-0.8859960529555155,1.0351138903238184,-0.3124311730653364,-0.06220801902753419,0.28798373490083157,0.1770735238212674
21071,Floyd,Kentucky,-0.21667774908830623,-0.24285816155743697,0.5752362517301752,-0.0627372500947866,-0.5706381519139353,0.7665907805387379,-0.625159935913015,-0.34613098247246443,-0.5453639182393087,-0.748626033269735,-0.6361172927443645,2.220365914023004,-1.365575632204008,-0.6118489560395658,1.4588769727544109,0.2105663785829381,0.2143753429073683,0.4277749482976172,-0.12973217033110687,-0.025233636433722423,-0.020920127826500736,-0.06214452141682914,-0.4096381147631909,-0.8221988482510404,-0.6408663476010669,-0.41843419103983787,3.278677280847978,-0.6359657223794467,-0.16089667672909466,-0.31816216455574364,-0.6257925697054636,-0.40478719754353504,0.01799185372389917,-0.3794155861920105,-0.08602139992103093,-0.14453091447532557,-1.0995401817017298,1.131394722571997,-0.44528059393181235,0.36292998169784907,0.331831070502659,0.017225818362402626,0.29380143400456854,0.8095903948024956,-0.09752440284631972,0.4369427192686625,-0.09331895350069018,0.2878740117027803,0.47479949735143984,-0.6316983248010445,1.335816288604004,2.5244928780925315,-1.481330951620157,2.3959258034274504,-0.18142293044761257,-0.052075449545700335,0.6715109633671726,-0.20076628804913368
21073,Franklin,Kentucky,-0.17156859123360665,-0.05390901046062207,0.610375474124747,-0.254312394405671,-0.7701997473997608,0.026055744669169108,0.11505423325459786,-0.28059344101126105,0.12193667963341423,-0.45327328709593956,-0.44343044061734394,-0.5157936068340706,0.21931831690681297,-0.7883282512469002,-0.32468798530347687,1.086937157693968,-0.32093530600814224,-0.7142004629371033,-0.4294251683328735,0.06273986721651462,0.17585295458270744,0.2977867646989312,0.6345165699620552,-0.7276401833170595,1.914943746743845,-0.49592764838185355,0.7169066858345484,-0.27184344637733304,1.0391661522425701,-0.4295750320750985,-0.595478257092578,-0.3567424565178359,-0.18131617346212944,-0.3509883292439235,-0.08602139992103093,0.3412490549603894,0.15002987195813364,-0.2931906146404582,-0.5820136213549361,0.20359460643480262,0.2576728659818777,0.23034088701110358,0.22523764775007243,0.7655765657559583,0.5827694364692148,0.5796092217190618,1.058462402468089,0.23232090172694667,0.9837656026582764,-0.16562722700266333,0.04750660025410388,0.1252848061763878,-0.8859960529555155,-0.3256980227798136,-0.11135223611036142,-0.020596018573202122,0.6491781663175061,-0.04091098302704058
21075,Fulton,Kentucky,-0.3034283824902152,-0.20966625296826621,-0.35650763259356266,0.37070852969230855,0.03627416199877965,-0.7919579124522279,1.0384295400818202,-0.21924064528375606,-0.32443441171609555,-0.43552416408213757,-0.5372259035571004,1.9106120060014502,-1.46524499918001,-0.9844163570328273,1.0308213828205177,1.2756570040232174,0.5502263651328525,-0.5073666609818702,0.8300635223242413,-0.2200785159469608,-0.32971345977857036,-0.44697093739909377,-0.386806460073872,1.4360083380412156,-0.6332418158097809,-0.51353109161707,-0.5987319310999528,-0.6384690014653857,-0.617894508386502,-0.4549463650024261,1.139127027814031,-0.09493236111402878,-0.15526663263194357,0.4266604258528805,-0.08602139992103093,-0.40437067143056177,1.1273980645349269,-0.9214998833081914,-0.568289682266557,0.4107305942767631,0.4589594211097136,0.4270624888406746,0.3737925179681466,1.6218456035704143,0.7602373945515281,0.8760590969406709,1.2431578537592964,0.4267567866423644,1.5820349632520794,-0.3141553790483013,1.7652528513873038,2.2845720709009174,-1.7789984009524775,1.579438655565271,-0.34344269563927476,-0.0654730893962287,1.3796028703064411,0.4531872324957914
21077,Gallatin,Kentucky,-0.29493490386545035,0.5453631086961722,0.9447871910031013,-0.972953108432392,0.31877319931723047,0.7048699061428434,-0.5257091141668288,-0.30517191268115057,-0.46302903225419617,0.020685272178880908,-0.32947932314085515,-0.20603969881251477,-0.030816099939296925,-0.5138049031466021,-0.1106601903365306,-0.046239548422891893,-0.49035281982128814,0.10543890635064024,-1.2337154907095116,0.03888331587648496,-0.024606787854541963,-0.17272174573205118,0.1748841458901966,-0.6937489503941144,1.04289320504867,-0.4955436581691298,1.4623545977306325,-0.47678823701476003,0.6187212921660463,-0.4267228698223446,-0.6063551061664384,-0.38953927780732406,-0.0762919501812905,0.0889748677182431,-0.08602139992103093,-0.0110084773674257,-0.21118956117243892,0.21007563275234825,-0.662004155097404,0.10799338127697508,0.17292063224384108,0.21394742019197363,0.23666494545915523,0.5815187351977109,0.6884051258039251,0.8149163101762142,-0.5781445131401094,0.17676779175111224,0.6096911277149694,-0.37189958961371156,0.47694316303740386,1.3248888421344598,-0.8859960529555155,-0.0535356401590872,-0.3468863408737978,-0.05316536553274842,-0.2898512417268484,0.4531872324957914
21079,Garrard,Kentucky,-0.26917037577508596,-0.47070075608765344,1.1511517410240628,-0.13964632353763326,-0.34085215917478434,0.693351614625279,-0.5260558037644157,-0.3136648991754767,-0.5255065684390299,-0.498154113302525,-0.5463641164757147,0.20696551188289292,-0.27216423650102095,-0.4941960925680094,0.3173953995973624,-1.3323840788606796,-0.2724134782103929,-0.030815299221591767,0.6331916310666504,-0.245030502686536,-0.2974254212434613,-0.3675144885197329,0.19185589319904425,-0.7771480081983027,3.5701236806561325,-0.4937473093209738,0.4989366910980133,-0.583750328729048,0.5175756515082658,-0.43031559789527357,-0.626419144462219,-0.4037671721137603,0.14157649646624754,-0.3368126804411552,-0.08602139992103093,-0.21498182379380784,0.850226947387262,-0.7337937128236816,-0.5657727580061814,0.23546168148741178,0.2364848075473684,0.05001275200066485,0.25951954087732004,0.8549379762443827,-0.28344321607541,0.5518170459170362,0.44794132736659786,0.2156549687341967,0.6115646225811295,-0.6829149289547128,0.04750660025410388,1.3248888421344598,-0.588328603623195,-0.0535356401590872,-0.3029237177439359,-0.055090025578576056,-1.2194876747114782,-1.5393526301028195
21081,Grant,Kentucky,-0.24748857499607405,0.9121021301144043,0.6305903403514258,-1.1543471083376726,0.0019721828624754967,0.7398475246511019,-0.6099577032230667,-0.31783977246399425,-0.4631902179097647,-0.054616009653030755,-0.49549066947471204,-0.20603969881251477,-0.03514059726676809,-1.00402516761142,-0.039317592014215016,0.38457567374266877,0.2849288281053911,-0.2626719285027369,0.7637969533408234,-0.18304658765651602,-0.2774949614577122,-0.2972798308055,0.13354686013827313,-0.8139426262425038,1.8716754010594747,-0.5081472591028668,1.0442663825413978,-0.1624236093599228,1.347918077008998,-0.42650490347643244,-0.624818650475947,-0.39619208967833586,-0.2108942070091379,-0.390856259128237,-0.08602139992103093,-0.1876900159659917,0.04547602228690282,0.036819208292343024,-0.5457788478313047,0.08409307498751778,0.13054451537482312,0.09919315245805703,0.16810115920465915,0.6055262783140041,0.4876973160679753,0.8093578750158089,-0.43705771007043714,0.12121468177527937,0.5940786704969682,-0.4678051915093061,0.47694316303740386,1.3248888421344598,-0.8859960529555155,0.2186267424616392,-0.2848632957259211,-0.05077769716010324,0.4554941779264987,1.1781875552727574
21083,Graves,Kentucky,-0.211766175414606,0.1938641685867155,0.011593437730390344,-0.1843770398377935,-0.5149149782564946,0.5218648715517588,-0.3322454279221007,-0.2703539205250905,-0.4409633622829408,-0.3112800127595017,-0.18542562101133606,0.5855536216870165,-0.5274468644512632,-0.6118489560395658,0.24605280127504683,-0.4781737313940783,-0.22992370820311525,-0.23507287864552548,0.23602291311353313,-0.21526537936129145,-0.31990118590745126,-0.39513003707374633,0.30687668666015033,0.9296539031247507,0.5874069292205469,-0.4882160943474015,0.23741716169940968,-0.6266832893905068,-0.22123604090364718,-0.4421939393831366,-0.320910081749518,-0.36801200958596875,-0.15082733520906508,-0.3902822956388126,-0.08602139992103093,-0.19364987943513315,1.1811535896712282,-1.064737221758704,-0.3253245794040322,0.37886351922415396,0.4165833042406957,0.509029822936329,0.33951062484089894,1.5951705556634221,0.7454483980446686,0.42026741378744703,0.8814625949806821,0.41009085364961445,1.3234926717219808,-0.10928896243362825,0.9063797258207039,1.3248888421344598,-1.1836635022878363,0.4907891250823656,-0.21318307155079505,-0.05688853723278668,0.6093951853611019,0.5726750362496786
21085,Grayson,Kentucky,-0.24351128397109795,0.1847489559753433,0.21979235405839667,-0.27966609322513075,0.08302138898517356,0.7537749585496222,-0.6044778207533688,-0.3059793639858784,-0.5263882934959542,-0.535180016054626,-0.601267124179796,0.9985588323824247,-0.8203457548690324,-0.5726313348823804,0.6027657928866248,-0.12171802104268879,0.03862320093176082,0.19436754461623612,-0.021934693548931152,-0.24234313763161325,-0.36160618062996003,-0.48843989347230643,0.3987214984411361,-0.4909202781212146,1.4097423645935259,-0.4765665043429064,1.3474875398641086,-0.5200382673781704,0.6073781598045703,-0.4171268237030584,-0.6180515067116884,-0.39998284942359663,-0.21718190936074824,-0.30036504772497646,-0.08602139992103093,-0.21894970874741027,0.15451437482981273,-0.055694323235453674,-0.35934773604798453,0.2912290628294783,0.31064301206815037,0.21394742019197363,0.19095575462282396,1.0950134074073146,0.19191738593078636,1.1521280432407948,0.8865930241832155,0.26565276771244734,1.1736130824291697,-0.7136448914469138,0.9063797258207039,2.044651263709303,-1.1836635022878363,1.3072762729445448,-0.2596722822168559,-0.06007330753236931,-0.08213599631829922,-0.2928041909406417
21087,Green,Kentucky,-0.28886645982734244,-0.6546697651705757,0.41202276193561055,0.397939993321064,-0.42807467624700624,0.692902540997361,-0.5363882637799438,-0.2570311378367038,-0.5600040972675355,-0.6921329535936324,-0.5642273771186488,0.7060134748065106,-1.1549794766376345,-0.2784991762034896,0.10336760463041615,-0.2756245481215057,-0.27340482019797685,0.04560854368872969,-0.49346957867428004,-0.2616282276968796,-0.3973789757154027,-0.5361823972329499,0.42629522635809447,-0.4782043805571741,2.342232256326233,-0.4833226353449215,0.9030689287744069,-0.5539185642221618,0.4801936331285633,-0.43684093354527065,-0.6153423729035974,-0.3921118142671823,-0.07810210717050932,-0.39267518596179324,-0.08602139992103093,-0.24265879708505528,0.5889722610994205,-0.467847380096114,-0.5250030529009858,0.37886351922415396,0.3953952458061863,0.29591475428762803,0.29380143400456854,1.1243559601050064,-0.37217719511656666,0.6277823264425733,0.4992456193919335,0.3573153991725723,0.7495787443882596,-0.31927703946366814,0.9063797258207039,1.8047304565176885,-1.1836635022878363,1.0351138903238184,-0.32409090665831386,-0.06296055405557482,-1.4688529554522323,-2.081891847147498
21089,Greenup,Kentucky,-0.21811578288305092,-0.45664058792729684,0.1125527492298257,0.3646408811185807,-0.6073481204368749,0.7500432897418914,-0.6276528648940155,-0.2964518841777474,-0.44265811873101885,-0.6559165819601098,-0.620249845647857,0.2413826127741769,-0.24319696868843635,-1.0236339781900128,1.601562169399042,-0.7383250943313561,-0.5447008984068826,-0.4976193329442009,0.04515084851468363,-0.0993527284202716,-0.07504126936439223,0.04566196719990425,0.2643808999900396,-0.789906740382211,0.0467255900889696,-0.46858146377176885,2.7101107643967404,-0.61820961844461,-0.20840937694301565,-0.3850541889145192,-0.6193008649639143,-0.39802947707877484,-0.15893404887408494,-0.21974610448112059,-0.08602139992103093,0.0443038220294601,-0.7566196591433985,0.7164740513560239,-0.47604962068882944,0.10799338127697508,0.16232660302658714,-0.015561115275859598,0.07668277753199744,0.009338957592723678,-0.304570353942352,0.3887696145451511,-0.15744931853235938,0.09621578228615407,0.0070502791001259765,-0.40634526652490416,0.04750660025410388,0.845047227751231,-0.8859960529555155,0.762951507703092,-0.19849143291437887,-0.05017169170500887,0.8515553706965368,0.26103792645913426
21091,Hancock,Kentucky,-0.2953654353681539,0.34271313381667384,0.2875706476259658,-0.4589502132793934,0.6228781402604151,0.7255234427267081,-0.5805536425566924,-0.3180131836824948,-0.5194266225557113,-0.7468139347907594,-0.583510942467322,-0.39533375371457685,0.3366288872663085,-1.1216780310829764,-0.1820027886588462,-0.9316113777667144,-1.8729943464623269,-1.9981941025072925,-0.9258070453142516,-0.141799090664805,-0.30443601864286934,-0.46992718303920983,0.15607844580521152,-0.11797618756554039,0.2387125866979668,-0.46879183387384554,1.7011864585390934,-0.6260896985258654,-0.31256471131126423,-0.41080648361232863,-0.5047747280851052,-0.2962057545081602,-0.17965496070583103,0.04311334461889157,-0.08602139992103093,-0.2403710270299487,-0.00814854256849115,0.11169825652463149,-0.5919026018809086,0.15579399385588857,0.19410869067835043,0.08279968563892474,0.09953737295016307,0.914956834035116,1.1574275864500387,0.7370982179305415,0.08368085398671674,0.14343592576561315,1.03934595035436,-0.49853515400150705,0.04750660025410388,1.0849680349428452,-0.588328603623195,-0.3256980227798136,-0.33934400919166313,-0.06171244602396403,1.5619702853683979,1.890270277643898
21093,Hardin,Kentucky,0.0040619027978678855,0.7341748374033092,0.8333523179277434,-1.0914051705994088,-0.07076933214639003,-0.1504435414314667,0.28107376385405225,-0.23103792261450234,0.518815502902629,1.3957657438062954,-0.2818822672360622,-0.6534620103992067,0.13653508235236497,-1.0824604099257908,-0.039317592014215016,1.2493084109702215,0.034024997862701176,-0.27455600805789543,-0.2725853503988328,-0.012920020817417732,0.0046644593560622675,-0.07313084659515673,0.46710134317891594,-0.18937282918982073,1.1786507941934308,-0.4889998706471574,0.9138673337864059,-0.4883893743142791,0.43257776177056717,-0.4252603667197045,-0.461419456586397,-0.3933030388183806,-0.0745939216732259,-0.38664127362935147,-0.08602139992103093,0.10074397799571327,0.3468602467240047,-0.3807192776797295,-0.2705330743512414,0.21952814396110748,0.2364848075473684,0.13198008609631925,0.17952845691374197,1.0083195017095894,0.6947432671640076,0.8667950383399954,0.5479846968160019,0.20454434673902983,1.1030447758038049,0.03923918961200971,0.47694316303740386,0.6051264205596165,-0.8859960529555155,-0.0535356401590872,0.00028550206317040313,-0.03406751478810482,-0.2243570402524062,0.4757930332059864
21095,Harlan,Kentucky,-0.24473258762162448,-0.09932823872875626,0.2037540450114349,-0.00996391549361033,-1.0055176614162573,0.6868423842173972,-0.5352352938777994,-0.3273502241292831,-0.5022693229482482,-0.31436203344844466,-0.6242351713856525,2.8570822805117593,-1.7621938156663632,-0.7098930089325312,3.5991549224238764,0.3417663068720914,0.28014741981704305,0.28434745390768745,0.12100068810053737,-0.21442544469972394,-0.2159588419174894,-0.31994247004339066,-0.5350169022669778,-0.8221988482510404,-0.805343928268501,-0.3695200189362316,3.0852601052543087,-0.6346640194769053,0.9080409173449664,-0.3064388121480099,-0.6257311803118852,-0.40376909026693564,0.20538737808328386,-0.40722331378943444,-0.08602139992103093,-0.3656898039785122,-1.1739637847384152,1.2992324686827466,-0.39132309928482656,0.18766106890849832,0.08816839850580516,-0.6221193875837026,-0.026162901849746293,1.6271806131518132,0.19825552729086923,0.6907779249271652,-0.17027539153869295,-0.023223404161887774,1.0118680256506787,-0.5702383998166426,1.7652528513873038,2.764413685284146,-1.7789984009524775,3.7567377165310822,-0.23607208308243452,-0.059267583679232266,1.1553544532710303,0.3272406285389909
21097,Harrison,Kentucky,-0.26559725718121935,-0.01324727402885212,0.44551027080813516,-0.2096674937034772,-0.4447845590896548,0.6719448552447054,-0.4929025115757465,-0.32176834808453425,-0.5174694191620567,-0.4564295422247325,-0.5240893565890344,0.13813131010032487,-0.29152151025255857,-0.807937061825493,0.10336760463041615,0.32444367907253185,-0.027038975942366407,-0.46995409354408113,0.39452997687253416,-0.2369765055489404,-0.3567795426864052,-0.3736405798081202,0.054663004997506294,-0.7251650429733278,3.5098127474030862,-0.514133925114103,0.38101557427137844,-0.41572119945038444,0.7109840639788975,-0.4364732483206452,-0.6251449198955885,-0.3770715589426087,-0.26027910080921274,-0.3831403706442569,-0.08602139992103093,-0.2705845160045086,0.8741209180096636,-0.7330184213458102,-0.5092313204054963,0.11596015004012696,0.13054451537482312,0.0008323515432703504,0.1223919683683287,0.6241988118488988,0.0017731451283081073,1.0131671642306654,0.27094151987919096,0.10454874878252944,0.700243379579376,-0.6675499477086123,0.47694316303740386,1.3248888421344598,-0.8859960529555155,0.4907891250823656,-0.29871273851693764,-0.058138221242824195,-0.2441218725044071,-0.25889548987534916
21099,Hart,Kentucky,-0.26516086810705036,0.3949418758788131,0.32928328741693225,-0.5278411701006425,-0.38558618467435546,0.5278703955630923,-0.343329120402035,-0.31045745400205416,-0.45996899761471377,-0.501577099048541,-0.5681360071851463,0.9641417314911407,-0.8926266387710504,-0.5726313348823804,0.388737997919678,-0.3139447267101719,-0.5070502062129034,-0.6436941794215405,0.013667721318162627,-0.23986632976685457,-0.3720505122471873,-0.5199659362056449,0.2141130705530602,-0.5954755342048809,1.6923995751635994,-0.48333668476621366,1.2043553197156922,-0.3716704115882283,0.8150909143263269,-0.4093741758844289,-0.6173656897477824,-0.39997715241618303,-0.22318271520304123,-0.3580606665141228,-0.08602139992103093,-0.282690319901026,0.17946469669675919,-0.052432631459909076,-0.4288312279816065,0.34699644417154474,0.34242509971991364,0.2631278206493658,0.24809224316823725,1.1870423226864384,-0.376402622689955,0.7352454062104069,0.7737235817274778,0.3156505666906963,0.8807233850194691,-0.5958467018934768,0.9063797258207039,2.044651263709303,-1.1836635022878363,1.0351138903238184,-0.2989747550021731,-0.06135886474925821,-0.4301814353952649,-0.4639623963178317
21101,Henderson,Kentucky,-0.18849990155421556,-0.017675178947801524,0.376491886971179,-0.17121578157881395,-0.78546044768257,0.2603313796709143,-0.04370234937454425,-0.3186862075694683,-0.4162411458562228,-0.0933760708302279,-0.49950630477034896,0.31021681455674494,-0.17318129767223653,-0.9255899252970493,-0.1820027886588462,1.2682980167912057,0.20182603762968993,-0.3750984722491015,0.10488582494303289,-0.1397267756592617,-0.1921073044290257,-0.251509146063873,-0.03536095022240138,1.3738845938292132,-0.23286832358998028,-0.5114858848882862,-0.20154387038954416,-0.6332639675303946,-0.516990230793359,-0.42885499107564895,-0.06842782377219211,-0.06336382349690828,-0.2015348597886413,0.10243456712441051,-0.08602139992103093,-0.18320375704324263,1.2473923593870833,-1.1336458743328413,-0.39275283140906353,0.14782722509273669,0.2576728659818777,0.3614886215641502,0.2023830523319068,0.7429027750350147,0.8616476563128501,0.6981891718077059,0.1375503606133191,0.22954324622815514,0.8713559106886685,-0.15538390617192968,0.47694316303740386,1.3248888421344598,-0.29066115429087425,0.762951507703092,-0.18671940654201485,-0.05060513729733248,-0.3012586943571116,-0.3961449941872472
21103,Henry,Kentucky,-0.27368070580340936,-0.06543209080816505,0.6194417596134802,-0.24821157328528445,-0.2591672037474164,0.6194694250459172,-0.4364157370471936,-0.2866985909484256,-0.4665879721535779,-0.24170783299189583,-0.4593091816539204,0.03488000742647284,-0.26880073857965453,-0.4549784714108239,-0.32468798530347687,-0.06414191704532847,0.13915021973005834,0.1394313104455869,0.2652524736630605,-0.24959130592985893,-0.4000473666425925,-0.4046448112238279,0.0477107856524623,-0.5883663767345864,2.935454669268088,-0.5052822660129099,0.7133838208097953,-0.5224370041029279,0.46450038964275103,-0.43780164379180214,-0.6121164569018541,-0.400247691328176,-0.2420736637393438,-0.3639437509766461,-0.08602139992103093,-0.2987873369225292,0.7489280734029619,-0.5991272329621399,-0.5232084412242091,0.14782722509273669,0.2047027198956051,0.19755395337284137,0.2023830523319068,0.7162277271280223,0.7940408151386354,0.6889251132070304,0.2529850176703235,0.1878784137462799,0.8638619312240281,-0.4678051915093061,0.47694316303740386,1.3248888421344598,-1.1836635022878363,0.4907891250823656,-0.3101291710879107,-0.05929960696107217,0.38517551909470493,0.556528035742397
21105,Hickman,Kentucky,-0.3080822230194398,-1.3068165036092596,-0.07086717146240355,1.2392378333965899,-1.3019619352156402,0.22088044110413677,0.003319080644170711,-0.27233525552339194,-0.45623514596193243,-0.6556138438058509,-0.5561387280376785,0.41346811723059507,-0.23276326085072813,-0.592240145460973,0.4600805962419936,-1.3788637575197793,-1.1307839537313944,-0.3509518157280179,-1.8458679527731212,-0.2662087002166654,-0.38014675658502406,-0.518393922766949,-0.30178965358491516,1.4744646479673469,-0.3793657924873062,-0.5151061947815627,-0.39875370913389835,-0.6337447391722072,-0.5560310498618111,-0.4536768904576852,0.944803589465649,-0.12252676497866266,-0.19445942269477967,-0.11466467426111206,-0.08602139992103093,-0.4306249605340457,1.2801381642191414,-1.05866216530305,-0.5515945811074979,0.39479705675045823,0.4377713626752043,0.45984942247893684,0.3509379225499818,1.6298481179425124,0.8975637906866512,0.750067899971487,1.0969406214870907,0.4156461646471975,1.5483120556611967,-0.37189958961371156,0.9063797258207039,1.8047304565176885,-1.481330951620157,0.2186267424616392,-0.3524448334534355,-0.06726736189767932,0.6056845231391325,-0.25889548987534916
21107,Hopkins,Kentucky,-0.19003458527813857,-0.07943762426270894,0.30365042225635225,-0.07803890627032399,-0.5837523096030383,0.36595616232333456,-0.15683139811396268,-0.3086886362618636,-0.39347523761737185,-0.3539839219282542,-0.5450449054910091,0.6199707225783005,-0.47726896688965337,-0.9844163570328273,0.24605280127504683,0.2632889183236688,-0.8258486897002604,-0.9182911242046136,-0.7770164555424793,-0.17896923187055652,-0.27388926000542146,-0.3169144449263615,0.12799293790154373,0.048421796935387985,0.11935325846269741,-0.43729757482790854,1.0228995824492755,-0.5877958342830624,0.17303428356235376,-0.3940196596522455,0.15746346715629592,0.4531142910758711,-0.09618844611407786,-0.27799908543057517,-0.08602139992103093,-0.19401802487073563,0.10168286720174008,-0.015094253223199714,-0.32712663760228927,0.315129369118935,0.4377713626752043,0.44345595565980456,0.3623652202590638,0.9909807205700444,0.4665701782010333,1.0428121517528264,0.21707201325258904,0.3878696096592807,1.0062475410521985,-0.6112116831395772,0.47694316303740386,1.3248888421344598,-1.481330951620157,0.4907891250823656,-0.17593929972089928,-0.05402747169304397,0.7991222189373873,0.6986216402064792
21109,Jackson,Kentucky,-0.2818725194977085,-0.18246983323690877,0.828621527750245,-0.24456217154793125,-0.11058187958962998,0.824260835817585,-0.6833925851702922,-0.3460282527807355,-0.6013071400332503,-0.6883116344553469,-0.6369096632452382,2.289200115805574,-1.4265304516769348,-0.6706753877753437,1.5302195710767263,-0.44421223614790145,0.19143569270012212,1.1398080797201056,-0.9576793501274385,-0.27199389687701125,-0.38116345307619237,-0.3045977751047022,0.16891272248683434,-0.8221988482510404,0.3073881627352425,-0.4735433863726021,2.5790507061544323,-0.6336210485828085,0.6704850701053808,-0.38478681612075627,-0.6231587811375844,-0.4054198574144749,-0.19339991816099567,-0.4175180703016838,-0.08602139992103093,-0.23039563382209782,-0.6704694416735778,0.7513137908748969,-0.4818951400509442,0.25139521901371664,0.24707883676462306,-0.08113498255238405,0.19095575462282396,1.2430599232911221,-0.28344321607541,1.1502752315206592,0.9019843117908163,0.18510075824748837,1.1055427689586854,-0.4165885873556378,0.9063797258207039,2.5244928780925315,-1.481330951620157,2.668088186048177,-0.3170726079466501,-0.06284355704418301,-0.11250730443597741,-0.3541627928683135
21111,Jefferson,Kentucky,1.9247566575020711,0.2943736685883731,0.6540961574754723,-0.5969521506855932,-0.7744891236840841,-0.7819955823265883,0.9054111942595352,-0.3171677620461422,0.5920761415428835,-0.2198093395360454,-0.27713211035044166,-0.051162744801737194,0.22673174089676354,-0.9255899252970493,-0.1106601903365306,1.2162727493559398,0.49181044620246217,-0.16195151927707116,0.45949244207826084,3.0851462989765754,3.474116486452881,4.0302077364246,3.3000966266188403,-0.7772458015439865,-0.1181206037703557,-0.48858162389032017,0.06998749527605534,-0.5866016013204804,0.5394145394087526,-0.4371991764817153,-0.5448834149579967,-0.37915685152582057,-0.1232498480405347,-0.10330123364953092,-0.08602139992103093,3.9767982715280024,-0.8187437714709412,-0.9209146938687159,-0.44338917747579054,0.21952814396110748,0.3000489828508957,0.3778820883832824,0.29380143400456854,0.818926661569943,0.8637603700995439,0.6074013975210877,0.28120237828425826,0.2906516672015718,0.9119482994554714,1.5603723329759573,0.04750660025410388,0.36520561336800217,0.3046737443737671,-0.3256980227798136,2.395041315262238,0.33187590291553903,-0.2224092649897525,0.2319733255460265
21113,Jessamine,Kentucky,-0.162419064604722,0.6142261400862427,0.5337683857080884,-0.8317006913488719,-0.6491418420834961,0.46495532653824984,-0.3265053895696431,-0.3005343822527241,-0.09361297654481433,-0.35690728266537497,-0.43685608896445915,-0.6018363590622807,0.46753073494071345,-0.7098930089325312,-0.39603058362579246,0.8664987482622181,0.2517554175746269,-0.23045375654186298,0.3036289760756172,0.06013514933623958,0.19107483687811155,0.10757311804332009,0.8635980717535038,-0.7492561291067368,3.855178188448399,-0.4992964548814524,0.1391840627680447,-0.5893960140091474,0.06496287842491479,-0.4271734988744875,-0.6176446686212543,-0.4012459528717156,0.04696587983696089,-0.37337694120692877,-0.08602139992103093,0.3422249694051053,1.0066728295331768,-1.1264581605598054,-0.6100125421212439,0.22749491272425992,0.2364848075473684,0.09919315245805703,0.24809224316823725,0.8202604139652928,-0.12076425449995587,0.5870204685996022,0.6711149976768069,0.21843262423298745,0.7096108539101771,-0.1963571894948643,0.04750660025410388,0.6051264205596165,-0.588328603623195,0.2186267424616392,-0.19723749687789496,-0.006013860687598675,-0.35621709240394506,0.3676081298071961
21115,Johnson,Kentucky,-0.2559264066919181,-0.26021978502248455,0.7661964244921368,-0.14184384737251485,-0.4142954696782036,0.7940765207707312,-0.6636323258853188,-0.31924843901957317,-0.4497789355728488,-0.6218276707169996,-0.6396367453740773,1.9450291068927341,-1.6831172931068905,-0.7883282512469002,1.6729047677213575,-0.03728522728920667,0.16173230446164608,0.03320015763419431,0.4514613957301609,-0.0834456154874542,-0.12504404370662003,-0.14323150071641777,-0.15714725703874724,-0.8221988482510404,-0.4304236361301057,-0.4310468906068188,3.033976590938452,-0.6310074032327578,0.33544699083874846,-0.37883392511571967,-0.6264717790196277,-0.4051574074642272,-0.14338744061495176,-0.3662149994059922,-0.08602139992103093,-0.14715812868247113,-1.0043180562489837,1.0399520340785726,-0.5432246909635271,0.315129369118935,0.2576728659818777,-0.031954582094989546,0.24809224316823725,0.6668788885000867,-0.1334405372201212,0.44250115442906757,0.20424594024625503,0.23232090172694744,0.47167700590783934,-0.6521849664625118,0.9063797258207039,1.3248888421344598,-1.481330951620157,1.8516010381859975,-0.2637709686644676,-0.05332014520322369,0.44576454770667306,-0.1684722870345696
21117,Kenton,Kentucky,0.1681910552571177,0.46585622548951094,1.0317242299279128,-0.9430011312236098,-0.2515120301393808,0.4449116824875268,-0.29140648709114314,-0.3260269696053345,-0.08481504070906212,0.016460058853596762,-0.4553046419652239,-0.5674192581709984,0.8903018308120612,-1.0432427887686055,-0.39603058362579246,0.6758863383214648,-0.5397787433911136,-0.9824391369079581,-0.3447080651378736,0.6571262247775228,1.2874068210160219,1.6592012611647022,2.299202875213298,-0.8178310404787825,1.0507903573186181,-0.48080449823708205,0.9189229814058675,-0.5340542832502571,0.42921529108182555,-0.43494150378475266,-0.6118410523261851,-0.39560740086698454,-0.22158987742191763,-0.29598889350108515,-0.08602139992103093,1.721673854035091,-0.32979060340023875,-0.42267386426444814,-0.6176079940312529,0.012392156119146994,0.0669803400712958,0.08279968563892474,0.14524656378649353,0.6442050977791429,0.5595295848155782,0.750067899971487,-0.6525357365768456,0.07121688279702958,0.5609802611948057,0.35678213536475295,0.04750660025410388,0.1252848061763878,0.007006295041446424,-0.59786040540054,0.16322232495315667,0.14174538484210422,0.028205317865880836,1.095837852685619
21119,Knott,Kentucky,-0.27754670297054373,-0.1721176421160618,0.21978241896454823,0.04911313998617279,-0.3140629541848359,0.7826447558369533,-0.6311013722237974,-0.33365365283126064,-0.5863133556619554,-0.6491302607776357,-0.6264317166053086,2.7538309778379073,-1.586262281534481,-0.6314577666181586,1.8155899643659887,-0.394753300053612,0.37172780623689533,0.5518944211974955,0.4984296611950271,-0.21481802047437082,-0.2660784689933303,-0.35458774789066083,-0.5645188302943639,-0.8221988482510404,-0.7718777269264914,-0.1953304937097928,3.2197845116880903,-0.6351428647179489,0.03692929040473125,-0.30121607187484256,-0.6268783757608254,-0.4054348418597765,0.8476570769800751,-0.403781277171963,-0.08602139992103093,-0.40077581740537455,-1.1588208377561178,1.2996579639141963,-0.47721872456125236,0.2991958315926307,0.26826689519913244,-0.14670884982890617,0.2023830523319068,1.022990778058435,-0.1693566715939227,0.2850121582175878,-0.30623176540583197,0.19898903574144677,0.450444064091358,-0.6419416456317781,1.335816288604004,2.5244928780925315,-1.481330951620157,2.668088186048177,-0.30344775071440677,-0.06211102915265136,1.989278301734981,1.5963948684113638
21121,Knox,Kentucky,-0.22969327288432526,0.37702761993887546,0.285277398670953,-0.48942140645825993,-0.5764602571987866,0.7403826047296513,-0.596291048424479,-0.2863381090408877,-0.5059151863913826,-0.568293909251008,-0.6070885498384994,2.9259164822943275,-1.6534635971470883,-0.7491106300897147,1.173506579465149,0.752394732798914,-0.3018151893284369,-0.5112166529742584,-0.41889136567888546,-0.18823018119259624,-0.16166290300649006,-0.06581399529177838,-0.07462231847949045,-0.8210300097230765,-0.06930364672713964,-0.4432818459086185,2.9373667170247084,-0.6364486496193968,-0.18705417526101337,-0.29775978932306674,-0.5908661956091562,-0.39723314982547037,-0.14270289806698372,-0.4097623222592899,-0.08602139992103093,-0.1310631652214516,-0.8397658866430497,0.8730222462265878,-0.45120057850873124,0.3549632129346966,0.31064301206815037,-0.015561115275859598,0.2023830523319068,1.5724967649424788,0.08628169659607605,0.9019984610225618,0.4402456835627977,0.2517644902184889,1.1729885841404502,-0.7290098726930142,1.335816288604004,2.5244928780925315,-1.7789984009524775,2.123763420806724,-0.2298772647529393,-0.054087235310442766,0.9139797837892187,0.6291895380251663
21123,Larue,Kentucky,-0.27874164754947617,-0.04322153973757203,0.7799121333890414,-0.3485907924014035,-0.29723042826265517,0.6151564461348327,-0.44718255088002434,-0.28988411013296345,-0.4862041053562219,0.05287691771835496,-0.47108610183924127,0.15533986054596688,-0.40752786713234057,-0.6706753877753437,0.24605280127504683,-0.3006336654616307,-0.25850630961745025,-0.031797267237485875,-0.3241948316163133,-0.2568409874077523,-0.35702291546127873,-0.5012290133189168,0.11928092457406281,0.21374099747098757,1.2971879553329393,-0.5003806333119045,0.7938094011176107,-0.5867703425167186,0.2129580436810763,-0.43080565331189913,-0.6065061270396487,-0.3996219703089892,-0.23992748818140822,-0.40074725500704395,-0.08602139992103093,-0.30112698201455196,0.797412640833654,-0.6452548424399916,-0.5436342496449492,0.25139521901371664,0.24707883676462306,0.11558661927718697,0.2023830523319068,0.8909492909188229,0.14755039641020823,0.7389510296506769,0.8327235175566131,0.22121027973177976,0.9125727977441913,-0.37189958961371156,0.47694316303740386,1.3248888421344598,-0.588328603623195,0.2186267424616392,-0.3143962967046023,-0.05946490212689087,0.538818032799766,0.556528035742397
21125,Laurel,Kentucky,-0.14280205776724778,0.1222126667626281,0.9405805290625383,-0.5810178098297698,-0.4526434673386764,0.7536238517513981,-0.6344896455049223,-0.2833899888561161,-0.43013249902946177,-0.5881130592525814,-0.5861126964454143,1.1878528872844862,-0.80236133741193,-0.6902841983539365,0.4600805962419936,0.20505807570255305,0.04951505745935046,-0.06982450183802612,0.14389232924304926,0.011039558898294605,0.14604009018439496,0.4268690222948621,0.40488029928421837,-0.8179425891797026,1.1034041131544503,-0.439438655233399,0.8371090469451232,-0.6237639401358749,2.7862042236280904,-0.372204777754213,-0.5753115447462993,-0.38522041016085834,-0.022510148100464877,-0.28501854194508586,-0.08602139992103093,0.3032981894440514,-0.3060935129928896,0.16664672218699805,-0.4095521838688483,0.3390296754083923,0.331831070502659,0.03361928518153257,0.23666494545915523,1.579165526919227,-0.20527280596772418,1.0224312228313408,0.948158174613618,0.26843042321123883,1.2541733616740558,-0.559995078985909,0.9063797258207039,1.5648096493260741,-1.481330951620157,1.0351138903238184,-0.11582523182259513,-0.042217110220977926,0.3576191269112877,0.35307582935064225
21127,Lawrence,Kentucky,-0.2760500934611455,0.0027630793376346714,0.5453857290752401,-0.27415725705958593,-0.24960563236355043,0.8080689650955494,-0.6438642136118873,-0.27738846537046014,-0.5005937404622133,-0.3411375128381108,-0.6022195264899062,1.5320238961973245,-1.2127080838186384,-0.6118489560395658,1.8869325626883042,-0.4108966170033868,-0.04875016998207996,0.33766540015646296,-0.2848791745109148,-0.17754494243803512,-0.2624445920809394,-0.32624914602481986,-0.43655643990404636,-0.8220190080310659,-0.4287666230855327,-0.4772788577357999,3.2655477901227123,-0.6056855701533445,0.03150004950780298,-0.38022884134146095,-0.6248324983575876,-0.4027888342273251,-0.16800279109241623,-0.3385247740360688,-0.08602139992103093,-0.3472515975004844,-1.0033912077975438,1.125437859793507,-0.42717065369147705,0.26732875654002153,0.2576728659818777,-0.015561115275859598,0.2023830523319068,0.5681812112442145,-0.14822953372698072,0.5870204685996022,0.10163735619558419,0.20732200223782135,0.44482357949287743,-0.37189958961371156,0.9063797258207039,2.5244928780925315,-1.481330951620157,1.8516010381859975,-0.30281142496454927,-0.06326120528319515,0.06460164088446199,-0.3961449941872472
21129,Lee,Kentucky,-0.2992285037495556,-0.7477204887131406,2.257012601042745,-0.43517156761839876,2.6848014349579095,0.6437418069954444,-0.5022777728793486,-0.2887940269404198,-0.5319472544265277,-0.784617348867187,-0.605079711957606,3.5110071974461547,-1.7035042090792547,-0.8667634935612711,1.0308213828205177,0.341639461298647,0.6184906865236576,1.4867135052490823,-0.617239918038107,-0.25840773855347077,-0.34559434428403313,-0.35839362510212275,0.07910014189714806,-0.8198742077861806,-0.2036281127672267,-0.4717871033581405,2.5316481061545724,-0.6180671604138823,1.6388795522749426,-0.4032700661968428,-0.6197584860591008,-0.4034991978420997,-0.21295615886475366,-0.36250290999841006,-0.08602139992103093,-0.2598284815563515,-0.8994076320340119,0.986599418636434,-0.5826689152452114,0.28326229406632586,0.2788609244163863,0.03361928518153257,0.2709468385864029,1.0256582828491343,-0.3404864883161535,1.1354527377595791,0.5838977012337369,0.24343152372211355,0.9044543199908305,-0.20660051032559795,2.194689414170604,3.7240969140506035,-1.7789984009524775,2.9402505686689033,-0.3421326132130975,-0.06355760183852072,-0.21275050120413186,-0.5931384003760887
21131,Leslie,Kentucky,-0.29198268784691134,-0.4530475575083352,0.9412464821862591,-0.05137336268493056,-0.041217259457260805,0.8057644274873029,-0.6683670174635815,-0.3147092972144004,-0.532047289335546,-0.5138516776733333,-0.6461212061047127,3.063584885859462,-1.6144744783851261,-0.6902841983539365,2.7430437425560905,-1.2026034879233332,0.6331753487247705,2.2105533396012804,-1.6706795836957058,-0.28333465937310864,-0.3985599516847609,-0.4992571400383894,-0.1616068991970414,-0.8221988482510404,-0.8102392903783554,-0.39666336329248136,3.3581093803864026,-0.6369241529426561,0.22791250698153723,-0.28659140701410224,-0.6263472174892254,-0.4055404133978293,0.15850773519424366,-0.40519567115470656,-0.08602139992103093,-0.39498965792349333,-1.176178861619448,1.314035722762649,-0.4387648876364615,0.2991958315926307,0.24707883676462306,-0.17949578346716838,0.16810115920465915,1.3244188194074495,-0.05104469953904705,0.5666395396781166,-0.008666871658886792,0.17954544724990454,0.7939181228873828,-0.3718995896137118,1.335816288604004,3.0043344924757602,-1.7789984009524775,3.484575333910356,-0.3223877995042834,-0.06578121941456372,2.0501027533379275,1.1426641541567368
21133,Letcher,Kentucky,-0.2577861856321683,-0.5708227199744482,0.6915386642845669,0.18148949882767887,-0.5319443849050374,0.8022178365517733,-0.6571917105157544,-0.34420272661973034,-0.5824078542970813,-0.8015826229977396,-0.6417957701598745,2.4784941707076356,-1.598480702554955,-0.7491106300897147,2.1723029559775666,-0.3173135755446799,0.0750792202131466,0.5207847806593207,-0.30756052071486556,-0.16212878497458097,-0.16981743252456577,-0.20510765468519587,-0.2777907882348206,-0.8221988482510404,-0.8083939039071726,-0.33052863262719495,2.943834613637952,-0.62842918682662,1.0058538463236588,-0.3332070684096616,-0.6259277950134402,-0.405401133124057,0.5652737692492368,-0.42033172477640146,-0.08602139992103093,-0.23128185363865889,-1.175343852315303,1.242545869370673,-0.48750981724716663,0.25139521901371664,0.2152967491128598,-0.3926108521158693,0.08811007524108025,1.0429970639886792,0.010224000275084752,0.27018966445650733,-0.5576227963299752,0.09899343778494639,0.44669707435903716,-0.5548734185705422,1.335816288604004,2.764413685284146,-1.7789984009524775,2.9402505686689033,-0.263490236716001,-0.05758964584822563,0.28571567829135636,-0.43651249545545245
21135,Lewis,Kentucky,-0.28203067392727305,-0.1980870622242085,0.533179400661219,-0.08303894527740747,-0.0768528967185663,0.8178210246668499,-0.6664199369420943,-0.330470246578327,-0.643136325692428,-0.8388121841029915,-0.6453041689926898,1.4976067953060406,-1.2569826993141764,-0.5530225243037876,3.171099332489984,-0.29594147265543824,-0.1847763364971037,0.571234342315792,-1.0726150688858842,-0.2696024248516839,-0.36606096183264847,-0.42300189064773963,-0.4010632067703956,-0.7321776160218582,0.09890133384889684,-0.44226992683399996,2.8051804734651404,-0.5829629492298573,-0.0018540969676179874,-0.42447553443064207,-0.6205916307937135,-0.40390657256316126,-0.24452583318469942,-0.2196118240107168,-0.08602139992103093,-0.4213285993044476,-0.6761693639339846,0.839287411385866,-0.37097175607889055,0.04425923117175617,0.056386310854041874,-0.17949578346716838,0.03097358669566698,0.36945210433712106,-0.32781020559598817,0.9242322016641826,-0.0009712278550866502,0.007330806324820572,0.3873697369306336,-0.4678051915093061,1.335816288604004,2.764413685284146,-1.481330951620157,1.8516010381859975,-0.3180458120346675,-0.06528521308978696,0.9417789531399368,0.958588348373721
21137,Lincoln,Kentucky,-0.24901154357706637,0.10090852181576442,0.2665740050463296,-0.22572360998733074,-0.45663266184747675,0.6871423165148111,-0.5235415015286512,-0.29023048328435347,-0.5240078338117331,-0.72441116749316,-0.5777461745550352,0.8953075297085707,-0.8581679457807246,-0.4549784714108239,0.5314231945643092,-0.8310541352580713,-0.40120378397540707,-0.4238674326333459,0.443937126337281,-0.22386687187407794,-0.2726084868574082,-0.407381155254049,0.23750937872206918,-0.5624631281475455,2.976147857890245,-0.47961683536798894,0.7208303002568445,-0.6109058807126506,0.23471676834522404,-0.4324880048090282,-0.6150618294753799,-0.4019247144894016,-0.03956683861476131,-0.3895123904030554,-0.08602139992103093,-0.20436399186444928,0.7928461199190913,-0.6825909384981093,-0.4894905919609533,0.24342845025056423,0.2364848075473684,0.0008323515432703504,0.22523764775007243,1.0123207588956384,-0.274992360928633,0.42212022550758205,0.35046317251846093,0.2017666912402383,0.6203075986232106,-0.6726716081239792,0.9063797258207039,1.8047304565176885,-1.1836635022878363,0.762951507703092,-0.26474417275248496,-0.05562103805208889,1.03633779616783,0.9166061470547878
21139,Livingston,Kentucky,-0.29398304850233015,-0.8357190121933401,0.1356809911146774,0.7023602205060356,-0.4193510498420827,0.7551593632445491,-0.6297719497728076,-0.2293938761429298,-0.4481405398200379,-0.009697224372299246,-0.5231747995142524,-0.39533375371457685,-0.3570067554971219,-0.7883282512469002,1.0308213828205177,-0.9431702655023525,-1.0088320953415117,-0.24026882327343996,-1.8241598287787455,-0.24254186893874263,-0.4009451054704093,-0.5661282224822882,-0.027642008075458583,-0.10039246527448024,0.7065531037846002,-0.48432787860371057,1.0660110959952387,-0.5490591455167575,-0.33120544677075053,-0.4236852287724594,-0.14382202149721002,-0.17423258816555484,0.2968752774599642,0.30479459625573224,-0.08602139992103093,-0.373653225400729,0.22085555453597128,-0.053402013618030486,-0.4852758608030463,0.2752955253031734,0.363613158154423,0.4106690220215423,0.29380143400456854,1.2123836181980814,0.9250290699136764,0.19978281909137535,1.00202768124022,0.33231649968344706,1.1523801406126888,-0.37189958961371156,0.47694316303740386,1.5648096493260741,-0.8859960529555155,0.762951507703092,-0.32802115393684556,-0.06526603458628805,0.610313271924213,-0.12326068561417954
21141,Logan,Kentucky,-0.2415343536015406,0.12978946642574118,0.15396648954207512,-0.19625054160238029,-0.26609048496855664,0.40505455666988543,-0.19838027719972542,-0.26264991244902264,-0.4981290286674193,-0.5279387551949853,-0.4879272367081998,0.13813131010032487,-0.46813947253165866,-0.6902841983539365,-0.1106601903365306,0.23257427368072917,-0.09373518916006457,0.044791944369332336,-0.3416276016080269,-0.22460851152117045,-0.3179893164184159,-0.36340213363114793,-0.020725727040637864,0.6836944135733304,1.003407501049625,-0.4952781626059802,0.32734768480108845,-0.581243646497584,0.15376969178966218,-0.4411561112403735,-0.5721191051891362,-0.38898007174338795,-0.20073227659911164,-0.39881362746082766,-0.08602139992103093,-0.273348077161078,1.1272095472690018,-0.9778833632841695,-0.32510118375962016,0.4107305942767631,0.42717733345795034,0.3450951547450202,0.29380143400456854,1.1683697891515437,-0.055270127112435743,0.9890806118689092,1.0482015440630221,0.38509195416048997,1.1192817313105263,-0.3756153040327032,0.47694316303740386,1.5648096493260741,-1.481330951620157,0.2186267424616392,-0.26161869039289065,-0.06071275131308054,-0.13692356782934825,-0.22014268865787237
21143,Lyon,Kentucky,-0.29686497366328485,-1.9153043829161478,0.6855680276570045,1.4231078982749823,2.7083038046150962,0.43568803309778886,-0.2907754209496965,-0.25843829280347197,-0.43644913663176976,-0.6433411169893551,-0.5419825403890817,0.00046290653518882833,-0.1883513597257465,-0.651066577196751,0.388737997919678,-0.9508984267730122,-0.9203551913665816,-1.1256490706662297,0.3745829910637863,-0.2557894241003233,-0.3947886734501339,-0.5136586798978651,0.20699303585288945,-0.4032671877716067,-0.0813992120536559,-0.4915483092827492,1.7501296681498806,-0.579234251056284,-0.28805513671045824,-0.41402220030451065,-0.5017928162170728,-0.3778558559163145,-0.23347236323489567,0.9909798001983988,-0.08602139992103093,-0.292633330004026,-0.4338990403843262,0.5481851547613157,-0.5487500099019846,0.2991958315926307,0.40598927502344095,0.45984942247893684,0.32808332713181615,1.1310247220817542,0.331356495852604,0.14790409092759355,0.8840278095819488,0.3684260211677392,0.8925888525051499,0.04436085002737654,0.47694316303740386,0.845047227751231,-0.588328603623195,0.4907891250823656,-0.33284974345047025,-0.06420081280291223,-0.6488983560452805,-1.4101766260445625
21145,McCracken,Kentucky,-0.12931499946826766,-0.21650741370564455,0.13921822385146065,0.13013096301870516,-0.9338724990986323,0.07016938729887523,0.12565868946475153,-0.27696459462982104,-0.23000797875417772,-0.3236456140295939,-0.5066344126932814,0.1725484109916089,-0.5150225149866239,-0.9451987358756418,0.5314231945643092,0.806815642403189,0.0821988945523812,-0.34333812513392087,0.12876071560184613,0.17229509023423287,0.20387809618201932,0.40827903694377576,1.6444214964189492,0.2688041849056919,0.13061771889559137,-0.5101235779811493,0.10786520844365742,-0.6305926394073005,-0.2068719499979352,-0.44295315136682734,0.5138876417781997,0.04662247730117085,-0.15908189831423805,0.14535552772503854,-0.08602139992103093,0.6857515304430846,0.32377397158027604,-0.6108413062914304,-0.5403950128009747,0.34699644417154474,0.4165833042406957,0.5418167565745913,0.33951062484089894,1.1977123418492353,1.3264446893855752,0.7018947952479759,0.8019409423414121,0.4045355426520314,1.3846935040165453,0.38239043744158707,0.04750660025410388,0.6051264205596165,-0.588328603623195,0.2186267424616392,-0.0727796663910573,-0.01982282849508864,1.287547374397794,1.1135995532436291
21147,McCreary,Kentucky,-0.2704443975688007,0.006269118988481706,1.6365653283458808,-0.8208139361017682,2.0400719126808937,0.4005193609141794,-0.279298512960293,-0.1800745226240383,-0.4665663086144671,-0.2101476920961417,-0.5078224860244853,3.442172995663587,-1.5802217138389656,-0.6118489560395658,1.2448491777874646,0.17782324961595486,0.12088620065613664,0.3573577575928671,-0.23322627617034347,-0.2406793804696311,-0.3549348083979726,-0.4095130900388445,0.006819706445607293,-0.8220236300148229,-0.6097949617602966,-0.47066728903853733,1.0284318254035485,-0.5868102374578849,6.564284416889195,-0.4160885383048942,-0.6241375919335218,-0.40084790484400984,-0.13039716380541339,-0.378823369501066,-0.08602139992103093,-0.2961802661680597,-1.0853083279668898,1.1830302260689487,-0.41891990789119277,0.4107305942767631,0.3953952458061863,0.017225818362402626,0.25951954087732004,2.0019650362450565,0.25741151331830686,1.1410111729199839,0.30428930969565915,0.3128729111919056,1.4721232644373512,0.0955774541810448,2.194689414170604,3.0043344924757602,-1.481330951620157,2.3959258034274504,-0.3033167424717891,-0.062528500368968,0.26082098611317867,0.2723408268142318
21149,McLean,Kentucky,-0.2939449742878053,-0.1324447160651667,0.04257918231046997,0.10081357015105619,-0.40158219656062055,0.7671142028401143,-0.6166795737156255,-0.2971083558157253,-0.5397077887465593,-0.7080841406847187,-0.5749324995737878,-0.08557984569302073,-0.31149656933659203,-0.8667634935612711,0.17471020295273174,-0.8481286601343833,-1.0142894216205125,-0.8609361587013902,-0.582208051962331,-0.24170188801530892,-0.35757306446947085,-0.4723746846535829,-0.0717946224712925,1.4483378297530236,-0.1281941334675371,-0.5096912851893838,0.04066777370905781,-0.6273961790603113,-0.3796287074956245,-0.44325288849838784,-0.19420129666615252,-0.30377706956076833,-0.21876203552907847,-0.3249158876271981,-0.08602139992103093,-0.3402245595742752,1.3680643887449702,-1.183174705329999,-0.5491670151048872,0.2593619877768691,0.363613158154423,0.4106690220215423,0.2823741362954857,0.9509681487095557,0.30811664419896784,1.1354527377595791,-0.337014340621033,0.32398353318707246,0.8370085048090662,-0.5907250414781099,0.04750660025410388,1.0849680349428452,-0.8859960529555155,0.2186267424616392,-0.3318391084359907,-0.06337212497868562,1.0701382689571226,0.6824746396991975
21151,Madison,Kentucky,-0.04857130560408033,1.6143979663980816,-0.4796974151221684,-1.2484158304046098,-0.6857359467444641,0.4788880150535713,-0.3320803550715424,-0.27898209218365705,-0.15200238253575563,-0.33831527196383215,-0.511436057025028,0.5511365207957325,-0.37107853251508366,-0.9451987358756418,-0.25334538698116177,1.5493791732831736,0.3048961928258964,-0.7037980544539633,0.3875932378894328,0.11114329220858489,0.3920609635539211,0.2006367991111522,0.13808855066482614,-0.8029414604475257,3.173498863645148,-0.49108522263009136,0.4655476257610991,-0.5469439566393053,0.6217079500867607,-0.4312458549263167,-0.6208199228744267,-0.40165437259671793,-0.047669220282737235,-0.37492489688638087,-0.08602139992103093,0.2477146336786663,0.6453633621200434,-0.7343823163815869,-0.4098798308139858,0.25139521901371664,0.26826689519913244,0.0664062188197948,0.25951954087732004,0.8295966807327402,-0.3320356331693765,0.9872278001487745,0.7095932166958085,0.23232090172694667,0.795791617753543,-0.36537198320196956,0.04750660025410388,0.36520561336800217,-0.8859960529555155,0.4907891250823656,-0.06553678212062028,-0.027003888284020526,-0.5143152298093945,0.07857682072684669
21153,Magoffin,Kentucky,-0.28529334123347583,-0.16738834560782193,0.7399889637834728,-0.21431587824991097,0.01476126151536828,0.81936350799332,-0.6857577969709014,-0.3061675230224261,-0.5901072796814133,-0.6738568493235071,-0.6158747080802992,2.5645369229358455,-1.625251400296443,-0.35693441851786023,4.597951298936294,-0.11156601125195922,0.25399930060207465,0.2249478128984202,0.4612756601556545,-0.2523109933095181,-0.3140734067355381,-0.3815303965712356,-0.286439246514849,-0.8221988482510404,-0.48983440788449684,-0.39769933615921765,3.3304393106790613,-0.6375488321862438,-0.051041138410637,-0.35579435380434676,-0.6261834008761036,-0.40437416809649457,-0.12431544208302603,-0.42682055129157054,-0.08602139992103093,-0.3565987363584108,-1.0312005266453117,1.156510128651157,-0.5097600234306049,0.28326229406632586,0.2364848075473684,-0.06474151573325176,0.23666494545915523,0.7629090609652592,-0.31302120908912867,0.5277304935552803,0.18372422343612085,0.20732200223782135,0.4872894631258405,-0.6214550039703108,1.335816288604004,2.764413685284146,-1.481330951620157,3.21241295128963,-0.3156876636675484,-0.06265999375941,0.631981325113242,0.08665032098048785
21155,Marion,Kentucky,-0.26446381710267314,0.3411072177096906,0.44428376032339206,-0.5355166003387183,-0.18381147041628762,0.3511517651139006,-0.15744979057923034,-0.33062950731456353,-0.3374881707505085,-0.60982614053126,-0.5075333512105707,0.396259566784955,-0.5257994368979408,-0.8471546829826784,-0.25334538698116177,-0.220968488373089,0.18536434803247578,-0.3771379875027317,1.3022385567777974,-0.21342781719703427,-0.3386601600224793,-0.4621939094108034,-0.07630749485206291,-0.3776468575761049,2.3497121020612037,-0.49504444857504926,0.9004994791791452,-0.5866192233776877,0.3974397776317587,-0.4463043698070806,-0.6262590687959535,-0.4028976362876205,-0.09611301155346241,-0.4065942753178017,-0.08602139992103093,-0.32633066559263624,0.6913682735783442,-0.5312750306511319,-0.48163451179913025,0.2593619877768691,0.2364848075473684,0.11558661927718697,0.22523764775007243,0.756240298988511,0.00811128648839059,0.6277823264425733,0.6711149976768069,0.22676559072936361,0.7314682940153787,-0.5395084373244416,0.9063797258207039,1.8047304565176885,-0.588328603623195,0.762951507703092,-0.29979823538434164,-0.05926711463624076,0.5012136001052294,0.8520181450256591
21157,Marshall,Kentucky,-0.22982506824229576,-0.7319768309454839,0.24807107249547666,0.550812320807961,-0.43100265325324427,0.7880461333922519,-0.6635279563951071,-0.3028480780010009,-0.45838816374838043,-0.6453052555254982,-0.567907407262957,-0.46416795549714485,0.15259750099725786,-0.9059811147184565,0.3173953995973624,-1.152669576341838,-1.3220398145119172,-1.3204443992703139,-0.313756801525655,-0.11338022121292267,-0.26683060091786825,-0.3156020275017465,0.9617035384421893,-0.20918650913302844,0.5827221484084114,-0.4843052792578257,0.674289827687082,-0.610384846036537,0.09427387314062513,-0.43806175446312823,0.2336214069371887,-0.227010266477321,-0.12591150901094156,0.5089691850661452,-0.08602139992103093,0.049401291066296565,0.05770254695076697,-0.07742778485022715,-0.4866460207554401,0.3390296754083923,0.42717733345795034,0.5746036902128511,0.3623652202590638,1.4444565349889151,0.6081220019095451,0.16457939640880903,0.7788540109300113,0.4156461646471975,1.101171280937645,-0.559995078985909,0.04750660025410388,0.6051264205596165,-0.8859960529555155,-0.3256980227798136,-0.21829239301288628,-0.05176372637445161,0.7881001137872828,0.1835323240241801
21159,Martin,Kentucky,-0.28812254825124234,-0.3901891381782546,1.845946572841731,-0.5598401644645525,2.3748688517442185,0.3745731319491723,-0.2197952479207391,-0.29958674925311995,-0.5629071216970508,-0.6596230973451881,-0.4486233292070289,3.424964445217945,-1.47107963843136,-0.7687194406683074,1.95827516101062,0.1343582130567336,-0.4975842660128012,-0.6829283328675521,-0.24783498825294034,-0.12865066629978847,-0.2163075482040397,-0.2563739926997368,-0.5637118625320713,-0.8221988482510404,-0.6420227457674164,-0.27205015162999335,3.116892690426246,-0.6074814700326766,-0.009225151643516383,-0.21295860675368336,-0.6264129563801624,-0.4062617303182623,0.283599237577961,-0.4076711306135625,-0.08602139992103093,-0.33371568155868775,-1.1000634342795919,1.213580721769075,-0.5680886261865861,0.34699644417154474,0.32123704128540503,0.05001275200066485,0.2823741362954857,0.8549379762443827,-0.1271023958600387,0.6203710795620332,0.1657677212272534,0.28231870070519804,0.6121891208698494,-0.3961019456941705,0.9063797258207039,1.8047304565176885,-1.1836635022878363,1.579438655565271,-0.32399732934215836,-0.060742517323977674,0.4164655842324908,0.08665032098048785
21161,Mason,Kentucky,-0.27091593207176173,0.14446461639198824,0.11063384699256675,-0.18819005490714358,-0.5906691436976003,0.37813360454161005,-0.18438133425124814,-0.27332596266646203,-0.29430836075250105,-0.5567704510620808,-0.5493436111851392,0.20696551188289292,-0.5395966426570156,-0.7098930089325312,1.0308213828205177,0.49296844402547363,-0.5961719689774526,-1.3970394380316935,0.13887481242690702,-0.09252357519342344,-0.12856038729817532,-0.28544950086989485,-0.10833536266358235,-0.5538678181454421,3.1163780668712744,-0.5055191893472286,0.6099648004841862,-0.5973469057214669,0.050928000354832526,-0.4399146192842558,-0.6233937224845757,-0.3991634523536838,-0.16531514400561256,-0.2268583571989712,-0.08602139992103093,-0.18575455140978972,0.8647613171037295,-0.7605427053766046,-0.5563156757260721,0.028325693645451865,0.03519825241953252,-0.17949578346716838,0.042400884404749796,0.5681812112442145,-0.22006180247458368,0.7889769460943233,0.014420059752514088,-0.0010021601715547901,0.47042800933039947,-0.27318209572536667,0.47694316303740386,1.0849680349428452,-0.8859960529555155,0.762951507703092,-0.30208152189853626,-0.05640927559756577,-0.4553415746332668,-0.6997086037241504
21163,Meade,Kentucky,-0.23722903857450459,-0.025618319569270926,1.9640604083022923,-0.9545349664797185,0.29147327112691646,0.4991554859028898,-0.380635278617191,-0.20542373830482547,-0.21637127795151265,0.41091441912099025,-0.42099282492970347,-0.5330021572797127,-0.05326230035331392,-1.0628515993471983,0.3173953995973624,-0.12578637639233625,-0.5294705555778167,0.11912072262565221,-1.325037900927065,-0.23095211869607746,-0.34272451060858583,-0.45144793220772755,0.4974672283580606,-0.17124847755130473,1.045074362114532,-0.48184339992575853,1.1570714908368431,-0.5864206855212569,0.03832590654615042,-0.4292470587431703,-0.5970398221338759,-0.38825240594742966,0.10097313153448423,0.022255166459510735,-0.08602139992103093,-0.17126614373465207,0.30426464116576896,-0.2218712284938208,-0.49868704598924846,0.15579399385588857,0.19410869067835043,0.09919315245805703,0.1223919683683287,0.8522704714536835,1.0158757627415271,0.644457631923789,0.04263742036644885,0.15176889226198773,0.9269362583847526,-0.4165885873556378,0.04750660025410388,0.6051264205596165,-0.8859960529555155,-0.0535356401590872,-0.2760670280073025,-0.05244146924500946,-0.4685235124031689,-0.02799338262121518
21165,Menifee,Kentucky,-0.3019054139092229,-0.8500290644577017,0.7114421907517401,0.42880459033700674,0.26886878257449603,0.6591482120056992,-0.49211013795864794,-0.307116058307402,-0.5746935290436062,-0.5296702783773731,-0.616875977347704,1.99665475822966,-1.2537564870222535,-0.7295018195111219,1.8869325626883042,-1.0127310076564704,-0.96917237343457,0.04342837151053953,-2.280481276357291,-0.2729216416523803,-0.3663153613789573,-0.3600197857560349,-0.20858821623776055,-0.820364816834169,0.08630126734979107,-0.49636385352127416,2.169869374069981,-0.6192566943101805,2.3239000987917873,-0.41576975705923974,-0.6185327377647472,-0.4034283705551514,-0.14608285582596686,-0.3365385620083299,-0.08602139992103093,-0.3480132506118625,-0.7687020644117386,0.8975969935924196,-0.5866006785868632,0.15579399385588857,0.14113854459207778,-0.19588925028629833,0.1223919683683287,0.6295338214302971,-0.43344589493069846,1.752439040564553,0.3992022499425294,0.0878828157897803,0.8544944568932271,-0.38073696444807004,0.9063797258207039,2.044651263709303,-1.1836635022878363,1.579438655565271,-0.34348012656573695,-0.06429808297311336,1.1280573537533425,0.5468398354380273
21167,Mercer,Kentucky,-0.25667324705375083,-0.20669675909234977,0.44766848697520034,-0.0325210592758699,-0.48387644351820436,0.562563850672715,-0.3934243010133051,-0.28310150467047035,-0.37360952351182986,-0.14370591138479777,-0.48134113550685775,-0.11999694658430474,-0.03122795682762751,-0.7687194406683074,0.3173953995973624,-0.07805594117842571,-0.21114313513011304,-0.22948970592918297,-0.05559515851418385,-0.16081949163603812,-0.2668588619209943,-0.3859976320499776,0.26759517489176426,-0.5835915564340645,3.7841986668292322,-0.49268477740261163,-0.13385583842633583,-0.33074393900681803,0.6786346094957189,-0.44195274618220165,-0.6264542481773887,-0.4028059196639307,0.14919622729720772,-0.35979757368375503,-0.08602139992103093,-0.1738382267043554,1.1376732298402559,-1.0310180476086872,-0.5513562924201251,0.21952814396110748,0.19410869067835043,0.09919315245805703,0.22523764775007243,0.7935853660583005,0.025012996781944255,0.5369945521559557,0.5428542676134686,0.19898903574144677,0.6921249018260153,-0.2834254165561003,0.04750660025410388,0.845047227751231,-0.588328603623195,0.2186267424616392,-0.2775642650657908,-0.05277324011850746,-0.656382464594132,-1.03395151422489
21169,Metcalfe,Kentucky,-0.29141450341477193,-0.05466490871515975,0.13640598704532184,-0.017570859020878613,-0.28350714976086866,0.7188449402240342,-0.5679973487563694,-0.31401022121969396,-0.5350505626362149,-0.6794618255484307,-0.5544543500564858,1.3943554926321904,-1.1493507658304498,-0.7098930089325312,0.388737997919678,-0.839145557299634,0.1817355272430978,0.643002569924231,0.15391074246630135,-0.2715093361506744,-0.40200226339713796,-0.5276662479452637,0.3153284563495634,-0.6498211451406628,2.057972017966912,-0.4911216854837713,1.3236959989135444,-0.5664534732750374,0.5303439849861706,-0.43560990272902317,-0.5837190392647011,-0.4012522685255534,-0.03332068114317193,-0.42051767957729363,-0.08602139992103093,-0.2734160325553815,0.2913705940787565,-0.16523390158854767,-0.523111636444964,0.39479705675045823,0.3848012165889316,0.23034088701110358,0.2138103500409896,1.353761372105141,-0.3320356331693765,0.8779119086608062,0.701897572892008,0.3295388441846563,1.0025005513198777,-0.37189958961371156,0.9063797258207039,2.5244928780925315,-1.1836635022878363,1.3072762729445448,-0.3283954632014676,-0.063654730474278,-1.134844592152031,-1.705666735327825
21171,Monroe,Kentucky,-0.28971873647555163,-0.08430769848017242,0.2700937662424146,-0.05684039630777108,-0.13109280188525463,0.6898686195054934,-0.5293986299695859,-0.3201679281048922,-0.536791042111207,-0.46209447025253897,-0.4781527522252033,1.2394785386214122,-1.318623946934321,-0.2981079867820823,-0.1820027886588462,0.23395926088184565,-0.32349500793405156,-0.705504554252214,0.09793138528532076,-0.22414628521634314,-0.34208245281553396,-0.44970439963386477,0.10591357497159523,-0.6632125778888923,2.4322312351641386,-0.4566320143328988,1.2945169786059212,-0.5915922537340182,-0.04290128340998619,-0.4000959094428773,-0.6262315084053092,-0.4053832795932005,-0.18812913417154584,-0.3934321965362433,-0.08602139992103093,-0.2756850420834603,0.4475316507504803,-0.31607734310484126,-0.4926404705471629,0.45853120685567716,0.3953952458061863,0.23034088701110358,0.24809224316823725,1.5391529550587382,-0.2771050747153272,1.0835740095957973,0.8070713715439456,0.36287071017015615,1.200466508844132,-0.37189958961371156,0.9063797258207039,2.044651263709303,-1.1836635022878363,1.3072762729445448,-0.32633676224604624,-0.06418144453665915,-0.13930588343141312,-0.5560002992093397
21173,Montgomery,Kentucky,-0.23844448465356577,0.27430175559470105,0.9602744717237752,-0.7309424716816989,-0.5534678769025848,0.6418150868047071,-0.480090052658172,-0.3216366586498845,-0.47665377190766267,-0.39709838921103957,-0.4987601689926762,0.2241740623285349,-0.19349957082987884,-0.8471546829826784,0.816793587853571,0.46438694698519617,0.12378762213196892,0.42064546767967004,-0.4447527687510601,-0.05369970135514263,0.11054924280753765,0.08561762994151614,-0.10885774509891118,-0.7813715016205908,3.9617933006451937,-0.5069035327211328,0.48855797877625967,-0.6304100888265558,-0.2120114867641407,-0.43571316877193544,-0.6230979255275476,-0.40479490751882774,-0.15327513647149177,-0.4056765626166684,-0.08602139992103093,0.021717415652997844,1.0232929328183846,-1.0042429273841413,-0.5918430297090654,0.17172753138219343,0.18351466146109574,-0.08113498255238405,0.1338192660774107,0.6121950402907522,-0.3996424743435911,1.5023094583463206,0.424854395955197,0.12676999277286322,0.7783056656693821,-0.3756153040327032,0.47694316303740386,1.3248888421344598,-1.481330951620157,0.762951507703092,-0.26472545728925384,-0.04127471158927132,1.0290051264503526,1.5673302674982559
21175,Morgan,Kentucky,-0.28193109521236204,-0.6398282928573901,1.8855220285694756,-0.3495617190626578,3.3410873262591,0.49066410623360585,-0.36468954818794813,-0.3176987340271765,-0.36714092445628177,-0.657940128238213,-0.6276340877028955,2.065488960012228,-1.255403914575576,-0.47458728198941663,0.816793587853571,-0.3713288811795352,-0.8028685761352964,-0.17705087073414766,-1.4951006050997246,-0.25460965685506415,-0.3283344178075148,-0.35155556580333647,-0.2672900873283691,-0.8221988482510404,0.2647177108758026,-0.4725726654725278,2.5833276237556255,-0.6312004931123361,0.9136796845464576,-0.3987004706926971,-0.6232400018004254,-0.40322115237805894,-0.21577107957158176,-0.3913781630395767,-0.08602139992103093,-0.3458363814056064,-0.689777171989748,0.8199247354170112,-0.45414940101497,0.19562783767165018,0.16232660302658714,-0.16310231664803845,0.15667386149557633,0.5895212495698084,-0.397529760556897,1.0483705869132312,0.18115900883485414,0.12121468177528016,0.555984274885046,-0.6163333435549441,0.9063797258207039,2.2845720709009174,-1.1836635022878363,1.3072762729445448,-0.3200296511371644,-0.06363558166786075,-0.8767656366618606,-1.1469805177758645
21177,Muhlenberg,Kentucky,-0.2312250278225156,-0.18823236711393004,0.45085781717636575,-0.05112028853995322,0.4479488618323194,0.518127176830191,-0.3418945395998616,-0.3291971547972653,-0.5302354662818891,-0.6684883401914572,-0.5906833268406919,0.7404305756977946,-0.7326202376546174,-0.6902841983539365,1.31619177610978,-0.9925210680382325,-0.9901423982708427,-0.8326651017412889,-0.44167915298303395,-0.18558876290453077,-0.2968136522120385,-0.35448787832131634,0.17095489775739184,-0.3326630414845669,0.4851836052596716,-0.3908135383607003,1.225744697476522,-0.5355721000766858,0.5839735632929877,-0.3903712692414505,-0.09767098964226116,0.27528586976606834,0.0425506586534488,-0.26386635676989867,-0.08602139992103093,-0.20351804105002597,-0.1080102958952493,0.19287529772773876,-0.3829383160978949,0.3310629066452399,0.40598927502344095,0.39427555520241236,0.2709468385864029,1.0923459026166153,0.390512481880042,1.100249315077013,0.49154997558813335,0.3545377436737808,1.117408236444366,-0.3961019456941705,0.9063797258207039,1.5648096493260741,-0.8859960529555155,0.4907891250823656,-0.23290916979637805,-0.057528129985779414,1.3827156735101174,1.1765728552220296
21179,Nelson,Kentucky,-0.18550375374968642,0.26255441083899883,0.8072492237893821,-0.6439106055190509,-0.2991157010671854,0.4872537587479282,-0.2995243401226815,-0.32608586192592487,-0.42149637476468194,-0.3354952203640414,-0.5434633399272326,-0.6878791112904907,0.6228007818413448,-1.0824604099257908,0.24605280127504683,-0.53900353846782,-0.961627880285993,-0.654503725894911,-1.0452368062310229,-0.156114129087275,-0.21788824343187183,-0.29199912475885714,0.2617154571343225,-0.3472008778837529,1.822238544387501,-0.4814025212298666,0.9531877248894469,-0.5164469940407123,0.40701184225680653,-0.4265448361827645,-0.5830556827483633,-0.38974985625473224,-0.17067034100022044,-0.3840999199364258,-0.08602139992103093,-0.12740809352449875,0.4826723996260483,-0.4142579468751802,-0.4241771520563558,0.22749491272425992,0.2364848075473684,0.18116048655371142,0.22523764775007243,0.7829153468955034,0.5679804399623553,0.8908815907017517,0.9815059644300858,0.22676559072936361,1.0736933562339628,-0.5497517581551753,-0.38192996252919614,0.6051264205596165,-0.29066115429087425,-0.59786040540054,-0.19330724959936324,-0.04808185239994465,0.22760340659527353,0.5016282340176378
21181,Nicholas,Kentucky,-0.2996209610377344,0.26439919893313857,0.6007705782874049,-0.5427801759591268,-0.3225861529858192,0.783674383978923,-0.6331390628273144,-0.35179155225507247,-0.5242567145267887,-0.6732305228356825,-0.5271809049214127,0.4823023190131645,-1.2107174421917073,-0.2981079867820823,0.17471020295273174,0.3456290354769212,0.025775925050551013,-0.05337062770236509,-0.02321251339776192,-0.26172837633367274,-0.37344427963917115,-0.40694634561807197,-0.1685814110155724,-0.8089603388182726,3.0015526961653816,-0.5087748549120032,0.8450351010139696,-0.5329491316086638,0.9555101170907578,-0.42100464905844387,-0.6263327149203448,-0.3944055460326795,-0.25126410112878406,-0.3944949598566273,-0.08602139992103093,-0.3530497506104803,0.5616339963613078,-0.39360914399413505,-0.5933621200910673,0.10799338127697508,0.10935645694031451,-0.09752844937151399,0.09953737295016307,0.5561774396860679,-0.22006180247458368,1.081721197875662,0.2991588804931257,0.0739945382958211,0.6327975643976113,-0.49853515400150705,1.335816288604004,2.5244928780925315,-1.481330951620157,1.8516010381859975,-0.34450947704344764,-0.06316515254837671,0.28405003678404495,0.17222942366908317
21183,Ohio,Kentucky,-0.2506370196587024,0.23950231139063408,0.2179134777864048,-0.32917358572695066,0.035994479943752856,0.7305655977119359,-0.5882854489274649,-0.31895454973920234,-0.5333429999612863,-0.4542285214887367,-0.44730423440524175,0.1897569614372509,-0.5614937005532584,-0.7883282512469002,0.6027657928866248,-0.55423093862084,-0.9534050953030396,-0.8593294075596042,-0.6518104902486653,-0.24735097936811024,-0.3736000338917044,-0.506586761096995,-0.021851193578876608,-0.10328527509169873,0.2819595747669452,-0.4338306905334803,1.5797019442163445,-0.6082120738554578,0.21045493247526237,-0.36761800008714834,-0.37682003653542373,-0.15818158811714486,-0.0701169017302959,-0.3281615653532812,-0.08602139992103093,-0.34439169943813364,0.025885107881909012,0.12351917252309766,-0.29595549868533055,0.28326229406632586,0.331831070502659,0.312308221106758,0.19095575462282396,1.022990778058435,0.5616422986022724,1.16509772528174,0.4864195463855995,0.28509635620398954,1.1561271303450091,-0.7699831560159488,0.47694316303740386,1.3248888421344598,-0.8859960529555155,0.4907891250823656,-0.27084541376582466,-0.06247128021098931,1.8834318714313687,2.0904930839341964
21185,Oldham,Kentucky,-0.12527034637143997,0.32052832839823675,1.9962993967500666,-1.2894887526858498,0.9852598853445524,0.4399002149867716,-0.3730365314261898,-0.27985592509508767,0.1225558100123959,-0.09405041684461636,-0.41301102178418453,-1.651557936246442,3.118447596680537,-1.4746366214976454,-0.6100583785927393,-1.6156581009340691,-1.2101036846113915,-0.6962457324173233,-1.039049344315505,-0.13748034120266328,-0.19637284081516915,0.24805965992231493,1.5255000143857058,-0.6512003379398911,1.8021341225777825,-0.47900397164437025,0.8175723446564657,-0.5999737207227241,0.801504576957016,-0.44550820682255143,-0.6213955872217787,-0.4003051959203969,-0.19757926788932634,-0.07355650055956255,-0.08602139992103093,0.41296225046737794,0.17424985017763342,-0.3476987279278734,-0.594062093110225,0.14782722509273669,0.2152967491128598,0.23034088701110358,0.2023830523319068,0.8015878804303981,0.9102400734068169,0.7445094648110823,0.16063729202471996,0.19621138024265525,0.9344302378493929,-0.037585716618492686,-0.8113665253124961,-0.8343984225900698,0.007006295041446424,-1.6865099358834457,-0.19029406001915558,0.00043697952677141283,-0.575754299442998,0.6937775400542944
21187,Owen,Kentucky,-0.28898361125664956,-0.338097199436689,0.6204440499177133,0.002490352368600678,-0.05588825544428118,0.757288923626507,-0.6020952956726021,-0.3120376623447466,-0.5916395305427845,-0.6915947305663608,-0.5083561690250112,0.20696551188289292,-0.290217296772845,-0.651066577196751,0.24605280127504683,-0.38414080747941387,-0.032697715334464666,-0.4292902390628616,1.0046069426819242,-0.27251548439831663,-0.4204838381411667,-0.48448082554514943,-0.09328467795983993,-0.799592272542968,1.867357589176922,-0.5071256122031582,1.1297274104057111,-0.19334804403926062,1.392961047615402,-0.4266132330106689,-0.601100291599768,-0.389787927110612,-0.2584635685631203,-0.37758949772145356,-0.08602139992103093,-0.37560786522998213,0.0576520015321242,0.10611177847180277,-0.47619855111843745,0.13986045632958427,0.19410869067835043,0.16476701973457913,0.2023830523319068,0.6735476504768344,0.6060092881228509,0.7982410046949988,0.034941776562648255,0.176767791751113,0.7720606827821811,-0.37189958961371156,0.47694316303740386,1.8047304565176885,-1.1836635022878363,0.762951507703092,-0.33241928779615487,-0.06445138043956468,1.0721437617163934,1.5366509665344203
21189,Owsley,Kentucky,-0.3079797155187961,-0.2954506061554353,0.4202418117877709,0.06290510775755775,-0.33327220971094956,0.7945569761170967,-0.6627183709766669,-0.28991568325177774,-0.6086845954090875,-0.2027010727201577,-0.578452247539126,3.6142585001200067,-1.8530082595432578,-0.8863723041398639,2.100960357655251,0.4045342923076576,0.13256319645749487,1.1753333978194238,-1.3062915374396777,-0.286093558159974,-0.4009873458412385,-0.39682314963478915,-0.1826827081061597,-0.8218178522052542,-0.18942557091247347,-0.4812581196033769,3.157236852277593,-0.6339888141495994,0.15529493111683998,-0.38248194068974006,-0.6252530346644876,-0.4062617303182623,-0.22106297548705578,-0.4116922521528725,-0.08602139992103093,-0.36679814570756863,-0.894894959665671,1.0283944240182172,-0.5923121605623307,0.315129369118935,0.31064301206815037,0.05001275200066485,0.2823741362954857,1.223053637360878,-0.26231607820846764,0.8890287789816163,0.4966804047906668,0.26843042321123883,0.9156952891877913,-0.37189958961371156,0.9063797258207039,2.5244928780925315,-1.481330951620157,2.668088186048177,-0.3549339900631723,-0.06623141670424312,1.617900311581688,1.2605372578598963
21191,Pendleton,Kentucky,-0.2781793206888021,0.07526182308467265,0.7070262831644751,-0.42144878453125506,0.4819608520474779,0.75333794198528,-0.613986887247671,-0.3005989383565676,-0.4936565533430326,-0.3988348130261128,-0.5942861665089099,-0.3609166528232928,0.22240724356929237,-0.7491106300897147,-0.25334538698116177,-0.46293547520899925,0.4941700917455012,0.6350452802312564,0.756499344090129,-0.26221306537491634,-0.4050917708029053,-0.4603345240406262,0.074558846940124,-0.7793225001730771,1.49978444203711,-0.4931134002522445,0.9508528219777792,0.07787275612284476,1.6743830142327465,-0.41964104314416817,-0.616970650692599,-0.38452710989555267,-0.10561787087151776,-0.33065645382949027,-0.08602139992103093,-0.3148010204376992,-0.08871112192575416,0.22215675675206015,-0.5300443479432173,0.07612630622436535,0.10935645694031451,0.05001275200066485,0.14524656378649353,0.6775489076628834,0.1644521067037619,0.8871759672614816,-0.5550575817287084,0.09899343778494639,0.5297553467588035,-0.4626835310939393,0.04750660025410388,1.0849680349428452,-0.8859960529555155,0.2186267424616392,-0.3183826903728273,-0.06006207829847845,0.9749430843102921,1.4817511648096613
21193,Perry,Kentucky,-0.24547064162625923,-0.11416901699599369,0.9063750719700366,-0.34620902335086423,-0.2648425335043261,0.6850526124151479,-0.5609751033992534,-0.32581207385768807,-0.32246202100842375,-0.4649902737831777,-0.6226362342129582,1.669692299762462,-1.2164834386283354,-0.7491106300897147,1.2448491777874646,-0.5247288136773132,-0.6629725828853497,-0.18554420693188534,-1.0320135624304898,-0.1193140510611435,-0.08356973025190557,-0.14000428875797605,-0.06289908521745033,-0.8221988482510404,-0.7323615805251916,-0.14556305326210675,2.8942249476420447,-0.6354329305129551,0.04043924807549955,-0.25118243789866823,-0.6256241060576172,-0.4028551149718224,1.4264293155142513,-0.3937382705998006,-0.08602139992103093,-0.11546267380596371,-1.1409403826729638,1.1590951494846797,-0.4848588556001438,0.2991958315926307,0.2788609244163863,-0.11392191619064394,0.22523764775007243,1.1710372939422429,-0.1545676750870632,0.37950555594447566,-0.17284060613996013,0.2128773132354052,0.5884581858984881,-0.42171024777100463,0.9063797258207039,2.044651263709303,-1.481330951620157,2.123763420806724,-0.24627201054338588,-0.055159961612533726,1.1037754196268743,0.5387663351843868
21195,Pike,Kentucky,-0.15140390146412172,-0.4442229205569447,0.6690468932837041,0.0760568530462176,-0.5461246710871432,0.7737731580500545,-0.6467369162154152,-0.35542328368483045,-0.4569591286193728,-0.5337981528805056,-0.6271513920803528,1.635275198871178,-1.2937066051903205,-0.5530225243037876,1.0308213828205177,-0.16436481345160545,0.025107573616188247,0.26209141861949237,-0.13030364611323272,-0.08244258953415227,-0.11272480115683124,-0.20289400609970085,-0.5989530866089237,-0.8221509683714701,-0.7782833978623572,-0.24778879669280854,3.2297988646955336,-0.5604298158647085,-0.35490468382013635,-0.22800837167137836,-0.6256528333414646,-0.40293313870608427,0.5298159741716113,-0.3916045428810002,-0.08602139992103093,-0.2841019846464645,-1.161672162656575,1.2520581532093484,-0.15253549497280666,0.3549632129346966,0.3742071873716777,-0.048348048914121824,0.25951954087732004,1.0496658259654275,0.0841689828093819,0.6815138663264897,-0.34214476982356645,0.2767633897076134,0.6627734822561733,-0.6624282872932454,0.9063797258207039,2.044651263709303,-1.481330951620157,1.8516010381859975,-0.06229900698163939,-0.05554131450104,1.3077869728100648,0.4531872324957914
21197,Powell,Kentucky,-0.2847134416584057,0.3110819503674466,0.7031367667005973,-0.6367682530413925,-0.201875075369263,0.7405863486558927,-0.608086436249204,-0.28591014086715055,-0.4953953908963142,-0.546649445430263,-0.5695856499612423,1.2050614377301283,-0.9583864552745008,-0.8471546829826784,0.816793587853571,0.3120744194107651,-0.014194853498796333,-0.3902084891309973,0.32903260560873604,-0.19657763954771898,-0.09025554042391624,-0.08011164814307788,-0.24120354501659633,-0.7217555293717013,0.06530790714023708,-0.4952248022109207,2.398273175376338,-0.6251049316677728,1.1606795981708096,-0.4157927738393769,-0.6155472794467937,-0.393303655487815,-0.071031382936138,-0.41672802393215985,-0.08602139992103093,-0.16166371644279257,-0.681108026726281,0.7319830180935696,-0.6058275970492586,0.21952814396110748,0.2258907783301137,-0.048348048914121824,0.2023830523319068,0.7802478421048041,-0.3869661916234258,1.7339109233632026,0.727549718904676,0.176767791751113,1.012492523939399,-0.6726716081239792,0.47694316303740386,1.5648096493260741,-1.1836635022878363,1.3072762729445448,-0.31808324296112966,-0.056535472648316605,-0.4279222514563967,-0.8918579097608071
21199,Pulaski,Kentucky,-0.1306007364049131,-0.1870123112274026,0.5694210203575132,-0.11129086292854438,-0.5649502344175897,0.7130061167509271,-0.6035942903601279,-0.29617016224486253,-0.3405583466245371,-0.5547911803705026,-0.5178084052081047,1.3771469421865483,-0.8342802462575506,-0.47458728198941663,0.388737997919678,0.32506310898258645,0.3865530860011593,0.19109000479076765,0.4794976861431178,-0.09121073787901007,-0.04970483541589747,0.028927816609953794,0.4415299107306505,-0.6655933947521946,1.4519009125104294,-0.47029472100909314,1.0803931954063783,-0.6173117655512042,1.4610057826458767,-0.4166234088421382,-0.6222752800849428,-0.4023817753965529,0.09772230177839655,-0.2619746527339483,-0.08602139992103093,0.09611303508926029,0.0016028807518258079,-0.04305351051174945,-0.2360110007681023,0.38683028798730634,0.4377713626752043,0.18116048655371142,0.31665602942273335,1.616510593989016,-0.13132782343342705,0.9835221767085045,0.8352887321578804,0.35731539917257316,1.252924365096616,-0.529265116493708,0.47694316303740386,1.5648096493260741,-1.481330951620157,1.0351138903238184,-0.06156910391562636,-0.05080321059656326,0.6686985173011267,0.2384321257489398
21203,Rockcastle,Kentucky,-0.2720142267215158,-0.42237040609852095,0.9916166585043502,-0.10472086189274664,-0.43403276412838465,0.8009206640746434,-0.6653418711063506,-0.26727341627762896,-0.583139752111837,-0.622529507417986,-0.6289721685727038,1.1190186855019182,-1.0249699855546124,-0.8275458724040856,0.4600805962419936,-0.5626879971333514,0.29792515716717116,0.9991388189719618,-0.3689733630703233,-0.22980969910249355,-0.22893631995439187,-0.21374857622793197,0.057349848664698465,-0.7706004288534266,0.6464271853164428,-0.49361579726429455,2.1163474925433774,-0.6247998091635145,1.1825526514424922,-0.4199953840732388,-0.6248542794153007,-0.40534548430730966,-0.1660647436857935,-0.4100753041110185,-0.08602139992103093,-0.17495146256346902,-0.4662543249978946,0.5288345094579289,-0.5028422049753124,0.2752955253031734,0.28945495363364104,-0.015561115275859598,0.23666494545915523,1.2710687235934643,-0.296119498795575,0.9168209547836426,1.027679827252888,0.2267655907293644,1.0668238750580423,-0.6009683623088435,0.9063797258207039,2.044651263709303,-1.481330951620157,1.0351138903238184,-0.3007340085458968,-0.05992129222597706,0.42397578820372184,0.21582632503874474
21205,Rowan,Kentucky,-0.24927220550727466,2.338741073738556,-1.9153273393158148,-1.20077015401233,-0.8495819687419063,0.684127700223377,-0.5560001788487268,-0.33459529192640236,-0.3345445187305593,-0.6747875049326344,-0.5761186054826597,1.5148153457516844,-0.7999588388966683,-0.7491106300897147,0.745450989531256,1.4539315970302489,0.1303293363911488,-0.8616681164139566,0.28338680669441724,-0.1597133375115411,-0.14136320016628307,-0.1597277534486722,0.02269703183719981,-0.7824853507042665,-0.03833042185236006,-0.4718669434381521,2.64643124198789,-0.6219109394236382,0.5827975767841926,-0.4285416099835872,-0.6182479490995917,-0.4011659980583768,-0.16832029819775432,-0.2746300920077045,-0.08602139992103093,-0.12477882491076187,-0.7877989214469694,0.8197857188077882,-0.5267827715348017,0.07612630622436535,0.056386310854041874,-0.31064351802021495,0.042400884404749796,0.41346593338365856,-0.4461221776508638,1.5745691154315873,0.11959385840445164,-0.0010021601715547901,0.6215565952006505,-0.559995078985909,0.9063797258207039,1.5648096493260741,-1.1836635022878363,1.579438655565271,-0.2875396069679689,-0.05301496421696159,1.0714490081917092,2.1017959842892937
21207,Russell,Kentucky,-0.2684176778417878,-0.26146040408136134,0.09995951974272822,0.19109680759055228,-0.3930794661268136,0.7443457348366235,-0.6134041930322692,-0.27259661895488174,-0.44777672510793187,-0.6373481832517731,-0.41550598315082293,1.3943554926321904,-0.8007825526733295,-0.376543229096453,1.0308213828205177,-0.3118820744891327,-0.4905158997362148,-0.25627426981203805,-0.5630539215722967,-0.17644394328253205,-0.27631426922263314,-0.4484107695272748,0.5147311613915784,-0.6623101149900297,1.6399086972372963,-0.47507418813550817,1.0908109910706203,-0.622214314208562,0.4552010477018343,-0.4236945071572452,-0.6253600889331647,-0.4011071180425133,0.3339962261250151,0.36472767650443866,-0.08602139992103093,-0.13412387752550337,0.08990634396329364,-0.02950314288080279,-0.5292177840588927,0.4505644380925247,0.5013355379787315,0.29591475428762803,0.3623652202590638,1.8792598158728915,-0.008790423805163074,1.1410111729199839,0.6095498472464045,0.42675678664236516,1.410297933854067,-0.6829149289547128,0.9063797258207039,1.5648096493260741,-1.481330951620157,1.3072762729445448,-0.29158214702588725,-0.057640719949067165,1.0369197910886303,0.7422185415761409
21209,Scott,Kentucky,-0.15395780262301656,0.8919874187249456,1.4936165716972851,-1.565618056816636,-0.3667798881573109,0.3994225653905738,-0.2664821362897447,-0.31227685511773573,-0.0641814673485638,-0.36725417989627873,-0.39345521247045534,-1.0148415697576887,1.3040120751401358,-1.0824604099257908,-0.46737318194810806,0.19522092977138117,-0.855121998089068,-0.9244407022988951,-0.7977383296103545,0.015196845941032888,0.03159642389555041,-0.05154820902447839,0.29035459057476415,-0.7377802550354299,3.42398973262484,-0.5046518192981999,0.4545595056386265,-0.5076063248105382,0.3206370070579567,-0.43723520076680866,-0.6265020618947997,-0.40421758209750536,-0.20748758493046598,-0.4025439299396888,-0.08602139992103093,0.07402650897379534,0.8228660506340543,-0.8319672727834941,-0.5273933862961946,0.16376076261904102,0.19410869067835043,0.09919315245805703,0.16810115920465915,0.734900260662917,0.20459366865095172,0.6981891718077059,0.8429843759616804,0.16565716975594613,0.8451269825624265,-0.38585862486343686,-0.38192996252919614,-0.1146360010152266,-0.29066115429087425,-0.59786040540054,-0.21960247543906353,-0.02911285144449111,-0.4937872619234267,0.9069179467504181
21211,Shelby,Kentucky,-0.17732951276978337,0.1551197315792324,1.2854301149196516,-0.7830756104642919,-0.5874683457429835,0.2780415433733278,-0.1326565643981608,-0.264399671812587,-0.17038639382161214,0.4787853763851311,0.0025254290231471748,-0.8771731661925526,1.099319201639834,-0.47458728198941663,-0.5387157802704237,0.17038389536631784,-0.13519365355219776,-0.20472894603754763,-0.075693478098225,-0.12252388386127273,-0.1996290069623912,-0.22257767670901935,0.13698703967840864,-0.19898285467435525,2.8756997733106853,-0.5022896311880614,0.3541712210860372,-0.5917346656877103,-0.0019590638607328895,-0.44458076421019976,-0.6268783757608254,-0.4024789455918745,-0.1576065803713647,-0.381492068243258,-0.08602139992103093,-0.1249541713077114,1.1052868167395864,-1.0206361524340741,-0.45279413410553704,0.16376076261904102,0.2047027198956051,0.18116048655371142,0.17952845691374197,0.8122578995931953,0.8405205184459077,0.8186219336164843,0.8429843759616804,0.18510075824748837,1.1099142569797253,-0.1400189249258292,0.04750660025410388,0.1252848061763878,-0.8859960529555155,-0.8700227880212664,-0.21380068183742146,-0.04429483832824686,-0.6072188001863597,-0.04091098302704058
21213,Simpson,Kentucky,-0.2665168959012801,0.4531986160271981,0.331148685158902,-0.5824409774217448,-0.4275857488244392,0.17200553277258218,0.017928166518902146,-0.2904411497069786,-0.3186065459330123,-0.1907327657569709,-0.518371030483087,-0.3437081023776508,-0.19157757201766942,-0.8471546829826784,0.24605280127504683,0.8144673914045152,-0.3404797102664359,-0.6891603089730248,-0.3390456874363566,-0.14275279155461312,-0.23929703764927931,0.0025829669710468236,0.0877391123186202,1.2465828496626847,1.1343019805327765,-0.5098186169102922,-0.3691573435116005,-0.6221568485633919,-0.3947200598901984,-0.4505440142088428,-0.5823533928077819,-0.400091805714627,-0.18334246315953828,-0.41399439810112293,-0.08602139992103093,-0.07706743844129962,1.7406715862608486,-1.6590447995143511,-0.5638962345931203,0.45853120685567716,0.44836539189245894,0.3614886215641502,0.31665602942273335,1.0816758834538185,-0.2855559298621042,1.2929417339710587,1.0635928316706225,0.4156461646471975,1.1167837381556458,-0.32439869987903497,0.47694316303740386,1.0849680349428452,-1.1836635022878363,-0.0535356401590872,-0.3016884971706831,-0.05445677405505929,-0.11482179801095975,-0.013461082164661317
21215,Spencer,Kentucky,-0.26423537181552426,-0.38792404058623575,2.4298093563835264,-0.8527008904631154,0.3010104212559348,0.6988127194822309,-0.5497993194604371,-0.31161889261579473,-0.47635194792200325,-0.2790210693404627,-0.5020057159330329,-1.2385527255510345,1.6571107140688925,-1.1020692205043836,-0.46737318194810806,-1.670928299306254,-0.9827323049601802,-0.14377444846862555,-1.7047471467068667,-0.24623652438871896,-0.30338207708755943,-0.3313910029828594,0.32850173468407107,-0.44972099138586424,1.8029641773267253,-0.48644388851918413,0.8214615469726037,-0.4856457439315996,0.9942368277906667,-0.4270368827570742,-0.6212734296060114,-0.37277087090910377,-0.15696773132918992,-0.22984137507727248,-0.08602139992103093,-0.16738014161427583,0.37300712910828177,-0.29038182878712165,-0.5972417577823562,0.19562783767165018,0.2364848075473684,0.23034088701110358,0.22523764775007243,0.8042553852210973,0.802491670285412,0.9520243774662082,0.8506800197654806,0.2239879352305721,1.141763669704448,-0.37189958961371156,-0.38192996252919614,0.36520561336800217,-0.588328603623195,-0.8700227880212664,-0.3117574163890167,-0.04976677897457664,-0.6655431315236654,-0.15878408673019997
21217,Taylor,Kentucky,-0.24543842498319976,0.7020806645511279,-0.6738452786441123,-0.31122651833233994,-0.5185407433309448,0.45784943304515907,-0.271272602218355,-0.3224934502656928,-0.3144692737138166,-0.3561649986176,-0.5200638813452964,0.32742536500238506,-0.49676352627063447,-0.8863723041398639,0.03202500630810057,1.3986516445484507,-0.5112225809890795,-1.8203309826117744,0.0268158472354825,-0.13931017675727078,-0.2888270421891358,-0.3363839891742623,0.45602631655131654,-0.37001651528526236,1.8619168661322172,-0.48424017892130533,1.0024317377295655,-0.5996338911620298,0.1989330714050172,-0.4412807765450185,-0.6237758039344988,-0.4041550724021129,-0.09741400826907455,-0.19633568683001956,-0.08602139992103093,-0.10752597338623716,0.47816137939599057,-0.4184560033495956,-0.5337005899900942,0.3310629066452399,0.34242509971991364,0.19755395337284137,0.2709468385864029,1.0469983211747282,-0.23907622655483152,0.7667432054527025,0.5172021216008009,0.30453994469553025,0.8039100955069037,-0.7085232310315469,0.47694316303740386,1.3248888421344598,-0.8859960529555155,0.762951507703092,-0.2616935522458151,-0.05142676344146421,1.3334936751830484,1.3687221612586866
21219,Todd,Kentucky,-0.2849038127310297,0.7826171281102745,0.00660708895052809,-0.7243004496301529,-0.1310430229915777,0.30818427919831853,-0.11508640561298909,-0.30160532891721603,-0.480143701897309,-0.25139730086617884,-0.3882968036851178,0.447885218121881,-0.5477651376089056,0.1528946565255504,-0.1106601903365306,0.5077810203696237,-0.5551603216001965,0.1452050080477478,-1.5711220125941254,-0.24648335017965786,-0.34179203704621997,-0.4627182616780811,-0.24868859214339606,0.9658649085523384,0.4988775555093619,-0.4926287114463461,0.4464313677021359,-0.6166450740317594,-0.10946002673124852,-0.4375263736011221,-0.5830200213126011,-0.3822830392449475,-0.20300734461578665,-0.40284447648614025,-0.08602139992103093,-0.3813466387661728,1.176749672301374,-0.9794207808891283,-0.4590864447564759,0.45853120685567716,0.5013355379787315,0.3778820883832824,0.3852198156772294,1.0976809121980136,-0.15245496130036904,0.4258258489478521,0.8275930883540797,0.44897803063269814,0.8139020681264243,-0.0990456416028946,0.47694316303740386,1.5648096493260741,-1.1836635022878363,0.2186267424616392,-0.3308471888847422,-0.06407103002776085,0.33583951558203023,0.9375972477142543
21221,Trigg,Kentucky,-0.27800066475910873,-0.7251107354040568,-0.1763332179148815,0.7558475212072083,-0.13644437569284548,0.3728117734314788,-0.1620174197716614,-0.26958950678187094,-0.4299692502508439,-0.09944163862691748,-0.5285302825214863,0.017671456980830835,-0.39585858862964063,-0.651066577196751,0.388737997919678,-1.1575569192721789,-0.6475830388186118,-0.09594104483467993,-0.7880276247932456,-0.2688063178052826,-0.4110957929199538,-0.5434279362155414,0.08228043023404298,-0.17974382650568768,0.044867296191651446,-0.4597462243236166,1.7539683868657916,-0.5650651937716434,-0.17054891801573369,-0.40500169481922843,-0.5118856959064025,-0.3723005199806447,-0.21121942860171733,0.2563270417973706,-0.08602139992103093,-0.3444728846316709,-0.15667857667221888,0.30104645774086486,-0.38171708657510917,0.39479705675045823,0.44836539189245894,0.49263635611719675,0.3852198156772294,1.2350574089190247,-0.03414298924549338,0.2405446769343464,0.7429410065122763,0.4323120976399482,0.8301390236331453,-0.4319535686017383,0.04750660025410388,0.845047227751231,-0.8859960529555155,-0.0535356401590872,-0.30387820636872215,-0.06451874347622824,0.9823377714213087,0.49355473376399667
21223,Trimble,Kentucky,-0.29610056058705597,-0.2138534087333594,1.0354886149745464,-0.318672539163801,0.06222148598751147,0.7189870363603761,-0.6210620897234006,-0.22614094773908214,-0.3615690894281008,-0.27046696122388036,-0.4637951417808412,-0.44695940505150283,0.2248783848992759,-0.9059811147184565,0.17471020295273174,-0.6833778727466199,-0.23530887926854116,0.5310351758410407,-1.0016631307696369,-0.23742000394301935,-0.3738459167214092,-0.4494597989180614,0.12346361657740519,-0.6097438687317316,0.7850066258858444,-0.45636485525021236,1.793359866501177,-0.5775416266574278,0.584176717399922,-0.44464307356008304,-0.6241256358529,-0.3950470059358863,-0.09922233695390167,0.023570521636738666,-0.08602139992103093,-0.2831480666617083,-0.24516577385388777,0.36059962319547034,-0.6237215881666622,0.10799338127697508,0.18351466146109574,0.18116048655371142,0.17952845691374197,0.6322013262209963,0.8510840873793789,0.48511582399217396,-0.2985361216020314,0.16010185875836308,0.6384180489960914,-0.37189958961371156,0.47694316303740386,1.3248888421344598,-0.8859960529555155,0.4907891250823656,-0.34014877411060057,-0.05953652750362167,1.8296355399094713,2.182530986825704
21225,Union,Kentucky,-0.2787914369069317,0.6592714690019043,-0.46503333512114975,-0.37577925611819096,1.0290244274683253,-0.03845097061260299,0.25392213827326987,-0.30478214229232375,-0.39835605054665957,-0.4761352667634739,-0.552250065396734,0.4823023190131645,-0.4016932278809906,-0.6706753877753437,0.24605280127504683,0.10063268114637276,-1.653219866739549,-1.9127303991521738,-1.2731299042874087,-0.2314170497403525,-0.3400246376705193,-0.44320164913807447,-0.09495994856370658,1.4705998640431945,-0.1297495684626188,-0.5129784678823514,-0.12385196161719708,-0.6366433850467426,-0.5946912660256639,-0.4515602802830739,-0.2131946378062099,-0.27535242887959027,-0.18625965140099837,0.055906884744853697,-0.08602139992103093,-0.3290668341448169,1.3892803435503145,-1.2086184574100478,-0.46944455613571373,0.17172753138219343,0.2576728659818777,0.32870168792588794,0.17952845691374197,0.6428713453837931,0.6567144190035119,0.3498605684223147,0.21963722785385575,0.22676559072936361,0.6665204719884936,-0.06831567911069364,0.47694316303740386,1.5648096493260741,-1.1836635022878363,0.762951507703092,-0.3171474697995745,-0.06260807075658306,-0.7315668979762789,-0.8918579097608071
21227,Warren,Kentucky,0.06831360420134794,1.9017168571626797,-0.5568887436943779,-1.4746745206337102,-0.4810544462973289,-0.10318683405324074,0.038002275998296545,-0.30602203894759555,1.0780417644527136,1.7242634998745825,-0.2983268780658423,0.15533986054596688,-0.17050422789808772,-0.5530225243037876,-0.1820027886588462,1.591145697230641,0.35905066707856426,-0.5292096877864394,0.31314484134574083,0.0037162295445111247,0.018088897232632684,0.04807670983687635,0.830055580863315,-0.10793620556572463,1.9675213495639317,-0.4851202391567086,0.42877183932050095,-0.562989033733017,0.2361080730885099,-0.43770307906858075,-0.6119691800920828,-0.3902774148075043,-0.15990450839689035,-0.3756300618557114,-0.08602139992103093,0.24882228646098994,0.7839967438431096,-0.8696428015892629,-0.33220516525192273,0.4425976693293723,0.4589594211097136,0.4270624888406746,0.33951062484089894,1.1523647604073481,-0.325697491809294,1.1910370893636304,0.9815059644300858,0.42953444214115594,1.0836853288534838,-0.1400189249258292,0.47694316303740386,0.36520561336800217,-1.1836635022878363,-0.0535356401590872,0.011290194443059207,-0.020116698585481395,-1.2097028718238463,-0.6512676022023041
21229,Washington,Kentucky,-0.2854866410918326,0.11203857138022884,0.29225842519546463,-0.24876880207843574,-0.2507375329368836,0.44363409430861356,-0.2627915521051237,-0.3460956942613643,-0.3146853164793656,-0.4739301652722421,-0.4152115303455287,-0.01674564391045318,-0.30449500223497206,-0.6118489560395658,-0.1820027886588462,-0.4188973250159808,-0.653038565609007,-0.48175375331295883,-0.5608649797921479,-0.2233661813111132,-0.35022258553185065,-0.49086753062785904,-0.029499733287748013,-0.5953378090542557,3.072820035044861,-0.48596465034708236,0.4463967977161971,-0.4301871549967158,0.8872871136521506,-0.44209357191696613,-0.6258083964156794,-0.39948087706222907,-0.08079204914332891,-0.40331219601247364,-0.08602139992103093,-0.32900719849865334,0.8042195619944768,-0.6398358678255774,-0.5156800080075238,0.21952814396110748,0.19410869067835043,0.09919315245805703,0.2023830523319068,0.7322327558722179,0.22149537894450538,0.705600418688246,0.8224626591515463,0.19343372474386294,0.8463759791398664,-0.4678051915093061,0.47694316303740386,0.845047227751231,-0.8859960529555155,-0.0535356401590872,-0.326654925120975,-0.06248860203517022,0.5918362898283716,0.819724144011095
21231,Wayne,Kentucky,-0.2613593042260349,-0.6026845489095513,0.1846614423501953,0.46327695647200196,-0.11297487804793596,0.6825687100414102,-0.5371816771798305,-0.29021983822437153,-0.45214704958399626,-0.28632498462331385,-0.4388781222825161,1.600858097979894,-1.4602340737053212,-0.6706753877753437,1.1021639811428334,-0.235185644433541,-0.0760733623029351,0.39086673593075955,-0.5420527991048311,-0.24098559986057236,-0.3199691872530885,-0.2583355401142019,-0.19804785994836124,-0.6733314020278302,0.41326227581800473,-0.48893803288189297,1.9157893957818553,-0.6249207675450801,1.2557586637600868,-0.41747099920070324,-0.6080170123576429,-0.4020429747487346,0.0721760389901708,-0.025208049925533542,-0.08602139992103093,-0.28953271788075147,-0.47598434030628484,0.5877627279614102,-0.3794756836095085,0.4664979756188296,0.4907415087614769,0.23034088701110358,0.3623652202590638,2.0326413413380977,0.16022667913037358,1.026136846271611,0.38124574773366193,0.41842382014598983,1.437775858557749,-0.5702383998166426,0.9063797258207039,2.044651263709303,-1.7789984009524775,1.579438655565271,-0.28009085260198974,-0.0621028769807259,-0.5197148468467533,-1.004886913311782
21233,Webster,Kentucky,-0.2830059595762547,-0.04168886539857668,0.5971583452409817,-0.258988214729725,-0.2374243496981001,0.527783361270521,-0.3806747875937774,-0.2933938317600508,-0.43105657295719974,0.8041975020575076,-0.29797392599927996,0.31021681455674494,-0.45598969432590636,-0.2981079867820823,-0.1106601903365306,-0.029693693559020826,-0.2501594727905417,0.3602393228076132,-1.0097031766934794,-0.23085378073270746,-0.3594337722980015,-0.4843988580292536,0.0855657546823881,0.8187931903054758,0.19461384294812992,-0.4914186795306523,0.6577988633573114,-0.6302390357210944,-0.375321820656052,-0.44007637467455013,-0.20580387420285964,-0.23853876600915794,-0.10844961936587176,-0.36581515313269325,-0.08602139992103093,-0.29978240348161217,0.8942644147551269,-0.7399966627518524,-0.4899597228142185,0.23546168148741178,0.34242509971991364,0.39427555520241236,0.2709468385864029,0.9176243388258152,0.6926305533773134,0.8964400258621563,0.21707201325258904,0.30453994469553025,0.989386087256757,-0.37189958961371156,0.9063797258207039,1.8047304565176885,-1.1836635022878363,1.0351138903238184,-0.31862599139483166,-0.06282514751167341,0.11559413527298185,-0.09258138465034335
21235,Whitley,Kentucky,-0.21470081871874888,1.2188575581898837,-0.6259927523588517,-0.8111544617280825,-0.3850417016826086,0.7574157533221005,-0.6277171862076274,-0.2843335686658281,-0.4553705418817948,-0.4515919992426374,-0.5983146896479656,1.3943554926321904,-1.2033726610164783,-0.8275458724040856,0.6741083912089404,0.3488367530505049,-0.3655300702458613,-0.39736021015718875,-0.45889881228646906,-0.14839082372746593,-0.13726211335687785,-0.021814000868673744,0.045333260879571464,-0.8202469080443713,0.24341121257909826,-0.41127737915986673,1.9550700003721628,-0.6077408748294101,1.6953317339297862,-0.32155534514502754,-0.6128792970116802,-0.39118415642640253,-0.10924291819693367,-0.31567119453960757,-0.08602139992103093,-0.06755666536396614,-0.6974961083312347,0.7072867469384653,-0.4085469034689941,0.38683028798730634,0.35301912893716836,-0.048348048914121824,0.22523764775007243,1.775227129035621,0.24684794438483607,1.1428639846401192,0.38124574773366193,0.27398573420882266,1.3821955108616657,-0.6265766643856777,0.9063797258207039,1.8047304565176885,-1.481330951620157,1.579438655565271,-0.21548507352822077,-0.0538435698478707,0.11822848903351046,-0.06836088388942042
21237,Wolfe,Kentucky,-0.2999489850397943,-0.2883180385167553,0.37408439029278606,0.07932121907181015,-0.4980610559440696,0.8055294222071251,-0.6638727615218913,-0.2961389591564311,-0.585264747905352,-0.6706393329429898,-0.6308570088663406,2.6849967760553395,-1.5752794311789986,-0.7687194406683074,1.95827516101062,1.0068656276928616,0.9065225312721708,0.27678996190806576,0.9593495797495069,-0.25141334679374877,-0.2490418274471663,-0.26728486891105047,-0.23135369320995516,-0.8221988482510404,0.04680613518162265,-0.4712126078571427,1.6263876869205702,-0.5527028439798409,3.7390213248400452,-0.40313194308663164,-0.6259138539591103,-0.40495190247051366,-0.1717260079437628,-0.422022297434813,-0.08602139992103093,-0.28257632133278765,-0.7883788448788563,0.8884758982113511,-0.5740905224997894,0.22749491272425992,0.2047027198956051,-0.09752844937151399,0.2023830523319068,0.8389329475001877,-0.427107753570616,1.078015574435392,0.4120283229488634,0.16565716975594613,0.730219297437938,-0.49853515400150705,1.7652528513873038,3.244255299667375,-1.481330951620157,3.21241295128963,-0.3398118957724407,-0.06416786528425636,-0.8148439594101992,-1.5005998288853424
21239,Woodford,Kentucky,-0.24261214675116594,-0.3070914035146394,0.46158336174219267,0.05304072990460201,-0.9365189366661668,0.47032964781613457,-0.3138710024137164,-0.32573554022236095,-0.3384235555577105,0.0766313065940716,-0.20896518862066718,-1.0664672210946144,0.8301020823010736,-0.7883282512469002,-0.6814009769150549,0.11300102423467498,-0.17642894449186042,-0.3711330275541867,0.08851146521367999,-0.17370432751245596,-0.14981182178476116,-0.18511825052915803,0.36366526592070925,-0.6892445206767845,4.803736993244328,-0.5069519840570049,-0.1316566938870894,-0.6122122530880093,-0.27052183183437395,-0.4416528224356118,-0.620166099585632,-0.40170406959954547,-0.09074463050231536,-0.36402035631621726,-0.08602139992103093,-0.046126348977064704,1.4949702149870416,-1.4335270695051818,-0.5969513434446205,0.22749491272425992,0.24707883676462306,0.16476701973457913,0.23666494545915523,0.8282629283373903,0.18557924457070388,0.5369945521559557,0.9738103206262856,0.22954324622815514,0.8607394397804277,-0.3551286623712359,-0.38192996252919614,-0.1146360010152266,-0.588328603623195,-0.59786040540054,-0.26871185095747885,-0.04176696280049686,-0.8555436351770703,-0.9935840129566847
22001,Acadia,Louisiana,-0.13919379374458904,0.7799487758291481,0.1383612477282485,-0.787458036776757,-0.504612085714331,-0.334107284182373,0.5746770301517572,-0.32487810551554147,-0.5108370379146924,-0.5025622527138868,-0.5015648104944774,0.9985588323824247,-0.7546545811803037,-0.3373256079392697,0.816793587853571,0.06472481439552664,-0.28762904669934475,-1.0723666444886912,0.8228771197270282,-0.19976774049610768,-0.17302594198879054,0.769948538256225,-0.5608007116374493,1.5892037509843344,-0.3254645300412659,-0.518169208851483,-0.827611680336779,-0.5218086126943854,-0.4898179709524054,-0.4483261077877546,1.0443057246517642,-0.30597771324347683,-0.25927691473337006,-0.3646223324032559,-0.08602139992103093,0.01821355450376212,1.4175027061364116,-1.3859891871862937,-0.25035300113935466,1.542011758644393,1.486580255183403,1.2631292966163485,1.436531204912834,0.5415061633372222,2.0109639562744976,2.245286958120478,0.3402023141133936,1.4905988426795782,1.687575174045767,0.3004438707957178,0.47694316303740386,1.0849680349428452,0.9000086430384084,1.3072762729445448,-0.15293799540987318,-0.051148348531905766,-0.6439024437355308,-0.37515389352778006
22003,Allen,Louisiana,-0.24585431255723997,0.3257364887671759,1.4475759658918668,-1.0210130101953718,2.9332912020616906,-0.7880772070274575,0.8874982508566908,0.02008743739673342,-0.3533693683167714,-0.32217956798427866,-0.5372788392122145,1.2222699881757704,-0.591078753698339,-0.3373256079392697,1.0308213828205177,-0.35854792558638293,-1.0577065062886015,-1.2063564504471254,-0.5056480203591041,-0.24985627052778336,-0.3648158275648249,0.20722984353556378,-0.8204878729404707,-0.3953462977841058,-0.5239555651509696,-0.25206244722046134,-0.8253877432395083,2.3229075582890277,-0.43659805505540367,-0.048078087642621,1.9154654553219945,-0.27566898119394473,-0.20393592512185357,-0.39581389146854595,-0.08602139992103093,-0.3142198586300015,-0.6263499476535205,0.7446095684262091,-0.1693422939540719,1.4145434584339558,1.3594519045763485,1.148375028882432,1.3336855255310893,0.932295615174661,0.8426332322326022,3.1605759478671964,0.14524600441711924,1.3683820007327447,1.7862459036635339,3.3427101575236127,0.47694316303740386,0.845047227751231,1.197676092370729,0.4907891250823656,-0.29161957795234944,-0.06389344618840215,-0.39434426736707445,0.30947892798098064
22005,Ascension,Louisiana,0.049885684371340805,0.8809265084995417,1.5339501936871993,-1.575514707601011,-0.36165274501952577,-0.7947061871926325,0.9565981851645241,-0.30102247196035503,-0.06017385082305725,-0.14163863227870285,-0.27411549863122914,-0.8427560653012686,1.877385506511035,-0.8863723041398639,0.03202500630810057,-1.2227469098181807,-1.1034588850242455,-1.0696583298625952,-0.03305236875788244,0.658253385670272,1.0070069968887583,1.8527248741699356,0.813181005625905,-0.3805461026057699,0.20726333656516818,-0.4843797173468187,-0.7907929789697952,-0.580810231758937,-0.5477884635730207,-0.42004345006143573,3.3776419996158844,1.0306175149682055,-0.17345492228868373,-0.06485679747864419,-0.08602139992103093,1.2995662778608643,-0.28091186993752015,-0.2879570773936658,-0.5145183506565811,1.6057459087496115,1.5395504012696757,1.3614900975311353,1.5508041820036604,0.6081937831047032,1.037002900608469,1.82469869764982,0.6198107056514718,1.5711508521445379,1.3572155793128635,0.3926337582723207,-0.38192996252919614,-0.354556808206841,1.197676092370729,-0.8700227880212664,-0.05013395588142218,0.016596297877518672,0.24571982186477231,2.7315290040732956
22007,Assumption,Louisiana,-0.2567962560545233,-0.1809260257114442,0.533035969915357,-0.09877764482338812,-0.6377653806668853,-1.1074839393563691,1.326324595509086,-0.25907988062041337,-0.4881142863417384,-0.36230067268192373,-0.4631939248513038,0.7404305756977946,-0.2717523796126904,-0.3373256079392697,1.31619177610978,-0.8050492358351784,-0.5160413396836686,-0.42786433319519623,0.0579461301560494,-0.12341173251580842,-0.16992761008870427,0.15419302629753445,-1.0336885838438865,0.16489502252303687,-0.7109573336122214,-0.5176601389651092,-0.8275109080205194,-0.6376339738982282,-0.6995879561780673,-0.45349359751408924,4.906129462149128,1.5457348206104766,-0.2606425660228275,0.2521606123160733,-0.08602139992103093,-0.3054418720157122,-0.15933754222824112,0.2867805886817323,-0.46849884790770274,1.6933803651442871,1.6031145765732022,1.4434574316267896,1.6193679682581557,0.4388072288953015,0.6651652741502886,1.4319026129811878,0.5018108339932003,1.6489252061107051,1.0068720393409178,0.20313232290374816,0.9063797258207039,1.3248888421344598,0.3046737443737671,1.0351138903238184,-0.28546219054931643,-0.05832713240918498,-0.3754605074690058,-0.4591182961656469
22009,Avoyelles,Louisiana,-0.20333713007596002,0.3651139990970414,0.3936059147129703,-0.5323951246301489,0.13612220061031705,-1.1830965596375638,1.3918632496975634,-0.12981932184235373,-0.42728577349162766,-0.10924067495332954,-0.5537603449859552,1.704109400653746,-1.1947923091762578,-0.23928155504630408,1.173506579465149,0.2596715712112686,0.4929939035225589,0.15115436098895033,0.8211673891424423,-0.2616178617203494,-0.3490272515416601,-0.05951739501337493,-0.5325485536254904,0.5804129804887012,0.054531368956537464,-0.49448316487482674,-0.7933084173104665,-0.483587253782714,-0.6179073307903332,-0.4327987830899104,3.3747111405827317,0.08239398916484446,-0.19334748499001508,-0.1788640604488083,-0.08602139992103093,-0.32529753292502,0.5961640055721896,-0.4391614861459978,-0.09529408435296405,1.3587760770918893,1.3488578753590945,1.148375028882432,1.3108309301129237,1.0376620544072808,1.2144708586907822,1.0539290220736364,-0.05227551988042184,1.340605445744828,1.1873520447810115,1.4579391246686206,0.9063797258207039,1.5648096493260741,0.3046737443737671,1.3072762729445448,-0.2100763046544319,-0.06118906455863328,-0.8863997999133891,-1.104998316456931
22011,Beauregard,Louisiana,-0.2110896259103575,0.6706252657833977,0.3900395054130698,-0.8120806032099774,0.4133421508251327,-0.04524207527294309,0.18322060237535712,-0.10882132602341571,-0.28941659023526006,0.18835316416677766,-0.4265933693196556,-0.03395419435609518,-0.02601110290877341,-0.16084631273193314,0.745450989531256,-0.7247192601384405,-1.2393490756353356,-1.1156312888492794,-0.8899342167245123,-0.2520392844955916,-0.3877090305966661,-0.07316322596016153,-0.5376242276749722,-0.7813068186840132,-0.17617884877145304,-0.1335695088760423,-0.824275610826233,2.571577358784747,-0.5073688804384382,0.2516606760291034,1.4853732912575686,-0.28712347948106304,-0.09401058999222915,-0.3692703159889789,-0.08602139992103093,-0.3409767105382135,-0.849012824906782,0.9726388900993308,0.12804943440870403,1.4145434584339558,1.3700459337936024,1.1647684957015643,1.3565401209492551,1.0176557684770366,1.3032048377319392,1.7450277936840128,0.9840711790313529,1.3794926227279125,1.6894486689119281,-0.2373304728177989,0.04750660025410388,0.6051264205596165,0.9000086430384084,0.762951507703092,-0.241948738537001,-0.06416019082631301,0.25348841004892,0.966661848627362
22013,Bienville,Louisiana,-0.2821302526421841,-0.27133670538364646,-0.11932478811341525,0.3094030948925469,-0.9862538549176749,-1.8521827903682566,2.148312284117587,-0.2702456808881357,-0.4897201303401636,-0.32370953254629475,-0.5507408091367731,1.704109400653746,-1.2715349760351906,-0.4549784714108239,1.2448491777874646,-0.17990887827142804,0.08312991096175622,0.2762392484090552,-0.0007159438227402611,-0.21177928846605362,-0.3436536877328973,-0.24552908344112181,-0.37570886935154213,-0.8181091920306457,-0.7357156786812132,0.008981446920801883,-0.7176973634045137,2.807558780299499,-0.4916894078975164,0.29115535823498245,1.3940523457265719,-0.3196550129925588,-0.2024382630193274,-0.3248007177911999,-0.08602139992103093,-0.3344882373903224,-1.1384312814757356,1.2512162835382794,-0.12788006235119895,1.0879059391447106,1.136977291014004,1.345096630712003,1.1737033576039333,1.5778317745238772,1.8271578568321023,-0.0874029975295586,-0.29084047779823125,1.1906120488100778,1.1786090687389308,0.8689481769014356,1.7652528513873038,1.5648096493260741,-0.29066115429087425,1.579438655565271,-0.3133107998371983,-0.06751978636463124,1.058950938307052,0.7373744414239566
22015,Bossier,Louisiana,0.05115970616505554,0.7987387236230081,0.6981183911469149,-1.083537754465696,-0.3040149204885615,-0.7963972319193878,0.9306704506771262,-0.23803383194703998,0.2834126607547413,0.2696878214308128,-0.20669462472924538,0.32742536500238506,-0.11270697790236199,-0.47458728198941663,0.10336760463041615,1.0100118418035064,0.6021106290018374,-0.02483900021480043,0.6685028209915354,0.06774338230098392,0.2005349015414545,0.19881760302942428,-0.40531197621505827,-0.7383331544348347,0.14140569821495017,-0.3019262044982567,-0.6295298988260077,1.744877984082197,-0.049189021020672304,-0.18522468376182985,1.6411268998286288,-0.05443834626399245,-0.11387932931534103,-0.1292553812101922,-0.08602139992103093,0.03246079065533676,-0.6629976854470079,0.6305658350660531,-0.09404306874425662,1.0879059391447106,1.1793534078830212,1.345096630712003,1.1965579530220973,1.1777060559189911,1.5165889301880535,-0.2634201109423889,-0.2113188251589613,1.207277981802827,0.8594904432029874,0.40287707910305437,0.04750660025410388,0.36520561336800217,0.6023411937060877,0.2186267424616392,0.016624101463923676,-0.04025048271696876,-0.6318479591953207,0.17222942366908317
22017,Caddo,Louisiana,0.3825957436035103,0.4007568378432196,0.04343306232558328,-0.39083994217679585,-1.264974302456787,-2.455762004382822,2.7227943781891835,-0.26503363985333545,-0.08767266134553146,-0.23083567683721534,-0.4961013540384754,1.65248374931682,-0.6939056901515421,-0.3961520396750457,0.8881361861758866,1.4529374386782217,1.602768651070185,0.335430784491303,1.793782848191803,0.37504571545410736,0.6570526705165237,0.7607555005127089,0.0659222578961615,-0.5270958071657057,0.28884940557031386,-0.3318854295992782,-0.6516223789157506,0.7783250114141408,0.5566912716508755,-0.23435469993895544,1.1689222014838696,-0.15388462042143097,-0.10480324975352812,0.0457487536098576,-0.08602139992103093,0.555782747936652,-0.38829198333953807,0.1375559127618665,-0.0426844100939308,1.095872707907863,1.1899474371002767,1.3123096970737407,1.1851306553130152,0.9683069298491006,1.4320803787202856,-0.33938539146792623,-0.11897109951335777,1.2045003263040361,0.7333417888815384,2.28252645154268,0.9063797258207039,0.6051264205596165,-0.588328603623195,0.762951507703092,0.5595409743350024,-0.017224424433852043,0.03614551616369034,0.30786422793025275
22019,Calcasieu,Louisiana,0.2749101497844222,0.8592676435849268,0.2601403279248852,-0.921181097311089,-0.513841963853846,-0.9234578047137884,1.1155443327366734,-0.238266293244968,-0.0626164926422149,-0.2491421885763137,-0.4071937871375182,0.7576391261434348,-0.18340907706577944,-0.43536966083223116,-0.039317592014215016,0.5117831315779461,-0.03307689561691753,-0.7814678990538174,0.5939349676992376,0.3007588688941243,0.3712159654547026,1.009430420535049,-0.06104166717844444,-0.4454648453864987,0.9935109397574461,-0.39360619773059635,-0.8287198610363412,0.41064886992558364,-0.45813988469072503,-0.2901623619730417,1.3424498032668328,1.9209748203670336,-0.10358685103326207,-0.05495387914439759,-0.08602139992103093,0.5053153708661146,0.010932563068057215,-0.22879012096563134,0.0749185036460426,1.549978527407545,1.4759862259661476,1.345096630712003,1.4822403957491637,0.8522704714536835,1.3708116789061537,2.3360747324070963,1.4919836700821727,1.5155977421687026,1.9548604416179463,1.1403961789158774,0.04750660025410388,0.36520561336800217,0.9000086430384084,0.2186267424616392,0.31197282671396653,-0.03199846591666063,-0.07733093423813096,0.7196127408659458
22021,Caldwell,Louisiana,-0.29186260763187155,0.18431779325177586,0.3638352368162678,-0.3510047604652358,0.6182989078336013,-0.2178917137256667,0.416410352358621,-0.2860579740238103,-0.4868187715919195,-0.6365514635692812,-0.4739371508263487,0.8608904288172887,-0.804146050594696,-0.04319344926037889,1.3875343744320952,-0.6083274581109134,-0.8070446703307712,-0.49546055829443597,-0.8451627019729779,-0.27697620510705,-0.38708070767308694,-0.3510120946658148,-0.49533290282321124,-0.34017822883434823,-0.7671677854969661,-0.24160684716835426,-0.7243768510208768,1.585938478218701,-0.4061208252197571,-0.04133309310780569,2.8272382000363696,-0.14289297627902148,-0.20994512635508558,-0.24274832756874012,-0.08602139992103093,-0.43009804517333455,-0.6820798927628084,0.8488198092279975,-0.33740283724524267,1.1357065517236244,1.1475713202312579,1.115588095244172,1.1622760598948496,1.4644628209191592,1.45954565794731,-0.02070177560469666,0.9994624666389532,1.168390804819744,1.3534685895805423,0.3721471166108534,0.47694316303740386,1.5648096493260741,0.6023411937060877,1.3072762729445448,-0.3350020217220471,-0.0670516880713162,0.7353728440617178,0.9375972477142543
22023,Cameron,Louisiana,-0.30048788161460693,0.02676160022760417,0.6288946726180712,-0.3378555522530474,-0.30944180522627746,0.5363753666934085,-0.38782127795053106,-0.24712337588282743,-0.46209868390443526,-0.20590697576252845,-0.39713713657194766,-0.13720549702994866,0.3154182575172833,-0.31771679736067504,-0.25334538698116177,-1.586576525691469,-2.2301093273168595,-1.9855980110063243,-1.6438263281457326,-0.2445391438019302,-0.41900644668093145,-0.569446221207492,-1.193623168467236,-0.6957437684889443,-0.59628068298706,-0.4881656731225853,-0.8314188612059654,-0.6371770698946063,-0.6970358555610143,-0.4498447411037207,-0.5400838529897161,14.623219004601388,0.0486696439115861,2.9331919728726863,-0.08602139992103093,-0.6981988201583467,-0.9548549572374372,1.2297653521926208,0.6977381137453043,1.6296462150390683,1.5501444304869296,1.4434574316267896,1.6079406705490737,0.35077957080222655,0.8658730838862384,2.7399876873965385,1.0430711148604883,1.6100380291276208,1.5976474204700806,1.0956229539944446,-0.38192996252919614,0.6051264205596165,0.9000086430384084,-0.3256980227798136,-0.3533618911517596,-0.07013423967739388,0.05108369156842739,1.0296351506057624
22025,Catahoula,Louisiana,-0.29310441278252686,0.08366330410692628,0.30968102246944,-0.23130397776466488,1.2046108728002036,-1.137659018963135,1.3905659406300432,-0.285834707503166,-0.6142286339737436,-0.5852598150800047,-0.5772641839465328,2.048280409566586,-1.2992666731827833,-0.31771679736067504,1.601562169399042,-1.0653616653085514,-0.37901067427892515,-0.3127858079752398,0.5668712420570289,-0.26488015056134295,-0.32599395987977103,-0.3895456137913507,-0.6652889974574299,0.9387173378277752,-0.8204901729862004,-0.4559196515259188,-0.7870468020979469,0.054487326509777174,-0.22638652325386222,-0.3580615725720631,2.153065069634523,0.10751371211008873,-0.12769328010604075,-0.02395771261106686,-0.08602139992103093,-0.46875860516265244,0.5530256578657875,-0.3352846215113769,-0.18939577630079193,1.231307776881452,1.2217295247520399,1.0991946284250398,1.1851306553130152,1.0456645687793789,1.2546124206379723,0.488821447432444,0.23759373006272322,1.2239439147955775,1.0830608305647638,1.1711261414080782,0.9063797258207039,1.3248888421344598,0.6023411937060877,0.762951507703092,-0.3345902815309629,-0.06820346147319006,0.9660802166963015,0.979579449033188
22027,Claiborne,Louisiana,-0.2750162320975103,-0.5259783787974084,0.977796012306554,-0.002385918338039493,3.0815400113043614,-2.5156663194108115,2.8341938039180583,-0.2752363155834662,-0.44451227558715933,-0.37795203257058396,-0.590714830928607,3.098001986750748,-1.3196535891551475,-0.21967274446771134,1.0308213828205177,0.7000588384597959,0.5656129264622081,-0.04053221528585274,0.8407443159324725,-0.2582325298939522,-0.357725429602208,-0.14747721500705174,-0.56670846442894,-0.8206238454806505,-0.5608182149081984,-0.15884713707333506,-0.6235816191911197,3.481401950703746,-0.4471082473305316,0.03731742218014803,0.6691909044160894,-0.3287037543468065,-0.18543878977470285,-0.2964390639221755,-0.08602139992103093,-0.3667623132797868,-1.0617688316313791,1.190617224720552,-0.16851573006974738,0.9923047139868824,1.0204429696242032,1.0991946284250398,1.036575785094941,1.669860689803001,2.1673047764898694,0.19051876049069993,0.05289827877151571,1.0517292738704935,1.499601189141034,1.9649835057899365,2.194689414170604,2.044651263709303,-0.29066115429087425,1.8516010381859975,-0.3127680514034963,-0.06661796580063474,0.007140391866910144,0.11248552179213923
22029,Concordia,Louisiana,-0.2645048201029306,0.5849870527629374,-0.4335577082263458,-0.3230178779106629,0.37070049295992485,-1.7375272195615605,2.0087905198866918,-0.3080675120022598,-0.49714760823087234,-0.5679955919507991,-0.5790212739114486,2.2375744644686484,-1.3348236512086575,-0.3961520396750457,1.601562169399042,0.6757172323980661,0.6005693600223843,0.07023241925870578,0.8098338142363666,-0.25987495792528165,-0.34300192417708614,-0.44243121479810654,-0.8643316426458464,0.9891658744846142,-0.815568157234711,-0.5071624160500279,-0.8143572898119811,-0.6352838031995657,-0.6876350811205414,-0.45200060266771225,3.289479708365756,0.4035504855152676,-0.2074574994187351,0.30811754993809626,-0.08602139992103093,-0.5452183201107474,0.6049257081010688,-0.3527327645113893,-0.18355025693867702,1.2870751582235185,1.2535116124038033,1.115588095244172,1.2422671438584285,0.9216255960118637,1.4046150994932611,0.7574791468520271,0.22476765705638918,1.2683864027762435,1.1567516286337287,0.5514052311486923,1.7652528513873038,1.5648096493260741,0.007006295041446424,1.3072762729445448,-0.2980202663773868,-0.06549769457205483,0.12739827272753124,0.26103792645913426
22031,De Soto,Louisiana,-0.240477061952044,0.1197864752063916,0.33499333067746323,-0.2771895303907784,-0.8108491866263268,-1.5142467080136042,1.742097739600288,-0.16807403649160124,-0.49552685796335133,-0.3859361209353504,-0.487080258890964,0.6027621721326586,-0.5748790494240025,-0.21967274446771134,1.31619177610978,0.03738458111204603,-0.5701674761885484,-0.8579055921884815,-0.11667546712347246,-0.0069664938069465285,-0.22315000964769915,-0.31880327038795403,-0.3643276415290786,-0.8110082874465537,0.025941024725539056,0.0013202308657793798,-0.7321439345656816,1.9663193485166575,0.5503019704799548,0.04451410853719603,1.1641554348196195,-0.10747149060571655,-0.06383329790452036,-0.3162147746996821,-0.08602139992103093,-0.2773737830125378,-0.7868014789959397,0.8846962432978321,-0.07392256770421306,1.1118062454341673,1.1899474371002767,1.2631292966163485,1.1622760598948496,1.2257211421515772,1.220809000050865,-0.17819077181617643,-0.1600145331336261,1.1961673598076608,0.8357595082316259,0.3106871916264515,0.9063797258207039,1.0849680349428452,0.3046737443737671,1.0351138903238184,-0.26313464291461003,-0.0644663556407445,0.14681768115145463,0.23520272564748285
22033,East Baton Rouge,Louisiana,0.9679282162077816,1.4371319784980365,-0.4646850112811377,-1.0925805500337955,-1.0742680653704684,-2.39294386949501,2.5290679341161875,-0.32116170043944636,0.6763709116447928,-0.4568074323763944,-0.3857123384132494,0.5511365207957325,0.039885999224120526,-0.2588903656248968,0.24605280127504683,1.46040397180562,1.0250086768247848,-0.29659103029731315,1.330182474056176,1.3590652367432632,2.3955490280331038,2.4080951439521687,1.9459679106210044,-0.8042869336798967,0.5073431739641331,-0.4622621525151959,-0.7674078543757636,-0.23253365648871177,-0.30084017947627206,-0.3261649509333305,2.2350033404596754,0.02122370609027414,0.06448992399818555,-0.09711321583087144,-0.08602139992103093,2.363359055077892,-0.5623563141277208,-0.4736052053026147,-0.3897965623813443,1.542011758644393,1.486580255183403,1.328703163892873,1.516522288876413,0.6602101265233385,1.5694067748554088,1.787642463247119,0.5890281304362703,1.5211530531662873,1.5189606360913555,4.577030317627018,0.47694316303740386,-0.354556808206841,1.7930109910353704,-0.0535356401590872,1.0249383985028508,0.12488734780454396,-0.2855417006834005,0.6421071384309922
22035,East Carroll,Louisiana,-0.3008159056166668,1.0684851443639045,-0.1841962798986642,-0.8926416829518873,1.9089893480694535,-3.590188942064062,3.9710128223069288,-0.28837699386004856,-0.42270516412192566,-0.7803361069640101,-0.5063048705131459,4.113306463043625,-1.7695385968415922,-0.592240145460973,4.455266102291662,2.4695941606417264,1.5003496776221725,-0.3866395112890536,1.3933318689707763,-0.26192047583042066,-0.33189348963691223,-0.5052627855975313,-0.7711914395437682,1.903584350263732,-0.8319359281551248,-0.5211406516705948,-0.8309766195458628,-0.633581162926363,-0.7041378638376378,-0.4556830760065198,1.1561119182524695,-0.1504496373365893,-0.13889072032381783,0.15877420456707672,-0.08602139992103093,-0.5385612615293102,1.497879241779023,-1.223754949094754,-0.410438319925016,1.1516400892499288,1.1899474371002767,1.0991946284250398,1.139421464476684,1.4951391260122004,1.7680018708046643,-0.016996152164426296,1.4688967386707719,1.1767237713161178,1.5745409837874387,0.9765030456241389,3.912435665303804,3.0043344924757602,-0.8859960529555155,3.21241295128963,-0.3506668644464807,-0.06764621046090302,0.032003917932572935,0.4531872324957914
22037,East Feliciana,Louisiana,-0.2648679895337826,-0.7874461527413978,1.5678319206705698,-0.05534898226176688,2.0455451432516565,-1.9249866676536571,2.2212531350307887,-0.27409336531539663,-0.5105429915954625,-0.5662406268383134,-0.5733421332318003,0.7232220252521526,-0.38995530656356886,-0.5138049031466021,0.388737997919678,-1.1016320722708375,-0.43769698642787497,0.10166761346901007,-0.5464066558568457,-0.2602968566647269,-0.4104940716565176,-0.5245895312999871,-0.17349700823861489,-0.8085266594597551,0.8411170005799601,-0.36885827422123096,-0.7057822948486691,1.3486226933019816,1.1454200502379128,-0.16272792704312708,1.6983842961132296,-0.23792658176317613,0.15715912377143024,-0.345754213961613,-0.08602139992103093,-0.40568540193463914,-0.4155032772153219,0.5791087040703385,-0.40052699983460216,1.4862443773023266,1.423016079879875,1.2467358297972186,1.436531204912834,0.7575740513838608,1.550392350775161,1.2410630058072776,0.2529850176703235,1.4517116656964952,1.292892255574699,4.725558469672656,0.9063797258207039,1.0849680349428452,0.6023411937060877,-0.0535356401590872,-0.2978892581347691,-0.06210773671931633,1.0807238842627809,1.4623747642009226
22039,Evangeline,Louisiana,-0.22310350498580078,0.9435104912102279,0.0032733745251870626,-0.8708681406017345,0.4219181901475196,-1.0031736748496651,1.2474012758409603,-0.312263702933775,-0.4437729318452921,-0.646589700377538,-0.4118963099268657,2.4268685193707094,-1.4123900318442513,-0.2000639338891186,1.2448491777874646,0.7499313897563685,0.7208861298636856,0.23236386941544587,0.8208590790349223,-0.25450803708345726,-0.2899819442113508,0.28301377641983916,-0.7972795365973558,0.3934896752352679,-0.04243405229361391,-0.4311105829553013,-0.8235556974493758,0.7379935340164322,-0.22825567601463692,-0.2692211364128117,1.8061667706881632,-0.1911833335281352,-0.21852755453218484,-0.35692356520737945,-0.08602139992103093,-0.26033406010744353,0.3682391844985268,-0.24561507142139388,-0.23388874214618807,1.4304769959602601,1.3912339922281118,1.148375028882432,1.3336855255310893,0.7869166040815523,0.9862977697278082,2.7288708170757277,0.02981134736011483,1.3822702782267031,1.5870309495618398,0.6128651561330942,1.335816288604004,1.8047304565176885,0.007006295041446424,2.3959258034274504,-0.24406358588211569,-0.06060988455681536,-0.6124296918272479,-0.6254324013906527
22041,Franklin,Louisiana,-0.26229065808902635,0.5444979447337005,-0.45698839248989204,-0.27404715396580354,-0.6436011619587418,-1.2360113162855932,1.4963915568594552,-0.3197841941118965,-0.4938632894394063,-0.37777294349509155,-0.5815175883812967,1.9450291068927341,-1.3891887604682949,0.01563298247540123,2.100960357655251,-0.13838765318045565,0.4442611377151255,-0.03441415702316951,1.3448987169735216,-0.2591400342179639,-0.2889319785841359,-0.3179985717747681,-0.6510327562363803,1.7697475424083944,-0.8254588520252601,-0.5182421193648109,-0.8269954814451435,-0.5217782742079733,-0.5955249570598167,-0.4520851435038653,1.6333064804347865,-0.07843607976261603,-0.21073250413932887,-0.26934445770517024,-0.08602139992103093,-0.4279266822238163,1.369030893350376,-1.146250472386615,-0.26678002752511937,1.1516400892499288,1.1051952033622392,1.0664076947867775,1.1051395713494363,1.3844376771981823,1.3475718272525177,0.19607719565110532,0.7172888604996087,1.140614249831827,1.2872717709762183,0.5462835707333256,1.335816288604004,1.8047304565176885,0.007006295041446424,1.8516010381859975,-0.29176930165819825,-0.06430034693122466,0.942554933172597,1.1394347540552805
22043,Grant,Louisiana,-0.2553377207596499,0.005537140051756971,1.88841799956401,-0.9455666380527787,2.7257199230499443,-0.23707144440974912,0.38654001111730685,-0.14286728347312974,-0.4269066262260271,-0.30122091350038044,-0.33500835504166404,0.7060134748065106,-0.4240707854802858,-0.2588903656248968,1.173506579465149,0.353607851355101,-0.45487488931597453,-0.30438541476232667,-0.7706727953603802,-0.2655632370622413,-0.39336526179892156,-0.3366873043491693,-0.105422648476185,-0.7037128413104012,-0.48191943705188883,-0.33485185623105024,-0.7743280810059141,2.870076602165609,-0.46462347394500614,-0.1078135284943686,1.8415364448336167,-0.1490305704163442,-0.1712359806170796,-0.248698739346101,-0.08602139992103093,-0.3184645655489396,-0.9109547851356934,1.023140927261203,-0.24502873828086796,1.231307776881452,1.2217295247520399,1.0828011616059097,1.1965579530220973,1.2670674664074157,1.5863084851489628,0.4591764599102834,0.3632892455247949,1.2239439147955775,1.3053822213491,0.3670254561954866,0.47694316303740386,1.0849680349428452,0.6023411937060877,1.0351138903238184,-0.2974775179436848,-0.0638427118062727,-0.8511558714712775,-0.6173589011370115
22045,Iberia,Louisiana,-0.11639319681569431,0.7866427539033912,0.022509253004671485,-0.7359287381024149,-0.5086620400887306,-1.452128389312374,1.5835642926343012,-0.27322796662805,0.3790636039766384,-0.19532243889203274,-0.3929437667283094,1.2738956395126944,-0.5485202085708449,-0.08241107041756218,0.8881361861758866,0.4595901922218372,0.15651118303471948,-0.20153782450253127,0.3595328963106196,-0.15334863651937838,-0.24906849109304394,-0.07665845290049357,-0.8751715802653938,-0.3564227196031996,-0.6127817718546458,-0.5199476734876929,-0.8310080005685689,-0.6383580185209896,-0.6586375386982932,-0.4538343811028191,1.1066753850856061,4.640066899371995,-0.2583288036087494,3.5271909544460467,-0.08602139992103093,-0.37174325151292237,-0.6282173092753198,0.7712597958669908,0.026925672704857937,1.6535465213285254,1.5395504012696757,1.3123096970737407,1.573658777421826,0.23874436959285847,1.4088405270666495,2.5195030927004667,0.18628943803738757,1.5850391296384962,1.4227878996284682,0.33629549370328565,0.9063797258207039,1.0849680349428452,0.3046737443737671,0.762951507703092,-0.11101535777220156,-0.056704794083399436,-0.02849540443702672,0.3159377281838934
22047,Iberville,Louisiana,-0.22569255157348772,-0.06144760681153932,1.451568193576673,-0.6662960011659017,0.14437716894888197,-2.2852841201129435,2.6001939469709625,-0.3300103639100184,-0.4694279793135746,-0.5920007262882642,-0.5025707629203233,0.7232220252521526,-0.035964311043429266,-0.6118489560395658,1.2448491777874646,-0.2279038070536906,-0.1585125598630209,-0.5084432983428191,0.6319658894557082,-0.05503589036608748,-0.2267702035550731,-0.13013215339912304,-0.8336182561528924,-0.23600824370301085,-0.44034831797061025,-0.5141824159746307,-0.8226065840526857,-0.6386329359925489,-0.6866011530665302,-0.4527307037435502,6.37566208999649,0.7032770491075213,-0.24201023886356926,-0.022454296851547824,-0.08602139992103093,-0.3514675447043877,-0.43163063741001745,0.5713804301693386,-0.2537709544988588,1.5898123712233065,1.5289563720524202,1.328703163892873,1.5508041820036604,0.500159839081384,1.8672994187792917,1.8080233921686046,0.3402023141133936,1.5572625746505795,1.4783682473245514,4.0238909927674005,0.9063797258207039,0.845047227751231,0.6023411937060877,0.4907891250823656,-0.2594851275845449,-0.06047274100514973,0.826278173858463,1.7982323747523898
22049,Jackson,Louisiana,-0.27479950195329217,-0.23456536644347595,0.3739192404087997,0.029882170869630152,0.5974899498620964,-1.0015962009743273,1.2554342333572885,-0.2878733263295017,-0.42565026029463404,-0.3801181689535214,-0.5752658855770303,0.8092647774803626,-0.8573442320040635,-0.3961520396750457,0.4600805962419936,0.08244910689106331,-0.6690576754416113,-0.9541285806202041,-0.258248509828734,-0.22196285959376608,-0.3348632073192643,-0.24043083721733052,-0.24732375618274252,-0.8221988482510404,-0.751732839083826,-0.022342441949146058,-0.6551223038237886,3.0648842734630937,-0.5087565724133927,0.32590346470698445,0.8227254807702815,-0.35095061379551595,-0.21484196294565225,-0.2852806554692983,-0.08602139992103093,-0.29726836639565896,-1.1497055824736822,1.2461083532681987,-0.3078922726184135,1.0719724016184056,1.1263832617967486,1.2303423629780863,1.1737033576039333,1.9232736449194288,1.8799757014994576,0.27018966445650733,0.4607674003729319,1.1628354938221592,1.6594727510533656,0.1519157187500799,0.9063797258207039,1.3248888421344598,0.6023411937060877,1.3072762729445448,-0.3088752350514268,-0.06521325758507163,0.8450333883692399,0.9521295481708082
22051,Jefferson,Louisiana,0.9457690233543433,-0.03773579509108981,0.8058200199233307,-0.3665472858754792,-0.7888969022563556,-1.2685281275575142,1.251908676550544,-0.2557395982750859,1.0319317942118038,-0.2868573609632423,0.36984432114592514,0.017671456980830835,0.012840730223745309,0.2117210882613286,0.03202500630810057,1.2846050521002625,1.2082823674356682,0.2810021302176031,1.288818168172839,0.938347992726797,1.1467600720150923,0.6701229615770976,-0.9890940235142666,-0.8213757537473797,-0.7972740473833504,-0.5190557082211128,-0.8309970853934444,-0.6381751188398207,-0.7072556444245695,-0.45566559296530573,-0.0456668435064058,5.89170634102151,-0.10849356932966721,4.4506214269295175,-0.08602139992103093,0.5026808957495218,-1.16950184661177,0.9199903063040097,-0.26156746248883866,1.7810148215389627,1.6137086057904577,1.4762443652650494,1.7222136476399004,0.38278962829061725,0.36515991643971135,2.4528018707756045,0.3376370995121269,1.7128112825829127,1.196095020823092,1.9393752037131025,0.04750660025410388,-0.354556808206841,0.9000086430384084,-0.0535356401590872,1.2601543403913584,0.06994652791186548,0.3821544901527547,0.9085326468011466
22053,Jefferson Davis,Louisiana,-0.22904015366593816,0.632403819131505,0.04027224775449637,-0.6026776784631969,-0.45202568818387273,-0.275339536545115,0.5050821960086205,-0.23716644630846878,-0.44249815941736176,-0.45510487227177826,-0.5065226065279033,0.7920562270347207,-0.5308790051873514,-0.31771679736067504,0.388737997919678,-0.16231171900864594,-0.11427405414878371,-0.7292967744373606,1.0060059746069268,-0.22533217452931545,-0.2192438093560577,0.33297501827449294,-0.8439313024687912,1.8443267241885122,-0.6681008691025901,-0.48962250208793695,-0.8303165547119802,-0.3225656724804412,-0.48394026092559045,-0.4161441751085253,0.4946502997752926,-0.03762961149937127,-0.1965949458784137,-0.3021373976319938,-0.08602139992103093,-0.22848010085874715,1.5136655469612346,-1.3729749542100202,-0.24961579551279497,1.5340449898812407,1.4759862259661476,1.2959162302546108,1.447958502621916,0.6495401073605412,1.865186704992598,2.4954165403387107,0.42741961055646416,1.4933764981783704,1.8006093643040952,0.35678213536475295,0.04750660025410388,0.845047227751231,0.9000086430384084,0.762951507703092,-0.2550869937252356,-0.060924148246443884,-0.4807703839455305,-0.3719244934263237
22055,Lafayette,Louisiana,0.39485564068049844,0.69979075296088,1.1149765003290102,-1.199981575695284,-0.6663902142132818,-1.0083808022389256,1.1621476071045225,-0.3043840472031963,0.1390478550045441,-0.3972066591124019,-0.3709780451064458,0.361842465893671,0.2972965544307375,-0.4549784714108239,0.17471020295273174,0.8341194159894506,0.29466915923052794,-0.1636715365348473,0.3399651912555032,0.9014740988299669,1.9433023561062626,3.4107040399984307,1.6768604531086757,-0.0704738365912641,1.8014158972378909,-0.5071770774209448,-0.8289097370488159,-0.6362116770375682,-0.6205182788502132,-0.44431122213972407,0.12207253456208002,-0.2046878801856514,-0.2571256912823662,-0.35232028323070896,-0.08602139992103093,2.4030375731289566,0.745722955465816,-1.7624777676928138,-0.5394865371803659,1.5898123712233065,1.5395504012696757,1.2631292966163485,1.4936676934582471,0.2920944654068431,1.5102507888279715,2.5565593271031677,0.5120716923982671,1.5350413306602457,1.5695449974776783,1.2633160288846812,0.04750660025410388,-0.1146360010152266,1.4953435417030498,0.2186267424616392,0.34818724806615164,0.11902275039825178,-1.1238037245770456,-0.5446973988542422
22057,Lafourche,Louisiana,-0.03501981401898132,0.328140226984142,0.8896214384428269,-0.7453563594266489,-0.44764055598697783,-0.2604009734086744,0.2629106282225062,0.14620754676045924,-0.2935708845075397,-0.3414887653788411,-0.3879850300804016,0.5167194199044486,-0.10824519494544729,0.09406822478977217,0.24605280127504683,-0.6024697881266676,-0.9261432827141017,-1.0312479043678864,-0.2237713100169827,-0.14234332439105984,-0.22252747735318776,-0.17518286957842996,-1.0439040269609021,-0.6342224348769865,-0.4274111061056351,-0.5078036924405518,-0.8303773644337255,-0.6381362942958727,-0.6956843449991235,-0.4537166336827641,1.0850377071204549,9.816849370699318,-0.14847812246938222,2.519152476470132,-0.08602139992103093,-0.44131148197146863,-0.8178685720847405,0.98567761434338,0.3560321360526618,1.8208486653547244,1.6772727810939843,1.525424765722444,1.7336409453489823,0.19072928336027198,-0.02991756167210506,1.7987593335679293,0.37355010392986177,1.7544761150647878,0.7776811673806617,0.11606409584251211,0.04750660025410388,0.6051264205596165,0.9000086430384084,0.2186267424616392,-0.030651158657843527,-0.05701515712448124,0.04675374155294555,0.7131539406630331
22059,La Salle,Louisiana,-0.27729482739753347,0.3742197788919077,0.4371910836100467,-0.5624902839099155,0.900309607190817,-0.017579319204109576,0.1332154676332482,-0.1577311938225048,-0.5234478091773864,-0.5963437925332512,-0.49611940721068226,0.41346811723059507,-0.323165847839292,-0.04319344926037889,0.10336760463041615,-0.6207594253088355,-0.3466519807661569,-0.6154387620729639,0.7363803967405202,-0.26365832147981066,-0.371162372943739,-0.2601359754328324,-0.2579994287852911,-0.7870212303507342,-0.7497397764559064,-0.1926075394056745,-0.7258520937729743,2.0481039318888676,-0.5472858154581595,0.0782061390262464,2.7633311812548977,-0.1155984607770489,-0.09616490488822037,-0.025192694922852633,-0.08602139992103093,-0.3266165720960752,-1.1141669741843652,1.2242275595408358,-0.24664463344211496,1.2392745456446046,1.2323235539692938,1.0991946284250398,1.2079852507311808,1.1923773322678368,1.0919334590625185,0.32392120434042415,0.3094197388981926,1.2350545367907437,1.0655748784806025,1.4528174642532539,0.47694316303740386,1.3248888421344598,0.9000086430384084,0.762951507703092,-0.31989864289454667,-0.06618708858181536,-0.8970565696037907,-0.8918579097608071
22061,Lincoln,Louisiana,-0.18401300181175353,2.9096463181470575,-2.5733333746362477,-1.3990355200145344,-0.6287001828517649,-1.8802858994741323,2.0782560355515938,-0.2935168505039995,-0.02457103527938717,-0.16930851524932855,-0.4787862892260564,2.5817454733814875,-0.9688201631122091,-0.06280225983896945,0.8881361861758866,2.482025678748925,1.7230715636966158,-1.2622319746153363,2.216423748836327,-0.05664461846701051,0.009312362543168513,0.3888208628123951,-0.22637278026483343,-0.818842079437379,-0.4370793495583844,-0.17373238143948608,-0.6699500036551373,2.7904895674130996,-0.39274056060666307,0.047209906598608076,1.1242629795891557,-0.3062497304900434,-0.007014308007255786,-0.38242685940007726,-0.08602139992103093,0.06300477505076381,-1.0040245053255206,0.9489324045343742,-0.38804662983345006,1.0401053265657965,1.0946011741449853,1.2139488961589564,1.1622760598948496,1.9526161976171204,1.894764698006317,0.5610811045177113,0.29402845129059185,1.1378365943330349,1.7350370439884906,0.33117383328791883,0.9063797258207039,0.1252848061763878,-0.29066115429087425,1.3072762729445448,-0.23854252422894018,-0.050198232336038186,-0.8956886401104976,-0.11841658546199473
22063,Livingston,Louisiana,0.09143050998937183,0.7468836067389456,1.3305812867211242,-1.3507422856112679,-0.38274572494346454,0.33333693579678575,-0.20501208084751782,-0.2813346171109947,-0.3374539525392806,-0.5025493006420294,-0.4102228969258346,-0.4297508546058609,0.5580706075587208,-0.41576085025364035,-0.039317592014215016,-1.2634394582534907,-0.9368392834721804,-0.5631536763443336,-0.6231224020344488,-0.09557914877658409,0.06598225722218046,0.29903222002390123,0.11803339755179164,-0.821652635825712,-0.4557577515779477,-0.3280615722333431,-0.8194341218554161,1.1559614073445719,-0.6617429121196878,-0.12260479947591904,3.6957225810204464,0.42955489692683596,-0.07710544892142387,0.13305736647703822,-0.08602139992103093,0.13475043809953616,-1.0152435434246996,0.9288648272912796,-0.22503482810599118,1.549978527407545,1.486580255183403,1.328703163892873,1.516522288876413,0.8682755001978791,1.220809000050865,2.237875711239938,1.16876663032256,1.5239307086650795,1.8062298489025759,0.08021247293494432,-0.38192996252919614,0.6051264205596165,0.9000086430384084,-0.0535356401590872,0.0315777565855753,-0.02829620948524542,0.05154885327425864,1.6771298709477742
22065,Madison,Louisiana,-0.2888371719700157,0.9313879756720029,0.3272868296246502,-1.021064301353646,-0.21278342617934293,-3.178997280138603,3.5608172038834507,-0.3138823114403914,-0.5185750839130652,-0.6922668949967073,-0.5420459127628663,4.5779373250759585,-1.6126211223876386,-0.5334137137251949,2.671701144233775,2.2800012147070245,0.8662200010674181,-0.9069572310157941,0.9249244753545101,-0.24531787278749403,-0.26278572414268214,-0.4245107893177932,-0.8005316924808086,1.4446653356782595,-0.8291874721644603,-0.5213183330951855,-0.8267910358416424,-0.6381908874972263,-0.6990893813247977,-0.45370388685418,2.5124486842790468,-0.06511369524116173,-0.21196063679235827,0.045345981292069695,-0.08602139992103093,-0.4945312038487661,1.0472595361503347,-0.8046622635876969,-0.2553272774882625,1.1835071643025386,1.1581653494485118,1.0664076947867775,1.1051395713494363,1.304412533477205,1.5039126474678886,0.27945372305718275,1.0507667586642888,1.1656131493209516,1.405301947544307,1.3452625955305506,2.624125976953904,2.044651263709303,-0.588328603623195,2.3959258034274504,-0.33895098446380995,-0.06736965047213025,0.26209971458104264,1.2007933559829524
22067,Morehouse,Louisiana,-0.24805968821394617,0.2853910179595095,-0.4736661209443083,-0.02703115836576416,-0.977714532546264,-2.251794898440348,2.5642108614542076,-0.3181428307807885,-0.4417302510504249,-0.32266923612426046,-0.5917921247457731,2.8398737300661177,-1.4277660223419266,-0.4549784714108239,2.8857289392007215,0.5990673730839581,0.13346087301036427,-0.5030574199446777,0.5481023210080993,-0.24620760491791666,-0.3459925102864344,-0.3185128590606965,-0.5997427047922537,1.1411349006762594,-0.7970024315185233,-0.4596449478661025,-0.8255028922176152,0.14674840024748298,-0.32631721738429814,-0.3624995361822776,1.711905112007738,0.19565624619082983,-0.20311171496847388,-0.18885760382780367,-0.08602139992103093,-0.4285505829510524,0.7629589869816928,-0.5567453224095685,-0.13972003150503656,1.095872707907863,1.0522250572759673,1.2139488961589564,1.139421464476684,1.929942406896177,1.6856060331235903,-0.00032084668321080874,0.9892016082338864,1.140614249831827,1.6426112972579237,0.5514052311486923,1.7652528513873038,1.8047304565176885,-0.29066115429087425,1.579438655565271,-0.2549559854826179,-0.06443415335474514,-1.0671245744113402,-1.6766021344147173
22069,Natchitoches,Louisiana,-0.20915369854105761,1.8037776213914691,-1.9375187173532527,-0.6968669894667138,-0.8509017677713403,-1.9017220324924045,2.1566871237457086,-0.10866180043265272,-0.33484171962364945,-0.16589747746094494,-0.5215596511511561,0.8780989792629307,-0.42461992799806,-0.2981079867820823,1.31619177610978,3.4286391560677476,1.678763116896315,-1.0117323045569517,1.3250441481930404,-0.24889329243413988,-0.3617301610604701,-0.2664869410803493,-0.273510967853976,-0.6155089832596847,0.18076959822162206,-0.27405161582856974,-0.7573135915799681,2.091244941522156,-0.4243914462075466,-0.046129388153508526,1.436399373087916,0.09619966748329443,-0.11824971598716472,-0.17315121480671447,-0.08602139992103093,-0.32709119039658396,-0.5242503150209057,0.650903145771732,0.22727433313504775,1.1994407018288429,1.2217295247520399,1.2303423629780863,1.219412548440263,1.4191152394772721,2.3215328829185466,0.08490849244300164,0.3094197388981926,1.2433875032871191,1.4546373123531908,1.1352745185005104,1.335816288604004,0.845047227751231,0.007006295041446424,1.8516010381859975,-0.23403209759024426,-0.06474409964522515,0.047674491897406676,0.496784133865453
22071,Orleans,Louisiana,0.8217378763611818,-0.0630122852293077,1.6763220001133605,-0.7767858419731242,-1.2700387789290726,-3.203765871383903,3.412891928629411,-0.2867865172482097,0.5097772230650308,-0.3194957151796912,-0.30648175938631156,1.5492324466429679,-0.7296685966215815,-0.31771679736067504,0.5314231945643092,2.88094828144861,3.080127684958368,2.369862422793849,1.7864708243952394,1.43001511029119,1.9955188303582916,1.2361986311743014,-0.8226174501355517,-0.8200420390345573,-0.7984077447410742,-0.5132937859009977,-0.8305355110599908,-0.6351113853608277,-0.6656197460822728,-0.45388155741762526,-0.18001570592277094,5.06490355056299,-0.18341578585027413,4.15374535877145,-0.08602139992103093,1.1009454345345815,-1.168701617972985,0.6609218420734049,-0.47914737362467624,1.7093139026705915,1.5607384597041851,1.4270639648076573,1.676504456803569,0.5081623534534817,0.9144655009802052,2.2767847573627744,0.4633326149741986,1.6544805171082884,1.388440493748866,6.748614333742553,0.9063797258207039,0.1252848061763878,1.197676092370729,0.762951507703092,0.8202286616810418,0.16214490858202735,-0.4714086105388766,0.48225183340889916
22073,Ouachita,Louisiana,0.1280110437905144,0.9098767153979131,0.1821975831116458,-0.9289893972123385,-1.0025698076592424,-1.6397607099407876,1.881141798022437,-0.3185664411255257,-0.21440612532265074,-0.39384097413539715,-0.5409781084112654,1.618066648425536,-0.8571383035598982,-0.47458728198941663,0.816793587853571,1.6317174071088605,0.9610375316145071,-0.600369281701327,1.3317385721207964,0.18583696722298237,0.4504224877204875,0.8152883188979634,0.2745649560209904,-0.2468472307941113,-0.709488524925146,-0.3723635552861825,-0.7611379369748942,0.6075773857621765,-0.16451393702227637,-0.16543904120202246,2.7913014792892707,0.11561297988959421,-0.0013310506046147921,-0.13126154546372454,-0.08602139992103093,0.5295630103235933,-0.564084829113885,0.31978531901821255,-0.2695426869943481,1.0640056328552538,1.0734131157104758,1.1647684957015643,1.1508487621857675,1.8872623302449891,1.7785654397381356,-0.1930132655772569,0.8583756635692812,1.1295036278366595,1.5533080419709577,1.6781705225293944,0.9063797258207039,0.6051264205596165,0.3046737443737671,1.0351138903238184,0.1557548551239464,-0.02013005156913102,-0.3081378846979613,0.25780852635767787
22075,Plaquemines,Louisiana,-0.2529712618876464,0.7862299279783381,0.9968409712515487,-1.2207827422614994,0.20086099495520424,-0.9220979416389964,0.8275540652501385,0.0240017467327007,1.050081621855575,0.354579254544276,-0.13655606136445728,0.10371420920904087,0.3482295229542867,-0.10201988099615492,0.17471020295273174,0.3490450725427108,-0.0011829141964635915,0.18766088690785576,-0.38012572065340144,-0.23437081048019698,-0.39890585179194604,-0.5629964145270667,-1.1963263794910044,-0.8208392124401094,-0.7748875643164057,-0.5082804596301704,-0.8292493978590038,-0.6383093215543194,-0.698048389065827,-0.45497630072154827,-0.46274270016824626,6.102863617299289,0.07357787871084238,5.880397481077631,-0.08602139992103093,-0.6885437144374494,-1.1588440113671483,1.4239193533109273,1.0183629891269315,1.812881896591572,1.581926518138693,1.4434574316267896,1.7907774338943956,0.18939553096492237,0.16022667913037358,2.8622732609254524,0.4453761127653311,1.7266995600768726,1.2092094848862127,0.5360402499025918,0.04750660025410388,0.36520561336800217,0.9000086430384084,0.4907891250823656,-0.30758386808848065,-0.06883462099317669,1.3624164056385486,3.8989571407497916
22077,Pointe Coupee,Louisiana,-0.2572677905574844,-0.28954975724389725,-0.36242600503741307,0.44725110864385303,-0.9433153177825105,-1.449857904425809,1.726533841444643,-0.3116558400847486,-0.5188449576742782,-0.709570096815617,-0.4977947097151399,0.9469331810454987,-0.5293002204487508,-0.31771679736067504,0.8881361861758866,-0.5773101530838121,0.037661540848676456,0.6681913517859419,-0.5178415437054555,-0.23070590436279484,-0.344206068173383,-0.13712845574250312,-0.5894729259821825,0.50728109101653,0.24615562603316005,-0.4995049531921988,-0.7902064878638386,-0.6377047775984546,-0.6616422937298786,-0.44585812413456355,3.2718373956070956,0.1671161361760913,-0.2576195969512202,0.12019721658004365,-0.08602139992103093,-0.35955814328269947,0.6108635472927583,-0.43866125667368405,-0.3000510854995511,1.494211146065479,1.497174284400657,1.3123096970737407,1.4936676934582471,0.756240298988511,1.6158864781626818,1.1335999260394438,1.08924497768329,1.4989318091759534,1.4789927456132717,0.7204200248557976,0.9063797258207039,1.0849680349428452,0.3046737443737671,1.0351138903238184,-0.28213083809418,-0.06319464316242605,1.579153097078389,1.7982323747523898
22079,Rapides,Louisiana,0.05880090814161126,0.6055537512444544,0.1603439515354424,-0.6377390512862636,-0.7540719129750795,-1.3370365676917468,1.5122229838535446,-0.1811451804529856,-0.04764922653991998,-0.3529652343284776,-0.4697074113961604,0.6543878234695846,-0.4142548629750735,-0.21967274446771134,0.6741083912089404,1.2209475228952662,0.40869898225841106,-0.7107785847184029,0.8016955673356856,-0.12110985482010189,-0.13464916482871528,0.14022331405205513,-0.039084367731166886,-0.3982196645164305,-0.27180422523744385,-0.29003599867966273,-0.7662872321896933,1.844480468725517,-0.43092914913643254,-0.19105751703724158,1.8702533455908832,-0.23419852606843145,0.03274797293775529,-0.2183221160888746,-0.08602139992103093,-0.028285329458768063,-0.5150844923533721,0.5129876298058599,0.2739416832527209,1.3348757708024326,1.3170757877073298,1.115588095244172,1.2765490369856762,1.11235218854686,1.387713389199707,0.8278859922171597,0.1991155110437216,1.3100512352581204,1.2585448496950966,1.65256222045256,0.47694316303740386,0.36520561336800217,0.6023411937060877,0.762951507703092,0.142654030862174,-0.05096989371178234,-0.035168032076746195,0.10925612169068288
22081,Red River,Louisiana,-0.29618549537330363,0.06121160539936098,-0.2117976555263389,0.04908589108353022,-0.9695682879545441,-1.7260023143893541,2.007208803841744,-0.2836026144698156,-0.5718760962452639,-0.7437625832381222,-0.5046800853567337,1.618066648425536,-1.0925145152408287,-0.43536966083223116,0.6741083912089404,-0.24493138610314805,-0.1510873169819445,0.539452322030652,-0.9764589418623097,-0.12675044911259128,-0.34677788429986545,-0.25246378252416685,-0.6103736635794812,-0.5999779445231701,0.8887876971850154,-0.19791113933240823,-0.7430740498519507,1.1330436494240699,-0.41328862456420945,0.10531949191117262,1.369251218070531,-0.025537155304087934,-0.1321157238182928,0.0014278989744938946,-0.08602139992103093,-0.3838563622906978,-0.18859064042858306,0.3490751757600391,-0.44037333627622804,1.1516400892499288,1.2217295247520399,1.394277031169395,1.2308398461493464,1.2884075047330092,1.7975798638183833,-0.20042451245779697,-0.2190144689627619,1.2572757807810775,1.0137415205168383,0.1724023604115472,1.335816288604004,1.3248888421344598,0.007006295041446424,1.0351138903238184,-0.34323682554373264,-0.06649998675464464,0.7328688489314721,1.2169403564902348
22083,Richland,Louisiana,-0.26197727801562987,0.2898647466849676,-0.02743518109002537,-0.2533835745632626,-0.5716835318012297,-1.4616023511164762,1.7333320778610195,-0.3196382063027786,-0.49837392031831024,-0.45997892002566576,-0.5303839187199177,1.82456925377324,-1.1076159344796168,-0.14123750215334038,1.4588769727544109,0.598608267459799,-0.013136283861829245,-0.45806663370542977,0.2043437578067685,-0.2431956197711397,-0.2564865836031965,-0.30153599904518286,-0.48279035964677,1.770272243641617,-0.8285117509781008,-0.521433489958388,-0.8279523864140997,-0.6100060399319105,-0.6555183869153504,-0.45528101282312444,1.7614110640341778,-0.1261443334507483,-0.22547551336052984,-0.26740578669607007,-0.08602139992103093,-0.36334837959404354,1.3681661372049219,-1.1732903141740956,-0.31959075786412344,1.1038394766710153,1.0946011741449853,1.0991946284250398,1.127994166767602,1.7365483095704821,1.7130713123506147,-0.10037267957050405,1.045636329461755,1.1322812833354519,1.5401935779078364,0.5411619103179587,1.335816288604004,1.8047304565176885,0.007006295041446424,1.579438655565271,-0.2938092871503885,-0.06343285419664045,-0.423428494953741,-0.4833387969265704
22085,Sabine,Louisiana,-0.25095918608929696,-0.08327471749653054,-0.3110753067492064,0.23164035854094014,-0.24610592541055362,-0.8408731420352782,0.5062932080909722,1.2920517026679337,-0.44178138450459387,-0.2172847383536403,-0.4202594777750925,0.6715963739152266,-0.7026233276212063,0.17250346710414313,0.6741083912089404,0.4232441570229872,-0.6626019741790727,-1.4687164409808826,0.1436503751123743,-0.22323519840215958,-0.35223082414531043,-0.4005738751671112,-0.2267504366049115,-0.8221988482510404,-0.5958763339262723,0.07507086342222519,-0.7670769571023696,2.504829391823237,-0.3464111058589355,0.15644972782422661,0.46553773495315864,-0.25017878200641525,-0.1602817676803305,0.7510629695924153,-0.08602139992103093,-0.3522413293297524,-1.0791828849518577,1.2012783457600402,0.0130676962298317,1.1755403955393862,1.2005414663175304,1.148375028882432,1.2079852507311808,1.223053637360878,2.207446338437059,-0.15966265461482593,0.1708981504297873,1.2128332928004115,1.212956474618533,-0.38585862486343686,0.47694316303740386,1.0849680349428452,0.6023411937060877,0.762951507703092,-0.273259708522637,-0.06594880589894783,-0.272132078665928,-0.4510447959120063
22087,St Bernard,Louisiana,-0.1825427513739494,0.9358047190884031,1.299967645664584,-1.5095455158764894,-0.4632057537370457,-0.8887774339443303,0.9933690610409206,-0.14762685151507657,0.32543782072940297,-0.10848504390396756,0.03941626912575751,0.8092647774803626,-0.6806576269102416,-0.2000639338891186,0.5314231945643092,0.48077131590935435,1.2520077179029843,0.4480392976499472,1.9020380368898773,-0.23482358438628012,-0.3871369142756117,-0.6206079796029358,-1.2385214737424228,-0.8220725108398927,-0.8263222766154809,-0.5221379855501783,-0.831125747654173,-0.6381637076026783,-0.7059032756229671,-0.4539043375686501,-0.503815987755575,5.0672929882007045,-0.17651100689827107,6.357431186121701,-0.08602139992103093,-0.7164170716621207,-1.1833317731895268,1.459760712303559,0.5957803416356535,1.7252474401968962,1.5289563720524202,1.4106704979885274,1.6993590522217346,0.44280848608135026,0.5320643055885538,2.4824468582977657,0.44794132736659786,1.6544805171082884,1.3103782076588602,1.626953918375726,0.9063797258207039,0.6051264205596165,0.3046737443737671,0.762951507703092,-0.253533610277054,-0.06537992929507906,-0.8661551050305583,0.40636093102467347
22089,St Charles,Louisiana,-0.1653917821233897,0.4211810977888014,1.2835692108083636,-1.027266031345148,-0.48940271990320255,-0.9328761373892321,1.1315003273045767,-0.2782616200244745,-0.17057004153833372,-0.3476957294646397,-0.24424596734384316,-0.5846278086166387,1.0884736369137953,-0.9059811147184565,0.10336760463041615,-1.1272536071992887,-0.6141676160436387,-0.6465394950382494,0.594829231459345,0.2670749226834892,0.07879418601596869,0.2823096573652467,-0.942965515107876,-0.7693915783385186,-0.5075093625089913,-0.5193038667203554,-0.8265616583093359,-0.6372376649979524,-0.6917780864281785,-0.4540088331784611,1.684346713668892,9.534117693986017,-0.23434159014328193,2.1572382460916977,-0.08602139992103093,-0.079916248984492,-0.9872027929473307,0.9942816873233855,-0.44435722526824273,1.7571145152495056,1.6243026350077117,1.4926378320841818,1.6879317545126526,0.42546970494180514,0.4433303265473972,2.0711226564277823,0.5531151260185354,1.7017006605877465,1.1629966115209296,0.38239043744158707,-0.38192996252919614,-0.354556808206841,0.9000086430384084,-0.8700227880212664,-0.20839191296363258,-0.04290583745665918,0.42439599536550626,1.8595909766800622
22091,St Helena,Louisiana,-0.2912358474850786,-0.19918143628086082,0.08101272019055401,0.14315624013947148,-0.9676315711484591,-2.511542459838017,2.8469660125122718,-0.24486302510465005,-0.5428794516144809,-0.3240414825377099,-0.5560525957336799,0.8780989792629307,-0.8474596666841294,-0.04319344926037889,1.3875343744320952,-0.9111535973810472,-1.0770039416464132,-0.11512430494171555,-2.3032572319961724,-0.26597419849106513,-0.41328267833376237,-0.4162429386200264,-0.2166331465147365,-0.8197085157456085,0.15527159050318678,-0.22711468580638117,-0.8092306582570625,2.5545391479790194,-0.45575196605202445,-0.02969304841476739,1.6676080292935522,-0.20036171850049633,0.697661993398092,-0.3505318480815647,-0.08602139992103093,-0.38218977202066146,-0.7368478316847673,0.8813827694838732,-0.43501928733181977,1.4862443773023266,1.4018280214453671,1.2139488961589564,1.4251039072037504,0.893616795709522,1.478560082027558,1.1428639846401192,0.5582455552210693,1.4378233882025369,1.376575026263185,0.5001886269950241,0.9063797258207039,0.845047227751231,0.007006295041446424,0.2186267424616392,-0.320497537717942,-0.06571369850362188,4.64159235662315,3.592164131111431
22093,St James,Louisiana,-0.2591246407120019,0.21462914733189054,0.29963387205289477,-0.34695661508123804,-0.846607761890368,-2.297048509489626,2.60872508326768,-0.34650981022896354,-0.5004909552867015,-0.6486318820311844,-0.5703284631584072,0.361842465893671,0.10489074476563152,-0.7491106300897147,1.31619177610978,-0.9145128591917023,-0.37783042468597955,-0.2801895959199632,0.31839329813387085,0.1475777349307885,0.16098855946558327,0.696259335695017,-0.8389721364793734,0.01622372241499449,-0.5925592876925537,-0.5008635435438786,-0.827413635786248,-0.6357927249574178,-0.7034417224965185,-0.44739810609322495,5.190580409497432,0.8806256084572355,-0.09091928774876075,-0.02186711923897457,-0.08602139992103093,0.09038716941054827,-0.2521497730672443,0.2061221745965506,-0.5480053577539445,1.6694800588548298,1.581926518138693,1.4434574316267896,1.59651337283999,0.40012840943016237,0.2405098030247532,1.4782229059845644,0.39663703534126266,1.6294816176191622,0.8532454603157869,1.4886690871608217,0.9063797258207039,0.6051264205596165,0.3046737443737671,-0.0535356401590872,-0.2940151572459307,-0.053768797436899725,0.016462854057446102,0.2723408268142318
22095,St John the Baptist,Louisiana,-0.19544991009785936,0.636042411701448,0.7182408163508649,-0.9436701149180496,-0.5652682732421486,-2.9871063943845306,3.2874047700796125,-0.29986233444447913,-0.17243089617097176,0.18206406335437395,-0.22293636775508446,0.2585911632198189,-0.05339958598275745,-0.5530225243037876,1.0308213828205177,-0.8533474716374733,0.2697583383515332,0.513307687826404,0.6943943617990347,-0.004508035445397697,-0.04735595839877039,0.0032362275605408715,-1.044382261897328,-0.6445701944746355,-0.7333670693174827,-0.5170180404428792,-0.8236233716769391,-0.636433924176741,-0.6955399456664921,-0.45251595796054206,2.455817741703948,2.927853041301585,-0.19130413737999577,3.6534568181516107,-0.08602139992103093,-0.29849662655392545,-0.9664976583223197,1.0685200554283825,-0.43467674734372136,1.6774468276179821,1.581926518138693,1.4598508984459195,1.6193679682581557,0.48282105794183877,0.21726995137111704,1.6727681365987455,0.7916800839363453,1.6405922396143282,1.0468399298190012,1.6935355037754947,0.9063797258207039,0.1252848061763878,0.3046737443737671,-0.3256980227798136,-0.22310226706327987,-0.04903036134861677,-0.5118261776399431,-0.15878408673019997
22097,St Landry,Louisiana,-0.08038670501815653,0.8928946647768866,-0.38485329345973057,-0.6309428527794154,-0.8439870120958362,-1.8521594546579787,2.1531181048169357,-0.31562876382527544,-0.45783040716538587,-0.48218173912586154,-0.5324055493716062,1.3943554926321904,-1.106723577888234,-0.2784991762034896,1.4588769727544109,0.4126019859703157,0.06561151214981459,-0.38821197028098764,0.4222975608740401,-0.20447010408225916,-0.26603214383838847,0.25213829539049015,-0.25320638201772766,0.4215847851679124,0.8674886896100714,-0.5069708744046246,-0.8105150377352245,-0.6175397707265237,-0.5994693016414654,-0.44082815852642865,2.862193293592171,0.1101228162681544,-0.26110284092884883,-0.27764867924130565,-0.08602139992103093,-0.10506853939173935,0.8076285426492972,-0.7398318297332166,-0.04071852842310494,1.4862443773023266,1.4653921967488936,1.2139488961589564,1.436531204912834,0.5455074205232713,1.5334906404816075,2.208230723717777,0.24015894466398993,1.4572669766940782,1.5114666566267148,1.5706156538066909,1.335816288604004,1.5648096493260741,0.007006295041446424,1.0351138903238184,-0.033570770921895664,-0.05259358216553171,0.24143219018609544,0.30947892798098064
22099,St Martin,Louisiana,-0.16442235404587344,0.44272234419026746,0.6542755939878625,-0.733712274977035,-0.4259311945859815,-1.1689100345002057,1.3705318114858758,-0.25864684476064487,-0.25434083690057263,-0.403299968637405,-0.48657637861078257,0.7232220252521526,-0.5817433308961789,-0.23928155504630408,0.6741083912089404,-0.8922840269034784,-0.40385729724669006,-0.17739282497708156,-0.0035048935163043415,-0.21413868749953485,-0.3109089604409646,-0.10405065324912569,-0.6882320840156254,-0.32558373208368324,-0.2811497946724304,-0.5147460585226564,-0.8258286225239679,-0.6386989418910962,-0.688382612276662,-0.4529995830757299,5.8250907499949225,1.1717561005716215,-0.25994364253097385,0.338688132625916,-0.08602139992103093,-0.36159637341629386,-0.44779403286354313,0.5914677697744077,-0.1319830956868999,1.6216794462759163,1.5501444304869296,1.3123096970737407,1.5508041820036604,0.27075442708124914,1.3708116789061537,2.182291359635886,0.36585446012606165,1.5711508521445363,1.3565910810241433,0.3721471166108534,0.47694316303740386,1.0849680349428452,0.9000086430384084,0.2186267424616392,-0.17975725422004438,-0.05719911548620163,-0.9973723930896952,-0.9532165116884794
22101,St Mary,Louisiana,-0.17638058619239586,0.34686679788012575,0.20202474757177516,-0.4201735406884742,-0.33152114839171726,-1.4376360717519412,1.5308203974000307,0.00927709801626144,0.048194959776325395,-0.05832221360630976,-0.1855540513170763,1.600858097979894,-1.0161837052702265,-0.14123750215334038,1.2448491777874646,1.34419532150703,-0.23989738873224678,-0.22449266064180293,-0.8367803428237548,-0.1624734627409796,-0.27965558307329286,-0.2750994352101226,-1.0594018642112937,-0.4657610430893173,-0.7688436155282745,-0.5183708096300524,-0.829097877352215,-0.6390159250560278,-0.6714855436090801,-0.453969639565483,1.6621745602553624,5.405587123634444,-0.1975876279977803,3.3983995043544044,-0.08602139992103093,-0.5012907079060774,-0.8064902150550246,1.0005103407455227,0.09259654564051464,1.7252474401968962,1.6031145765732022,1.4106704979885274,1.6879317545126526,0.2960957225928921,0.8806620803930979,2.108178890830484,0.1683329358285201,1.6711464501010374,1.1505066457465285,0.25947058747278323,0.9063797258207039,0.845047227751231,0.3046737443737671,1.0351138903238184,-0.178784050132027,-0.06165614413814157,0.9200032349813719,1.3735662614108708
22103,St Tammany,Louisiana,0.44180114718958685,0.003956082503429582,0.7656410028403687,-0.3849473480589879,-0.6425438789757183,-0.08821410590686869,0.20518912322515334,-0.24169911038918462,0.01974093180854577,-0.32732934581836987,-0.27956646466316804,-0.5157936068340706,1.0848355677335417,-0.5138049031466021,0.03202500630810057,-0.834471679632898,0.11611214834948183,0.006458553396334852,1.2117643106879032,-0.026342155943206567,0.114468265581923,0.12059230645605487,0.5943732936051062,-0.8213588344843702,-0.4743877624851083,-0.40931091679036935,-0.8284334978552202,1.1301760942483132,-0.6994426150753724,-0.2885011001316225,1.760227150099557,1.3461807983586522,-0.025013439321331526,1.7466312080086677,-0.08602139992103093,0.23220404596923552,-1.0233840556625806,0.8947052780270176,0.09710169113615723,1.6057459087496115,1.4653921967488936,1.328703163892873,1.4936676934582471,0.7469040322210636,0.5806567226825207,1.7765255929263084,0.7403757919110097,1.5322636751614533,1.300386235039339,0.23898394581131593,-0.8113665253124961,-0.354556808206841,0.6023411937060877,-0.3256980227798136,0.5987311543409329,-0.022424264868371832,0.3030836176117045,0.8439446447720185
22105,Tangipahoa,Louisiana,0.07376700323559353,0.9837691537834669,0.15126484530194784,-0.9816600221279524,-0.7071140564892959,-1.1573781090178117,1.3913963459351204,-0.276624716850572,-0.32514374361615134,-0.3118440438116713,-0.38537545635728326,1.2394785386214122,-0.5396652854717373,-0.2000639338891186,0.9594787844982022,0.321790835671689,0.542211689229425,-0.11271375224920516,1.2029959276011015,-0.11340116822086135,-0.07248103156573213,0.05732126927862736,0.468929298835484,-0.8163810497370034,0.48875393398872896,-0.3494266752862508,-0.8270982158002145,1.2945294050154053,-0.5979137159102251,-0.20309886850928918,2.226660026024078,0.9311927485204863,0.14546642865545148,0.12276122854384061,-0.08602139992103093,0.10184142529206787,-0.5826758368526093,0.5225213524685847,-0.11148282205135589,1.5340449898812407,1.4336101090971305,1.2795227634354809,1.4708130980400815,0.7935853660583005,0.9144655009802052,1.372612637936866,0.9686798914237522,1.4850435316819965,1.3403541255174218,1.1455178393312442,0.47694316303740386,0.6051264205596165,0.007006295041446424,1.0351138903238184,0.06152249775534075,-0.03748692597401168,-0.08219624833581232,0.889156246192408
22107,Tensas,Louisiana,-0.308216947163143,-0.5354266636418019,-1.6258134179996306,1.3029618932955274,-0.3652241327760598,-2.643480540841201,3.0152019801034546,-0.3339902732859691,-0.5345269745248771,-0.746240803103744,-0.5313798242032655,2.4784941707076356,-1.6670548744619977,-0.2588903656248968,2.957071537523037,0.49471797487290914,0.1601182971641674,0.17789763343141962,-0.09923728655901598,-0.278116619193573,-0.32114962840806754,-0.46385831888589707,-0.776023785158467,1.2490824790730084,-0.8318127592457804,-0.5234742354803507,-0.8269566338127629,-0.6385072750922761,-0.6887608588164251,-0.45521026933055864,2.958551195805994,0.020595578738624377,-0.23460585254526145,0.14529442242861845,-0.08602139992103093,-0.5258104070860751,0.8534957759554783,-0.6027768206231561,-0.26255040332425156,1.1835071643025386,1.1051952033622392,1.0336207611485175,1.0822849759312707,1.1523647604073481,0.9715087732209488,0.6296351381627086,0.29402845129059185,1.140614249831827,1.1105387552684456,1.0956229539944446,2.624125976953904,2.2845720709009174,-0.588328603623195,1.8516010381859975,-0.3545035344088569,-0.0694755763374732,-0.8168348442318389,-1.4779940281751476
22109,Terrebonne,Louisiana,0.0026062962887271443,0.6907472743159216,0.7006305622808707,-0.9852984291074098,-0.36662809085680786,-0.8583087024258388,0.6775320234114541,0.6513893269228358,-0.16644874851024066,0.45057999652194886,-0.3335885997070644,0.7748476765890786,-0.27477266346044804,0.19211227768273587,0.388737997919678,0.011095859706627131,0.23905494415627113,-0.23744551082983648,0.9761775735497866,-0.15697523397995236,-0.26792440129002904,-0.3713991814287075,-1.1191177153966674,-0.7777252453045983,-0.7443028570471943,-0.5146937759215452,-0.8310130380589237,-0.6387805160753278,-0.6936781828490353,-0.45329618535798005,0.0960120065176566,10.957801173810955,-0.15007080806999765,3.752438236736196,-0.08602139992103093,-0.5460065839917834,-1.1025537874273637,1.3076548553934069,0.8081849203426125,1.8447489716441812,1.7090548687457476,1.5746051661798361,1.76792283847623,0.17472425461607663,0.0841689828093819,1.405963248899297,0.3838109623349286,1.7878079810502894,0.6740144514531337,0.23898394581131593,0.47694316303740386,0.845047227751231,0.3046737443737671,0.762951507703092,0.015145579868666508,-0.05977468772943602,-0.30933472687803326,0.1770735238212674
22111,Union,Louisiana,-0.2561607095505323,-0.36025343773350693,-0.21550748368080352,0.43922103244830923,-0.22122901832411399,-0.7983119165203514,1.0042531634514564,-0.2803240689812667,-0.5264854544180484,-0.2762404759985797,-0.351466620699091,0.8436818783716448,-0.7622739336144196,-0.2981079867820823,1.173506579465149,-1.2493243746187772,-1.493154990231074,-1.4837569761620688,-0.4212995269890058,-0.26796258902046277,-0.37356755151415305,-0.1340559577308374,-0.49468190528968575,-0.8101384082555414,-0.5124135202766674,-0.21675472692684825,-0.7395972131824115,2.447413464032538,-0.2777198571899148,0.0210552276523429,2.123898212439633,-0.19222005355050048,-0.12753655207026526,-0.16589228658295557,-0.08602139992103093,-0.3493298215242604,-1.0295422153753615,1.151759654279422,-0.06599202232758598,1.0480720953289488,1.0522250572759673,1.1811619625206942,1.127994166767602,1.8432485011984514,1.9306808323801181,0.2479559238148868,0.8712017365756147,1.115615350342701,1.7294165593900102,-0.047829037449226335,0.47694316303740386,0.6051264205596165,0.9000086430384084,0.4907891250823656,-0.27908021758751017,-0.06577970709524426,-0.27500236952457585,-0.514018097890406
22113,Vermilion,Louisiana,-0.14661533679119393,0.5053456695262397,0.5131506980318693,-0.721123251421778,-0.7982594554038208,-0.21697829264087679,0.31599597505469784,-0.2904323706289132,0.14889206931555837,-0.45453618774449916,-0.44086777559925244,0.43067666767623897,-0.37952159872586066,-0.18045512331052588,0.6741083912089404,-0.6878487536379984,-0.9932334961417172,-1.1024523280229492,-0.20646430296862345,-0.25702366731933,-0.37343425000085717,-0.14812754737578232,-0.9671177176756273,0.0614731820786981,-0.05322483569440791,-0.4892986266810563,-0.830692129177812,-0.6385163569701454,-0.6808316090416243,-0.45189353300452173,-0.29867736855932253,9.222742587839067,-0.24221007185876206,1.8415535121788555,-0.08602139992103093,-0.4805024995189727,0.03644463098360348,0.1720164892646209,0.4055366108543679,1.6216794462759163,1.5501444304869296,1.3614900975311353,1.5393768842945768,0.20940181689516674,1.3856006754130132,2.4676243645366847,0.21963722785385575,1.5767061631421209,1.3928119817699058,0.14679405833471307,0.04750660025410388,0.845047227751231,0.9000086430384084,0.762951507703092,-0.16736761756105392,-0.06279659561721573,-0.4037631038663464,0.06888862042247763
22115,Vernon,Louisiana,-0.18200092601340406,2.2199076113319034,-0.7464303608656695,-1.6734224409280978,1.146026709918669,-0.35484575273335783,0.3961417597973723,-0.022986842965404986,0.43216915520270704,2.3671684275487888,-0.023617145624853828,0.13813131010032487,-0.27937173204680626,-0.5138049031466021,1.31619177610978,2.29528540814703,-0.0687707798641573,-1.1269683313360055,-0.30159897573755756,-0.20969989037619038,-0.25827549099176766,-0.11003497511182964,-0.41277596762761926,-0.8221988482510404,-0.6406919107809363,0.010083670140674171,-0.8038073258557417,3.2460784174279618,-0.47920293707775197,0.19707305890281623,0.8852109413046356,-0.3075318807497529,-0.021031699417346495,-0.347762622536032,-0.08602139992103093,-0.27189609589223773,-1.0994612516943472,1.186305720233629,0.2590635333348796,1.3030086957498235,1.2852937000555664,1.0991946284250398,1.2765490369856762,0.9029530624769694,1.6349009022429295,0.31650995745988375,0.6505932808666728,1.287829991267785,1.1711150892742899,-0.08368066035679413,0.04750660025410388,0.6051264205596165,1.197676092370729,1.3072762729445448,-0.23332090998746233,-0.0634939918355944,-0.4411929468681906,0.6033543372135148
22117,Washington,Louisiana,-0.18561797639326083,0.2612332403797856,-0.1370062034698355,-0.1724376259812965,-0.27730521562123317,-1.133379984262397,1.389926439359137,-0.27098777072754754,-0.4940031173361558,-0.39586672305206544,-0.5231093630055632,1.790152152881956,-1.387747261359138,-0.2784991762034896,1.2448491777874646,0.51738233184293,0.06546306196954524,-0.0019304876789889727,-0.10283081903969564,-0.22834749466665144,-0.33885052124363463,-0.3364827826782738,0.5066392652102413,-0.7977269042952033,0.4788464305086829,-0.31514064279282544,-0.8295974165089097,2.0763758020688172,-0.5144979535452242,-0.2352323031061304,2.15468694496396,-0.09854660468732963,0.42340833029559544,-0.32848910722570623,-0.08602139992103093,-0.12750617299416686,-0.5687914851480304,0.6080395915586644,-0.236562043357652,1.494211146065479,1.3594519045763485,1.1647684957015643,1.3565401209492551,0.994981977756093,0.6546017052168178,1.4856341528651051,0.9609842476199516,1.4044915222170369,1.3940609783473465,1.8830369391440673,0.9063797258207039,1.5648096493260741,0.007006295041446424,1.579438655565271,-0.17889634291141362,-0.056594479325244744,0.7893065962087031,0.8972297464460491
22119,Webster,Louisiana,-0.2086206595377103,-0.039343362845925836,-0.08139994535443087,0.0767848827109253,-0.5931484437815059,-1.4002990628112844,1.6592938100207713,-0.25704931224819405,-0.46705145873848797,-0.4934876130734301,-0.5497773668142081,2.5989540238271296,-1.1899873121457343,-0.18045512331052588,1.3875343744320952,0.5785645594263554,0.8688320013281741,-0.19527903883746012,1.7386268228298256,-0.15029742713908872,-0.11939763842641377,0.2557849071971561,-0.33189837252564564,-0.8207244638263678,-0.45021318010224487,-0.2339372412841271,-0.725506176975254,2.5799042913360988,-0.2517792450854622,0.07851390171903626,1.4777486389180745,-0.11062901318952623,-0.0063536123423049,-0.27677870518502906,-0.08602139992103093,-0.06983207944234135,-1.0118208074118022,1.0138621687643734,-0.28212730829622584,1.0401053265657965,1.1051952033622392,1.2795227634354809,1.1508487621857675,1.4191152394772721,1.7426493053643337,-0.13742891397320506,-0.14462324552602537,1.1489472163282008,1.0980487894940445,0.12630741667324577,1.7652528513873038,1.3248888421344598,0.007006295041446424,1.579438655565271,-0.20032554831102703,-0.057844154367076295,0.49503476138888824,0.24812032605330883
22121,West Baton Rouge,Louisiana,-0.2433999901132562,0.47932750755815573,1.1512212612946846,-1.0149235858844297,-0.3703374499810584,-1.7561903368632241,2.03821609933945,-0.32743140136814974,-0.3176794631636086,-0.39917770111524725,-0.4575229217604134,-0.01674564391045318,0.6604856871235936,-0.7491106300897147,0.3173953995973624,-0.1773594479196583,-0.925216445596875,-1.6707190171668604,0.3902543581688545,0.3158661819546406,0.2753536313871688,0.4091891285217814,-0.39508490813178826,0.062289500460970613,-0.12631781641652656,-0.5007094076865376,-0.8148587671609243,-0.6383470298038842,-0.6760622685374347,-0.4464944602652903,4.298722840562025,0.3552511789036249,-0.24429018981742517,0.14152258692150144,-0.08602139992103093,0.18222643526247237,0.004174937030848364,-0.08273210269233565,-0.5881793411407081,1.549978527407545,1.5183623428351665,1.3614900975311353,1.5393768842945768,0.5895212495698084,1.6665916090433424,1.6727681365987455,0.5377238384109351,1.5433742971566211,1.4633802883952713,1.8727936183133336,0.04750660025410388,0.1252848061763878,0.6023411937060877,-0.59786040540054,-0.29384671807685075,-0.04372624930888891,-1.425571389241434,-1.2083391197035362
22123,West Carroll,Louisiana,-0.28919155504366967,0.03715952232006324,0.09615381131598559,-0.08212063747579568,0.2803090361232202,-0.2501447100809535,0.4366682030612387,-0.24728685171382894,-0.5005249618308311,-0.5794926497765828,-0.39297578391188354,1.1190186855019182,-0.8997654915021139,0.03524179305399396,4.526608700613978,-0.6492791974782066,-1.9311407136485663,-1.7081901984165075,-1.8918110723379373,-0.2673937672149782,-0.3945659247499481,-0.4275767718083307,-0.20841947955015638,2.0215843065513077,-0.8295027511408486,-0.521889613816791,-0.8291552712722201,-0.47151487254564844,-0.6454215683250436,-0.4484531630341616,1.044564124346765,-0.22007726649724996,-0.24812465417498503,-0.39927200226334175,-0.08602139992103093,-0.3785300871021824,1.6151659771391398,-1.4068742857609509,-0.47157426127910845,1.1197730141973197,1.136977291014004,1.131981562063302,1.127994166767602,1.7979009197565643,1.8440595671256557,-0.09666705613023369,1.435548948854304,1.1545025273257856,1.7038121295524884,-0.3090337186329345,0.47694316303740386,1.3248888421344598,0.6023411937060877,1.579438655565271,-0.3274596900399125,-0.06460352874301642,0.3154213778143063,0.09956792138631326
22125,West Feliciana,Louisiana,-0.27531496824224344,-1.7536444523858752,5.0497263026704005,-0.8992538446549357,6.753458030150593,-2.032405566887515,2.3244124917062807,-0.33545360547987485,-0.4316770351599373,-0.5295590762530047,-0.5835235361218558,1.3083127404039803,0.6571908320169488,-0.7098930089325312,0.03202500630810057,-0.20362246058406697,-0.8863165420984609,-1.5143789363402838,0.2878903219719161,-0.22225703703790398,-0.38740362129907924,-0.5550862515963163,-0.3778401427197371,-0.6445659220814997,-0.02041491418222341,-0.46399308960002705,-0.0150329537807654,-0.02255813945772719,2.722732522436411,-0.3126999623651425,1.5743863234340116,0.03262124856424649,0.06490280599531786,0.1259312269454535,-0.08602139992103093,-0.4569039909016048,-0.6438934476353103,0.8232671559222123,-0.42265061515287367,1.46234407101287,1.4653921967488936,1.2795227634354809,1.4593858003309996,0.7282314986861689,1.5863084851489628,0.9316434485447227,0.8506800197654806,1.4655999431904536,1.3309866511866215,3.5885498574612202,0.47694316303740386,0.1252848061763878,0.9000086430384084,-0.59786040540054,-0.3365554051702287,-0.06324664658933742,-1.4059479819323142,-0.6480382021008477
22127,Winn,Louisiana,-0.28018846770141886,-0.21604017162544675,0.7638480003539716,-0.1813761130393775,1.5907580572074673,-1.2051484233796972,1.4359433348241832,-0.19984784452346474,-0.5318948930191724,-0.4925483475805101,-0.549175053068439,1.5320238961973245,-0.8618746577756999,-0.376543229096453,1.5302195710767263,0.5346309942863655,-0.44740348689368575,-0.7611265809468907,-0.30809159256494445,-0.269908502745947,-0.4086408386490261,-0.40110524564502215,-0.13434216252696443,-0.8204228459783818,-0.7581179642558359,-0.14974232075177457,-0.7646438432910027,3.177967604534761,-0.5178722087276691,0.1450994339344006,1.6166580926394487,-0.28919669960166616,-0.23054805856938165,-0.3926325853919205,-0.08602139992103093,-0.35400252385454795,-1.1508460574437434,1.2717111474203289,-0.027314789758383088,1.1516400892499288,1.1793534078830212,1.1975554293398263,1.1737033576039333,1.5871680412913245,1.7785654397381356,0.16643220812894438,0.4222891813539303,1.1989450153064516,1.4277838859382284,0.15703737916544672,0.9063797258207039,1.0849680349428452,0.6023411937060877,1.0351138903238184,-0.319224886218227,-0.06785042103125287,0.06673171660878863,0.14316482275597486
23001,Androscoggin,Maine,-0.003790171751440621,-0.09572947346677341,0.6847152141600081,-0.2528065098377533,-0.4831270207028227,0.48837197232760193,-0.33860838490986106,-0.2604504615421417,-0.14332403996422752,-0.31265224371302236,-0.5627843327111733,-0.7050876617361327,0.22213267231040532,-0.41576085025364035,-0.8954287718820013,0.896356768545506,0.47071957752002325,0.29873245288424044,0.1716251689550402,0.0935107090210895,0.27208055618473953,0.3258729718370552,0.015596822838563286,-0.7937043381726913,-0.015303948953362534,-0.41000696555976107,-0.28022917064256514,0.36766289261240465,3.7881126626598873,-0.36634441857884437,0.4320310051702412,-0.05703148586480737,0.27783345610824844,0.024796999321115364,-0.08602139992103093,0.21770613541025957,-0.7884262933222136,0.672533648681064,-0.36981009872794796,-1.1587228520642443,-1.384401662692574,-1.1631037926150212,-1.1231834819216813,-0.054681157384058154,-0.15034224751367486,0.08490849244300164,0.750636650316077,-1.2370588571338532,0.14131741117493557,-0.12465394367972873,-0.8113665253124961,-0.1146360010152266,0.6023411937060877,-0.0535356401590872,0.08774286174211662,-0.025319688406079004,0.15275950691043164,0.09795322133558537
23003,Aroostook,Maine,-0.12452057722387451,-1.183237710381193,-0.2410552628684938,1.2101437474231271,-0.27067820417659283,0.6336594095297664,-0.6152430691564611,-0.013409621198669452,-0.4186417519651496,-0.5695675873349185,-0.6050562932283946,0.1725484109916089,-1.0328639092476153,0.17250346710414313,0.17471020295273174,-0.04619914507255782,0.20775569071515446,0.29750166281222734,0.1927065933922097,-0.2555036984101663,-0.38538873715600513,-0.5265082436630655,-0.822363508895705,-0.6856110800647669,-0.6127572993023996,-0.3423379348571495,-0.16525331729886866,0.8234864929241175,4.002180766337776,-0.27400626420414936,0.9416080879918958,-0.07848469660587395,-0.1863878116205406,-0.22740717323741733,-0.08602139992103093,-0.5745220184874967,-0.9523334725844462,1.173918571741822,4.342452945370549,-1.9075991158005627,-1.9670732696415731,-1.8680228658376485,-1.7745394513393922,-0.03334111905846421,-0.4144314708504506,-0.34864945006860165,0.8173322299490129,-1.9286950763329815,-0.05664854634931837,-0.5753600602320095,-0.38192996252919614,0.36520561336800217,-0.29066115429087425,0.762951507703092,0.00041651030578812695,-0.0688344925749916,1.1821990068377461,0.19644992443000608
23005,Cumberland,Maine,0.5430902729685072,-0.5827157411729864,1.2184973085874737,-0.0699883643329099,-0.7241313004460257,0.4848376481602091,-0.4560016506612961,-0.2831304526348581,0.4205681296803655,-0.4076918775824599,-0.5470870792752911,-1.1525099733228243,1.34073598101628,-0.7883282512469002,-1.252141763493579,0.28738159632446764,0.6135357934282566,0.6189927086307098,0.4757302856780549,0.10145276945171006,0.22002867147085559,0.33375163610949043,0.3555315960970461,-0.8190328504814688,-0.4649602510401485,-0.4627872329157084,-0.4947179094420756,0.16965370061799956,2.512690174568255,-0.3890135352497387,0.06679535217776637,0.08788210331637986,0.02656237809632009,2.2327708960396255,-0.08602139992103093,0.2990388403477017,-1.0168280271155088,0.8594765924013625,0.16617562438835717,-1.047188089380112,-1.2890553997372833,-1.113923392157629,-1.0546196956671852,-0.036008623849163396,-0.032030275458799225,0.09417255104367706,0.3761153185311285,-1.148173881172519,0.09697803267581231,0.295322210380351,-1.6702396508790962,-1.5541608441649128,2.3883458897000116,-0.8700227880212664,0.8356876343099332,-0.020173120084796076,-0.3721938657756643,-0.4203654949481701
23007,Franklin,Maine,-0.23246390418743823,-0.8019938589667381,-0.1828035537477807,0.8299007949924407,-0.4095251365496081,0.7634004808796511,-0.6554983420596213,-0.21689799265617157,-0.3877995222712879,-0.42696625136441924,-0.6055387116992869,-0.3264995519320088,-0.3147914244432367,0.0548506036325867,-0.32468798530347687,-0.9631097600791647,-0.4186422461921416,-0.01683367929490934,-0.32748550945069566,-0.2636670697773561,-0.3742409070992491,-0.48806086299205714,-0.6525265516794289,-0.8196194602859743,-0.7257841380406517,-0.46742834940353706,0.4768140340373527,1.2030282668628427,3.461606467998453,-0.24521495496490536,0.05868299374261562,-0.3053011180733888,-0.19120424597631444,-0.1901464714811257,-0.08602139992103093,-0.5134070844718998,-1.1354244589824,1.3255381347862305,0.5576169190485981,-1.6287622090902316,-2.009449386510591,-1.9172032662950418,-1.6831210696667311,-0.006666071151471898,-0.036255703032187545,-0.0688748803282081,0.9943320374364197,-1.828699478376481,0.20501623662438034,-0.47804851234003976,-1.240803088095796,-0.1146360010152266,1.197676092370729,-0.3256980227798136,-0.22744425453289585,-0.06726422964558744,-0.2788510914286591,-0.8482610083911455
23009,Hancock,Maine,-0.15986516344582716,-1.5195576283005763,0.11116764815644781,1.3445755695179333,-0.7074935142174373,0.6896281321209535,-0.6234463114503123,-0.2529150448861847,-0.12913349437951246,-0.5469582075262003,-0.5894999008828702,-0.6706705608448487,0.21993610223930884,-0.08241107041756218,-0.5387157802704237,-0.580611269387772,0.27311651996845315,0.5635392061169809,0.3503770986233268,-0.245119489232803,-0.31535465517067507,-0.40414025249562285,-0.8997202329461339,-0.8013617771576833,-0.7886847259669557,-0.42059645852159666,-0.45040562738734524,0.9973019696861121,2.1890287125410155,-0.3795151596440475,0.2337549684992768,0.0259684892465243,-0.039238446981460555,2.334674109512582,-0.08602139992103093,-0.5302809762285841,-1.1459090386830924,1.3430164762811985,1.0107154115665593,-1.0870219331958735,-1.4479658379961013,-1.3926123280828544,-1.1460380773398462,0.2907607130114935,0.20459366865095172,0.7296869710500015,1.25598392676563,-1.2731683786181447,0.7483297478108193,-0.2168438311563316,-1.6702396508790962,-0.5944776153984553,1.4953435417030498,-0.3256980227798136,-0.08919312764473498,-0.06599685022495026,0.11749674164469157,-0.5979825005282734
23011,Kennebec,Maine,0.03728604814936199,-0.6886492500679389,0.6137606860608432,0.32877560019854063,-0.6005066425274769,0.7137932611225218,-0.6271228564238736,-0.21476612193229183,-0.191471743570751,-0.43531807177580856,-0.581349203040654,-0.5157936068340706,-0.02498146068794694,-0.2588903656248968,-0.8954287718820013,0.1327277306337092,0.03194045850875944,-0.11784449439306269,0.21889752377571797,-0.08459647578455379,-0.0009658260119378825,0.1201557960671985,0.042466312993766624,-0.8043730522257977,-0.07958486497314828,-0.42899809723691773,-0.06708304153154468,0.03164277091239633,3.6323995491478103,-0.39884967519786707,0.652626504539132,0.04300594468702449,0.008674837526818526,0.33976317887349017,-0.08602139992103093,0.03483592529620749,-0.8280171172585364,0.7899757565861435,-0.031522074394809654,-1.1587228520642443,-1.416183750344338,-1.1958907262532834,-1.1346107796307632,-0.04667864301196037,-0.26654150578185637,0.003384776757059226,0.9507233892148848,-1.2537247901266024,0.13194993684413497,-0.22708715198706525,-1.240803088095796,-0.1146360010152266,0.3046737443737671,-0.0535356401590872,0.21130234999386133,-0.04399612768604215,-0.14109217916449254,-0.6238177013399249
23013,Knox,Maine,-0.20442663836851604,-1.4930943843165616,-0.12276386369301778,1.436697502748866,-0.20609261066771414,0.7397055062590924,-0.6360742597913879,-0.21743485734160656,-0.3614908688606491,-0.44539545261406044,-0.5894065171002263,-0.6190449095079227,0.012909373038467073,-0.06280225983896945,-0.9667713702043169,-0.6944626430588713,0.7428145230958649,1.5148950847914688,0.06058773668846153,-0.23298416942608052,-0.328492249136821,-0.3812360298797778,-0.8198326645954628,-0.8094003764663006,-0.7034249793665752,-0.4538999733860138,-0.47053513423100385,-0.2024752078984261,0.3209922093715316,-0.4264294441438979,-0.28583647571375365,-0.0338103141344465,0.05995435449394947,5.391585252929621,-0.08602139992103093,-0.5020382111441958,-1.115245309854607,1.3010112273969507,0.11050542980087909,-0.9914207080380457,-1.4691538964306108,-1.4253992617211142,-1.0546196956671852,0.41880094296505715,0.1644521067037619,0.3035402754189383,1.2175057077466285,-1.2287258906374778,0.6434140353058517,-0.4678051915093061,-1.240803088095796,-0.5944776153984553,1.197676092370729,-0.59786040540054,-0.1563254942547029,-0.06360464854630878,0.04955383171578854,-0.8304993078331353
23015,Lincoln,Maine,-0.2194747394630133,-1.6669403203294646,-0.6413963663231318,1.8551465049711213,-0.49236587837163154,0.7488079383715321,-0.6548950680246921,-0.2538429370901138,-0.31710157210772066,-0.5492092179059651,-0.6052534260126478,-0.6018363590622807,0.19886275811972715,0.34898276231147773,-0.8954287718820013,-0.9370216455077489,0.48400612362854006,1.1674443994683068,0.09765562490511949,-0.2557081344415006,-0.34232733693535067,-0.3387258069382653,-0.19862083913966133,-0.8158837803989044,-0.579324647219347,-0.4466807448748784,-0.2971247639247377,0.1586363362250431,2.2835748543756984,-0.4129321067884692,0.3624668680371422,0.3146002297003401,0.009717138376309204,2.5204955697171108,-0.08602139992103093,-0.3271526637464214,-1.0654755220090022,1.1771201590843219,-0.21886910832021914,-0.9675204017485887,-1.384401662692574,-1.2942515271680677,-1.0317651002490196,0.1360454351509375,0.08839441038277059,0.17199064328934943,0.9763755352275523,-1.1703951251628528,0.3854962420644734,-0.5548734185705422,-1.6702396508790962,-0.354556808206841,1.4953435417030498,-0.3256980227798136,-0.17019365250895052,-0.06053578482168414,-0.5006763865494065,-1.5151321293418962
23017,Oxford,Maine,-0.15111395167658664,-1.3460746656898022,0.7279467676728882,0.8775822262033689,-0.27705642354172716,0.7368107374607953,-0.6479162246148481,-0.21383383346109208,-0.28229019152079166,-0.4581957099539504,-0.593817833192768,-0.2576653501494408,-0.3691565337028742,-0.08241107041756218,-0.46737318194810806,-1.136076692183098,0.35449834552333975,0.7935500490817016,0.679118777360865,-0.2576858544533205,-0.34158467047032615,-0.41403178419205056,-0.435595828803848,-0.8085222250474206,-0.6813662158990728,-0.4740743516579542,0.5018041745381537,0.7555859903500672,3.784875138008112,-0.2652359450710516,0.07617278246650755,-0.2563762983802724,-0.16613598909993124,-0.054408183898953716,-0.08602139992103093,-0.41779407057545076,-1.1043994047340486,1.2540956470238849,0.8805427695676694,-1.4295929900114235,-1.70222253921021,-1.5893339299124232,-1.4317205200669125,-0.01733609031426887,-0.07217183740598941,0.10343660964435247,0.9455929600123513,-1.5620445504924798,0.2356166527716627,-0.5804817206473762,-0.8113665253124961,0.36520561336800217,1.197676092370729,0.2186267424616392,-0.08355977321217287,-0.06531656385517619,0.3297281219757366,-0.273427790331903
23019,Penobscot,Maine,0.1246985871268561,-0.34932382211872237,0.6454876139885501,0.00036108703353975616,-0.2163386385707967,0.6413355414737858,-0.6185305063424583,-0.10347262999383719,-0.12117688903213102,-0.4933737172953706,-0.5965427017510191,-0.3609166528232928,-0.3445824060324825,-0.02358463868178615,-0.6814009769150549,0.2753703182439029,0.3813851259424303,-0.022241881105763802,0.7748448887858197,-0.19354156772268324,-0.2771009950034254,-0.388952856924588,-0.618785003800428,-0.8036851100056046,-0.6270691349191553,-0.4243168179909666,-0.19943656288696465,0.6972593622833769,3.9457881035957887,-0.3440186503191425,1.412628004986789,-0.04948076390008564,-0.1374031689234958,-0.03500979929747749,-0.08602139992103093,-0.42621682310574494,-1.0750680550548581,1.2292154741126682,1.9094807681650419,-1.4295929900114235,-1.6280643346894286,-1.4417927285402465,-1.3631567338124164,-0.0013310615700732936,-0.07639726497937774,0.2572199824155619,0.9507233892148848,-1.500936129519063,0.2949439902000667,-0.47804851234003976,-0.38192996252919614,-0.1146360010152266,0.6023411937060877,0.2186267424616392,0.3094649546409987,-0.061943820910859745,0.38316523566708566,0.1883764241763649
23021,Piscataquis,Maine,-0.27175063600557486,-1.8715463636753609,-0.21456621455345024,1.831077167215819,-0.02464088798813002,0.7107272829277921,-0.6398586782364396,-0.18640954630799966,-0.22715798149531674,-0.3129560008729687,-0.5942637220819574,0.34463391544802896,-0.8383301723261347,0.17250346710414313,-0.39603058362579246,-0.5265092204745915,0.6849673770493073,1.2890262998483963,0.20043046111817217,-0.2849458829739536,-0.4416281096093312,-0.6059159270187242,-0.8473662124302076,-0.8189719299790288,-0.7893545035367893,-0.3968925510046914,-0.16357082295531847,1.2535723026491445,4.053249510652199,-0.29269009339464286,0.31999121286552756,-0.13607434783497377,-0.14406080329512172,0.3768553479269942,-0.08602139992103093,-0.6317242623111384,-1.1635515074482004,1.40396525449235,2.51979766869871,-1.7323302030112115,-1.9458852112070644,-1.8024489985611252,-1.6831210696667311,-0.045344890616610775,0.010224000275084752,-0.009584905283886225,1.1072014798921574,-1.828699478376481,0.24810661854606333,-0.6829149289547128,-0.38192996252919614,0.845047227751231,0.3046737443737671,1.0351138903238184,-0.27664720736746673,-0.07008765621947943,1.8559488396390782,0.5920514368584173
23023,Sagadahoc,Maine,-0.21589576329768134,-1.2276823698126764,0.7156316590839574,0.7746428376052897,-0.6403870343414303,0.7178396886351435,-0.6147550543901588,-0.253713202009485,-0.2331106355957417,-0.4471858793346118,-0.5686788900510126,-1.0148415697576887,0.6946011660403105,-0.5726313348823804,-1.3234843618158942,-0.3609697957883691,0.7238050071466675,1.139775296902761,0.44785640179499686,-0.19494756594695759,-0.18156588997295028,-0.12991828117300508,0.0257723703283554,-0.8214846466221654,-0.47637918727082884,-0.4481590699836005,-0.43719932538996104,0.44697945928976524,2.3381546134674114,-0.4031921129417322,0.003085155741359308,0.9926364632670954,-0.00927981872768154,2.1602292760292428,-0.08602139992103093,-0.1331617748849964,-1.0244090229148484,1.0534422063765796,-0.46429156327127624,-0.9754871705117408,-1.3420255458235562,-1.179497259434151,-1.0089105048308546,0.02667773873226861,0.06092913115574575,0.025618517398679763,0.7942452985376119,-1.1370632591773522,0.2324941613280622,-0.47804851234003976,-1.240803088095796,-0.8343984225900698,0.9000086430384084,-0.8700227880212664,-0.19776152984836584,-0.05062704006190307,-0.49591255051271727,-1.1066130165076593
23025,Somerset,Maine,-0.17305348560007416,-1.0710373910208186,0.8695124628509417,0.5536935055957782,-0.1496984975806446,0.7388403409048646,-0.6455628186306586,-0.21104989051265668,-0.33578781812623293,-0.4096656084842029,-0.6174530926068588,0.6543878234695846,-0.7131256782736363,0.0548506036325867,0.10336760463041615,-0.557836449527386,0.5274592581251858,0.593043041954086,1.0064686537962702,-0.2651842892192352,-0.3806194595853556,-0.4971298795306751,-0.7423628125586684,-0.8132488197402108,-0.691033883439223,-0.40414522550858734,0.18020040355164527,1.117499755119852,3.327354975723593,-0.1650505304303676,0.462713202427436,-0.15146509640183273,-0.17359685323121057,-0.09277058978148978,-0.08602139992103093,-0.5432285949797119,-1.1134278026357372,1.3170274513917644,2.3082792260479192,-1.6765628216691453,-1.9564792404243183,-1.8352359321993874,-1.6831210696667311,-0.13337254870968573,-0.013015851378551395,-0.057758010007397664,1.0482015440630221,-1.817588856381314,0.16941983416733777,-0.5036568144168738,-0.38192996252919614,1.0849680349428452,0.3046737443737671,1.0351138903238184,-0.11578780089613293,-0.06830979492138713,0.20421785037737436,-0.47365059662220077
23027,Waldo,Maine,-0.20459357915527868,-1.2277591737963782,0.3908455862128825,0.9364627724070566,-0.3072177496614531,0.7531884757245179,-0.6504262636676962,-0.21749725522341193,-0.3804091237017087,-0.4751370701907138,-0.5836364322737257,-0.13720549702994866,-0.3191159217707079,-0.08241107041756218,-0.7527435752373701,-0.9371932634901512,0.44435355095720797,0.9741914479962596,0.3822003385572141,-0.23538795455944964,-0.3047171888295665,-0.27684973843863314,-0.38956810974897343,-0.8045261142915424,-0.37367052951671764,-0.4087422759047332,0.24379231822575592,0.1748378954706499,3.1666431815239893,-0.37609806198693546,0.4080828125925867,-0.03333604401269921,-0.030349855241878314,0.7848455129427678,-0.08602139992103093,-0.34230764211341386,-0.9612371153122885,1.0823203008199451,-0.1049596692345246,-1.1507560833010921,-1.4797479256478647,-1.3598253944445922,-1.157465375048929,0.18272676898817417,-0.11231339935317922,0.31650995745988375,1.1662014157212932,-1.3009449336060614,0.44295008462671764,-0.34488534154050227,-1.240803088095796,-0.1146360010152266,0.3046737443737671,-0.0535356401590872,-0.17365601320670465,-0.06114664977093027,-0.44320250610502476,-1.111457116659844
23029,Washington,Maine,-0.22900793702287872,-1.10158769911512,-0.5424970317266042,1.2850444761555604,-0.4843285054689231,0.44478673661532964,-0.6440059799759336,0.5473173052249494,-0.3957408177239806,-0.41688210177807333,-0.5178108648224874,0.8780989792629307,-1.143172912505491,0.8588118373548884,0.17471020295273174,-0.6046154761297123,0.37503825822043646,0.9771202660344419,-0.08777791075951594,-0.2705433221711092,-0.3778772840491033,-0.4891873320496713,-0.7816538201627774,-0.7705861240207977,-0.8003385017291332,-0.4207977535216088,-0.3833586132841603,0.6920827528288581,3.308346583682136,-0.3681952054428086,0.8026340987772718,0.23874216916155533,-0.11184077393901064,1.340951705401351,-0.08602139992103093,-0.5514999855652216,-1.120879703679994,1.32784337672434,1.6828235473445956,-1.1188890082484828,-1.500935984082374,-1.572940463093293,-1.214601863594342,0.09736661568579864,0.4750210333478103,0.7760072640533779,1.2380274245567626,-1.3453874215867283,0.7489542460995396,-0.38073696444807004,-0.38192996252919614,0.6051264205596165,1.197676092370729,1.0351138903238184,-0.20034426377425812,-0.0688721743467436,1.0477767243386307,0.07534742062539034
23031,York,Maine,0.28722569379033125,-0.9677940795150706,0.8816194261183042,0.45254796157630545,-0.5765487221396857,0.6861787710837273,-0.6137010756054347,-0.25913075955676895,-0.04241343150553867,-0.49101581563468943,-0.5696057469381667,-1.1353014228771825,0.7606355538026479,-0.6314577666181586,-1.0381139685266323,-0.2798343633998105,0.8283251828912818,1.177504990670241,0.6054911904349962,-0.07984953391710913,0.01723930375589101,0.11572900518179977,0.06850627540079497,-0.8194359473984728,-0.5135394637835923,-0.4276370109401647,-0.3900969648156663,0.17255070487205829,3.0070137529739425,-0.3595073181997744,0.7200072026573756,0.04398058653576721,0.11156632303800305,1.4515250959493489,-0.08602139992103093,0.04686911759442554,-1.0392062813234026,0.9901031571320906,0.20675916645654277,-0.9436200954591317,-1.2360852536510107,-1.064742991700237,-0.9974832071217719,-0.020003595104968054,-0.2813305022887155,0.05896912836111107,0.0246809181575814,-1.0759548382039354,-0.06664051896883888,-0.23220881240243207,-1.240803088095796,-0.8343984225900698,1.4953435417030498,-0.8700227880212664,0.5759170046622178,-0.03672259777606507,-0.10691047697588187,-0.4429712956583651
24001,Allegany,Maryland,-0.11467692837634527,-0.1305015495586142,0.05461932954382727,0.09302716339206976,0.9332715349334654,0.24456636751112543,-0.06142617006319574,-0.3448427996865428,-0.19094247320798097,-0.280444372887191,-0.5637737978416562,0.2585911632198189,-0.5183860129079902,-1.1805044628187567,0.745450989531256,0.34236906906028447,0.22123847304011326,-0.36153563807682915,0.7862208987541012,-0.09031450041681441,-0.04957708785354824,0.018957705699214237,0.28820955734814296,-0.806382247330164,-0.13416598648993486,-0.43887424642562056,2.5734506230369276,-0.5841577607034626,0.6371153138287704,-0.4144786767878347,-0.6171321145258919,-0.3974380663677295,0.055075857829270526,-0.3459847921691943,-0.08602139992103093,0.05115212090996582,-0.8546925490253107,0.8088659316971699,-0.4198730626406841,-0.18677706295966107,-0.13430621505654008,-0.4417912525732615,-0.20899966519506893,0.05468653903461075,0.014449427848473074,-0.06702206860807308,-0.883405050690855,-0.22599225557368008,-0.20777713221956937,0.41824206034915484,0.04750660025410388,-0.1146360010152266,-0.29066115429087425,1.0351138903238184,-0.05844362155603209,-0.03661886467908164,0.4434965281824131,0.25296442620549364
24003,Anne Arundel,Maryland,1.3755419705531793,0.18748893088444404,1.585780919526745,-0.9624767102921749,-0.26650161340892786,-0.6263645982937888,0.6364996886225708,-0.25572158470879114,1.2392167751283587,0.3179073626928366,-0.09683284799060803,-1.496680982235666,3.102247892406201,-1.356983758026089,-0.7527435752373701,-0.3164678108836327,0.46481297682763684,0.48717316191800014,0.7762774204208253,0.5885141628132431,1.2766164698614415,1.875156552689279,1.9119309149908268,-0.6696127315918836,-0.5607108285000215,-0.4916706766688719,0.0761345983535227,-0.6082552077391185,0.2365410654871722,-0.42421174881858736,0.07786959549388513,-0.22760521340062545,-0.11206003341324682,2.1265794994990728,-0.08602139992103093,1.6728350240898602,-0.913030855308896,0.16544984309064023,-0.3021807906429458,0.19562783767165018,0.363613158154423,0.5418167565745913,0.3623652202590638,0.02934524352296803,-0.2918940712221867,-0.30418196878536025,-0.5627532255325088,0.3434271216786147,-0.312068346435817,0.5514052311486923,-0.38192996252919614,-1.3142400369732985,0.007006295041446424,-1.1421851706419928,1.3982557435736704,0.13522984979033928,-0.7724210074256436,-0.03445218282412788
24005,Baltimore,Maryland,2.1022791471168554,0.06415076198904368,0.6971208271729272,-0.40627928782701456,-1.2213674596615491,-1.5283274876044286,1.4422407521336773,-0.2686734032488093,1.8297298553957106,-0.10513534710824049,-0.2846556833056752,-0.9632159184207626,1.4586643367082712,-0.9648075464542345,-0.32468798530347687,0.6839766609650683,0.8429479402879425,0.40666055199118506,0.9263825020592199,0.7130368423057426,1.3393895880086335,1.606246927514821,3.087045854184208,-0.5133373675974905,0.0866218523574727,-0.5015634257195551,0.5956498551795432,-0.6068898691004011,-0.1434978887426838,-0.43392160585228534,-0.45724488584526585,-0.24370249156920157,-0.08002518443673577,0.616408966069642,-0.08602139992103093,1.9453872072380176,-0.4662499649403435,-0.38658962469626784,-0.23210157699089176,-0.04337522522291949,0.11995048615756844,0.16476701973457913,0.06525547982291542,0.14938295910443367,0.30177850283888535,0.051557881480570666,-0.09331895350069018,0.06010626080186269,0.15380737694933663,1.5859806350527914,-0.38192996252919614,-1.0743192297816841,-0.588328603623195,-0.59786040540054,2.6302011107610523,0.18290155066681715,-0.36330135384674844,0.005915318444077362
24009,Calvert,Maryland,-0.04992440461257736,0.004210893100890122,1.5335731364654281,-0.7676258094220677,-0.22336017536454564,-0.15599460001076873,0.2929111303330101,-0.2474988870664661,0.3688763380776154,0.3839884751859257,-0.38623722556691115,-1.5138895326813062,3.798286033684893,-1.494245432076238,-0.6814009769150549,-1.61116212410299,-0.34434758874693694,-0.01734371222891773,0.72320947380326,-0.1517906860172325,-0.1802850580790338,-0.014390816692125885,1.0767097482738421,-0.6074644977319362,-0.6085459343035411,-0.5001789910351614,0.20930388023955093,-0.5902816633364991,1.103474492475666,-0.41688854894063215,-0.057256842018868895,-0.11290439615943337,-0.20398258327691798,2.8562812449113797,-0.08602139992103093,0.20226487227573733,-0.8734827803819419,0.761893846322146,-0.48297488566560237,0.25139521901371664,0.40598927502344095,0.5582102233937212,0.40807441109539505,-0.08802496726779867,-0.48626373959805363,0.19051876049069993,-0.6397096635705118,0.3878696096592807,-0.2764719439787744,-0.07343733952606046,-0.8113665253124961,-1.0743192297816841,0.3046737443737671,-1.4143475532627192,-0.07753339405175756,-0.01480107562521076,-0.6670345426723646,-0.044140383128496934
24011,Caroline,Maryland,-0.22307128834274131,0.1201659201148008,0.8091926875999707,-0.5136987258234971,-0.5124178325266426,-0.19821378136559406,0.3483955061522735,-0.2258563346216727,-0.1306078585578499,0.8906205105059657,-0.14120664689145757,-0.41254230416021886,0.3034744077556963,-0.651066577196751,-0.39603058362579246,-0.15331706606816786,1.5480326050092819,2.1666830165029327,0.8476089940872622,-0.19591539239781794,-0.2580992516655793,-0.21042722571773906,0.27693325495866483,1.3215595193014302,-0.8081479257924444,-0.5167620517435485,-0.5548096562995944,-0.4836554389777461,0.19801675278439726,-0.44084823446756366,1.2945030108625435,-0.16824369449920795,-0.2396830209114685,-0.29574798392823853,-0.08602139992103093,-0.11563842264422802,0.9355664912536178,-0.8596524148994222,-0.4971605090857663,0.18766106890849832,0.331831070502659,0.509029822936329,0.24809224316823725,-0.1720513681748246,-0.15879310266045152,-0.4505540946760296,-0.8911006944946551,0.2989846336979472,-0.49629534160823047,0.3670254561954866,0.04750660025410388,-0.1146360010152266,-0.8859960529555155,-0.0535356401590872,-0.25319673193889414,-0.04945587464592504,-0.02914873805974158,0.4338108318870527
24013,Carroll,Maryland,0.17243486578376746,-0.26086643413266164,1.3542345018640023,-0.4341014072907486,-0.26793138730280436,0.4564152184016844,-0.39164293752034096,-0.3254406988608644,0.29540291844570904,-0.25527511020777877,-0.4245416128200749,-1.6171408353551584,3.1636145687674584,-1.4354190003404599,-0.8240861735596857,-1.2832327555796263,-0.16247159235624797,0.08586570190730619,0.6862722718453896,-0.07260157735682901,-0.03181167463699732,0.3469664503981718,2.1276117367279324,0.08704134946704709,1.442961288656973,-0.5133177805795099,0.3274594960649099,-0.5964390085063555,-0.10120916809203037,-0.43846120201807465,-0.4833623326552499,-0.38564464718807995,-0.1964060210749774,-0.3530152677289417,-0.08602139992103093,0.6740240738850357,0.7386211588695827,-1.0091012954340897,-0.4027535097572421,-0.13897645038074702,0.0034161647677692342,-0.09752844937151399,-0.09472668810424238,0.06535655819740772,0.5172753090816943,0.30539308713907365,-0.04201466147535453,-0.08710948063409678,0.27620904153846554,-0.36025032278660274,-1.240803088095796,-1.5541608441649128,0.3046737443737671,-0.8700227880212664,0.24061076541376925,0.006929893465241688,-0.8242431246747236,-0.6900204034197809
24015,Cecil,Maryland,-0.019670047994018287,0.005962077856138254,1.1581101510791936,-0.5822519714809293,-0.2311591214349789,0.2705502904613935,-0.12938048487130993,-0.28408452141528473,0.021490700330255713,-0.12498787958803217,-0.36543254407452036,-0.7222962121817748,1.3443740501965333,-1.1805044628187567,-0.1106601903365306,-0.1757788506674357,0.5355594486938776,0.3325359689105346,1.064958478444209,-0.03387771709450679,0.03305610449125351,0.17263614838680044,1.35440881709518,-0.03919443908860144,0.15353567551848632,-0.4930558682797707,0.33326116301116754,-0.6197170658597139,0.17780865353049852,-0.41593229613715665,-0.2598016157210379,-0.019475848334511197,0.07674285860524918,1.0072310769216155,-0.08602139992103093,0.4310789528966059,0.030880715285832857,-0.21613383038998535,-0.4287791023312437,-0.0035413814071578774,0.14113854459207778,0.23034088701110358,0.09953737295016307,-0.09602748163989645,-0.032030275458799225,0.40544492002636656,-0.47553592908943854,0.09899343778494639,-0.03354210966667686,-0.07343733952606046,-0.8113665253124961,-0.354556808206841,0.007006295041446424,-0.3256980227798136,-0.01796207458715542,-0.01939833459050163,-0.6031207220737176,-0.2056103882013179
24017,Charles,Maryland,0.15723446783117098,0.4153025418226509,2.005922973865977,-1.381595110682263,-0.8374797428887278,-2.6573825326848572,2.8558628293232244,-0.14770523605642802,0.9202578513078296,0.3874811954159277,-0.2527476060063349,-1.3934296795618122,3.2116645390726934,-1.3765925686046818,-0.32468798530347687,-0.6470968068099913,0.8915365204432283,1.2261847389621832,1.0060779665694422,-0.12637461990599078,-0.08234175429872759,0.0496663453207229,0.6106116814874132,-0.574219352308809,-0.5499366650496305,-0.47363278486491805,0.08095893182716332,-0.4414726499686352,1.7504718210807997,-0.41483083510605373,0.347591326961024,-0.056546919826192005,-0.15068624171156964,2.0497272518543235,-0.08602139992103093,0.13210871455359507,-0.8142289614807071,0.7345747626817297,-0.26098663381336734,0.26732875654002153,0.5013355379787315,0.6237840906702457,0.4423563042226427,-0.08935871966314825,-0.41865689842383896,0.1868131370504299,-0.49092721669703926,0.43786740863753126,-0.22214059286013066,1.4886690871608217,0.47694316303740386,-1.0743192297816841,-0.8859960529555155,-1.6865099358834457,0.06691255116589853,-0.01779152005739668,-0.7856342945644035,0.39505803066957595
24019,Dorchester,Maryland,-0.22739710486990605,-0.5233005651448326,-0.2621654542745118,0.612669683184457,-1.1709428584800998,-1.1169742834306318,1.353945976880154,-0.2635699213634705,-0.13442050872376102,-0.12257776337913742,-0.26355284159540476,0.32742536500238506,-0.48138753577295923,-0.9255899252970493,0.3173953995973624,0.44114086110090245,1.3866185222589205,1.5874032876541067,0.8796217786203334,-0.23978548329818167,-0.3795256488840776,-0.4669499604429364,-0.751083988600436,-0.18451331578726743,-0.8204796109736524,-0.5175603203877868,-0.8096466605425803,-0.4400976350866809,-0.5499912728716566,-0.4378417333768765,1.2073675676211888,3.222075157696258,-0.2321591815696868,3.4819529150580952,-0.08602139992103093,-0.5295553583487675,-0.5529310480666131,0.7661975905959948,-0.008020852602664049,0.2912290628294783,0.42717733345795034,0.6565710243085056,0.41950170880447707,-0.15471258703527968,-0.26654150578185637,-0.3190044625464407,-0.8551876900769204,0.42675678664236516,-0.46694392203838797,1.8471853162364995,0.47694316303740386,-0.1146360010152266,-0.588328603623195,0.4907891250823656,-0.22484280514377247,-0.0640941870936219,0.9575767483912416,0.6404924383802638
24021,Frederick,Maryland,0.43924724603069204,0.16863934984406895,1.7007975016989525,-1.00239123722807,-0.3493993424179824,-0.18176886490593974,0.11644560969423362,-0.2656646891162658,1.44051144784441,-0.04582347926870465,0.05542920617610489,-1.5138895326813062,3.241936020364992,-1.239330894554533,-0.6814009769150549,-0.4484110959462035,0.2662951819198287,0.16691623084797333,0.8968580756582764,0.060864554597449785,0.26843562708784646,0.4869142817996292,1.2722613496982842,-0.050729241042451134,1.2989645225724031,-0.5041915006680688,0.5475117414642277,-0.606186149883651,0.17271124678825509,-0.4460893562409977,-0.5013646935130889,-0.37479431073000435,-0.06820095928905016,-0.3520206801673192,-0.08602139992103093,0.6074134545350605,0.5378123835071911,-0.7851128076706542,-0.24286180053007128,-0.0991426065649854,0.08816839850580516,-0.06474151573325176,-0.03759019955882911,0.09870036808114822,0.7053068360974788,0.21831093629272585,-0.195927537551361,-0.03155637065826313,0.28058052955950585,0.1980106624883813,-0.8113665253124961,-2.0340024585481418,-0.588328603623195,-0.8700227880212664,0.4111460663755835,0.01044822803497564,-0.8974477721148626,-0.2185279886071439
24023,Garrett,Maryland,-0.23593451528066112,-1.0449033075458842,0.23698519674800514,0.8446263843355074,-0.3060717377240825,0.750470385211443,-0.6126668845533716,-0.34764901823726524,-0.46600782036331484,-0.6175648606035868,-0.616451761507419,-0.2920824510407248,0.24238230265332586,-0.8471546829826784,0.17471020295273174,-0.8671483941744804,-0.273380866512785,0.5224919591233746,-1.0453155834973928,-0.2505662112587154,-0.3240410411490147,-0.43818939837201676,0.09232408859758527,-0.7928835815744346,0.37178337904057923,-0.41036524669795893,2.061471872210482,-0.5014384871010489,0.9799749192572943,-0.40239314049175295,-0.46766662392882713,-0.0503592541883106,0.13670245865033634,-0.2972840977044242,-0.08602139992103093,-0.2755592474408134,-0.6124670283736519,0.714421247203677,-0.2516114632695425,-0.4018798195647737,-0.4733151500086845,-1.0975299253384967,-0.6318096804311266,0.2200718360579637,0.37783619915987665,0.24610311209475177,-0.5499271525261749,-0.6037534034093487,0.16379934956885717,-0.6214550039703108,-0.8113665253124961,0.1252848061763878,-0.588328603623195,0.2186267424616392,-0.24222947048546756,-0.061634347333768935,0.2449829740847456,-0.06513148378796407
24025,Harford,Maryland,0.427221651812318,-0.07282379869967186,1.2941576126148688,-0.5774220979730658,-0.4803110598160751,-0.3213393894126875,0.3960658581739019,-0.2911601676264316,0.718848889601592,0.01718344330864165,-0.3585552958231848,-1.3418040282248862,2.455358006468292,-1.4158101897618671,-0.5387157802704237,-0.8699728800079496,0.0846432068335075,0.1929433193488565,0.7777006602815502,0.1146884389295356,0.3176803157151788,0.5452785880073331,2.0179433713621946,-0.37533149819199596,0.2601883160985144,-0.4997130385340744,0.4209647066586582,-0.626772036164742,0.059643524832164424,-0.42182385986885157,-0.1188854124296932,0.19359093391181761,-0.15726422008351099,1.024318329559547,-0.08602139992103093,0.8566802039428766,-0.2518296896471432,-0.12502290679193637,-0.34771626949559814,-0.04337522522291949,0.13054451537482312,0.23034088701110358,0.07668277753199744,-0.11203251038409179,0.08205626902268773,0.2516615472551568,-0.3626664866337006,0.07677219379461261,-0.03166861480051666,0.3106871916264515,-0.8113665253124961,-1.0743192297816841,0.007006295041446424,-0.8700227880212664,0.5186664026382726,0.030561059590115812,-0.6581464693942775,-0.30733649139719554
24027,Howard,Maryland,0.6329659207471832,0.24829321297563647,1.8142844905027162,-1.132293315155406,-0.5054625253854128,-1.726531389349089,0.7944388875200873,-0.2557921120234598,6.679709821988975,0.04443117579378734,-0.17528062786933302,-1.6343493858008,4.503453669321581,-1.4354190003404599,-0.9667713702043169,-0.19106460302852146,0.247957320648548,0.16990789219780816,0.5955149448245004,0.6019917119346447,1.3401828388414523,2.0532631039937788,4.037656324892328,-0.5592381352608276,0.7594420572924404,-0.49056188471123396,0.704976270375442,-0.6170994879813209,-0.3647592795761869,-0.4373612296530583,-0.4734047873855575,-0.36826281644271275,-0.10274674838965099,-0.3802396095305336,-0.08602139992103093,2.334980665033237,-0.20700412180029557,-0.8068341599339907,-0.551281827205321,-0.0035413814071578774,0.16232660302658714,0.0664062188197948,0.07668277753199744,0.13337793036023832,0.13909954126343121,-0.022554587324831676,-0.2215796835640286,0.07121688279702958,0.04202218326844864,0.326052172872552,-1.240803088095796,-2.5138440729313705,-0.8859960529555155,-1.4143475532627192,0.5181236542045706,0.19802249229825364,-1.186179729815152,-0.4235948950496265
24029,Kent,Maryland,-0.26402742802850415,-0.9015460243435004,-1.439495561410145,1.5474710000221692,-0.8875071849226572,-0.20720494599121403,0.37730531797898215,-0.3068376577435932,-0.1005167168159331,-0.23975304538033718,-0.379917664893639,-0.3609166528232928,0.6790878899131917,-0.6902841983539365,-0.1106601903365306,0.29434876268543847,1.3780744934125988,1.6284421393159534,0.9024606198660989,-0.24516238473309435,-0.3650107220796981,-0.46019349765220136,-0.37146649184130237,0.7733486706826889,-0.8052397658245923,-0.5234719588333628,-0.4336020256004854,-0.6171306656367658,-0.5023190250211405,-0.45185189585523383,0.30520282198963294,-0.026001612058831235,-0.24096363863528122,2.4264232133904633,-0.08602139992103093,-0.4206115930450931,0.3971000371922929,-0.204477117439628,-0.4314375104997468,0.04425923117175617,0.2047027198956051,0.4762428892980668,0.2138103500409896,-0.2894215789655913,-0.40809332949036814,-0.08369737408928857,-0.9424049865199905,0.2017666912402383,-0.5137812936923913,0.20313232290374816,-0.38192996252919614,-0.8343984225900698,0.3046737443737671,-0.0535356401590872,-0.27144430858922,-0.06108293942461608,0.8476558240710999,0.018832918849902763
24031,Montgomery,Maryland,2.7563297193669403,0.018385606036379898,1.4989534566348452,-0.7634434884640804,-0.765279076784565,-1.4947765513818805,0.7529857670064445,-0.21558620041190762,5.368759167506932,0.20058132016518024,0.7392007081019736,-1.2385527255510345,3.726622935115371,-0.7295018195111219,-0.8240861735596857,0.7650206087105419,1.2579787363343333,0.7657980084788422,1.3081708856864573,0.5851456505904721,1.277877348633863,2.6937795691404,4.542760433854476,-0.5149302760061618,0.39729242935907744,-0.505919860793909,0.47391761241271346,-0.6189419901254376,-0.25524559895754767,-0.4366789810362105,-0.2852945389235527,-0.36770153330466243,-0.16646846313154887,-0.24471856719216153,-0.08602139992103093,2.6706559487796175,-0.3272446732672898,-0.8348558323430321,-0.36246782854827253,0.052225999934908604,0.24707883676462306,0.16476701973457913,0.14524656378649353,0.08002783454625347,0.0989579793162414,-0.0040264701234808435,-0.2703187609880971,0.14621358126440467,-0.0004437003645144042,1.365749237192018,-0.8113665253124961,-2.753764880122985,-1.1836635022878363,-1.1421851706419928,2.741820133471353,0.36270812992619156,-1.1067808450007446,-0.517247497991863
24033,Prince Georges,Maryland,2.3423136394099093,0.4278643879422816,1.5867923023447204,-1.184433649942339,-0.8986402831599056,-3.658936436159941,3.773588658480514,-0.1059202183083017,1.1199119754279618,0.4274611458098335,0.7021565114115265,-0.9976330193120466,2.034234338150267,-0.31771679736067504,-0.25334538698116177,1.1764566670537835,2.1755292313718386,1.9715868725274275,1.570792050611402,1.0741299186506246,2.237698667225129,3.470649612569994,2.8481464059887247,-0.6642399683696768,-0.45429068530579025,-0.41976165902417695,0.5416434481895284,-0.5816133870416602,0.28251931500865357,-0.40425114749127317,0.010583536965539812,-0.16118125163113192,0.027699413638128025,-0.18036692550144948,-0.08602139992103093,2.867347301779982,-0.8595872001021673,-0.40221940859934724,-0.368529297033319,0.18766106890849832,0.3742071873716777,0.45984942247893684,0.31665602942273335,0.06402280580205813,-0.15668038887375735,0.023765705678544746,-0.39088384724763536,0.31842822218949024,-0.10348591800332174,4.505327071811882,0.9063797258207039,-1.7940816513565272,-1.1836635022878363,-1.6865099358834457,2.0887440440219995,0.31049534225078307,-0.7625842729825545,0.44672843229287873
24035,Queen Annes,Maryland,-0.17335515053053996,-0.5561485145788668,0.9054103060748717,0.06145859830718199,-0.18275320961697478,0.34088593293974573,-0.21942741597946153,-0.28483597153903134,-0.06415105075569996,-0.08228859983869687,-0.3958030889354667,-1.4622638813443802,3.132038873995447,-1.2001132733973472,-0.6814009769150549,-1.1589445103887903,0.5918881202908575,1.2180005574439985,0.5467403877589702,-0.1827895409063821,-0.23544433396655304,-0.21090650746013964,0.23119483706520663,0.7453849995568275,-0.764282244136535,-0.5214199724527662,-0.5585347110371217,-0.5995555524679694,-0.41665142746202155,-0.45015474541397255,0.7448557555505185,-0.11954116212631925,-0.24356275734264646,1.9450388650659534,-0.08602139992103093,-0.11869950417008124,0.38809895046585,-0.32607144458337434,-0.36033812340487786,0.10002661251382265,0.2576728659818777,0.49263635611719675,0.23666494545915523,-0.24407399752370423,-0.4207696122105331,-0.34123820318806125,-0.9295789135136567,0.24343152372211274,-0.5799781122967158,-0.26806043530999984,-1.240803088095796,-1.0743192297816841,1.4953435417030498,-1.1421851706419928,-0.18445483549105132,-0.050215209619058114,-0.46458466597761966,-0.30087769119428287
24037,St Marys,Maryland,0.011536163987660988,0.6886711089914339,1.3427462157638173,-1.3031705874679496,-0.016209946119651583,-0.324724515984519,0.42350739180005376,-0.25236797222760743,0.7586906989622693,0.25689174707250967,-0.3006987210137697,-1.1697185237684664,2.292743178392432,-1.298157326290311,-0.5387157802704237,0.06886437562823283,0.43352502076986843,0.7828254902356301,-0.01701089666550081,-0.14860957871409194,-0.224424844981897,-0.2128294573472815,0.20549421326103823,-0.496356510419424,-0.6992166537117317,-0.495360504134549,-0.49784384713289015,-0.4338517110251057,0.9366419479376701,-0.42992635779933075,-0.02673492136616913,-0.2173482853640121,-0.18808792715450928,4.156960446979506,-0.08602139992103093,-0.11586935020118581,-0.8051101497902565,0.8327695442311244,-0.17069756086350485,0.2912290628294783,0.4589594211097136,0.6073906238511133,0.4652108996408083,-0.1053637484073436,-0.6573935563202844,0.27945372305718275,-0.6499705219755789,0.43786740863753126,-0.3076968584147767,-0.1195322832643619,-0.38192996252919614,-0.8343984225900698,0.3046737443737671,-0.59786040540054,-0.06578008314262462,-0.039826986253827024,-0.868957040928517,0.20290872463291879
24039,Somerset,Maryland,-0.24588652920029944,0.790014876150613,-0.49507857825008156,-0.4812675654790777,1.8364255440816677,-1.9073027872597748,2.2171121834735215,-0.2559183279400602,-0.16741714195694837,-0.02437484052715903,-0.4121109396433832,1.56644099708861,-1.1663055410667256,-0.8471546829826784,1.4588769727544109,0.8135460436608027,2.618996637583134,2.204685426163371,2.437868515450272,-0.2517734631871105,-0.3836307535289865,-0.505441850683186,-0.6261758686411665,-0.4212280101190718,-0.8031955124256407,-0.5229421423752537,-0.8231535677007192,-0.3247495475787563,-0.5538366284876622,-0.44305076757287526,1.4023601826030665,3.364046365357402,-0.21477823792355463,3.686970157830713,-0.08602139992103093,-0.512530095441605,-0.7781855682802814,0.9778443837944696,-0.2851431494957883,0.4107305942767631,0.480147479544223,0.6893579579467677,0.5109200904771388,-0.048012395407309956,-0.22639994383466616,-0.2745369812631993,-0.2780144047918972,0.5100864516061149,-0.24961851756381248,1.447695803837887,1.335816288604004,0.6051264205596165,-0.8859960529555155,0.762951507703092,-0.28024057630783855,-0.06211585131808684,0.05156107978546891,0.4774077332567143
24041,Talbot,Maryland,-0.2120151222018836,-1.4869831109156546,-1.2147874198959765,1.974914242931882,-1.2287854828999685,-0.09338710753147024,0.2211155043179001,-0.3026159218384979,-0.04788657843361879,0.38052277927438255,-0.18501733619828695,-0.9976330193120466,1.3723116757882916,-0.7491106300897147,-0.46737318194810806,0.16337906659505783,0.729992308953382,0.5857283640206393,0.8706384436074612,-0.1924970422603676,-0.2641620930488518,-0.27643911268768206,-0.023490149014753943,0.3227295929186979,-0.8034409969551329,-0.5194512149964647,-0.7194076499963802,-0.46974207377566224,-0.2739610760110332,-0.4406967305757844,0.2779096292665413,0.056951735755478836,-0.1714038250799424,3.383660461631861,-0.08602139992103093,-0.2212724808634078,-0.04577705840308069,0.14003601701347332,-0.3849116442902012,0.21156137519795506,0.35301912893716836,0.6073906238511133,0.3509379225499818,-0.20406142566321553,-0.12921510964673288,-0.5320778103619723,-0.8911006944946551,0.3545377436737808,-0.5300182491991129,0.25947058747278323,-0.8113665253124961,-1.5541608441649128,0.007006295041446424,-0.3256980227798136,-0.16547735577471248,-0.054575990885233135,0.9870937230304292,-0.02153458241830248
24043,Washington,Maryland,0.12147985160664347,-0.03974329284663235,1.0221329793862413,-0.4724254754986202,0.37898112593636407,-0.09200794997250199,0.270758666020869,-0.2985124566671484,0.17928721095029593,-0.11369125173367736,-0.2878256058423118,-0.37812520326893484,0.2789002800853046,-1.00402516761142,-0.1820027886588462,0.6992116738744224,0.48119346692625337,0.2990076000421746,0.30592385072720746,0.09947022372148373,0.2152910533294527,0.6847829108825394,0.7476803311403067,-0.13785822491660119,1.014426554025625,-0.50891524590964,0.7147344522825784,-0.5905883295256453,0.551525511322954,-0.45010428747238923,-0.5751706430197581,-0.32761590235679716,-0.156728454697095,-0.23640103779868327,-0.08602139992103093,0.5247683163450784,0.32327386670015656,-0.5408533491252303,-0.39188903491733706,-0.13100968161759458,0.0457922816367872,-0.09752844937151399,-0.08329939039515956,0.11870665401139258,0.6017838605494626,-0.11704798505171954,-0.49862286050083965,-0.07044354764134685,0.07262259941573053,0.8945564789782697,0.04750660025410388,-0.5944776153984553,-1.1836635022878363,0.2186267424616392,0.20759668827410285,-0.0032858626739267153,-0.23784721077188792,-0.03768158292558423
24045,Wicomico,Maryland,-0.017461743551579416,1.2691956405906046,-0.8973690279426735,-0.7223798038089865,-1.230440317594827,-1.121773213277206,1.2580936532690539,-0.2918158400223266,0.5915760081482341,0.24930203990706445,-0.3039451212620404,0.2585911632198189,-0.09410477511276381,-0.651066577196751,0.388737997919678,1.720494537795221,1.3751833950310008,0.10198849945200046,1.3985317788751264,0.05573484616427674,0.0789521385569521,0.2770880512327878,0.7505394181904869,0.31231952687560505,-0.8021544533126439,-0.5080105371860426,-0.7738892669512889,0.09317030396823198,0.2635999180623842,-0.40930374129420427,2.0937887040175647,1.0357094660291015,-0.2289113821748365,0.11776280351396066,-0.08602139992103093,0.3351588668360711,-0.05544493291448877,-0.09079437468484805,-0.4422424131678087,0.36292998169784907,0.4377713626752043,0.6073906238511133,0.40807441109539505,-0.12270252954688876,-0.2411889403415257,-0.34864945006860165,-0.6217531613616444,0.4434227196351143,-0.397624611990463,0.7306633456865312,0.04750660025410388,-0.354556808206841,-0.8859960529555155,0.2186267424616392,-0.005834454413400411,-0.01667521707875798,0.6441705029418012,1.5576420671938869
24047,Worcester,Maryland,-0.167805101567116,-1.4905639176215266,-0.7734916986297327,1.7584401398942606,-0.7193057667607082,-0.10311625400758465,0.2396363292896251,-0.3021523939648403,0.008301893363742872,-0.19413457523732977,-0.43467097125651744,-0.7911304139643425,0.6932283097458752,-0.8667634935612711,2.3149881526221967,-0.4286751632827691,1.5281285924426742,2.1762491485903395,0.9644238486180021,-0.05407856355972586,-0.2047906403887716,-0.3290470866363017,-0.26431293355106256,-0.08959798831862505,-0.8164544786611063,-0.5167002921522976,-0.8057513262797468,-0.24131901509285145,-0.3269565805856289,-0.4406181168670832,2.3356149583865755,0.7048589153928648,0.31954382548961885,2.377057937215382,-0.08602139992103093,-0.2580457129570231,-0.4576536901363189,0.5563473112908071,-0.22259236906041965,0.45853120685567716,0.3953952458061863,0.5746036902128511,0.4880654950589732,0.02134272915087024,-0.23273808519474903,-0.36717756726995215,-0.07023202208928929,0.4795322411194065,-0.19965865446620906,0.08021247293494432,-0.38192996252919614,-0.8343984225900698,0.6023411937060877,0.2186267424616392,-0.09757765517226931,-0.05514914713963746,1.0174622136157785,0.23520272564748285
24510,Baltimore City,Maryland,1.4172947399582305,0.4854655147430144,1.2001748161127754,-1.0449581443460136,-1.440760043492825,-3.3784106958207727,3.6199572158645963,-0.25470898038850875,0.4913102590863417,-0.05058611478023602,-0.29473411555956774,1.0157673828280662,-0.4078710812059494,-0.9451987358756418,0.6741083912089404,2.9749922622208134,2.2172430485563757,1.5422275283935631,1.0394638979506352,8.910689340713205,6.424544134296986,4.321557016682123,3.0024164822911543,-0.8201476891873364,-0.8139685469956919,-0.5186557473622502,-0.5839233491630959,-0.6386229297914077,-0.6300059173108306,-0.45367931613012047,-0.6012108027483949,-0.38724895385638386,-0.08336731885061496,0.5259205881179737,-0.08602139992103093,6.106063899806721,-1.1758466700939918,-1.4930057388132618,-0.6713942186841896,0.1239269188032794,0.31064301206815037,0.509029822936329,0.2823741362954857,0.18272676898817417,0.18135381699731556,-0.15410421945442054,-0.22927532736782874,0.2795410452064057,0.03140571236020777,9.509189297625271,0.9063797258207039,0.1252848061763878,-0.29066115429087425,0.762951507703092,1.4963434863678835,1.2776279995975175,-0.4987988079765423,0.3223965283868066
25001,Barnstable,Massachusetts,0.30289176867442347,-2.0191266505986154,-1.328645524168235,2.5218711184956635,-1.0202131738198876,0.4836090612671053,-0.419577555266898,-0.2339996839447567,0.06329674786471894,-0.15692110836812312,-0.4580706600809026,-1.3762211291161703,1.8508893800284338,-1.5726806743906088,0.10336760463041615,-1.013774104296335,1.631775070454439,2.3546711383308243,1.4284898516471323,-0.009499654222492035,0.6265384677851392,0.5942099476705504,-0.41898714425664374,-0.8162101242936872,-0.826619516558075,-0.46122789927434965,-0.7868607768871483,-0.2829744075945741,-0.013291396793571143,-0.4348414508930607,-0.5127553703912503,0.3055060783418708,0.9704090544872045,5.572400613586474,-0.08602139992103093,0.2764479498759812,-1.1776940147645003,1.0256271022078458,0.23220393035507314,-0.18677706295966107,-0.8123240849608296,-0.6876932548602247,-0.3004180468677298,0.10136787287184741,0.20670638243764586,0.04229382287989558,1.3149838625947659,-0.4676482839685569,0.44295008462671764,1.1711261414080782,-1.6702396508790962,-1.3142400369732985,1.7930109910353704,-1.6865099358834457,1.0464237502921576,-0.03675973480465847,1.655425548228945,-0.02799338262121518
25003,Berkshire,Massachusetts,0.04502390005509607,-1.0422711692537445,-0.07290269861682136,0.996531068648606,-0.7690076444490976,0.49779344999199593,-0.37508891539704925,-0.3033898211901369,0.10530637831445253,-0.17733104662018406,-0.3328348636025837,-0.5674192581709984,0.21163032165797535,-1.553071863812016,-0.1820027886588462,0.2974091844281063,1.237963879063303,1.37246826164115,0.9102702655500264,-0.08894457223992235,-0.02283292728590704,-0.11697006007647764,0.07614964875245518,-0.7998079084817564,-0.3995245263462911,-0.4956041025335866,1.0011273205341014,-0.3538630203501638,3.870504625399777,-0.43165405481147245,0.3719148021374884,-0.24440389811145039,-0.12629060109095377,-0.2881039016286767,-0.08602139992103093,-0.045048177820176845,-0.9682899900506379,0.9608405721630777,-0.035275121220931745,-0.8798859453539131,-1.1301449614784655,-1.2450711267106755,-1.0546196956671852,0.06802406298810691,-0.27921778850202134,-0.20783575933833737,0.8763321657781487,-1.0703995272063525,0.09260654465477199,-0.02734239578775903,-1.240803088095796,-0.5944776153984553,1.197676092370729,-0.8700227880212664,0.2726142075389561,-0.04326883652400931,-0.19120812991245734,-0.8967020099129919
25005,Bristol,Massachusetts,1.3344891809382382,-0.15324819085875124,1.1998599878206326,-0.45636678736382447,-0.7559074806028879,0.2620464784600206,-0.21188896689641679,-0.2497300892885716,0.37091992915636784,0.28625822057773004,-0.08474550498380772,-0.5502107077253546,0.9702707099629168,-1.553071863812016,-0.039317592014215016,1.106276665564758,1.1754539054683655,1.157867264694332,0.5467383061187103,1.2306759098977311,2.020867569902745,1.2986599429509527,0.7308129593174324,-0.7920343994309395,-0.6253937219983234,-0.4150724881649615,-0.2617582167722162,-0.28136681239671696,0.8845518924449782,-0.4326166834300453,1.321076067621084,-0.0006181010609995794,0.18032258334627715,1.2402673076815747,-0.08602139992103093,1.5112413513930787,-1.0628383700818935,0.38086114397138193,-0.22526567027188357,-0.3142453631700983,-0.7063837927882844,-0.42539778575413156,-0.4261183216676392,0.23340936001145984,0.21726995137111704,0.14605127920745853,0.3171153827019927,-0.4704259394673484,0.29993997650982696,0.5514052311486923,-1.240803088095796,-0.5944776153984553,0.6023411937060877,-0.8700227880212664,1.8843899010015814,0.10018477735826216,0.15706598614230582,0.3676081298071961
25007,Dukes,Massachusetts,-0.27014859020980025,-1.4690528942601655,0.3809245932312932,1.1637028329169141,-0.33657803795696145,0.38335460387596204,-0.3006126876830639,-0.06488379805326512,-0.11246896985681908,0.8510054170569475,-0.42397243008366503,-1.2385527255510345,1.3944146621286997,-1.3177661368689038,0.24605280127504683,-0.09277632442671137,2.6430223588246244,3.682515588886388,1.305486090189312,-0.24905921531872796,-0.3245822393717187,-0.3335431803704794,-0.6822302193053893,-0.8181211731126272,-0.8156937391447275,-0.41641684260116063,-0.45567486262254514,-0.5691775608837067,-0.5141796050124746,-0.3120714158708136,-0.5465746662930366,-0.16378957525945206,0.466530864871322,6.387115896169698,-0.08602139992103093,-0.450357678575834,-1.1746319339987499,1.336435961711149,-0.3743897094383946,-0.17084352543335618,-0.7487599096573023,-0.6712997880410948,-0.25470885603139937,0.17339050222072702,0.3060039304122737,-0.042935516246317196,1.0405059002592216,-0.4315387624842655,0.4104761736132751,0.6333517977945615,-1.6702396508790962,-1.3142400369732985,1.4953435417030498,-1.6865099358834457,-0.2848632957259211,-0.06350396779265795,-0.47513001433482566,-1.2261008202615469
25009,Essex,Massachusetts,1.990001217268929,-0.07193607365202788,0.9045792437857548,-0.3842230621034848,-0.8344012188577641,0.08569517778773708,-0.10695297200923631,-0.20513579424960846,0.869881255323237,0.32102016423299934,0.8962887573619216,-0.9804244688664046,1.8898098559756742,-1.553071863812016,-0.6100583785927393,0.9172898065622146,1.9869888048237072,1.729390883555135,1.6223240924458984,1.1854695077675608,2.194211236512621,1.017524670030394,0.09932298390388572,-0.817411886122176,-0.641445588872283,-0.4754632944497201,-0.41655251101679125,-0.3577916020628655,0.19075331332661039,-0.4488986351390751,0.26141709810504093,0.9569358907904609,0.17937901255625602,2.9954112276931975,-0.08602139992103093,1.2850837503950188,-1.0950889148360798,0.5098554682528743,-0.12303237686745788,-0.48951427595944935,-0.8652942310471023,-0.7532671221367492,-0.6546642758492923,-0.25874527387255,-0.22639994383466616,0.22572218317326592,0.1683329358285201,-0.6843054128743083,-0.07101200698987965,0.5667702123947929,-1.240803088095796,-1.5541608441649128,1.197676092370729,-1.4143475532627192,2.5948101697910357,0.12835195275809688,0.17516607335919773,0.6388777383295353
25011,Franklin,Massachusetts,-0.11536812180925717,-1.4110755592646715,0.7366910350417231,0.9331114916288438,-0.6132862561435752,0.6017638207670076,-0.5490844825844673,-0.24375219894360362,0.12290455006605044,0.46461607575978087,-0.4004237290230182,-0.8943817166381945,0.3034744077556963,-1.6707247272835726,-0.8240861735596857,0.3673922981304422,1.0560367096163608,1.0653111899016001,0.8423075686251316,-0.1415596403996782,-0.047386873381624305,-0.13933435831612487,-0.2107986974131224,-0.7528046579361213,-0.3850183524847373,-0.4956691404392007,0.3888184888713406,0.62815527693273,4.105284063374813,-0.4013824272294799,-0.2229680556689941,-0.2878601924222155,-0.11351872722335687,-0.1467769287359272,-0.08602139992103093,-0.14932339717457774,-0.9154455704547734,0.9544831610009407,-0.20049853982806976,-0.7683511826697806,-0.9394524355678843,-0.8844148566897957,-0.848928336903697,0.1093703872439452,-0.05949555468582407,0.01450164707786966,0.20424594024625503,-0.8704083312933508,0.08823505663373166,-0.17587054783339698,-1.240803088095796,-1.0743192297816841,1.4953435417030498,-1.1421851706419928,-0.028218148437800086,-0.05062359717029192,-0.15980093002903262,-0.7368467048908994
25013,Hampden,Massachusetts,1.0449933551917259,0.3057581570522923,0.3645968677832221,-0.46326472130761265,-0.7905864706148478,-0.07910028696423206,0.14831096850344586,-0.193153067800324,0.42319571315299537,0.3603997865117389,1.1899133269100985,-0.11999694658430474,0.28802977444329925,-1.4746366214976454,0.24605280127504683,1.2938571318938734,1.6554139588001424,1.0138245018173286,1.425452746837214,0.6715126473622648,1.3437410137816583,1.1419651346606974,1.242351897211033,-0.7869448230946516,-0.5875259910924664,-0.47940891236718847,0.7084616662111627,-0.3820680964645531,2.7221084834648863,-0.4086450620417881,0.2715949347121722,-0.30644308011214044,-0.03313964968039319,-0.21386407074647487,-0.08602139992103093,1.2758295340799326,-1.040692471554652,0.4609654570121256,-0.26765871705980665,-0.6408828824593433,-0.844106172612593,-0.704086721679357,-0.757509955231036,0.18939553096492237,0.33346920963929855,-0.2819482281437394,0.5018108339932003,-0.7481914893465166,0.21438371095518138,1.6423188996218265,-0.38192996252919614,-0.5944776153984553,0.3046737443737671,-0.59786040540054,1.5335872581977792,0.08293749947359728,0.6234383196360782,0.879468045888039
25015,Hampshire,Massachusetts,0.15012630485796258,1.2343500352079657,-1.5178744729747689,-0.38125459706160447,-1.5383065480323057,0.24725084339245437,-0.41365621239855915,-0.3061636177181006,1.6826463681344421,0.0268093712163439,-0.28085669109749967,-0.5846278086166387,1.2644051710456778,-1.6903335378621653,-0.8240861735596857,0.5848162424254111,1.0237370686125409,0.674342830951753,1.0742833254192696,-0.024219442377361247,0.18705857171267892,0.27863816761199295,0.3468549596489404,-0.7121863238884271,-0.376833577750953,-0.49350641842433157,0.5737670646585843,-0.23705719025040642,3.736210964805032,-0.41700614201174013,0.39155108372513286,-0.27462057205954626,-0.15395131617742747,-0.16794260147742618,-0.08602139992103093,0.2414063975363047,-0.8717482390608143,0.7433088059866746,-0.3339699908427779,-0.7364841076171712,-0.9076703479161203,-0.8024475225941413,-0.8146464437764492,0.1507167114997835,0.0038858589150022682,-0.15780984289469058,0.27094151987919096,-0.8287434988114756,0.08448806690141213,-0.22708715198706525,-1.6702396508790962,-1.5541608441649128,1.4953435417030498,-1.4143475532627192,0.2552649731237232,-0.009177370721723727,-0.6093686155545158,-0.5947531004268165
25017,Middlesex,Massachusetts,4.399410732042105,0.08640799082578471,1.5572059513545047,-0.8551219611184983,-0.47847340285230516,-0.3770380912035121,-0.2496822848063951,-0.32878924891203926,4.325951978412221,-0.1333372963475196,-0.10399588365505286,-1.3073869273336023,3.48850101084557,-1.709942348440758,-1.1094565668489478,1.1412768765448633,1.0609835635639329,1.0478105959441744,0.4233663139227303,2.654971360127549,4.240897540947259,2.6064955030776473,1.5647991666736514,-0.8167147840709458,-0.6363644116525142,-0.4685755179517618,-0.1663316163459071,-0.11037209665454492,1.0083204742290754,-0.43008509014352536,0.6676554718412345,-0.10938945658921298,0.06687122313061213,-0.19293126293663504,-0.08602139992103093,3.1542292029788865,-1.0921033750254159,-0.30001866313713244,-0.10913716778502958,-0.5134145822489063,-0.7487599096573023,-0.49097165303065604,-0.6089550850129618,-0.12403628194223836,0.027125710568638415,0.24610311209475177,0.2273328716576559,-0.606531058908141,0.08823505663373166,0.5514052311486923,-1.6702396508790962,-2.0340024585481418,1.197676092370729,-1.958672318504172,4.704304892421625,0.32712140247545063,-0.4828386690056774,0.35307582935064225
25019,Nantucket,Massachusetts,-0.2875250759617761,-0.4702507816677482,2.773530264790709,-0.948033916243565,0.6008066217352134,-0.027830293679855955,0.11891700523748484,-0.29553844721275213,0.14407883370787042,0.21708139932731124,0.3864180415729129,-1.5483066335725904,2.7668590996756595,-1.5138542426548327,0.3173953995973624,0.13343867753499253,2.7282634954357143,4.108071719631077,0.8317977527126849,-0.21595663509242613,-0.178176624348597,-0.32529216175685205,-0.9637156514676619,-0.8149729931402279,-0.8243901595764875,-0.4219653454013928,-0.6898555463194124,-0.5886784600335324,-0.5596554061563851,-0.36054379309365775,-0.49188296013683586,-0.05212250754170204,0.6235460957299556,6.845417711041321,-0.08602139992103093,-0.4732654131273805,-1.1754671538300576,1.3471380018501773,-0.5141981502329239,-0.11507614409129027,-0.8652942310471023,-0.9499887239663202,-0.22042696290415092,-0.06535117654685513,0.3440327785727693,-0.5932205971264292,1.2893317165820983,-0.4815365614625153,0.1850322913853389,0.1928890020730145,-1.240803088095796,-1.7940816513565272,1.4953435417030498,-1.6865099358834457,-0.3403172132796805,-0.06302401614189658,-1.1216186945899793,-0.733617304789443
25021,Norfolk,Massachusetts,1.7490822316846066,-0.18561060393011444,1.3299172710968128,-0.4913227375462491,-0.8610756560551407,-0.43959693506983527,-0.11576898132876708,-0.34245111313862353,3.8820959358333513,-0.2410714651909872,-0.3453545538782311,-1.496680982235666,3.5096429977798733,-1.8472040224909072,-0.8954287718820013,0.331510983672708,1.2147769560081572,1.4190259536485665,0.7790278698815019,2.0971543273699154,4.189079900179236,2.6508661112644734,1.816958106440125,-0.8196464734031521,-0.7371518118457173,-0.48016713353528717,-0.23735248645811932,-0.3049421126623821,0.8007927736231302,-0.43876172017372667,0.7501553479124393,-0.14075867553103683,0.09231896326999031,0.4194300455134622,-0.08602139992103093,3.105392049323618,-1.1405947562441268,-0.23178972304962936,-0.4093734673533186,-0.3779795132753167,-0.6957897635710297,-0.3926108521158693,-0.4946821079221353,0.10003412047649782,0.5193880228683885,0.2127525011323208,0.39150660613872923,-0.5009801499540576,0.36738579169159213,0.2748355687188837,-1.6702396508790962,-2.0340024585481418,2.0906784403676912,-1.958672318504172,2.0964922457996766,0.2621670139821842,-0.3194496259742227,0.21098222488655993
25023,Plymouth,Massachusetts,1.2055786769144359,-0.3083213465028099,0.8547163463565157,-0.1416132883854066,-0.6597380264361132,-0.02737661389469103,0.15138701910414007,-0.30377300404800456,0.06853319965991066,0.16419488018630737,-0.40245465610617004,-1.2213441751053924,2.3930303307009297,-1.7295511590193506,-0.5387157802704237,-0.6025918055159769,1.2703074764073463,1.7800333394698817,1.0603254457170763,0.3567357867910834,1.047823248297063,0.9024059600443715,0.39322822957297654,-0.6919871035028266,-0.7652706809591209,-0.4375336650542789,-0.7287658266090108,0.19373171334555805,0.5919457847634423,-0.4445964679481542,0.4714214511709077,0.03913324477802097,0.22127467444620497,2.9942602592632523,-0.08602139992103093,0.8071480453187085,-1.0276214525131024,0.6506027421025944,0.07414406541208092,-0.29831182564379344,-0.7169778220055391,-0.47457818621152376,-0.4261183216676392,0.22940810282541108,0.23205894787797654,0.19051876049069993,0.8070713715439456,-0.4759812504649322,0.4367051017395171,0.33117383328791883,-1.240803088095796,-1.0743192297816841,1.7930109910353704,-1.958672318504172,1.7124322248342034,0.02884438428470398,0.09460145743246097,0.27718492696641656
25025,Suffolk,Massachusetts,2.033561047471042,1.1144390592330125,1.2623731183634603,-1.6553951380011669,-0.8000055389886245,-1.3760929034711202,1.097355705003913,-0.17725706051877313,2.9200003216976156,0.7387421829538683,0.9732966422754595,0.37905101633931104,1.3811665988873991,-1.3765925686046818,-0.8240861735596857,4.384060715155919,2.949426097969058,2.405960599868616,1.086101138083879,9.857780282179737,3.4059498668544825,0.16513008688813074,-0.7827822486402166,-0.8221988482510404,-0.8315558827785263,-0.49994012301284346,-0.7559209622553889,-0.631663165757771,-0.654053923303379,-0.45427112809299325,-0.5768246862018876,0.052557951480895024,0.10574817272398629,3.9145291954177113,-0.08602139992103093,2.937835061652083,-1.1858242953888862,-0.11547675965391056,-0.6504620468027824,-0.33017890069640293,-0.685195734353775,-0.35982391847760714,-0.4261183216676392,-0.08268995768640006,0.3419200647860752,0.2220165597329959,0.33507188491086015,-0.4593153174721823,0.21875519897622128,3.245398609631643,-0.38192996252919614,-1.7940816513565272,0.9000086430384084,-0.59786040540054,1.633303246293098,1.3284881655545315,-1.01272528624466,0.25619382630695
25027,Worcester,Massachusetts,2.1118035583195227,0.030811568136700083,1.2501902379894572,-0.6510028284434144,-0.33124740312139694,0.09518776963847086,-0.22111364518848048,-0.28559987737100834,1.4435301716950895,-0.1881885791506163,0.17232860141044862,-0.8771731661925526,1.5151573732242836,-1.631507106126387,-0.46737318194810806,0.8019057452504984,1.050200335337654,0.960943793679582,0.6704058419734625,0.5081641920974295,1.125017838006887,0.7986401425819893,0.5272750658131807,-0.8169847004403376,-0.48041804263114035,-0.4561755281130612,0.503109288221118,-0.018995773468938444,2.396522015417908,-0.39591048167776255,0.5958458951714304,-0.17421180134536943,0.08139187142255036,-0.08357216058552072,-0.08602139992103093,0.8629584359904817,-1.021805781998351,0.6208534454816853,0.4359556511018062,-0.6249493449330388,-0.8970763186988656,-0.7532671221367492,-0.7917918483582836,0.050685281848561976,0.3503709199328518,0.19607719565110532,0.4120283229488634,-0.773190388835642,0.29369499362262685,0.5257969290718582,-1.240803088095796,-1.3142400369732985,0.9000086430384084,-1.4143475532627192,2.565726339929901,0.03914858804156798,-0.17854033036263395,0.37568163006083727
26001,Alcona,Michigan,-0.29043628898005763,-2.9940373133741156,-1.9969744103727856,3.7528769711545453,0.11207713259312825,0.7531540861578904,-0.6503108714469518,-0.21218128767273772,-0.462597449958182,-0.4146653299215467,-0.5868160106687811,0.6027621721326586,-0.9768513724346555,-0.41576085025364035,1.7442473660436733,-2.1193818085880554,-0.2795481723957031,0.45913222702535594,0.1733321521005183,-0.2896889852936549,-0.45907333499928304,-0.5818347554955116,-0.8353906426666841,-0.7132459898132062,-0.7817837267432716,-0.47113223881332306,-0.22092475152263968,-0.3015477062519146,-0.034778047076496905,-0.4262528362225443,0.32917119986898846,-0.34499550787582867,-0.20527654758363684,4.9459264161462375,-0.08602139992103093,-0.626413065361655,-1.0560253949646672,1.2971330992873735,0.593360222154523,-1.1905899271168539,-1.6068762762549194,-1.4909731289976387,-1.237456459012508,-0.6535359828960378,-0.8538759384828456,-0.7451511581775035,0.3402023141133936,-1.3898299095673958,-0.7267352101459269,-0.4439262812610374,-0.38192996252919614,0.6051264205596165,0.6023411937060877,1.0351138903238184,-0.29496964587071695,-0.06967410479294632,4.843975424358458,1.612541868918646
26003,Alger,Michigan,-0.2942349240753404,-1.7609074550965782,0.02048228989103277,1.6120893941377985,2.369677521334712,0.0808810257089029,-0.16847824708285397,0.5143967984378313,-0.4381911371836182,-0.5304645164750583,-0.5790719012898835,-0.3264995519320088,-0.2359208303279293,-0.6902841983539365,2.814386340878406,-1.5330014625723862,0.369880164038407,0.7625083628169855,1.3661303938020393,-0.2928980858986344,-0.4795592449877081,-0.6777004498609853,-1.1090441198267975,-0.8182000255814365,-0.8092985559460849,-0.5031654605801354,-0.5188985486437666,-0.5375655858289017,-0.2056085966564284,-0.4417028305879956,-0.07317765633589411,-0.3727653614439421,-0.19680856621205503,6.620655963196393,-0.08602139992103093,-0.7407503025698876,-1.1718158510393777,1.4590701473480734,3.0088777530099695,-1.4614600650640326,-1.9458852112070644,-1.8516293990185184,-1.5117116040304914,-0.2867540741748921,-0.3404864883161535,-0.887817660627903,1.3945055152340358,-1.7009273254320638,-0.19466266815644837,-0.17074888741803015,-0.38192996252919614,0.36520561336800217,0.6023411937060877,0.2186267424616392,-0.32757198281929906,-0.07051131984994316,-0.6176060872869911,-1.4021031257909218
26005,Allegan,Michigan,0.02492364357173006,0.15689516848265123,0.576666873078055,-0.43173472560210824,-0.036119992962644884,0.6600774701973333,-0.5561813910938332,-0.2036235658650735,-0.2712352368398192,-0.42429221424681457,-0.1618681292140507,-0.6362534599535646,0.7445044923430333,-0.9255899252970493,-0.5387157802704237,-1.3538541846948875,-0.6709824850404832,-0.2527187631493598,-0.3122544341868653,-0.18962504596159133,-0.24965794551490778,-0.19510461515451752,-0.5995209665763426,-0.08964185022162717,-0.7179870656681779,-0.4776345042060393,-0.36545889252828145,-0.6095939866001058,-0.5354536903165291,-0.4487441715870192,0.09921170467522732,-0.29438581787140905,-0.15462493913504324,4.294206004872085,-0.08602139992103093,-0.3452173629305624,-0.4131418712983611,0.5507068559108443,0.6252089945261982,-0.7125838013277145,-0.9076703479161203,-0.6549063212219648,-0.6660915735583751,-0.6068546490588009,-0.06372098225921238,-0.39126411963170804,1.3842446568289686,-0.7593021113416835,-0.09786543340484201,-0.26806043530999984,-0.8113665253124961,-0.354556808206841,0.6023411937060877,-0.8700227880212664,0.06318817398290895,-0.057415372959435586,-0.2669153275835519,0.05758572006738012
26007,Alpena,Michigan,-0.23771814579186173,-1.0879380665293819,-0.18972914312681527,1.0967847208385602,-0.2906811080583233,0.7501608733826451,-0.6476970836147751,-0.24529368585726732,-0.4131977057528138,-0.5563236326150701,-0.5943790060774657,-0.10278839613866274,-0.8268668222676,-0.9451987358756418,0.6027657928866248,-0.7843299249523006,-0.6544186967281368,-0.4975400885295161,-0.24861697892046952,-0.23877593470251762,-0.37565653808801047,-0.5211978357264202,-0.9431856820736199,-0.5886108356501869,-0.805193712350527,-0.4766229617759192,-0.6513935320120718,-0.4941663848047863,-0.4371869260593893,-0.44476822827945894,1.0692745378235413,-0.2551408630158184,-0.08603714837942916,5.267075198855771,-0.08602139992103093,-0.5991641648663104,-0.943899112857875,1.1763573352292205,0.5222682815811346,-1.1905899271168539,-1.58568821782041,-1.4909731289976387,-1.2488837567215898,-0.6108559062448499,-0.6827461217606148,-0.8563198613856071,0.39663703534126266,-1.3870522540686034,-0.6798978384919235,-0.6931582497854465,-0.38192996252919614,0.36520561336800217,0.9000086430384084,0.4907891250823656,-0.21245316848478202,-0.06738410740770731,1.877529060065331,0.7357597413732281
26009,Antrim,Michigan,-0.25259930609959635,-1.6011732118480106,-0.9539149330166643,1.950196284579607,-0.13314740523308136,0.7328647049842789,-0.6618579946198919,-0.12455355173286806,-0.5018927276797205,-0.40877835065810436,-0.5219252451427753,-0.8427560653012686,0.17813262807375427,-0.5138049031466021,0.8881361861758866,-1.9087153598757713,-0.4140499514439322,0.2517079807303493,-0.06700779212292236,-0.25178097594394777,-0.3070206326293032,-0.19140934263771017,-0.03465442794158866,-0.46714575999796376,-0.6465315701964631,0.024620121501904232,0.9606600053465995,-0.3846312678663779,-0.35883207420368046,-0.37115742700339993,0.31811574149802346,-0.29380555939775127,-0.018303644939296256,1.3753492889182404,-0.08602139992103093,-0.22038755617170144,-0.7525093027948181,0.8267538447574022,-0.2917556605703844,-1.1507560833010921,-1.58568821782041,-1.4745796621785088,-1.226029161303425,-0.5761783439657597,-0.6510554149602016,-0.6654802542116962,1.1969839909364948,-1.3648310100782706,-0.39512661883558287,-0.5241434560783412,-0.8113665253124961,0.1252848061763878,0.6023411937060877,-0.0535356401590872,-0.23631538410443886,-0.06278303877452922,0.3625055079257391,-0.7707554059561914
26011,Arenac,Michigan,-0.27732118646912757,-1.4410772788625978,-0.49293747908178187,1.573128122163426,0.13906325821570267,0.72086972690255,-0.6452077970863588,-0.10614951393005731,-0.45985744429834996,-0.3535821515481778,-0.5558573372038352,0.46509376856752255,-0.8034596224474784,-0.5138049031466021,1.95827516101062,-1.5037908959963013,-0.400110426623528,-0.03528102086420453,0.37091992053877765,-0.2417037615113214,-0.27804433710518095,-0.18572280876399988,-0.8311067671466271,-0.21360412769814574,-0.7855599344170158,-0.4507515301243668,-0.5121083968252994,-0.5364469414328243,-0.268693906349587,-0.4332838434928093,1.3969768239900824,0.05869897012116565,-0.13262023687603314,3.5219305287107754,-0.08602139992103093,-0.4245307942249055,-0.5657739793605934,0.7333412008947685,-0.2329877130470595,-0.9914207080380457,-1.3102434581717928,-1.0975299253384967,-0.9974832071217719,-0.6215259254076468,-0.8285233730425149,-0.528372186921702,0.4787239025817993,-1.1176196706858106,-0.5974640643808776,-0.7290098726930142,-0.38192996252919614,0.845047227751231,0.6023411937060877,1.0351138903238184,-0.2875583224312,-0.06631653807136444,0.9626964289607244,-0.22014268865787237
26013,Baraga,Michigan,-0.2968679024490175,-0.9736724236802284,0.4241746678359419,0.6857791015861706,2.2813321799657107,-0.5937145123452848,-0.11852007807487465,2.1090843313990044,-0.3596787545620206,-0.007958948719561274,-0.5830999088587614,-0.13720549702994866,-0.5045888071489156,-0.5138049031466021,1.7442473660436733,-1.059868700756095,-0.23643739227983665,0.3914713576312424,-0.5578918155097339,-0.2771277736586189,-0.43940591051424854,-0.5721145957150818,-0.6177564475467785,-0.8138592182336605,-0.7037307569369193,-0.4417944377426477,0.47821616783223286,-0.24807914939020734,2.5970408949292945,-0.3704454687381992,1.6512635360468955,-0.1371227197645571,-0.18616426134065417,0.9160123417138049,-0.08602139992103093,-0.5552500473537012,-1.1197739586243591,1.3283873731711227,0.055959659956941556,-1.740296971774364,-2.009449386510591,-1.9172032662950418,-1.705975665084896,-0.613523411035549,-0.6024629978662351,-0.917462648150064,0.8506800197654806,-1.8731419663571478,-0.5674881465223156,-0.42683190818637146,0.04750660025410388,0.845047227751231,0.6023411937060877,0.4907891250823656,-0.33556348561898025,-0.06928308346858839,-2.2620665407507743,-2.9861238755552955
26015,Barry,Michigan,-0.14064354268226442,-0.25478650828141736,0.48652662866579804,-0.007568942722783397,0.1735378219759901,0.7487886312219668,-0.634883733623496,-0.2306882232110366,-0.3945545752223005,-0.5520048393258559,-0.47648834016083125,-1.1525099733228243,0.8224140870522361,-1.0628515993471983,-0.46737318194810806,-1.474950716019741,-0.8019828971480634,-0.33551002437949173,-0.48789513986395905,-0.20635830686447726,-0.23928043764714604,-0.0205741748662135,0.1942811837310136,0.4880327700565913,-0.16644285445750298,-0.5017057742112847,0.44899248215153015,-0.5768059904147791,-0.38783494497277804,-0.45267701163241025,1.039422538668927,-0.16609787222842984,-0.1924663639705159,-0.15092532219077243,-0.08602139992103093,-0.0693779122178419,0.405216625135428,-0.3640073584956314,-0.31026771297066136,-0.8081850264855422,-0.9288584063506297,-0.7204801884984869,-0.7803645506492016,-0.6748760212216315,-0.194709237034253,-0.10037267957050405,1.2303317807529626,-0.8370764653078517,-0.10785740602436208,-0.6982799102008133,-0.8113665253124961,-0.354556808206841,0.6023411937060877,-0.8700227880212664,-0.12211362746824587,-0.04857509729297943,0.5468064168415424,0.7422185415761409
26017,Bay,Michigan,-0.01887634706046267,-0.5198249158585291,0.19580611860163052,0.3813897364997423,-0.4313987565624665,0.6661454970869244,-0.5097023168306795,-0.21585458542286612,-0.3770939291045556,-0.5236874475156389,-0.3063998030105881,-0.18883114836687276,-0.3838460960533318,-0.9451987358756418,0.5314231945643092,-0.6374089187281831,-0.09962046047233751,0.019286701663296855,0.3064913703887156,0.060763803280195296,0.3380431551667538,0.551057550730928,-0.5266141203783525,0.7557387055634941,-0.7865782780404491,-0.4983564684243301,-0.6501366585913468,-0.6302170695436544,-0.6273278913692452,-0.4537170852686387,0.49653330708440563,0.09132760375407978,-0.15444686330749283,2.0813088368345025,-0.08602139992103093,0.16042747116003694,0.38820485672753086,-0.44668269848529174,-0.2701607482772214,-0.8719191765907609,-1.119550932261211,-0.8516279230515335,-0.8717829323218625,-0.7508999077565599,-0.817959804109044,-0.6932724300137221,0.9071147409933497,-0.9537379962571012,-0.6062070404229583,-0.4473185498478388,-0.38192996252919614,0.1252848061763878,0.3046737443737671,0.2186267424616392,0.11843622144112621,-0.0366937484607537,0.5868077576976235,0.18514702407490857
26019,Benzie,Michigan,-0.2688774972018182,-1.5312382816101426,-0.5767537790345795,1.6979336994166876,-0.06900102278638477,0.689311641535838,-0.6409936638680881,-0.09568019786834742,-0.42792497658878415,-0.5000715852759722,-0.5209535172721435,-0.8427560653012686,0.08319961531355394,-0.651066577196751,0.8881361861758866,-2.2320887089425216,0.010850722106180042,0.7799852211987301,0.7287844676391365,-0.2734272939928397,-0.396709142038656,-0.46297439513447625,-0.7218555539266769,-0.738454836855345,-0.8200310825630625,-0.2235843097504447,-0.021076582086937024,-0.473166875073506,-0.4068546159444702,-0.3907649267461681,-0.07843823485618277,-0.34856585842156157,0.05945591914765574,4.971548393917415,-0.08602139992103093,-0.5324563285352123,-1.0981530139144768,1.2975262406312547,-0.09982156941304782,-1.047188089380112,-1.416183750344338,-1.3598253944445922,-1.157465375048929,-0.6081884014541505,-0.765141959441689,-0.3986753665122481,1.1713318449238266,-1.2481694791290194,-0.3601547146672607,-0.6265766643856777,-0.8113665253124961,-0.354556808206841,1.197676092370729,-0.3256980227798136,-0.2749253847502052,-0.06656630890956002,1.6026280927232777,0.5258487347785608
26021,Berrien,Michigan,0.12836835564990107,-0.19916121839584003,0.014114085016752305,0.17645431075457996,-0.5099385051511625,-0.2725741703695865,0.3809267045633493,-0.21172630998627218,0.2643206056740265,0.01119152321633578,-0.288604251353555,0.2413826127741769,-0.3475340470655184,-0.651066577196751,0.10336760463041615,0.11108156254761259,0.312435335315874,-0.08190708780872828,0.8405851399356289,-0.14343966720315365,-0.1550805764549314,-0.03435623243808707,-0.3812987040718102,-0.16600241343393599,-0.8265399575809682,-0.5062782478789462,-0.5155947119102133,-0.6299482344180225,-0.6485229620415225,-0.4544051442128385,-0.2033295828022809,-0.33892959728121347,-0.13647300953338976,5.07232478035522,-0.08602139992103093,-0.19237696538046153,-0.5374469571944398,0.6055726387408861,0.43775026277858237,-0.6647831887488004,-0.8335121433953391,-0.6712997880410948,-0.5632458941766305,-0.7402298885937629,0.39473790945343035,-0.1318704788128,0.9738103206262856,-0.7009713458670583,-0.03728909939899727,-0.047829037449226335,-0.38192996252919614,-0.1146360010152266,0.007006295041446424,0.2186267424616392,0.2917601264243749,-0.050598647862423476,0.7867041984959741,0.8116506437574538
26023,Branch,Michigan,-0.19345833579963864,0.0005860482055362536,0.2278806713429831,-0.11402849726228642,0.7755849015791799,0.6321635890687177,-0.5210328596591283,-0.242461043329398,-0.22713172490285635,-0.43315480719209265,-0.3382390458945035,-0.22324824925815678,-0.23798011476958222,-0.6314577666181586,0.03202500630810057,-0.3243832554065345,-0.19953196677531393,0.08643234332079434,-0.33411442270121394,-0.13967401977105975,-0.1344669151250028,0.16385462572152132,-0.23817964335752123,1.5016921131545669,-0.694566610780773,-0.5174568645636395,-0.566713564477734,-0.6337560853252204,-0.6907535512964177,-0.4509414623117101,1.4043186099110248,-0.07385228355050868,-0.22225723537847708,-0.2224767413844936,-0.08602139992103093,-0.07822645517646612,1.1643234442228774,-1.098206688123543,-0.35304053235408484,-0.7364841076171712,-0.8547002018298476,-0.7204801884984869,-0.6889461689765399,-0.8429288230356837,-0.023579420312022578,-0.024407399044966693,1.0071581104427538,-0.7704127333368503,-0.1646867502978864,-0.6419416456317781,-0.38192996252919614,0.6051264205596165,0.6023411937060877,0.2186267424616392,-0.19929619783331634,-0.05336877091978039,-0.37931951523001317,-0.3993743942887036
26025,Calhoun,Michigan,0.07201266058171968,0.27071299171460617,0.0606074303941198,-0.2795862026762288,-0.4657550910798169,-0.10212034297164316,0.1962563992035617,-0.16477480487720056,0.5308138894536311,-0.1689370522358505,-0.3087692821738524,-0.10278839613866274,-0.3786978849491995,-0.9059811147184565,0.17471020295273174,0.21034005886993268,0.48100916329665444,0.0939329637647528,0.9065292086114951,0.025032150791487864,0.09099408588518572,0.38755381015417767,0.6515254860570999,0.8955245631917493,-0.5583662176381916,-0.5033309509469509,-0.18733667980279223,-0.6114261840146857,-0.5356337572207136,-0.4498866905418911,1.5455693424081816,-0.013984579585335506,-0.20733607819396943,-0.3339000990601294,-0.08602139992103093,0.34335933346121705,0.6291040548810964,-0.7598676381553318,-0.20495900619482998,-0.7603844139066283,-0.875888260264357,-0.6712997880410948,-0.7232280621037883,-0.8589338517798791,-0.1693566715939227,-0.168926713215501,0.8198974445502796,-0.7843010108308088,-0.3095703532809364,-0.06831567911069364,0.04750660025410388,0.1252848061763878,0.3046737443737671,0.2186267424616392,0.1908837796087275,-0.0318250818382496,0.6246717066201258,0.7406038415254129
26027,Cass,Michigan,-0.16923727779039532,-0.6135156628122744,0.16534046306085762,0.4828776394561006,0.09083719846036703,0.39594456534880634,-0.2511083734280674,-0.09046625089036699,-0.27977191906386584,-0.13381677525875285,-0.4088370537867927,0.052088557872114846,-0.047564946731407466,-0.7491106300897147,0.24605280127504683,-1.038367304397765,-0.3810046335341439,-0.11664420645507959,0.08787794970996185,-0.1746574452906137,-0.19474664448398973,0.31366187441956295,0.20608829568488496,1.1120237207350405,-0.790287976777335,-0.5116987660107734,0.10456513576165746,-0.6153467727553519,-0.6222993842686638,-0.45483506687255737,0.9465776210309157,-0.1566664565729594,-0.20661252021703314,-0.19932723464553437,-0.08602139992103093,0.06885853801763567,0.7373335670243399,-0.7465796192314297,-0.36132106424029076,-0.7205505700908666,-0.8229181141780844,-0.6876932548602247,-0.6546642758492923,-0.796247489198447,0.2743132236118605,-0.03181864592550676,0.8968538825882824,-0.7426361783489328,-0.08412647105300021,-0.7290098726930142,-0.38192996252919614,0.36520561336800217,0.9000086430384084,-0.0535356401590872,-0.137160859906053,-0.049583067148661494,1.174238249745947,1.0054146498448395
26029,Charlevoix,Michigan,-0.24434305911917836,-1.2039861078824683,-0.5294158661487002,1.3728674964599137,-0.2673051101775902,0.6794665987835744,-0.6539050417007709,-0.004759285188441025,-0.37336025330708456,-0.34772318559390075,-0.5432810157922423,-0.8255475148556282,0.21341503484074123,-0.7098930089325312,0.5314231945643092,-1.1443701877248953,-0.3208919514041558,0.09926919665427922,-0.090799018924839,-0.2628973270258108,-0.3967390030466393,-0.5010515445156654,-0.851914574641525,-0.7284602786688488,-0.7590733466105573,-0.3640569165020406,-0.26977204163794843,-0.580454535306674,-0.41143131493441554,-0.44615756635790316,0.09279532390276041,-0.32401391226262105,0.022281016620619296,5.607445336283618,-0.08602139992103093,-0.5787744294911575,-1.0607296694246175,1.28113952847478,0.29549191641700145,-1.1666896208273967,-1.6492523931239371,-1.5073665958167686,-1.214601863594342,-0.5214944957564253,-0.7102114009876396,-0.8081467566620958,1.1277231967022916,-1.3898299095673958,-0.4519559631091072,-0.677793268539346,-0.8113665253124961,-0.354556808206841,1.4953435417030498,-0.3256980227798136,-0.2391975654420288,-0.066956628867702,-0.3173598883518118,-1.0517132147829003
26031,Cheboygan,Michigan,-0.2468823163494098,-1.8074497928454192,-0.6432354534654253,1.9855110584863136,-0.05999099325760985,0.589551397040596,-0.6301458357160148,0.3124967134995764,-0.4484155355976806,-0.3150052505188023,-0.5952526107090673,0.06929710831775686,-0.5385670004361891,-0.5334137137251949,3.4564697257792454,-1.3270771424057646,-0.37115079785998983,-0.11757197280184903,0.469176764174154,-0.2470714638035883,-0.3303534735306291,-0.25396506011451164,-0.22490687705888973,-0.768267244411539,-0.512360272837255,-0.20143130372948112,0.11519706089376883,-0.18460224150993448,0.9683685399014044,-0.3831164670826495,2.0857125055982255,-0.0829434763631042,-0.040570820450853536,1.2143210888917533,-0.08602139992103093,-0.29974133404728975,-0.9882907082773302,1.090245095825771,-0.08077336746618205,-1.2782243835115292,-1.70222253921021,-1.6385143303698175,-1.294592947557921,-0.6668735068495338,-0.9088064969368949,-0.9637829411534404,0.8147670153477462,-1.4842701965263123,-0.7073757631956054,-0.5139001352476075,-0.38192996252919614,0.36520561336800217,0.9000086430384084,1.0351138903238184,-0.2239070319822173,-0.06491644087134045,1.7928307668152812,0.474178333155258
26033,Chippewa,Michigan,-0.21152308619879376,-0.09596853263820056,0.5219332115782556,-0.1715179688813382,2.440052400025169,-0.6882638418238229,-0.19729178622852336,2.529407199084538,-0.17632932132532297,-0.0009332451874178465,-0.5592009329058916,0.6543878234695846,-0.4195403597086494,-0.35693441851786023,1.7442473660436733,0.5111926011700962,0.12760881395320414,-0.041407149465368866,0.07929500841606871,-0.259196432892909,-0.3990473768929333,-0.5168112869860276,-0.7879124055348032,-0.8210643225009605,-0.3896243390828724,-0.4684775297967009,-0.3861818074362418,-0.07374729845926489,-0.10359975923341687,-0.382995404893074,1.9894681956696647,0.19593375625884896,0.009492868249125205,3.1828363334804584,-0.08602139992103093,-0.5666803470877346,-0.9847399120947603,1.2020392831668405,1.26808208697218,-1.5251942151692512,-1.998855357293337,-1.9008097994759108,-1.5231389017395742,-0.37478173226796707,-0.5242925877585493,-0.7099477354949376,1.2585491413668968,-1.7481474689115222,-0.2633574799156534,-0.4831701727554066,0.04750660025410388,0.845047227751231,0.9000086430384084,1.0351138903238184,-0.22516096801870125,-0.06799230686484667,-0.08957273216002674,-0.003772881860291691
26035,Clare,Michigan,-0.23026438610219738,-0.9120921038804898,-0.5752962214498071,1.1268004276107313,-0.013284123979622914,0.7403927754738178,-0.6352696781618199,-0.16648627511230704,-0.505899029823082,-0.5925154816873754,-0.5510065833480005,0.8780989792629307,-0.9089636286748304,-0.41576085025364035,1.601562169399042,-1.3951629533878176,0.8518029671882311,1.3071795464000961,1.6001304354200665,-0.23586120594325233,-0.2724150836555481,-0.07589336524425855,0.23061419098405112,-0.32462666693831366,-0.6774201183876662,-0.21561269995137528,0.9140857262839067,-0.27654345782181267,-0.016662766583883912,-0.34786464867684597,1.85296503165821,-0.11357733184836889,-0.20267702582661312,-0.2994615938589067,-0.08602139992103093,-0.0946629649906399,-0.6261579751439924,0.6496330013370302,-0.31166021248749637,-1.1188890082484828,-1.3632136042580654,-1.2942515271680677,-1.1917472681761765,-0.6468672209192895,-0.6468299873868133,-0.4431428477954895,1.0995058360883574,-1.2565024456253948,-0.37576717188526176,-0.23220881240243207,0.04750660025410388,1.3248888421344598,0.3046737443737671,1.579438655565271,-0.2035633234500079,-0.059632520753689314,1.6161539046930224,0.6324189381266226
26037,Clinton,Michigan,-0.08779360413609806,-0.0485632897244608,0.8691669661363884,-0.38812001815644687,-0.34557563725848023,0.5858023953371109,-0.5137636124725405,-0.25493878508891904,0.06700335099828038,-0.3498766551210036,-0.3702156963827675,-1.1525099733228243,1.1630883765163533,-1.1805044628187567,-0.6100583785927393,-1.0343580008932547,-0.9809029635556468,-1.000537370936603,0.004937106213243976,-0.08597863710509046,0.008374397958603425,0.17684295679183287,0.2492898569813797,1.4729145082920303,-0.3472557388997461,-0.5179688384648068,-0.45100984864874283,-0.6262050050595821,-0.5956303836998186,-0.45529726977610774,0.6657292006811171,-0.18893494427370439,-0.15951023642010895,-0.3551447799319055,-0.08602139992103093,0.11318158659507398,1.293141168002111,-1.3060831179866785,-0.31209955725484007,-0.8241185640118468,-0.9712345232196476,-0.6876932548602247,-0.8032191460673664,-0.6948823071518759,-0.8348615144025977,-0.11519517333158452,1.137984055107359,-0.8537423983006008,-0.3339257865410187,-0.5804817206473762,-0.8113665253124961,-0.5944776153984553,1.197676092370729,-0.8700227880212664,-0.09024119358567678,-0.041909406589753416,0.297772728855292,1.0199469503013934
26039,Crawford,Michigan,-0.2798223694848342,-1.4331756045015296,-0.4201624486005482,1.5296052174259818,0.45527668398205107,0.7036100025593174,-0.6236305257660297,-0.20804956430593183,-0.3062713301481267,-0.6100264601022809,-0.5423435404987954,-0.08557984569302073,-0.4535871958106446,-0.7883282512469002,1.2448491777874646,-1.1827607962032756,-0.24558128842184768,-0.013194251835249126,0.49054850945940287,-0.2381078083889522,-0.28017233289771154,-0.1889700990788746,0.3913047732005461,-0.8140826053717752,-0.797117292077678,0.013258621223386405,0.7684462322524133,1.082817325673008,0.09646561970093973,0.04324119415415403,0.6146309836934286,-0.30419108833015573,-0.14274510701654647,-0.34661244522968393,-0.08602139992103093,-0.09260109256843875,-1.1622498977368894,1.1699426099687549,-0.3206481639143404,-1.254324077222072,-1.5645001593859014,-1.523760062635901,-1.386011329230582,-0.6988835643379248,-0.7250003974944991,-0.49131595251900095,0.7301149335059428,-1.4426053640444372,-0.5293937509103924,-0.4439262812610374,-0.38192996252919614,0.36520561336800217,0.6023411937060877,0.762951507703092,-0.30034098381804364,-0.06567772797487233,2.2987408076421523,1.426851363084902
26041,Delta,Michigan,-0.2161066358704341,-1.022186020094677,-0.5640198023375114,1.222611965368994,-0.1698475965811298,0.625792101673821,-0.6476158749095692,0.21429589191182502,-0.37694290954150017,-0.5585162660595072,-0.5900953265850992,-0.11999694658430474,-0.4696496144555375,-0.8275458724040856,0.9594787844982022,-0.7144389287576913,-0.657692149083199,-0.6324598299684611,-0.06242365149740714,-0.2499168397825439,-0.397030822201775,-0.4896367517017855,-0.6440906619297944,-0.7132407831693368,-0.7305146105092217,-0.47710478495225256,-0.44509001341045024,-0.3149196456493648,-0.014932053431919412,-0.41787078004973205,2.7745090729212074,-0.13670379086295573,-0.0539209085535192,3.116404715700048,-0.08602139992103093,-0.515605392651872,-1.0328217732373521,1.226734738283579,0.7430129643461425,-1.4056926837219665,-1.8293508898172646,-1.6713012640080787,-1.3745840315214992,-0.5321645149192222,-0.355275484823013,-0.6765971245325066,1.235462209955496,-1.587043449981605,-0.2814679302885347,-0.559995078985909,-0.38192996252919614,0.1252848061763878,0.9000086430384084,0.4907891250823656,-0.17758626048523637,-0.06713080024758725,0.8104850585646409,-0.11518718536053837
26043,Dickinson,Michigan,-0.24699068142151887,-0.8529124746290737,-0.18273210279071145,0.8767755456242244,0.11300489274743417,0.7187066135538265,-0.6519853389547301,-0.17326633101667144,-0.35238572379939237,-0.2506525298268065,-0.578015335240673,-0.7911304139643425,-0.13529046394582253,-1.0824604099257908,0.24605280127504683,-0.7074001486758497,-0.6490531023758881,-0.8835781147852296,0.4306181347400624,-0.19407100569744584,-0.3385143813864258,-0.3649537905879193,-0.36059686300097477,-0.7830175997379228,-0.6115718685854827,-0.38710579784942817,0.895010710210975,-0.3933444325265985,0.7443160435329298,-0.3293082519419071,3.2642653371108064,-0.07845155637722079,-0.13133237182553395,-0.29473518142934063,-0.08602139992103093,-0.3661935533028684,-1.0477060212522173,1.176699513780803,-0.16138196249152326,-1.6845295904322977,-1.8399449190345192,-1.6385143303698175,-1.5802753902849875,-0.7735736984775035,-0.6341537046666479,-1.013808857597087,0.48128911718306605,-1.731481535918772,-0.7741970800886502,-0.4439262812610374,-0.8113665253124961,-0.1146360010152266,0.9000086430384084,0.2186267424616392,-0.24705805999909222,-0.06409417538313057,0.22430792676793698,-0.43005369525253917
26045,Eaton,Michigan,0.0020410406423203775,-0.17233521509201233,0.43475906755187915,-0.05774856635110139,-0.4072540757256255,0.20588021991641228,-0.14269223337013914,-0.22051294670939198,0.35910409953956246,-0.3003219053538518,-0.29508617821877636,-1.2041356246597503,0.6980333067763987,-1.160895652240162,-0.32468798530347687,-0.08314339227040175,-0.5347429856798223,-0.5733456314502615,-0.3449028830782236,0.049835799987222894,0.12987112655492167,0.29129171485259486,0.4493616599142804,1.1510479615200115,-0.23073570333464402,-0.5156947881004422,-0.33639694828592914,-0.6281666147355116,-0.5873545393216976,-0.4553048744649425,0.9816225710163905,-0.14341386941123804,-0.20829759026865038,-0.3678059477852917,-0.08602139992103093,0.272067937023493,1.0289467187779997,-1.1178242050358296,-0.30850288737980625,-0.8081850264855422,-0.9288584063506297,-0.704086721679357,-0.8032191460673664,-0.7362286314077141,-0.4820383120246653,-0.04478832796645221,0.9430277454110846,-0.8398541208066432,-0.272724954246454,-0.442196889432472,-0.8113665253124961,-0.5944776153984553,1.197676092370729,-0.3256980227798136,0.06738043774667611,-0.03107610927264874,0.5454505999354964,0.8552475451271154
26047,Emmet,Michigan,-0.22304492927114722,-0.8868389140363775,-0.2222185321161098,0.9276962535041366,-0.28811298792320905,0.5238189980356257,-0.6307716515746012,0.33280736045709924,-0.3706037729796355,-0.09439588467023656,-0.5716161164755604,-0.9115902670838365,0.25631679404184404,-0.7295018195111219,1.1021639811428334,-0.15118657356838805,0.15639669967487246,0.5588313330253378,-0.25013364727762216,-0.2193461284473311,-0.3133716070378395,-0.3100700961144364,-0.52278546434986,-0.7630727763371753,-0.5963164793096507,-0.1765497811146223,0.13278079986139676,-0.4835775612156844,-0.0024262783199798833,-0.43633861420761233,0.5729819568023297,-0.30969374835995817,0.015490116802518437,3.6281233385140372,-0.08602139992103093,-0.38924651228564955,-1.0211650090183821,1.1608485063237814,-0.08302966347474354,-1.222457002169463,-1.734004626861974,-1.6549077971889474,-1.237456459012508,-0.6161909158262483,-0.809508948962267,-0.9748998114742509,1.0533319732655555,-1.4620489525359794,-0.5999620575357577,-0.7136448914469138,-1.240803088095796,-0.5944776153984553,1.197676092370729,-0.0535356401590872,-0.2068010985889888,-0.06296586666827661,0.6663172626748757,0.062429820219564364
26049,Genesee,Michigan,0.8676290200065063,0.16145196178706164,0.22846339353939912,-0.26252135384590897,-0.8242401495437153,-0.545294823947134,0.7689165186487723,-0.20575079388682135,-0.16568080435336824,-0.44829802050044787,-0.44560544818492887,0.361842465893671,-0.3547415426113037,-1.0236339781900128,0.816793587853571,0.1941808713911923,0.6651169663157811,0.40553815207542704,0.9353759250333004,0.803266043679161,1.3331106510772766,2.203726854637363,2.3912999172138574,0.14747588057054628,-0.008919718165316238,-0.4826786014745891,-0.0206327486550035,-0.6130851584686347,-0.4554001682574458,-0.4509198798487868,0.40548900220833234,-0.24592193665412498,-0.15063104303813873,-0.2639157782741935,-0.08602139992103093,1.9785228278631641,0.14117246814495044,-0.9914441630894038,-0.25623575310887153,-0.8081850264855422,-0.9712345232196476,-0.7204801884984869,-0.7803645506492016,-0.7842437176403004,-0.6024629978662351,-0.02626021076510171,0.7583322941198771,-0.8481870873030178,-0.3695221889980613,-0.06831567911069364,0.47694316303740386,0.6051264205596165,0.007006295041446424,0.4907891250823656,1.304079532594758,0.059801912445585824,1.2240164099895852,1.5996242685128206
26051,Gladwin,Michigan,-0.24637563641765658,-1.3743435261156307,-0.9180855950495688,1.723378847650904,0.21505567558616856,0.7598575664031471,-0.6565535458512193,-0.23947493300571593,-0.46929676571624784,-0.6496317690372535,-0.5615352419217777,-0.17162259792123075,-0.6359025117116511,-0.47458728198941663,1.31619177610978,-1.638333440288299,0.3979233225009265,1.106799382472386,0.5967654004728875,-0.2451600914024587,-0.30439634753159234,0.049294802355496076,-0.27128354617255734,-0.2050341054043802,-0.5799874338495967,-0.3394822649311371,0.08614416008019432,-0.4331150431973453,0.1198814877721404,-0.4072170820851821,3.6377253717802476,0.0037313202825362867,-0.24815399834505725,-0.27147382698949074,-0.08602139992103093,-0.1998462486372153,-0.464317288213645,0.5376991791489384,-0.35578085225887246,-1.0392213206169596,-1.2678673413027741,-1.130316858976759,-1.07747429108535,-0.6241934301983459,-0.7989453800287962,-0.46722940015724507,0.7532018649173436,-1.1481738811725182,-0.5025403244954305,-0.647063306047145,0.04750660025410388,0.845047227751231,0.6023411937060877,0.762951507703092,-0.2228402505780444,-0.06057030986118793,0.8971627083713344,-0.3137952916001083
26053,Gogebic,Michigan,-0.27998052391439876,-1.7006738560927863,-0.7957781445328571,1.9631093990373027,0.3146116836512908,0.5740863899124381,-0.6406720966322934,0.21330929480429126,-0.41748997209375194,-0.4081813806138463,-0.5730879572105629,0.447885218121881,-1.145781339464918,-0.651066577196751,0.8881361861758866,-0.723112039541833,-0.23219187446492032,-0.12194044508738963,0.25766195709119877,-0.2804871692202001,-0.44456286055936695,-0.5992662550170983,-0.49748652452413894,-0.821303435543458,-0.792522973931811,-0.49718222258265443,0.7557483581758425,-0.5012356223814423,1.3480484126738836,-0.42776777241549013,1.6795159461623688,-0.20350861980827792,-0.23474191094289254,1.7595420724818287,-0.08602139992103093,-0.5340892892725588,-1.1672808518096387,1.365438774195106,0.35942030332624425,-1.8040311218795826,-2.009449386510591,-1.8516293990185184,-1.7516848559212272,-0.596184629896004,-0.31935935044921154,-0.8248220621433111,1.0405059002592216,-1.8953632103474816,-0.3982491102791829,-0.5497517581551753,-0.38192996252919614,0.6051264205596165,0.6023411937060877,0.4907891250823656,-0.29289222945206445,-0.06890954463910219,0.7828925674264862,-0.38322739378142123
26055,Grand Traverse,Michigan,-0.0482754982450799,-0.6071988081230741,0.39855371477292945,0.3609137423536463,-0.5286948867542016,0.6738955687954936,-0.6196529171862594,-0.10805584500165984,-0.26236490480389946,-0.3129986253135604,-0.4891822777759602,-1.2557612759966765,0.6396869142628989,-0.9059811147184565,-0.32468798530347687,-0.5809495362907384,0.09950841230854482,0.09751077065515716,0.6866373723424367,-0.0004551245602892054,0.05093397687492858,0.18829752803680572,0.09635689527474921,-0.33134914118987885,-0.7947771476848944,0.02599965549060191,0.29377490965989356,-0.2149952526962447,0.0030283114905943266,-0.3192155393635609,0.29627421429203077,-0.26793818323923363,0.033198913268107484,1.5166281320205754,-0.08602139992103093,0.10622151842211439,-0.6858793647547122,0.6209669520169994,-0.2923290427243752,-1.071088395669569,-1.4373718087788467,-1.3598253944445922,-1.1460380773398462,-0.6882135451751278,-0.7545783905082177,-0.6265712080888601,1.0251146126516208,-1.2592801011241863,-0.5069118125164709,-0.411466926940271,-1.240803088095796,-0.5944776153984553,1.4953435417030498,-0.59786040540054,0.03090399990925558,-0.03849360858941287,0.5474065517898514,0.5016282340176378
26057,Gratiot,Michigan,-0.20167650856553185,0.14426688802051776,0.6596871107230597,-0.4614460739311419,1.7232104992602402,0.38626289720571155,-0.2639212441906489,-0.22582148982854458,-0.42403894526997454,-0.5727288684937039,-0.24679862294139934,-0.03395419435609518,-0.32096927776819556,-1.0236339781900128,0.3173953995973624,-0.33167532861883625,-0.15770043525630545,-0.40211110177735665,0.568267647624793,-0.14624707620393626,-0.13494997696931982,0.11328177927165747,-0.27053090804293384,1.9036773525168664,-0.788603497169867,-0.5156828280970005,-0.6703228935155455,-0.6157518569083403,-0.6345125705193478,-0.45468125809536203,0.8266823189245623,-0.21282264531064762,-0.23644220362761115,-0.38342266823183396,-0.08602139992103093,-0.1059623199718896,1.5175780799639869,-1.4296737536117265,-0.3142962810915583,-0.855985639064456,-1.034798698523175,-0.7532671221367492,-0.8603556346127798,-0.7362286314077141,-0.744014821574747,-0.5246665634814319,1.8100702806392526,-0.906517852777643,-0.3008273772388562,-0.4882918331707734,0.04750660025410388,0.36520561336800217,0.6023411937060877,0.2186267424616392,-0.21438086119758568,-0.05599050202969746,0.8907725080695695,1.3654927611572298
26059,Hillsdale,Michigan,-0.1873430311898079,-0.07008976043038605,-0.4269226837231082,0.2771873442607544,-0.07270026376477076,0.7486400037818535,-0.6343692495449924,-0.23667519180935703,-0.4293382387417794,-0.5484987523899569,-0.5280443921623034,0.13813131010032487,-0.39174001974633477,-0.7295018195111219,0.24605280127504683,-0.6004035832624977,-0.08067080762217009,0.32008854287369237,-0.21883443398759975,-0.1989621426355043,-0.2929011336369742,0.012046320297404557,0.030499600880992298,1.240644289067306,-0.2932902708332817,-0.5157946693383741,-0.18458768684869936,-0.620545057767903,-0.6397613022867894,-0.4526591250634407,0.9428203961283939,-0.1711995883894058,-0.20087273415612605,-0.3060591988962912,-0.08602139992103093,-0.11730887737430608,1.088860552749567,-1.0079669194836627,-0.28800261374426234,-0.7444508763803236,-0.8864822894816117,-0.7204801884984869,-0.7118007643947055,-0.7722399460821538,0.2658623684650839,-0.06702206860807308,0.8558104489680145,-0.7870786663296003,-0.09724093511612121,-0.6573066268778787,-0.38192996252919614,0.845047227751231,0.3046737443737671,0.2186267424616392,-0.17524682758134846,-0.055170423909907604,-0.2592039335141842,-0.5011004974845806
26061,Houghton,Michigan,-0.21639951444370187,2.0256153324554256,-2.74674604602641,-0.49823233357486785,1.8172977262233472,0.5592413872495463,-0.6204908391246053,-0.19177693916636435,0.5046548381693123,-0.3890819237613998,-0.5734720553746014,0.03488000742647284,-0.7355718786876532,-0.6706753877753437,0.6741083912089404,0.5804380281014664,0.4356538643164131,-0.4652607323660721,1.146989232385699,-0.22925403714179046,-0.37563143993341813,-0.5046437924787159,-0.7177909777592089,-0.8181235415641396,-0.6321060852840672,-0.46796173708486316,0.3487513870363348,-0.25716799085236375,2.116619096987651,-0.4191270230225218,0.4611749369772376,-0.1143979717957266,-0.06875227885853703,2.3893681840396708,-0.08602139992103093,-0.5300732046531523,-1.0915636456033828,1.2900910459452484,0.37808128615612935,-1.6367289778533836,-1.8823210359035372,-1.7368751312846018,-1.545993497157739,-0.718889850268169,-0.8602140798429281,-1.0063976107165469,0.3402023141133936,-1.7342591914175638,-0.8472633798688955,-0.6726716081239792,-0.38192996252919614,0.1252848061763878,0.9000086430384084,0.4907891250823656,-0.2364089614205944,-0.06591778023627928,-1.2209224816546034,-1.4182501262982037
26063,Huron,Michigan,-0.23017359374448437,-1.1538538615089036,-0.8051835976355338,1.4640188094030706,-0.2156305835309382,0.7566024840746538,-0.654350553791174,-0.3060986164689826,-0.39198687250254033,-0.6704620098588222,-0.5152110240096424,-0.13720549702994866,-0.4527634820339834,-0.6902841983539365,0.388737997919678,-1.1421037342734084,-0.669105368305989,-0.5560059366769845,0.20316050576514635,-0.25026603664546115,-0.37883051834529724,-0.37328667416413824,-0.9428715514210242,0.3110880265267072,-0.8166847091490376,-0.5205831455733162,-0.7569627372552483,-0.6325720580089075,-0.6913565139879787,-0.45563719852173273,-0.22021559196555485,-0.23123430699846087,-0.18578690808155307,4.789363853487885,-0.08602139992103093,-0.5515604787077901,-0.0632322192123567,0.2996024742638436,0.8513300658000561,-0.8958194828802176,-1.3314315166063013,-1.179497259434151,-0.8717829323218625,-0.68021103080303,-0.7862690973086309,-0.7432983464573686,0.4787239025817993,-1.073177182705144,-0.6848938248016838,-0.7904697976774161,-0.38192996252919614,0.36520561336800217,0.6023411937060877,0.2186267424616392,-0.20167306166366647,-0.0678568682181479,0.8515921606468537,-0.12810478576636436
26065,Ingham,Michigan,0.5354842164207436,1.9114324609655937,-1.0105527998409354,-1.2576926390380692,-0.6005894044072354,-0.4360198804825063,0.3030552333364134,-0.18057228677468457,2.098868820840158,-0.1308190086230845,-0.12762039799265992,0.4823023190131645,-0.06987386151598093,-0.8471546829826784,-0.25334538698116177,1.621037420714542,0.9902642017944046,-0.2092749013487559,1.0819441098703626,0.5105538087441492,0.8060368998793458,1.1438635670001736,0.7246551455023225,0.7831896429681791,-0.10291668503446182,-0.5171853792105342,-0.4917791311572572,-0.6277923906196587,-0.5625469618181236,-0.4552747369048659,1.2719928554797177,0.0037465290417258925,-0.2145160511017812,-0.3757870495431474,-0.08602139992103093,0.9402037726475355,0.7245802184738881,-1.110368924097546,-0.3224129895051954,-0.8002182577223899,-0.9288584063506297,-0.7368736553176192,-0.8146464437764492,-0.7762412032682028,-0.5876740013593756,-0.16151546633496094,0.7968105131388787,-0.8454094318042255,-0.397624611990463,-0.006855754126291726,0.04750660025410388,-0.8343984225900698,0.6023411937060877,0.2186267424616392,0.5182359469839571,0.03820439886806593,-0.4278552749160556,0.5678309360974945
26067,Ionia,Michigan,-0.13142665398152817,0.33657701024896386,1.1557253478275584,-0.8856534316862555,1.7790901752156194,0.4788477854317944,-0.3446429061836284,-0.2335552213419969,-0.40774427253539236,-0.5163455010568413,-0.3548641224801732,-0.5157936068340706,0.2649657886967864,-0.9451987358756418,-0.32468798530347687,-0.6184237996266199,-0.49973252463430845,-0.1964227049580795,-0.4850789510483247,-0.15940911064004923,-0.1583324932757019,-0.07825702195812244,0.1623241242034772,1.4324384834436332,-0.5504849229149942,-0.5073080687463207,-0.19036636450047345,-0.6139976394107634,-0.5249785420986446,-0.4540004934873661,0.6178617289550266,-0.2412743232444716,-0.22000049708281497,-0.32253607079220176,-0.08602139992103093,-0.06375384824379304,1.1613293298991638,-1.1015440476154519,-0.30804864956950184,-0.855985639064456,-0.992422581654157,-0.7532671221367492,-0.8603556346127798,-0.6615384972681354,-0.5031654498916073,-0.22265825309941784,1.6022878979366437,-0.8954072307824761,-0.14345380848140465,-0.293668737386834,-0.38192996252919614,0.36520561336800217,0.6023411937060877,-0.59786040540054,-0.1601247332906169,-0.04755467661893031,-0.49612594101907315,0.10764142163995442
26069,Iosco,Michigan,-0.24731870542357876,-1.801305726221233,-1.4053833372668931,2.35941370004438,-0.19081851208480072,0.6921061778474975,-0.6182928141869432,-0.12443911179676936,-0.28960554709969577,-0.39173444991185546,-0.5162697815201716,-0.051162744801737194,-0.8317404621128454,-0.5530225243037876,1.5302195710767263,-1.0296728829714825,-0.31157489097533697,-0.050269960752181424,0.1678543186139435,-0.2535414231127225,-0.40008696452787795,-0.5027562466080939,-0.8384898394758175,-0.7160028328968087,-0.7881121682792173,-0.4812385234928576,-0.6357920084829779,-0.11563978576391258,-0.3914309271515726,-0.41367776695038155,0.19938067733066717,-0.30991922158649526,-0.16936583280861098,5.68783365445861,-0.08602139992103093,-0.5747438554961426,-1.0616033763395893,1.2802488333519826,0.6671701430682581,-1.079055164432721,-1.4691538964306108,-1.2778580603489378,-1.0889015887944329,-0.6095221538495003,-0.8707776487763992,-0.4801990821981905,0.48128911718306605,-1.2426141681314362,-0.5874720917613566,-0.6675499477086123,-0.38192996252919614,0.845047227751231,0.6023411937060877,0.762951507703092,-0.2096458490001165,-0.06810801762680425,0.5250876793198939,-0.9080049102680894
26071,Iron,Michigan,-0.28850036161075776,-2.034499079284534,-1.5143962770257606,2.628540581319144,-0.07376752171884537,0.705289588193403,-0.6521759997972774,-0.06584335361873338,-0.4317818600248353,-0.5850230501110243,-0.5326717956001121,-0.13720549702994866,-0.6114656696707029,-0.6706753877753437,1.173506579465149,-1.1305060714618926,-0.3325499836724542,0.3078491592455887,-0.6333810271834694,-0.2803508649787865,-0.44951854808226066,-0.5857042778640655,-0.22614341698824697,-0.8154011323216496,-0.7608005046036668,-0.40950360827695764,1.1914603315294405,-0.3066704813507465,1.3718649056744086,-0.36399041584745306,2.288124660543465,-0.027623888914253922,-0.17409737142097226,-0.10893448201708499,-0.08602139992103093,-0.4569812726900162,-1.147115359084341,1.3125433949835852,0.16202046540229345,-1.843864965695344,-1.998855357293337,-1.8844163326567795,-1.7516848559212272,-0.7002173167332744,-0.6383791322400366,-0.9582245059930352,1.0122885396452872,-1.9120291433402314,-0.5930925763598373,-0.5548734185705422,-0.38192996252919614,0.6051264205596165,0.9000086430384084,0.2186267424616392,-0.30367233627318,-0.06897857699461847,1.3089387136605213,-0.2492072895709801
26073,Isabella,Michigan,-0.11627018781492186,2.7161450663823894,-2.183050135292807,-1.4151344819938578,-0.6521741204219527,0.30450780405985417,-0.4441620807759746,0.3774157563977937,0.16053880172969817,-0.16125729660033744,-0.4050579204796614,1.4459811439691146,-0.6208697352875847,-0.4941960925680094,-0.039317592014215016,1.167558345284209,1.175652145408804,0.0212653478424178,1.5576856684034908,-0.07953265105109183,-0.05322295590986786,0.07679364684406857,-0.10817929589313463,1.1686539660747914,-0.7481049700608732,-0.41942180603597595,-0.20064620437572167,-0.534415532325174,-0.3396236517569628,-0.43866858781102885,1.2209829480879573,-0.21940692379113755,-0.19774550342817818,-0.36151096980255415,-0.08602139992103093,-0.03573828840366785,0.8121803164946538,-0.7741893076311231,-0.30976134950999407,-0.9754871705117408,-1.1831151075647381,-0.9991691244237123,-1.0089105048308546,-0.6055208966634513,-0.6616189838936728,-0.7006836768942625,1.999896161132993,-1.0648442162087686,-0.22838557574733076,-0.5651167394012758,0.04750660025410388,0.36520561336800217,0.6023411937060877,0.4907891250823656,-0.17030594528833715,-0.045587807197258884,-0.7626311478964762,0.1205590220457804
26075,Jackson,Michigan,0.14333152195815066,-0.017963094492735622,0.47693212168617855,-0.22097153404121217,0.47853005108706237,0.25167794942856175,-0.03939678501114291,-0.2581164206048899,-0.24703463345673174,-0.3579035386065622,-0.44036477672857915,-0.13720549702994866,0.019155869178147645,-0.9648075464542345,-0.1106601903365306,-0.23043095299154667,-0.15259091144708578,-0.4319478256083869,0.5282185812110414,0.01563379651003918,0.02913478262503102,0.45931459426213034,0.6338258520279173,0.3986230781513492,-0.1448448841915293,-0.5107762984063118,-0.11048132172101936,-0.6051953777220274,-0.5087895025550583,-0.4509772002810217,2.04519175464487,0.192572139381637,-0.19216150294646633,-0.23982688179457523,-0.08602139992103093,0.34267692725696425,0.3269543201958441,-0.46581672537624225,-0.2012059593687079,-0.7444508763803236,-0.875888260264357,-0.7204801884984869,-0.757509955231036,-0.8522650898031311,-0.2137236611145012,-0.3171516508263057,0.701897572892008,-0.7954116328259757,-0.39824911027918336,-0.022220735372392206,-0.38192996252919614,0.6051264205596165,0.9000086430384084,-0.0535356401590872,0.26819735821641566,-0.02505603184761918,-0.32180185162491226,-0.3218687918537494
26077,Kalamazoo,Michigan,0.4554112144893394,1.4540749505224044,-0.7486423970452654,-0.9667740095382987,-0.5203938136694649,-0.11857426229687495,0.23569866708461293,-0.2101987154233485,0.5573854673786836,-0.20158584134096819,-0.3274443604704651,-0.20603969881251477,0.06981426644280986,-0.9844163570328273,-0.39603058362579246,0.9375524849692838,0.22337070408372656,-0.672505966756693,0.642205565834898,0.36869091052267017,0.6374845518907872,1.1426884191533826,1.1319859408901658,0.5181019744724105,-0.5548561625586518,-0.48575002322856325,0.11143460540056098,-0.5897267412291081,-0.44483099475675314,-0.4487823652064038,0.8926016046135457,-0.19006045232695423,-0.09585172000750439,-0.17118867812832794,-0.08602139992103093,0.9703155778016613,0.2590724160507033,-0.6707927522199612,-0.3078624865324918,-0.7364841076171712,-0.8335121433953391,-0.6221193875837026,-0.6775188712674571,-0.8082512607565936,-0.008790423805163074,-0.13928172569334007,0.6326367786578053,-0.7454138338477251,-0.2739739508238943,-0.04270737703385951,-0.38192996252919614,-0.8343984225900698,0.6023411937060877,-0.3256980227798136,0.5339195051716219,0.024673869100150753,-0.36978997419434434,0.20452342468364723
26079,Kalkaska,Michigan,-0.2680808674825299,-0.7088280618673514,0.49411266093421974,0.4069527696432471,0.48375530767041236,0.7178810654580178,-0.6272234311659475,-0.11829081468264904,-0.37752002897230713,-0.4606951972273865,-0.5455933550081287,-0.10278839613866274,-0.5561395610049608,-0.47458728198941663,1.2448491777874646,-1.353864131840759,0.3046407670546648,0.8707992260969994,0.5448348592803478,-0.2514545394465829,-0.3332935912770131,-0.3303050066362542,0.01710513490960894,-0.6894471465022564,-0.7793178155519158,0.2799314100046986,1.1062513019029565,0.25985380685454124,-0.13955418803941846,-0.1459026731473436,1.0122397318426382,-0.28971261776943796,-0.17985747934701096,-0.29181836198587613,-0.08602139992103093,-0.26189513383051855,-1.0314766609171644,1.1158919342324136,-0.31495157498183357,-1.1905899271168539,-1.543312100951392,-1.4581861953593764,-1.294592947557921,-0.6855460403844285,-0.6341537046666479,-0.49131595251900095,0.948158174613618,-1.3814969430710196,-0.4432129870670261,-0.5241434560783412,-0.38192996252919614,0.845047227751231,0.6023411937060877,0.762951507703092,-0.2885315265192174,-0.06427812403043628,0.05439587174320294,-0.4510447959120063
26081,Kent,Michigan,1.603170126482611,0.940025263931274,0.5982458694596556,-1.163964035339984,-0.32473464738145863,-0.08426128654203026,0.1272548322787694,-0.19746554591165016,0.7003250984498245,-0.1456643207644105,0.07699946264045746,-0.5674192581709984,0.7439553498252591,-0.8667634935612711,-0.7527435752373701,0.22561525920575426,0.0347427741730686,-0.6509888698938647,0.8435967384666362,1.128009848071624,1.6912822918390165,1.859316254035769,1.532094638098219,0.22578264230379388,-0.4927746959234965,-0.47065596750798067,0.13016566830173967,-0.5743553823499772,-0.5048529587118633,-0.4485286629651179,0.6750033461179129,-0.27108801316945946,-0.08797730835158948,-0.26063493749677363,-0.08602139992103093,1.8018170644835108,-0.0006617180299016203,-0.7772603128881069,-0.0906400084277134,-0.8480188703013039,-1.003016610871411,-0.7860540557750114,-0.8603556346127798,-0.5801796011518084,-0.2855559298621042,-0.40238098995251814,1.9691135859177915,-0.9009625417800591,-0.01230916785019556,0.04436085002737654,-0.38192996252919614,-0.8343984225900698,0.9000086430384084,-0.59786040540054,1.634725621498662,0.08672445815772928,-0.5989103535292093,0.2691114267127754
26085,Lake,Michigan,-0.2861954072391405,-2.1461693117498455,-0.9416315838713024,2.446173312519739,0.2142440727797983,0.27327957109271783,-0.07365755235791539,-0.13613152961363512,-0.45469613534761083,-0.4326321129810223,-0.5245260593329822,0.9813502819367808,-1.2134631547805779,-0.5138049031466021,1.7442473660436733,-1.545176979318879,0.5358810829719336,1.2879660458490865,0.5497375673922564,-0.26629703144757744,-0.42408157579888583,-0.4627265123239438,0.23110150799165546,-0.6747788497125168,-0.8064096438742698,-0.24370128082340628,1.3926549648334243,0.2599783526330011,1.1388454696150214,-0.298886557094582,0.6219380580827346,-0.30412650317545875,-0.22610117419650416,-0.32971749950993096,-0.08602139992103093,-0.27954903418407306,-1.0292925227898582,1.1213902384668317,-0.3124048646355364,-1.071088395669569,-1.3314315166063013,-1.32703846080633,-1.1803199704670946,-0.5294970101285229,-0.5327434429053263,-0.24489199374103837,1.6176791855442445,-1.234281201635061,-0.09411844367252116,-0.18611386866413065,0.47694316303740386,1.3248888421344598,0.007006295041446424,1.3072762729445448,-0.3039530682216466,-0.06657106180741718,0.8374080017719729,-0.40744789454234415
26087,Lapeer,Michigan,-0.06432817284588555,-0.5688024823913905,0.8853905465011224,0.08308664616714272,0.2999780787212657,0.7116526992300672,-0.6055000978727061,-0.2509216846082128,-0.3404033275146402,-0.6785264445641993,-0.36341885968887344,-0.7567133130730604,0.7340021416906033,-0.807937061825493,0.9594787844982022,-1.5231232320100703,-0.22647081409031905,0.06165168464760863,0.8545174530418786,-0.17168018081212735,-0.2403571339289147,0.04152853140909305,0.5570490583447129,0.48856370672584226,0.38209914652489185,-0.501081229820085,0.10108969763001344,-0.5726054121928127,-0.41966822974832874,-0.45093751702882773,1.0911805328215523,-0.2301925371512739,-0.09851497251564392,-0.2900844667507563,-0.08602139992103093,0.05775288296171605,0.6539463093064359,-0.6607141058015258,-0.24639145171178137,-0.8241185640118468,-1.0242046693059201,-0.7532671221367492,-0.7689372529401188,-0.8322588038728869,-0.3869661916234258,-0.4764934587579205,0.7172888604996087,-0.8704083312933508,-0.4900503587210299,-0.5497517581551753,-0.8113665253124961,0.1252848061763878,0.9000086430384084,-0.3256980227798136,-0.013863388139543773,-0.04323877763804731,0.7829047068773618,1.0377086508594036
26089,Leelanau,Michigan,-0.25717699819977136,-2.066156691794513,-1.65103556832962,2.7257548969543084,-0.35234340741857223,0.541644806699431,-0.631396151155524,0.2647819110066974,-0.35986702944293414,-0.35945399759873053,-0.37856226564009215,-1.2729698264423184,1.178327081384585,-0.5726313348823804,-0.1106601903365306,-2.0596026922290216,0.2082541475786501,0.9256206285757375,0.96198659005075,-0.28717305168340296,-0.4437053046774282,-0.5879138639337748,-1.13221926059141,-0.7259641191621626,-0.8268565379292357,-0.42565887864451074,-0.5681861114290121,-0.6077663354701385,-0.5926363048565753,-0.44627408034383914,-0.4921101616516835,-0.3824125877129504,0.12763046596330488,7.005521453045657,-0.08602139992103093,-0.7042039933152442,-1.0889427501316846,1.3627209413265153,1.1457059529632696,-1.0232877830906548,-1.4797479256478647,-1.3926123280828544,-1.1117561842125985,-0.6642060020588345,-0.765141959441689,-0.6154543377680497,1.2405926391580298,-1.2509471346278116,-0.44258848877830664,-0.764861495600582,-1.240803088095796,-1.3142400369732985,1.4953435417030498,-1.1421851706419928,-0.23902912627294887,-0.06909204496543117,1.5320725595687557,0.07534742062539034
26091,Lenawee,Michigan,-0.03256842036073021,-0.158205422407262,0.26680557507746233,0.012877722597965678,0.20306387521919658,0.6000998410389184,-0.447454969646483,-0.21974805051083893,-0.38934920562937675,-0.43129538361265346,-0.11471861957828852,-0.46416795549714485,-0.01756803669799637,-0.8863723041398639,0.03202500630810057,-0.7315216782795405,-0.09723106698509346,0.15282558974666619,0.14791411453513237,-0.09301248447495207,-0.08591138518868714,0.21651195662377704,0.08455268034098933,1.5245918638454743,-0.18741369658766727,-0.5151379654328284,-0.42125212372624626,-0.6312256215111973,-0.6684540119862739,-0.45146612529246616,0.3319786041564942,-0.26330474827182787,-0.19960238951839945,-0.2927679620866435,-0.08602139992103093,0.05217233584155328,1.4163500997969394,-1.3995297212442537,-0.1731027873016744,-0.6408828824593433,-0.7381658804400477,-0.523758586668916,-0.5746731918857134,-0.8109187655472929,0.20248095486425755,-0.06702206860807308,0.3299414557083267,-0.6454182358912239,-0.26210848333821357,-0.4626835310939393,-0.38192996252919614,-0.1146360010152266,0.6023411937060877,-0.3256980227798136,0.0524454980882556,-0.043833670212740476,-0.15847981967189143,-0.33963049241175963
26093,Livingston,Michigan,0.24140191221685836,-0.43314980377719264,1.1494735585594085,-0.17340552426513706,0.025962801081193355,0.7246088582222219,-0.651550657318674,-0.2660346202369611,-0.167351667501388,-0.39998348177923065,-0.5188758706906139,-1.7376006884746522,2.203782090513025,-1.3373749474474963,-0.5387157802704237,-1.7028524284898112,-0.6611462108745173,-0.2134029313128217,0.04059762745486237,0.10206624208414304,0.30734363990021024,1.0825450806710921,2.273856461083888,-0.14868995981932243,0.1434477685014373,-0.49834833748307844,0.07268793090131213,-0.6037286696245313,-0.4108312101344117,-0.4513353025709598,1.722695580015248,0.05767362422733019,-0.03195967674780361,-0.18584474325307504,-0.08602139992103093,1.1054584309809292,-0.08149598528147847,-0.39803063647438347,-0.30398284884120286,-0.7922514889592377,-0.9182643771333749,-0.7532671221367492,-0.8146464437764492,-0.8549325945938303,-0.3109084953024345,0.09046692760340702,0.6095498472464045,-0.842631776305434,-0.3133173430132573,-0.6265766643856777,-1.240803088095796,-1.0743192297816841,1.7930109910353704,-1.1421851706419928,0.3328031372901846,-0.0022862326371379687,0.088803920510107,0.5968955370106022
26095,Luce,Michigan,-0.30266689819971904,-1.1773216315611605,1.3034499887626296,0.4355025977908045,4.3064248651303005,-0.281693035236108,0.151635369618171,0.7618706584665276,-0.508162583195648,-0.3235392796229844,-0.5787132473383836,0.8092647774803626,-0.704133469545085,-0.592240145460973,1.7442473660436733,-0.9585325233004668,-0.6689918749725238,-0.7222217774842205,0.3312366565178509,-0.28863619074630503,-0.4579911403923364,-0.6262140958716723,-0.9322389404271049,-0.817040356334288,-0.801566568922043,-0.43929162852209963,-0.33154109607967885,-0.28871861409397326,-0.27543791751380836,-0.38459255860698005,1.8368703649547673,0.12456391125836909,-0.19790107634638024,4.113446384271879,-0.08602139992103093,-0.6675117953130977,-1.1671754046870082,1.4229391374949836,0.6830908059933554,-1.5411277526955558,-2.041231474162355,-1.9827771335715652,-1.614557283412235,-0.3601104559191211,-0.355275484823013,-0.7636792753788544,0.9789407498288191,-1.8009229233885642,-0.29270889948549544,-0.27318209572536667,0.04750660025410388,0.6051264205596165,0.9000086430384084,0.762951507703092,-0.34662432438856233,-0.07020790863744127,1.624563583921926,1.3509604607006758
26097,Mackinac,Michigan,-0.28928234740138264,-1.8304712420000657,-0.6223097265548471,1.996298893681448,0.3461369695089704,-0.4745577180024259,-0.43623458951953564,2.573096657763791,-0.27961133943266886,-0.6530522224163813,-0.5604179847032945,-0.0683712952473792,-0.7369447349820885,0.23132989883992133,3.813182717390823,-0.02660960557996191,0.11442950886008912,-0.08526597021841478,0.4963030012028753,-0.27622227224477947,-0.40654355184373936,-0.5621448225827613,-0.9642690815802858,-0.8190161764440048,-0.7192369132265106,-0.4738729503106184,-0.4307040955134845,-0.23271400312143328,-0.11361447675878553,-0.4262656348619178,2.0316796046800056,-0.12125120227769903,0.13675663070864844,3.984873857412001,-0.08602139992103093,-0.6361367513226569,-1.1318679307347113,1.3750668346591677,0.8242098345684356,-1.4295929900114235,-1.9246971527725552,-1.8516293990185184,-1.4545751154850781,-0.49081819066338395,-0.35738819860970716,-0.7822073925802049,1.0507667586642888,-1.6703731149453556,-0.3432932608718193,-0.33976368112513544,0.04750660025410388,0.6051264205596165,0.6023411937060877,1.3072762729445448,-0.30836991754418697,-0.06981428493518056,0.7042454811982711,-0.6141295010355552
26099,Macomb,Michigan,2.2387664198310944,-0.11091517169559881,0.9884221215512242,-0.390067601781942,-0.6094759676974768,-0.2396452122832065,0.20973152833448325,-0.27656858607899626,1.0950976976123352,-0.24157694179407505,-0.5041390048928992,-1.0148415697576887,0.6403733424101166,-0.8863723041398639,0.17471020295273174,-0.21241823689640216,0.3151803540510887,0.13674479122963204,0.837198793135333,2.353587368980538,4.926548135266515,2.1417089213985903,1.2898894930378633,-0.11350918883363005,-0.5348453931757741,-0.4924993961270074,-0.46684986325638933,-0.6331229392238835,-0.6201392805601952,-0.45201841763318235,0.08958628928521653,-0.3325212709914181,-0.1401912141722226,0.9425569735863897,-0.08602139992103093,3.062005347819031,-0.3537734396137841,-0.9780224089633901,-0.3157036736513541,-0.6408828824593433,-0.844106172612593,-0.49097165303065604,-0.5632458941766305,-0.7375623838030638,-0.11653882692656754,-0.3171516508263057,0.2273328716576559,-0.6648618243827662,-0.4313475195813454,-0.06831567911069364,-0.38192996252919614,-0.1146360010152266,0.9000086430384084,-0.3256980227798136,2.9297608152380934,0.25002507828158477,0.2154098867090461,0.6760158394962842
26101,Manistee,Michigan,-0.24898518450547227,-1.278779684188892,-0.8522804046444701,1.6025655886416068,0.6852846558611018,0.46952560484781736,-0.43823506872484086,0.10658752716242494,-0.47561454321287217,-0.46306088510603877,-0.4505235356030327,-0.37812520326893484,-0.3895434496752383,-0.7098930089325312,1.173506579465149,-1.4616194844597623,-0.20184861815379546,0.2939384905624699,0.20619915301996242,-0.25009106278122684,-0.3821507759388624,-0.46813943694985255,-0.7816924572499415,-0.6985753588759569,-0.8137141583512424,-0.19449429504456528,-0.0055208387505521535,-0.37453545599545324,-0.2655520174515813,-0.3899565947964062,0.037297131140196206,-0.3019315020929537,-0.12382165429493013,4.527425407313933,-0.08602139992103093,-0.5412548106607032,-1.0560283529528678,1.2603703575626521,0.2137663431696002,-1.0312545518538074,-1.3632136042580654,-1.3434319276254598,-1.1688926727580118,-0.5561720580355154,-0.7355639664279698,-0.21709981793901245,1.4842880262783726,-1.2287258906374778,-0.1896666818466881,-0.49853515400150705,-0.38192996252919614,0.1252848061763878,0.6023411937060877,-0.0535356401590872,-0.23502401714149274,-0.0668784849417102,0.16902019943532873,-0.827269907731679
26103,Marquette,Michigan,-0.12556322494470773,0.5210598372342515,-1.0051397550438856,0.020534940240135625,0.12903257431095305,0.5689117223342418,-0.5589987443898977,0.033177584374817076,-0.2403772801379175,-0.4177518148687938,-0.588810736336878,-0.46416795549714485,-0.05552751323913215,-1.0628515993471983,0.745450989531256,0.10292462195036849,-0.10465002536755136,-0.6387767256073195,0.6248298709166046,-0.2445937997927627,-0.40823147667053616,-0.5806126885438855,-0.8690177414245186,-0.8159898806854041,-0.798258234461808,-0.44320424073596026,-0.23307117263091426,-0.35223188097670094,1.1717764710686869,-0.3652327410544833,1.207277732282688,-0.25087970212723143,0.22115982467329268,3.6181823788845446,-0.08602139992103093,-0.6104084781989725,-1.164644108617821,1.3958247796057959,1.8103377811749823,-1.6765628216691453,-1.998855357293337,-1.8844163326567795,-1.6716937719576483,-0.5214944957564253,-0.2348507989814432,-1.013808857597087,0.9635494622212187,-1.8342547893740648,-0.42073104867310496,-0.5702383998166426,-0.8113665253124961,-0.1146360010152266,1.197676092370729,0.2186267424616392,-0.09325438316588443,-0.0668155809759244,-0.35417253451907804,-0.49948579743385213
26105,Mason,Michigan,-0.23555377313541304,-0.7870698571829425,-0.8307299374239288,1.138830336286071,-0.22714745724092075,0.6902976623194309,-0.6036414353791683,-0.14041706257499126,-0.3517161898193895,-0.6598505882939214,-0.3680824442272385,-0.10278839613866274,-0.4017618706957124,-0.7098930089325312,0.745450989531256,-0.6480703888750424,0.16096172691112598,0.5305246644650979,0.1384838071540146,-0.23068366663404713,-0.36581474498013034,-0.4443223909199645,-0.7815097732620779,-0.45969791220640466,-0.8225561566586492,-0.4049591023967493,-0.24874647467503805,-0.46692708588344295,-0.34597815956827027,-0.40941131371924017,0.104480675182164,-0.27823686287265026,0.0986625525602182,4.757752497952119,-0.08602139992103093,-0.5240277875901602,-0.8248244098222952,1.0281515732286068,0.18488873286860502,-0.9834539392748933,-1.2996494289545382,-1.3106449939872,-1.1346107796307632,-0.596184629896004,-0.7123241147743338,-0.15966265461482593,1.938331010702591,-1.1815057471580197,-0.07163650527859958,-0.5343867769090749,-0.38192996252919614,0.1252848061763878,0.6023411937060877,0.4907891250823656,-0.22169860732094712,-0.06598076566836589,0.5741523151344301,-0.18946338769403617
26107,Mecosta,Michigan,-0.19364577808653,1.1484888930605568,-1.7842930485554764,-0.16947125314665945,0.1153342084552384,0.5637594682573253,-0.44415370231098483,-0.15512915686832993,-0.24739372311993033,-0.30329442504050164,-0.5280208251322904,0.9297246305998548,-0.5503049217536108,-0.7295018195111219,0.5314231945643092,-0.21397090441507519,0.4745846930863415,0.1542879711771987,1.220222158255293,-0.1900719360196616,-0.21373800096137804,0.03731993679059684,0.04053999446515158,0.30675566678834426,-0.688539899849197,-0.2892097754954405,0.6423604419157698,-0.35310741756938024,-0.17374724662958846,-0.40899346438805184,1.0353112515219138,-0.14418694155246004,-0.210134307069836,-0.24374709129824693,-0.08602139992103093,-0.08024078936289583,-0.009514394131686636,0.04389267922516819,-0.3146909467300195,-1.0631216269064165,-1.2784613705200287,-1.2286776598915456,-1.1117561842125985,-0.557505810430865,-0.2918940712221867,-0.4357316009149491,1.7382442718037827,-1.1842834026568112,-0.07101200698987921,-0.5958467018934768,-0.38192996252919614,0.36520561336800217,0.6023411937060877,0.4907891250823656,-0.19892188856869425,-0.05497223400863858,0.7770295117650498,1.0909937525334341
26109,Menominee,Michigan,-0.25419256553817293,-1.4216154807563395,-0.1907298721102378,1.4046936408457404,0.29134420592195176,0.5947345448632527,-0.6327976671293303,0.15015742096343157,-0.43599628432154214,-0.5570180733035534,-0.5583091248435117,-0.17162259792123075,-0.4484389847065122,-0.7491106300897147,0.10336760463041615,-0.7514167901235997,-0.8206884931629278,-0.6864836209620894,-0.4243064152511609,-0.26397540635734423,-0.4060732915611687,-0.39824865487467725,-0.5871783841338396,-0.5422827448290571,-0.7125351588049377,-0.43553358312550916,-0.1862836491274268,-0.4816029152798425,-0.1496220311078298,-0.41063691677737907,3.970533570734197,-0.014643722519816655,-0.18024590033471724,1.4635568959266774,-0.08602139992103093,-0.47433435199478824,-0.8563567098415864,1.0373536457556638,0.25639023212341566,-1.4614600650640326,-1.7128165684274645,-1.523760062635901,-1.3631567338124164,-0.7669049365007554,-0.48626373959805363,-0.5061384462800814,0.9250712432022171,-1.5481562729985214,-0.4482089733767868,-0.6675499477086123,-0.38192996252919614,0.36520561336800217,0.9000086430384084,0.2186267424616392,-0.25592918957063526,-0.06732808508456226,1.372897517731851,0.6243454378729815
26111,Midland,Michigan,-0.07736419814203331,-0.18549394264765473,0.6053939869532573,-0.13060487656874029,-0.242667250447072,0.5778399320238043,-0.5726420708777166,-0.25276867860029056,0.3086578879029717,-0.2984436128864543,-0.49182874149132705,-0.8255475148556282,0.9704079955923604,-1.0824604099257908,-0.1106601903365306,-0.6173866249697745,-0.7055869790150502,-0.9525479724339243,0.2918998579174163,0.056337214254536416,0.010433542963649827,0.2956072840761471,0.03814675539954124,0.059300062522118495,-0.7123496845591346,-0.4322619391422152,-0.05144077567302196,-0.593480413366391,-0.4065634603176126,-0.4286347978371226,3.83356183896086,-0.07528526807377897,-0.23853757504007617,-0.3088630595544427,-0.08602139992103093,0.12705848593515512,-0.2639390446057544,0.20175173845820363,-0.3467705612675872,-0.8958194828802176,-1.0877688446094476,-0.8516279230515335,-0.9060648254491102,-0.7028848215239736,-0.8475377971227631,-0.7136533589352076,1.4329837342530374,-0.9620709627534766,-0.4713154100594283,-0.647063306047145,-1.240803088095796,-0.5944776153984553,0.6023411937060877,-0.3256980227798136,-0.03499314612745952,-0.037943027501401126,-0.21157415978721142,-0.21045448835350272
26113,Missaukee,Michigan,-0.2766329218219483,-0.21322227115805176,-0.39753083277847934,0.39441489560819926,0.1620292462981246,0.7307890009756658,-0.6383556384598605,-0.1569851873667452,-0.4101589572411547,-0.6265066594300391,-0.48304036737377365,-0.6190449095079227,-0.3023670749785973,-0.3961520396750457,0.6741083912089404,-1.0482489174000633,0.5077428537938017,1.076612608926918,0.4720672787148086,-0.2523935057832636,-0.34872103166221324,-0.3455316399777635,-0.21342050536122076,-0.07151035858908403,-0.7970872926068719,-0.17885449884150134,0.7941062163340544,-0.26825642884978057,-0.3037020612768546,-0.32834127354034415,2.0282683091103153,-0.17596405863113257,-0.1960042092596144,-0.33417609566354506,-0.08602139992103093,-0.334748149087599,-0.4310807925632747,0.5636275468797209,-0.3126133672369877,-1.1905899271168539,-1.4903419548651193,-1.4581861953593764,-1.294592947557921,-0.7042185739193233,-0.6637316976803669,-0.36532475554981714,0.9815059644300858,-1.3676086655770612,-0.4101145777648641,-0.7187665518622806,-0.38192996252919614,0.6051264205596165,0.6023411937060877,0.4907891250823656,-0.3057684681550636,-0.06537874488103071,0.022046102674111792,-0.3541627928683135
26115,Monroe,Michigan,0.11987194823940349,-0.32783012689604174,0.69204790906251,-0.04262848397619452,-0.30389179284946666,0.6235138217946156,-0.47627608873643984,-0.2664785435109918,-0.3361181233562614,-0.5375756839479671,-0.432829956343699,-0.7395047626274167,0.5916369439576638,-1.239330894554533,0.03202500630810057,-1.0022432352589576,-0.09738106996986176,-0.13197657083827904,1.0396548993809156,0.19145498701885805,0.3558650538656189,0.7116116496868989,0.49520432067616177,0.9599393236668866,-0.5536891504739015,-0.4889611184955058,-0.3707596876090762,-0.6364548228771402,-0.677893621965138,-0.4505570836045175,-0.3646578580192073,0.0755423850737158,0.12247705277764989,1.2052761241608902,-0.08602139992103093,0.5267751158277338,0.694644768985581,-0.9027743138465839,-0.2335759882440111,-0.529348119775211,-0.6216315590502485,-0.2614631175628228,-0.4146910239585564,-0.8469300802217326,-0.09963711663301388,-0.3356797680276562,-0.11127545570955763,-0.49264718345768216,-0.5662391499448753,-0.5343867769090749,-0.8113665253124961,0.1252848061763878,1.4953435417030498,-0.3256980227798136,0.24779750329451297,-0.02459030604771024,0.4033882816711392,0.5419957352858431
26117,Montcalm,Michigan,-0.1337960416392643,-0.08541645419424321,0.6219290075177109,-0.2310390595395192,0.743107840149776,0.6341509782264393,-0.5113648037779518,-0.21279587539734363,-0.4436373402536244,-0.4431842882415384,-0.4418980324357541,-0.3609166528232928,-0.24937482201339514,-0.6902841983539365,0.17471020295273174,-0.8001629274836275,0.07267678478964004,0.1534028604866602,0.7392216221295869,-0.1789436939158668,-0.2034528602780715,0.10795522784339315,0.019677491411517384,0.9783082022871443,-0.7495816601396099,-0.4502967574555873,-0.0751979103489143,-0.5204432355064029,-0.36872280595004614,-0.4472421034823879,1.4955997947009858,-0.20390696412125253,-0.2158522110378161,-0.28734110931294055,-0.08602139992103093,-0.05619539574058058,0.6240928538294311,-0.5824947344228081,-0.20314205495361226,-0.9595536329854363,-1.108956903043956,-0.9335952571471879,-0.9746286117036063,-0.5841808583378574,-0.4228823259972273,-0.5672812330445383,2.120461247392531,-1.020401728228101,-0.07351000014475978,-0.5651167394012758,-0.38192996252919614,0.6051264205596165,0.9000086430384084,0.2186267424616392,-0.10942454339755776,-0.05234971432563134,0.257290355346445,0.325625928488263
26119,Montmorency,Michigan,-0.2935905912141513,-2.513854698992139,-1.772954736666675,3.1989282905882495,0.46947421721051313,0.7568059667846865,-0.6499560238741373,-0.15793658459867038,-0.511615715131447,-0.4517153479905683,-0.6012307201249392,-0.01674564391045318,-1.070548814529864,-0.5726313348823804,3.2424419308122996,-1.535262783040061,-0.16837791376154787,0.19355712626225322,0.7360059495312964,-0.270649609638481,-0.3856127980907507,-0.2846938076794238,0.10105396552870777,-0.6273619109664925,-0.7681786754840535,-0.17837988608795027,0.8170254251814507,-0.011824352252398291,1.043495092996506,-0.27448457666707043,1.7465050787686471,-0.1983717363993294,-0.17734911497007158,-0.21114451287489877,-0.08602139992103093,-0.24308330962074526,-0.9653056666681757,1.0434374259462618,-0.3208938991231936,-1.270257614748377,-1.6492523931239371,-1.5893339299124232,-1.3517294361033343,-0.7362286314077141,-0.9468353450973905,-0.8359389324641215,0.4094631083475967,-1.4731595745311463,-0.8066709911020927,-0.3141553790483013,-0.38192996252919614,0.845047227751231,0.3046737443737671,1.3072762729445448,-0.30488884138320177,-0.0674222169722218,3.415593589440606,0.7325303412717717
26121,Muskegon,Michigan,0.1874273199493438,0.2157768019336602,0.29863945333404823,-0.3475186890268531,-0.2378191546744651,-0.14430708893362004,0.34836389326045,-0.12113469554813627,-0.2977838429309666,-0.3903738559820223,-0.2849033309154264,-0.17162259792123075,-0.34266040722027313,-0.9648075464542345,0.24605280127504683,-0.3842696524539377,0.10861136533664847,-0.269354051363767,1.1230938406374353,-0.08094064653893954,-0.11226141622199066,-0.06733310057576881,-0.5172054990458674,-0.5625181554371165,-0.821498364180615,-0.4208346354975413,-0.31663693916975394,-0.5287314200655701,-0.3653080220425054,-0.44543399401590406,-0.20876893510249994,-0.19473781716495142,-0.12126786921571965,5.200070554437531,-0.08602139992103093,-0.21474597405858106,-0.9255852028324689,0.9925862005608189,0.34670164463771935,-0.8081850264855422,-1.0665807861749381,-0.8844148566897957,-0.8603556346127798,-0.596184629896004,-0.2813305022887155,-0.42646754231427403,2.0204178779431277,-0.9204061302716013,-0.014182662716355324,-0.262938774894633,-0.38192996252919614,0.6051264205596165,0.6023411937060877,-0.0535356401590872,0.3525105200725365,-0.04600767524641414,0.9974722880198686,1.2411608572511577
26123,Newaygo,Michigan,-0.1774583793420212,-0.2296099917502183,0.10720140433737181,0.15814705365737278,0.134648341140287,0.6946566536710806,-0.5856174742651103,-0.17876346395939002,-0.42929515240700467,-0.4620175576935908,-0.27394179635808275,0.20696551188289292,-0.2711345942801945,-0.592240145460973,0.24605280127504683,-1.5172185975160393,0.04505032928106253,0.572177523167433,0.5143872143156657,-0.23186472203780706,-0.3231511864741039,-0.16417877937942618,-0.010720585660394811,-0.05996098814482403,-0.7554048041194352,-0.29615802075618125,1.037041067044279,-0.12709564859931446,0.008814148586658035,-0.3978895126707025,1.0376268023355601,-0.2210820749693208,-0.25050922607996856,-0.2441524190450702,-0.08602139992103093,-0.20515931776452648,-0.40084829659967497,0.47828712376587135,-0.0982131207732813,-0.9754871705117408,-1.2043031659992476,-1.1467103257958913,-1.0431923979581024,-0.5721770867797108,-0.3299229193826823,-0.35976632038941175,1.9126788646899229,-1.103731393191853,-0.021052143892276227,-0.5241434560783412,-0.38192996252919614,0.36520561336800217,0.6023411937060877,0.2186267424616392,-0.1518712140057003,-0.059000021888883904,0.43038747183079895,0.18030292392272373
26125,Oakland,Michigan,3.3622837723149943,-0.20663245174340908,1.2173980764527594,-0.41591917831461733,-0.4538504213290578,-0.5768671703222913,0.29545234556482364,-0.28913983824777734,2.4689650047434006,-0.35899424324410556,-0.39054254445206826,-1.1525099733228243,1.7527987977910322,-1.2001132733973472,-0.39603058362579246,0.07162838737965803,-0.004074721482245197,-0.12802675624675286,0.19408197552640608,1.9858513773661637,2.9901692006274985,3.6821113635467517,4.449326069300243,-0.7497194654265449,-0.3831914310060789,-0.4815778690243649,0.021566461429326434,-0.6159076108183368,-0.458362073582086,-0.4497903090457611,0.6849839647719855,-0.23100400390014497,0.19806591813866078,-0.030359568625339534,-0.08602139992103093,3.7937205888416394,-0.9115811572231381,-0.7516155914687148,-0.0643612341233782,-0.7603844139066283,-0.9076703479161203,-0.6712997880410948,-0.7346553598128703,-0.8162537751286914,-0.2411889403415257,-0.09666705613023369,0.5300281946071346,-0.7954116328259749,-0.3570322232236602,0.09045579376567797,-0.8113665253124961,-1.5541608441649128,0.6023411937060877,-0.8700227880212664,4.161724897888706,0.21908927583424664,-0.20687480797072874,0.26103792645913426
26127,Oceana,Michigan,-0.24339413254179085,-0.2615553190044223,-0.4655063597045416,0.4727962045138679,0.24532404346936962,0.6603191350107007,-0.5883008071853061,-0.05957618840719667,-0.5067978163109784,-0.45984557922640834,0.3796666060483462,0.052088557872114846,-0.2335869746273893,-0.10201988099615492,1.5302195710767263,-1.3532389941284033,-0.14421437551482263,0.3116118358801948,0.26144171106253294,-0.26778057537495326,-0.39044882084043575,-0.37533131066327496,-0.780758309828143,-0.3523350505616665,-0.8241730834957294,-0.39647929027861045,-0.19940813956267672,-0.47700708515868734,-0.4489002463420175,-0.43397003869261314,0.006007498817138168,-0.31137353657413724,-0.022627268400616667,4.624970786109663,-0.08602139992103093,-0.5152806507787911,-0.7198438389141968,0.9223108386464232,0.23311240597568209,-0.9276865579328271,-1.2148971952165015,-1.1467103257958913,-1.0317651002490196,-0.6081884014541505,-0.5644341497057391,-0.2115413827786074,2.1692003248166,-1.0870654601991023,0.005176784233965771,-0.7853481372620493,0.04750660025410388,0.36520561336800217,0.007006295041446424,0.2186267424616392,-0.24995895679991326,-0.06665261856953386,0.3755359717433497,-0.0328374827734
26129,Ogemaw,Michigan,-0.259414590499537,-1.3306207289905216,-0.9858626044363972,1.7168520242105434,-0.09496432689475294,0.7295538956055662,-0.6606172872639134,-0.1405165176005421,-0.3962661016701323,-0.4184427963087261,-0.53446150212542,0.6371792730239426,-0.9867359377545896,-0.6118489560395658,2.0296177593329356,-1.2066759842426964,0.6337370593666343,0.97213942845474,1.3464534393042145,-0.23238228086649446,-0.3203836046760205,-0.10665340056599076,0.09620119353603057,-0.21134132796306085,-0.7567110781587314,-0.32811655984213944,0.6040042645876331,0.06981009439314959,0.5450496780854687,-0.3243432459910682,1.5540763725840026,-0.21549186334153134,-0.1896117373903359,-0.26944821330161123,-0.08602139992103093,-0.1555259499632857,-0.5504923005825038,0.6023458000240526,-0.3117570172667416,-1.1746563895905489,-1.4691538964306108,-1.3598253944445922,-1.214601863594342,-0.5721770867797108,-0.809508948962267,-0.09481424441009867,0.6993323582907413,-1.3203885220976037,-0.36889769070934086,-0.559995078985909,0.04750660025410388,1.0849680349428452,0.6023411937060877,1.0351138903238184,-0.2500712495792999,-0.06325094571935037,1.020073500040605,-0.19592218789694887
26131,Ontonagon,Michigan,-0.30415765013765195,-3.292063998848984,-1.7735483886650634,3.916173096045949,0.4858223360298576,0.7078757473617666,-0.6680722693515369,-0.08144578455985563,-0.400386744229554,-0.20754657444275496,-0.5878282627479273,-0.20603969881251477,-0.6995344009587269,-0.7098930089325312,2.1723029559775666,-2.04725847905226,-0.9925310158136232,-0.1628313312670691,-1.4774876668079644,-0.2906041487898103,-0.4716508404999346,-0.6612310585292296,-1.0402893689196318,-0.8212598951934511,-0.7197155923043023,-0.5089585335621176,-0.1312394555336539,-0.45829116507714013,0.9718124267202902,-0.42991553635300744,-0.2762517015330708,-0.3649282707131892,-0.13229913362309342,5.175564647016632,-0.08602139992103093,-0.7135019179043691,-1.134293748313194,1.4108263505354413,2.045781897342302,-1.716396665484907,-1.9458852112070644,-1.7204816644654708,-1.6031299857031522,-0.5548383056401658,-0.5031654498916073,-1.1249775608051904,0.9250712432022171,-1.7898123013933973,-0.5624921602125549,-0.4439262812610374,-0.38192996252919614,0.6051264205596165,0.9000086430384084,0.4907891250823656,-0.3314835146345997,-0.07056993086871316,2.8022415583032245,0.21582632503874474
26133,Osceola,Michigan,-0.2522009912399522,-0.2914051012885043,-0.5247000387845983,0.5297757241372143,0.1163835011429774,0.7407368904104771,-0.6077192109156367,-0.18108536515417983,-0.505954942131952,-0.3428647590275013,-0.5395081822695942,0.017671456980830835,-0.5751536206828896,-0.6118489560395658,0.10336760463041615,-1.1180325419655266,-0.16507554009498396,0.4842534237417742,-0.46035288393649776,-0.23356816816065373,-0.28335137173470265,-0.16035165586894673,-0.16010136887818682,0.0648723128879491,-0.730080649671872,-0.11837057610546288,0.6697377472740358,-0.3408050190459743,0.12724585267004376,-0.35216610284496236,1.4107784865518374,-0.13751217617674732,-0.2312766826275902,-0.33887577675628205,-0.08602139992103093,-0.23293449445362482,-0.2664754570655283,0.3596384936468455,-0.3131271772191353,-1.1666896208273967,-1.4373718087788467,-1.4090057949019843,-1.2488837567215898,-0.5988521346867033,-0.48415102581135944,-0.33012133286725115,1.2816360727782976,-1.3259438330951867,-0.22276509114885057,-0.5139001352476075,-0.38192996252919614,0.845047227751231,0.6023411937060877,0.762951507703092,-0.26466931089956053,-0.062327491399416894,1.6299009283340389,1.3751809614615993
26135,Oscoda,Michigan,-0.2967741813055718,-1.3234926885171991,-1.7121064513594995,2.071967307855688,0.4709550127671919,0.7496543881399657,-0.6518822224341895,-0.15394818262705762,-0.5350708033967022,-0.5467085326645391,-0.5696124567056859,0.15533986054596688,-0.7638527183530202,-0.23928155504630408,2.3149881526221967,-1.6880100715727668,-0.20399820420876563,0.7599530194995321,-1.0016631307696369,-0.2766178733879246,-0.3901080970451562,-0.3210061866315135,0.032083587948131986,-0.7235257757605565,-0.7867236573965828,-0.19610677053000825,0.6179610633360039,1.5121718933476596,0.8019098364688858,-0.19410435540815024,0.47777830553913664,-0.28986557203707586,-0.23906274333748226,-0.3327268703044195,-0.08602139992103093,-0.2769642419490905,-1.0683823772733092,1.1582782733213157,-0.3143930858708035,-1.2622908459852247,-1.58568821782041,-1.5073665958167686,-1.3403021383942515,-0.6775435260123308,-0.8771157901364817,-0.5042856345599463,0.4992456193919335,-1.437050053046854,-0.6249419890845594,-0.42171024777100463,-0.38192996252919614,1.0849680349428452,0.9000086430384084,1.0351138903238184,-0.3220883520925858,-0.06787309494835926,0.7185629964672711,-0.733617304789443
26137,Otsego,Michigan,-0.24866301807487776,-0.4925365728408507,-0.1631520684618846,0.5350170052549131,-0.13985889724797249,0.7170220110741495,-0.6319832365452169,-0.15568009795781476,-0.35029316154073886,-0.26956648993337684,-0.5672781228663616,-0.7739218635187005,-0.2285760491527005,-0.807937061825493,0.816793587853571,-0.8982600070516532,-0.27371406640859713,-0.37901408111898655,0.8427234041598798,-0.18171728561700806,-0.25326792342746424,-0.20907528954762186,0.5526665966649492,-0.6387745174347745,-0.6646689626933308,0.09338893552403399,1.2282763331575357,0.05676454604537633,0.18613120757763532,-0.22254957149989849,0.6211085907893479,-0.2986393146337165,-0.1999100646413118,-0.2519966151886263,-0.08602139992103093,-0.03564160108499303,-0.9297062390870978,0.9192675136249209,-0.34833433077847137,-1.3339917648535953,-1.734004626861974,-1.7204816644654708,-1.4431478177759953,-0.6868797927797782,-0.8010580938154904,-0.6877139948533171,0.8070713715439456,-1.5620445504924798,-0.5937170746485572,-0.6060900227242104,-0.8113665253124961,0.1252848061763878,0.6023411937060877,0.2186267424616392,-0.25703340190127033,-0.06107720266243562,0.03232638205741442,-0.4542741960134627
26139,Ottawa,Michigan,0.5337972358387213,1.2609829290657972,-0.4366544262929786,-0.944257566622671,-0.2796034599720617,0.5141813516070004,-0.5325778171142489,-0.2635040167690811,0.5692149207822395,-0.3851321630882349,0.029778755204740808,-1.1525099733228243,0.9682114255212638,-1.160895652240162,-0.8240861735596857,-0.7517855692359585,-0.577892039326261,-0.7655652853939886,0.47695875607177257,0.03206741905009389,0.1275569637308912,0.12959592575380124,-0.4710172746086629,-0.26836010995185927,-0.7994113634777237,-0.4950933229697261,-0.6233320580227549,-0.5900955713785231,-0.608667912592603,-0.45024983854604145,-0.2440555561771148,-0.28022570370022637,-0.0723080474521437,5.217345353837922,-0.08602139992103093,-0.03865882815246196,-0.6259556738230285,0.6252574931374235,0.47528073103980395,-0.7444508763803236,-0.9818285524369023,-0.7368736553176192,-0.757509955231036,-0.6055208966634513,-0.1693566715939227,-0.5394890572425124,1.9049832208861224,-0.825965843312684,-0.051652560039558114,-0.6419416456317781,-0.8113665253124961,-1.0743192297816841,0.9000086430384084,-1.1421851706419928,0.5817562291903221,-0.03348007470885629,-0.5995895933255164,0.00753001849480525
26141,Presque Isle,Michigan,-0.2840310345826918,-2.2082234174175284,-1.6950494152997562,2.878557889781255,-0.1212403325392264,0.7186302859830193,-0.6542485555301328,-0.20137850567043253,-0.3877844286075825,-0.36088449360419905,-0.5914385816347467,-0.6362534599535646,-0.5754281919417766,-0.4941960925680094,2.671701144233775,-2.1201074055439437,-1.1144915948344996,-0.49724615644035647,-0.6910699720808822,-0.2860714402178958,-0.4480772025990681,-0.5819351764956715,-1.0229306916305416,-0.7033895678255329,-0.8106622543479208,-0.4507048301119147,-0.6741749083404406,-0.49331670482077994,-0.39515305395402217,-0.43306657878295085,0.5475715501564667,-0.2914602965389936,0.11870519297295341,5.978795439022486,-0.08602139992103093,-0.6734631055085024,-1.0593876054621654,1.3207149594748404,1.1751792849826965,-1.2383905396957675,-1.6492523931239371,-1.5893339299124232,-1.2831656498488382,-0.585514610733207,-0.7904945248820192,-0.8915232840681733,0.5838977012337369,-1.4453830195432293,-0.6661588761400826,-0.4439262812610374,-0.38192996252919614,0.36520561336800217,0.9000086430384084,0.4907891250823656,-0.2870530049239602,-0.06986553826982819,1.5623229433187764,-0.3057217913464671
26143,Roscommon,Michigan,-0.2505638000153855,-2.4503900126177713,-1.822122439078181,3.164945884742281,0.029340215302690084,0.7160853245617773,-0.6464342409898521,-0.15735876690594944,-0.3805106037780488,-0.5381469368190526,-0.5519679651568373,0.13813131010032487,-0.904433202903194,-0.6902841983539365,2.600358545911459,-1.288628390114639,0.2151197664139661,0.519586567039077,1.0321468861256136,-0.23294063740663526,-0.28050644866269686,-0.08172291965775487,0.07249606550024594,-0.7940069042773285,-0.8095221754462092,-0.31410174346450676,0.4478831307920844,0.14151882355312706,0.40490697536847065,-0.32208463587448355,2.624516337807707,0.12884906300577906,-0.19672049281388457,0.38452499208830193,-0.08602139992103093,-0.14154868679753832,-1.1480958725681516,1.1773140557198394,-0.3079741843546978,-1.1905899271168539,-1.4479658379961013,-1.4090057949019843,-1.2831656498488382,-0.6748760212216315,-0.6447172736001191,-0.23562793514036295,0.8532452343667473,-1.3453874215867283,-0.3782651650401419,-0.5907250414781099,-0.38192996252919614,0.6051264205596165,0.6023411937060877,1.3072762729445448,-0.20109288230350225,-0.06222804205050628,3.078676744558465,0.7050804404093919
26145,Saginaw,Michigan,0.23713760019007984,0.15442147122193353,-0.31905077774828394,0.01662738818812804,-0.6601798145061742,-0.5038841996546093,0.6898812639611532,-0.2478279088771664,-0.06657583850021978,-0.29556000877570604,-0.07930214470827776,0.7060134748065106,-0.4977245256767392,-1.1805044628187567,0.6741083912089404,0.042565694382285225,0.2631174386133705,-0.24184080436116956,1.0081445579756458,0.2410770421185822,0.39155148683464674,0.928134439081152,-0.016430705934605692,1.2883820084851159,-0.6991469434448773,-0.5023066361597048,-0.3532222578638708,-0.6195915184209173,-0.4807449523653922,-0.4529265221423864,0.7367539828550007,0.023488481537633412,-0.2038390413455239,-0.32795684503311345,-0.08602139992103093,0.48306192543586673,0.9522203560840662,-1.1343222692247241,-0.1323032961105572,-0.8241185640118468,-1.003016610871411,-0.7204801884984869,-0.8032191460673664,-0.7909124796170485,-0.6764079804005323,-0.3542078852290067,1.2816360727782976,-0.8676306757945592,-0.37764066675142155,-0.10416730201826142,0.04750660025410388,0.1252848061763878,0.007006295041446424,0.2186267424616392,0.47343112800869563,-0.022042056306413108,0.909948710268556,0.8552475451271154
26147,St Clair,Michigan,0.14514151154094537,-0.4980928677798909,0.7090702748564341,0.1057538441463064,-0.1494439485609239,0.6247452151979045,-0.468882291245266,-0.22855763426138706,-0.3521157891057745,-0.48331336868176367,-0.4501860446203952,-0.7050876617361327,0.30793619071261097,-1.0824604099257908,0.6027657928866248,-0.705808759601184,-0.05402853416843873,-0.037649791784888774,0.6170925417672227,0.07573487101401463,0.21080737863586038,0.3777974693184486,0.18344864989102172,0.4281572109304489,-0.2844671224793958,-0.4892579712273326,0.0877142191966523,-0.6099662316944336,-0.4069429445607711,-0.4477791930636479,0.523514058078697,0.017456155237832463,-0.16573354124241527,0.7699899102955957,-0.08602139992103093,0.25915094456706966,0.2928574401662121,-0.3966061129501181,-0.11749961140751995,-0.6647831887488004,-0.9394524355678843,-0.6385128544028326,-0.6089550850129618,-0.7242248598495675,-0.15245496130036904,-0.7395927230170986,0.5043760485944669,-0.7343032118525582,-0.5106588022487913,-0.6726716081239792,-0.38192996252919614,0.1252848061763878,1.197676092370729,0.2186267424616392,0.3200766222930343,-0.03106499014053972,0.5044845627719078,0.4483431323436066
26149,St Joseph,Michigan,-0.14235981112161344,0.2992018867194229,-0.12057937846560822,-0.215598252287207,-0.0020354980465170525,0.6204398250621228,-0.46007896386827307,-0.2242985648692591,-0.31079051800147717,-0.47027592575312555,-0.0977706973435007,-0.2748739005950828,-0.1165509755267808,-0.41576085025364035,0.24605280127504683,-0.3716230242138865,-0.18887862966096194,-0.09461693677560705,0.02173109973554129,-0.10489222284412726,-0.12307678492356502,0.4031574716407868,-0.09097350100112628,1.4295032832809742,-0.7602454835368418,-0.5102060219686657,-0.2823033555548144,-0.6163348644129233,-0.6214873819975153,-0.45408543786270106,0.7802160552231753,-0.08984106429224625,-0.2266848059784642,-0.17055517833718287,-0.08602139992103093,0.0549221676124341,1.0635257945540302,-1.0576937403729412,-0.35202780543275036,-0.7125838013277145,-0.801730055743575,-0.6549063212219648,-0.6660915735583751,-0.7949137368030974,0.048252848435580406,-0.1411345374134751,0.8814625949806821,-0.7315255563537667,-0.19091567842412796,-0.6573066268778787,0.04750660025410388,0.36520561336800217,0.3046737443737671,0.2186267424616392,-0.13527059811971157,-0.04640825336911855,-0.4841673647131713,-0.4478153958105494
26151,Sanilac,Michigan,-0.20033219591423285,-0.5169851588618507,-0.338460219314368,0.6448475565847209,-0.06567035735354068,0.7602566441912659,-0.6516579301109104,-0.24735680046872136,-0.46948505887652686,-0.5659503374423075,-0.43040810727080847,-0.15441404747558876,-0.39846701558906766,-0.4549784714108239,0.6027657928866248,-0.8773302744157545,-0.2803607308408961,0.19480761207814434,-0.38842886294344336,-0.25052556387364533,-0.3894448417722782,-0.31367775339233883,-0.6318657704327362,0.8197868951690895,-0.7449564025927011,-0.5166743039323489,-0.6157932754910947,-0.6089915744852561,-0.6089379244083274,-0.4531693540108177,0.013855108948380936,-0.3458927361537245,-0.24523648362828107,2.9738198959018645,-0.08602139992103093,-0.44959095781942776,0.4701015995283893,-0.2629394198842982,0.4440351269080412,-0.8241185640118468,-1.1831151075647381,-0.9827756576045824,-0.7803645506492016,-0.7468986505705111,-0.5052781636783015,-0.7136533589352076,0.7070280020945419,-0.9537379962571012,-0.5674881465223156,-0.5753600602320095,-0.38192996252919614,0.6051264205596165,0.6023411937060877,0.4907891250823656,-0.1793829449554223,-0.06547293541583514,0.7786681515412099,0.40797563107540136
26153,Schoolcraft,Michigan,-0.29720471280827543,-1.7440830522748065,-0.7609070193928702,1.9857350171213253,-0.39525596342226166,0.2243016610334707,-0.6347230946317504,1.3156040036989751,-0.47175969735141504,-0.590971582885597,-0.6071516243074255,-0.03395419435609518,-0.3751971013983895,-0.23928155504630408,2.3149881526221967,-1.494858054736685,-0.4514077382355192,-0.1784254561633606,0.5533386715806494,-0.28112331666773016,-0.4277962062623145,-0.5729288099859654,-0.865527823230256,-0.8104697061642874,-0.7770640644326033,-0.42910893501863484,-0.44402422832686356,-0.20973248872954908,-0.05899159554914799,-0.3969445213914836,3.0592009207632636,0.840464845716798,-0.0005530915275797041,2.777821568737238,-0.08602139992103093,-0.6203655415702205,-1.149618764800093,1.3855156174157361,0.6628288210451841,-1.421626221248271,-1.8823210359035372,-1.7368751312846018,-1.4545751154850781,-0.2600790262678996,-0.12076425449995587,-0.5506059275633228,1.4175924466454366,-1.637041248959855,0.0020542927903657226,-0.5651167394012758,-0.38192996252919614,1.0849680349428452,0.6023411937060877,1.0351138903238184,-0.32792757662069005,-0.06999094832727633,-0.17534047091541016,-1.2390184206673724
26155,Shiawassee,Michigan,-0.12139556284710756,-0.25105531544475185,0.497093886929117,-0.016269098897928106,-0.20530293938199812,0.7402097863093989,-0.625163406486714,-0.23884379211409765,-0.3987138276766252,-0.32053638271628493,-0.48043256714634747,-0.6190449095079227,-0.006104686639461698,-1.0628515993471983,0.24605280127504683,-0.49213784632690616,-0.5989816542569916,-0.7781747097039032,0.1535070309074602,-0.1458523971155914,-0.13966965883568377,0.3498552586879281,0.019709741419907008,1.4314358275608607,-0.25154508870113407,-0.5158896469705994,-0.5475089784829691,-0.6251205226506154,-0.58678699560646,-0.45513291321652205,0.9003569276896827,-0.07457322175623288,-0.16835829449691234,-0.365902654675151,-0.08602139992103093,0.05314010104822366,1.295607816579344,-1.28255936259769,-0.33713476247194823,-0.8161517952486944,-0.992422581654157,-0.7368736553176192,-0.8032191460673664,-0.7162223454774699,-0.7799309559485484,0.029324140838950127,0.9892016082338864,-0.8648530202957677,-0.31519083787941704,-0.5036568144168738,-0.8113665253124961,-0.1146360010152266,0.9000086430384084,-0.0535356401590872,-0.07616716523588701,-0.04454519432030468,0.3317578480905885,0.2125969249372884
26157,Tuscola,Michigan,-0.167895893924829,-0.6373243616992103,0.33826898320108006,0.41869068805833504,0.11931537969540829,0.7120802258104987,-0.6029730208713019,-0.21916716578668013,-0.48699201496482764,-0.49324425537714817,-0.4445515331407699,-0.49858505638843054,-0.2320081898887887,-0.9059811147184565,0.8881361861758866,-1.33643125734596,-0.1435844818843366,0.41177804752714287,-0.017403861731999537,-0.22810917463726746,-0.2968356847495435,0.025331706040415125,-0.2663028402743648,1.1310093153313998,-0.5485838919436443,-0.48041059179248113,-0.19053393135078736,-0.5942393310685855,-0.5577513819194491,-0.45257679528351485,0.5389871647120735,-0.15212373705183665,-0.22984932504504696,0.5028313402720817,-0.08602139992103093,-0.20088039768267205,0.8653946879185849,-0.754628156744753,-0.05948376255371556,-0.8639524078276085,-1.108956903043956,-0.8516279230515335,-0.8146464437764492,-0.8576000993845295,-0.6341537046666479,-0.38385287275116764,1.0328102564554213,-0.9342944077655589,-0.46694392203838797,-0.7751048164313157,-0.38192996252919614,0.845047227751231,1.197676092370729,0.4907891250823656,-0.12340499443119202,-0.058929273826926386,0.33659941293868234,-0.12326068561417954
26159,Van Buren,Michigan,-0.09926858663672869,-0.0689899201384439,0.2446031737876504,-0.05825760545053317,-0.17878912872693786,0.48585853619099767,-0.36290660451463413,-0.09967520842029975,-0.29578823280808275,-0.27154779621991615,0.13630130425802348,-0.2576653501494408,0.2066880389980083,-0.5334137137251949,0.4600805962419936,-0.6612553923856076,-0.12116867123491361,-0.12954672022082278,0.5395869715714836,-0.20730775853877953,-0.23977738716934832,-0.16392748152129485,-0.3985310355099016,0.10104731119395895,-0.7970414884554882,-0.4980281608149915,-0.2861551322384386,-0.6073172186619813,-0.6184074559550004,-0.4530040882262474,0.6697778926084018,-0.2224001957739679,-0.18352824275114343,3.3450079312253025,-0.08602139992103093,-0.28049984336620154,-0.26115539403332677,0.3750017415334514,0.07181330418871548,-0.680716726275105,-0.8547002018298476,-0.6549063212219648,-0.6203823827220438,-0.6868797927797782,0.08839441038277059,-0.23192231170009292,0.9738103206262856,-0.7231925898573921,-0.1365843273054842,-0.40634526652490416,0.04750660025410388,0.36520561336800217,0.6023411937060877,-0.0535356401590872,-0.05915480915881402,-0.05636710997699412,0.263255835507668,0.32078182833607816
26161,Washtenaw,Michigan,0.7557142595894318,1.5502304961096982,-0.5272268344203083,-1.1656290959839444,-0.21876699346845035,-0.5608653689869916,0.2371449019134262,-0.24698377341733785,3.086081476879639,-0.1599535433866945,-0.34884915861611243,-0.2576653501494408,1.4419154899161608,-1.2785485157117182,-0.7527435752373701,1.2941390662673211,0.7788747660841766,-0.07956646167859784,0.8433769735854286,0.35978857648106505,0.7155737049567643,1.0834439961135405,1.4849988919790784,0.3403223046731345,0.006817349543317261,-0.5047620738940092,0.006643466924971205,-0.609005412143133,-0.49911124532678774,-0.4470997364710771,0.946166587279873,-0.12840742914914965,-0.11206061657940485,-0.25804227128693863,-0.08602139992103093,1.0676559923788,0.338174748524939,-0.7897227517073726,-0.20201018368859114,-0.7125838013277145,-0.8123240849608296,-0.6057259207645703,-0.6889461689765399,-0.873605128128725,-0.21794908868788954,-0.35976632038941175,0.14524600441711924,-0.7315255563537667,-0.5593696687689549,-0.0017340937109248996,-1.240803088095796,-1.5541608441649128,0.3046737443737671,-0.59786040540054,0.7407815202650078,0.03556233098824857,-0.75563112741718,0.023677019002087577
26163,Wayne,Michigan,4.802540515430773,0.6309898981598625,0.36486402355595277,-0.7630274738765247,-0.8538563040627501,-1.885004036804137,2.0009366402168522,-0.2357413807162473,0.8369730615789313,-0.3858543471492474,-0.2608085833506756,0.9125160801542147,-0.34108162248167256,-0.8275458724040856,0.745450989531256,1.1832409756655367,1.3737996451688854,0.7045188025360363,1.2778665068558408,5.534467186275458,8.124891821584729,3.577534237148768,1.9957456295301814,-0.6938655077849437,-0.7164951372802183,-0.48830559815640967,-0.4194316040564535,-0.6375893955709232,-0.6768275919310937,-0.4483185361815187,-0.33930654955475,-0.250746889156454,-0.03362069331427166,0.33116404081385603,-0.08602139992103093,5.377016569853814,-1.0074007856831186,-1.3420186582245455,-0.23983106628754802,-0.6010490386435817,-0.7381658804400477,-0.3762173852967394,-0.5289640010493829,-0.7815762128496012,-0.12921510964673288,-0.4320259774746791,0.009289630549980662,-0.5954204369129741,-0.5475042012832742,1.5296423704837563,0.47694316303740386,0.36520561336800217,0.007006295041446424,0.762951507703092,5.781080353959929,0.4740051366296612,0.10812121963162803,0.832641744416921
26165,Wexford,Michigan,-0.22241231155288887,-0.09743194365704834,0.012333747769988558,0.08361973939840736,0.05813415085254121,0.7269684282169261,-0.6275393860683256,-0.17825973661722821,-0.32477280541996867,-0.3974169976893434,-0.550449398801939,-0.3609166528232928,-0.17681936685249006,-0.7883282512469002,0.4600805962419936,-0.6438026885894703,-0.08882327712129624,-0.030581156665825827,0.43531113363895513,-0.16732655050020104,-0.19400229383837583,-0.16715378844290815,-0.0004288859371446699,-0.5387791247874079,-0.7833319451408824,0.16262438059005765,1.2161672282815408,0.28209015009164246,-0.05524532058158004,-0.2908362717057568,0.5355309533891691,-0.3155078049558491,-0.1427111048654976,-0.2605724616515216,-0.08602139992103093,-0.15103795904311326,-0.884941425167633,0.9255666252608314,-0.31145170988604515,-1.1666896208273967,-1.4691538964306108,-1.4253992617211142,-1.2717383521397554,-0.557505810430865,-0.6742952666138381,-0.34309101490819627,1.3175490771960325,-1.3426097660879368,-0.2552390021622931,-0.5241434560783412,-0.38192996252919614,0.6051264205596165,0.6023411937060877,0.2186267424616392,-0.22368244642344406,-0.05866332704709736,0.3389763827563892,0.10925612169068288
27001,Aitkin,Minnesota,-0.27438361437925196,-2.1765041779277663,-2.1128501397647486,3.05740767800618,0.22727748870571468,0.6345840768238324,-0.637312715245486,0.07262689757721952,-0.49408629073534405,-0.5104943729321869,-0.5999185790886737,-0.3437081023776508,-0.2598771726658251,-0.7687194406683074,1.8155899643659887,-1.3027949888727153,0.7041186912064993,1.4451087946976338,0.5429059836071236,-0.28336099906619916,-0.4339681263783543,-0.565945186402643,-0.7773836875984091,-0.7716580808592813,-0.3650237802253051,-0.5013005896572464,0.4408983526369625,-0.5790736486111351,-0.41283546263620835,-0.4210678129448854,3.4227930030124107,4.035494332780313,-0.23674819241051487,0.310207000780717,-0.08602139992103093,-0.5962799379533105,-0.924961890671637,1.1567009559354144,0.7458798751160968,-2.0271006472478477,-1.7975688021655005,-1.4253992617211142,-1.7174029627939789,-1.1483581215707468,-1.014442186271605,-0.4412900360753545,1.0533319732655555,-1.8370324448728557,-0.729857701589527,-0.5372000833344172,-0.8113665253124961,0.1252848061763878,1.197676092370729,-0.3256980227798136,-0.27048981996443366,-0.06922424359776042,0.3983843146411442,-1.0210339138190643
27003,Anoka,Minnesota,0.7244348279644356,0.21178729693275045,1.6314621723762877,-1.007612391726528,-0.006456788914116381,0.011111746393508658,-0.12646540239954226,-0.17038966481689236,1.3709868001901013,-0.2441788920925982,-0.3524698600089125,-1.4278467804530963,1.8973605655950683,-1.3177661368689038,-0.46737318194810806,-1.048534323201557,-0.4400296781885061,-0.4416376914821648,0.624805696874618,0.7936632533450447,1.7054380281009913,1.7891047279806407,1.918859000060203,-0.5644949640686793,0.17832833190610567,-0.4884251806843598,-0.17427001610182122,-0.5616482768334553,-0.5574897335961252,-0.45164063359288587,-0.0307226138717654,6.480433832012142,-0.23746781399596784,-0.026868548846143463,-0.08602139992103093,1.8169907590599845,-0.4751252494092153,-0.3225279205663172,-0.4077352326276304,-1.6367289778533836,-1.3102434581717928,-0.8680213898706658,-1.2831656498488382,-1.1376881024079497,-0.27921778850202134,0.07749724556246157,0.36585446012606165,-1.373163976574645,-0.5000423313405504,-0.1963571894948643,-0.8113665253124961,-0.8343984225900698,0.9000086430384084,-1.958672318504172,0.7049975545671381,0.09647432111282056,-0.6328477832439929,0.24973502610403672
27005,Becker,Minnesota,-0.22009271325260826,-0.041579152903898194,-0.7380260298485504,0.4058560119151753,-0.07779216156557213,0.26862324431295703,-0.6430845999191233,1.11716478990887,-0.3676963656700076,-0.37260718715243907,-0.5391198518626956,-0.7395047626274167,0.3836492153507172,-0.7883282512469002,0.17471020295273174,-0.852899252097534,0.08305239119705428,0.6509686168831428,-0.179805513333962,-0.25808476089446586,-0.376065328118973,-0.4733896382246353,-0.45501548571587713,0.18216201973389248,-0.18817477325626986,-0.4281851250143206,0.5625464532007614,-0.4165269242610884,-0.2065677395752768,-0.4162295862471102,0.02876243581173567,2.468749529125499,-0.047682940900868415,0.3373805156777051,-0.08602139992103093,-0.45394134543028464,0.09421513804244103,0.10438347001971678,0.33610524457110885,-2.234236635089808,-1.8717270066862823,-1.3926123280828544,-1.7631121536303092,-1.2057094745707806,-1.2848695509684636,-0.10778392645104412,-0.0958841681019569,-1.9342503873305645,-1.0040124503376269,-0.7238882122776474,-0.8113665253124961,-0.1146360010152266,1.4953435417030498,-1.1421851706419928,-0.22250337223988456,-0.06590638156315932,0.3336363150414657,0.16092652331398563
27007,Beltrami,Minnesota,-0.18270676337497935,1.5362865619831727,-1.4303830628300478,-0.7029951326444553,-0.050330263592697516,-0.667264385507651,-0.6046441907637596,3.0851592354031347,-0.2496315810749721,-0.25215665298701123,-0.5169834209097429,0.31021681455674494,-0.07440428728761739,-0.2981079867820823,0.388737997919678,0.559898944986966,0.7190710660533216,0.0509235655249816,1.1683059072073507,-0.27084215813013823,-0.4101640026802207,-0.5827614177412738,-0.826223016602681,-0.6635778438406859,-0.595598320399741,-0.4934140119692188,-0.3405653500901309,-0.503014285155468,-0.21770753817190802,-0.4209123992813961,3.608910607364585,4.567215702563235,-0.22610570855812628,1.1127992792691963,-0.08602139992103093,-0.6055884335538706,-0.9228748105930246,1.1586906365067455,1.5355015663763418,-2.313904322721331,-1.9246971527725552,-1.5073665958167686,-1.934521619266549,-1.2150457413382278,-1.5214934950782146,-0.2374807468604983,0.03237656196138154,-2.0370236407858564,-1.0908177124697132,-0.5753600602320095,-0.38192996252919614,0.36520561336800217,0.9000086430384084,-0.0535356401590872,-0.20814861194162823,-0.06765923744715588,-0.06983429843143027,0.5113164343220069
27009,Benton,Minnesota,-0.20115518470511523,0.7334988633503878,1.1090647475394946,-1.2280920481018238,-0.031111911437335972,0.41414112441561174,-0.2953614542768493,-0.25212349714291366,-0.07682965027945932,-0.34821035323072524,-0.5044510811146584,-1.0148415697576887,0.5267008412308745,-1.1216780310829764,0.10336760463041615,0.5208527062822443,0.5443118146076673,0.02391850673713091,0.8679959734906683,-0.04817814928461052,0.05738258879297204,-0.056318624148868957,-0.4007085717624204,1.1384051753361886,0.37142228196662885,-0.5061076931597714,-0.34596644985778785,-0.6006129948376656,-0.680641145154413,-0.45240259199540844,-0.26877238849652674,2.495356313863623,-0.1972892634263808,-0.3194749885894819,-0.08602139992103093,-0.12140403728331874,1.2889656374266296,-1.2007452555663196,-0.4323757722062774,-1.8597985032216489,-1.543312100951392,-1.0155625912428423,-1.4088659246487476,-1.1750331694777392,-0.32358477802259983,-0.024407399044966693,0.8070713715439456,-1.5675998614900628,-0.4575764477075874,-0.5395084373244416,-1.240803088095796,-0.354556808206841,1.4953435417030498,-1.1421851706419928,-0.23947829739049534,-0.05018050544339142,-0.4809255414312759,0.12540312219796462
27011,Big Stone,Minnesota,-0.30629273493677384,-0.7905714828134335,-1.5837520997603072,1.5170745975124695,-0.03419893212804546,0.7686868894325117,-0.6465756322745623,-0.2623729097426842,-0.48460229081112244,-0.8388121841029915,-0.5524178380149297,-0.6018363590622807,-0.20798320473617113,-1.0824604099257908,0.3173953995973624,-0.17741508578365964,-1.3550759147263418,-1.6702185707201962,-0.6881013397397716,-0.2704803430038975,-0.4047404884478812,-0.48906128049006276,-0.4195545541157462,1.8823448280784614,-0.5272603099786504,-0.4656956969905003,-0.7935628174389237,-0.6393997489025706,-0.7025923643436103,-0.455988911428585,-0.5906645361726708,2.386975986403755,-0.13334913841039756,0.33151874470503484,-0.08602139992103093,-0.4608900294460366,1.6148273499019068,-1.3709875711509234,-0.34678545431054797,-1.9235326533268673,-1.426777779561592,-0.7860540557750114,-1.3288748406851687,-1.2723970943382616,-0.765141959441689,0.04044101115976023,-0.13436238712095852,-1.500936129519063,-0.8410183969816951,-0.9236329684769536,-1.240803088095796,0.1252848061763878,1.4953435417030498,-0.8700227880212664,-0.3486268789542904,-0.06891226798048274,-0.533836109373304,-1.4021031257909218
27013,Blue Earth,Minnesota,-0.12276916335573333,2.2541061067191572,-1.6670425799578716,-1.246447775137671,0.1048449752333913,0.39566840345133275,-0.3567523669369148,-0.2958029696001509,0.43564341960174285,-0.1805459646769388,-0.4192095650978979,0.12092275965468287,0.3216647536569639,-1.1805044628187567,-0.7527435752373701,1.183631099172791,0.6634641436245976,-0.2350206743347368,0.8551980505902528,-0.07023863894484655,-0.04815836404954796,-0.2390309621621677,-0.2176845984520751,2.0438530275117297,-0.7077968426809043,-0.4522932888141124,-0.6312636443041272,-0.6389326773313049,-0.7044540333018764,-0.45522066397791644,-0.22730583171088428,0.6553578803261335,-0.1264476354790966,-0.2203596347070176,-0.08602139992103093,-0.17074162580507915,1.6921623985353451,-1.5714409264090925,-0.16981887132881757,-1.6367289778533836,-1.2360852536510107,-0.7368736553176192,-1.1460380773398462,-0.9322902335241083,0.32290564070582733,0.02191289395840973,0.9250712432022171,-1.29816727810727,-0.10848190431308244,-0.5343867769090749,-0.8113665253124961,-0.5944776153984553,1.7930109910353704,-1.1421851706419928,-0.1618652713711095,-0.05240461121986148,-0.5258970127945244,0.25780852635767787
27015,Brown,Minnesota,-0.24766723092576737,-0.00421981561517773,-0.798027178553776,0.4013192053955733,-0.07489210547521848,0.7553651468881798,-0.6602595317894162,-0.35163785613628035,-0.30030511426771206,-0.6142096123855453,-0.3685719607298404,-1.2213441751053924,0.4929972192024881,-1.298157326290311,-0.1106601903365306,-0.9362702497065862,-1.5594524777351466,-1.3094907433257603,-1.3488208279812743,-0.1807660787982168,-0.1724403562306612,-0.3638291834285303,-0.40733742665703954,2.2698267326900865,-0.7042668451690834,-0.50459094989202,-0.6683671542897923,-0.6392840722208115,-0.7056723310122542,-0.4555501629077335,-0.5149928483728334,0.9451672447076348,-0.194725611298685,-0.29575473635260335,-0.08602139992103093,-0.3258733715823616,1.9162591293160165,-1.7223369845400511,-0.2795433653425267,-1.7243634342480594,-1.2572733120855202,-0.6712997880410948,-1.1117561842125985,-1.0443254347334765,0.2806513649719434,-0.1503985960141505,0.42741961055646416,-1.3148332111000198,-0.35266073520261937,-0.6573066268778787,-1.240803088095796,-0.354556808206841,2.0906784403676912,-1.6865099358834457,-0.2610946574224198,-0.06242828336464898,1.005109461760575,0.819724144011095
27017,Carlton,Minnesota,-0.21585183151169118,-0.2358873309707305,1.101155434396256,-0.3310763443898352,0.9932404891200917,0.3292130260163338,-0.5655869536463941,0.6897311224663241,-0.3367198700533274,-0.4026110677477441,-0.5713385921825032,-0.9287988175294786,0.6882860270859081,-1.160895652240162,0.5314231945643092,-1.011542254163898,-0.418810565478704,-0.09868614690836344,-0.1071130030175821,-0.22647943476798063,-0.3314268988557665,-0.41760051492543837,-0.4981861250043537,-0.8050241740206621,0.0863454184706184,-0.4989149601209701,0.4054098096765285,-0.3157309443370457,0.35873947592225736,-0.4187484976324823,3.3733907522723725,1.7103642228479705,-0.16323547702242205,-0.2787987796180996,-0.08602139992103093,-0.42646081667051705,-0.7535772994044011,0.9167607732025844,-0.0881826563391811,-2.0430341847741524,-1.8823210359035372,-1.6221208635506852,-1.7745394513393922,-1.0856717589893148,-1.0059913311248283,-0.3097404039457653,1.1559405573162265,-1.9120291433402314,-0.6286889788168794,-0.5497517581551753,-0.8113665253124961,-0.1146360010152266,2.0906784403676912,-0.8700227880212664,-0.23511759445764827,-0.062316205987628076,0.03712868342083628,0.2674967266620475
27019,Carver,Minnesota,-0.013127140667216644,0.45681811982356046,1.9706117711919346,-1.4022570086576227,-0.17026208971601398,0.4831221873869924,-0.5198553221267036,-0.3191420409229418,0.7773691756981571,-0.3463214084999674,-0.38947763173438715,-1.754809238920294,3.169174636759921,-1.6707247272835726,-0.7527435752373701,-1.2714162446837096,-0.8889247019564436,-0.7427371535520761,0.018165310917665246,0.09797877985140552,0.5357375086071664,0.39800625834201986,0.14729801521844166,1.1301637529654505,0.049331651139448006,-0.5069259901658697,-0.3848729656605158,-0.634266064140106,-0.6201132991634416,-0.44692002727126606,-0.41013320367905354,1.3535828660191551,-0.19286949710601933,0.05604764204099725,-0.08602139992103093,0.35849938200132864,1.1351098127864256,-1.25835348249409,-0.45984598994747683,-1.6367289778533836,-1.2784613705200287,-0.7860540557750114,-1.214601863594342,-1.0589967110823222,-0.19682195082094756,0.383211179384746,0.23246330086018932,-1.334276799591562,-0.36827319242062095,-0.5702383998166426,-1.6702396508790962,-1.7940816513565272,1.7930109910353704,-2.2308347011248983,-0.11421570198472024,-0.012444973219434389,-1.5753337402381438,-0.9322254110290124
27021,Cass,Minnesota,-0.2336939941951628,-1.0665613101723679,-1.240633155684771,1.6004594112568877,0.4862910609103432,0.011655207915427655,-0.6509197668120497,1.5796038209407737,-0.3906176324225657,-0.5828303532905402,-0.5368604126827012,-0.5330021572797127,-0.09987077154939203,-0.2981079867820823,1.3875343744320952,-1.2216471834590819,0.2709327140422826,0.9732237668331576,0.02549813667126948,-0.27699309327656796,-0.41876447732124256,-0.5338353677118161,-0.6125751186907675,-0.7659190605685751,-0.395967159068352,-0.44170981035756807,0.7183003429369376,-0.3843025267878566,0.32431031359953205,-0.3766916029376586,1.6689742205564624,2.223496968581492,-0.21357893321765162,0.908355872076792,-0.08602139992103093,-0.5344433723713808,-0.9333125134305604,1.1381227283364372,1.0576284968930858,-2.0510009535373044,-1.7128165684274645,-1.3106449939872,-1.6716937719576483,-1.2043757221754308,-1.3081094026220998,-0.21895262965914747,0.4607674003729319,-1.7925899568921897,-0.9122112018957802,-0.7238882122776474,-0.8113665253124961,0.36520561336800217,1.4953435417030498,-0.59786040540054,-0.21106822420568036,-0.06830910761383746,0.7994340893843275,-0.12326068561417954
27023,Chippewa,Minnesota,-0.2863506328829724,0.105684123959689,-0.9445530167920576,0.3730392789905657,0.040774945429122564,0.5493527274693807,-0.608399909994566,-0.09322010768126669,-0.16892232088228976,5.077252184848697,-0.12124937311347823,-0.7050876617361327,-0.05065387339388687,-0.8667634935612711,0.10336760463041615,0.6056898256615714,-0.572933546415597,-1.2348740207383648,-0.08586251076997495,-0.22766431529269324,-0.31026634031398265,-0.3872859962039171,-0.3788399734839646,2.341080004327947,-0.6715475488739895,-0.4864864312124849,-0.7881841640800074,-0.638669674533513,-0.6909051952065933,-0.4561104363892173,-0.5693120343583491,1.242125028585091,-0.18098368974574244,-0.3139614955871874,-0.08602139992103093,-0.37742225667915946,2.0012218976072744,-1.7826842180040017,-0.30225525585774987,-1.843864965695344,-1.3738076334753193,-0.7368736553176192,-1.2488837567215898,-1.1550268835474948,-0.2137236611145012,-0.0688748803282081,-0.02149294466522036,-1.431494742049271,-0.6324359685492003,-0.6573066268778787,-0.8113665253124961,-0.1146360010152266,1.4953435417030498,-1.1421851706419928,-0.3227246778424433,-0.06669007026381334,-0.30500236201198944,-0.6480382021008477
27025,Chisago,Minnesota,-0.1552025365594045,-0.1377429019192831,1.6516638736003564,-0.6956577914278963,0.6565731959514498,0.6357710371279741,-0.5836747186395153,-0.22566591644275813,-0.048361816474569906,-0.39207620413169625,-0.5308251892687108,-1.4278467804530963,1.9967553613121833,-1.4550278109190526,0.03202500630810057,-1.8214456841936089,-0.5059019337553294,0.06814381964338083,0.006139147423342069,-0.1573992924794017,-0.07837480414558856,-0.002755689912774452,0.3043598534931454,0.1081558222987196,0.6949789617094153,-0.47465299644419684,0.026504360409975676,-0.5726234930231737,-0.4735612809821312,-0.4425170867869631,0.2327633726778682,3.304355279622186,-0.19313872566971257,0.05218718531874273,-0.08602139992103093,0.025336389102698285,0.42096038232521327,-0.42020504568556066,-0.4105574642687024,-1.6606292841428407,-1.458559867213356,-0.9827756576045824,-1.3517294361033343,-1.0683329778497697,-0.25175250927499687,-0.08925580924969362,0.5556803406198025,-1.4564936415383956,-0.46944191519326856,-0.6982799102008133,-1.240803088095796,-0.354556808206841,2.6860133390323324,-1.958672318504172,-0.1870001384904814,-0.04413198337627033,-0.228975139410932,0.5258487347785608
27027,Clay,Minnesota,-0.13281782720455002,1.7129298298079978,-0.2642863606073055,-1.4464698217889922,-0.20524343167363293,0.3708365518070379,-0.35280145885106906,-0.032924215232309886,0.06407254321621465,-0.2578273818807306,-0.36739899942274806,-0.44695940505150283,0.6282235642043642,-1.3177661368689038,-0.5387157802704237,0.5074811171857649,0.3991993561149098,-0.7032412535815992,1.4152234014885334,-0.2026392155478049,-0.23546036091710207,-0.21021141849598504,-0.43590263096441023,2.0881484498161322,-0.44169151088789504,-0.47026761480268353,-0.7284281375842673,-0.6340326464474608,-0.70309722199036,-0.45499246122116666,-0.43086650070735794,1.286462508830999,-0.16218145745197002,-0.3012860494331871,-0.08602139992103093,-0.30432387638464753,1.8561854128957633,-1.6732356855529653,0.04397820689497653,-2.194402791274046,-1.7234105976447192,-1.064742991700237,-1.5917026879940694,-1.1563606359428444,-1.4686756504108596,0.07008599868192117,-0.11384067031082434,-1.7842569903958143,-0.9796570170775453,-0.5343867769090749,-1.240803088095796,-1.0743192297816841,1.7930109910353704,-1.1421851706419928,-0.18879682296066733,-0.058127762033460297,-0.8891889722584891,-0.07320498404160525
27029,Clearwater,Minnesota,-0.2950842719378169,-0.032363738212305045,-0.4633328455728914,0.2605639916340312,0.36436489721168186,0.1824143978746195,-0.615081026243349,1.3084129422017463,-0.3505994996364509,-0.5203238016177343,-0.5269512261169254,-0.5157936068340706,-0.056694441089402144,-0.376543229096453,3.3851271274569297,-1.2027591539484412,0.7567286290044205,1.2952806501547942,1.0060059746069268,-0.28066549778592026,-0.4424359173511332,-0.5957421668746414,-0.5796195217708142,-0.21507486474827808,-0.39086450701309733,-0.45361366948653165,0.7634900076648048,-0.4266213529549002,-0.08759653804140413,-0.4031678939792689,1.0677750887074156,4.222220840489102,-0.09145285664255125,-0.17525647591424934,-0.08602139992103093,-0.5546450651265885,-0.3886284281310971,0.6172911959594385,0.026970351833740473,-2.282037247668722,-1.9458852112070644,-1.5565469962741632,-1.923094321557467,-1.1696981598963407,-1.318672971555571,-0.2541560523417138,-0.17797103534249356,-2.0370236407858573,-1.0664622792096317,-0.49853515400150705,-0.8113665253124961,0.6051264205596165,1.4953435417030498,0.2186267424616392,-0.33771576389055713,-0.0690986477825923,0.29322262231291013,0.1835323240241801
27031,Cook,Minnesota,-0.3049103480709501,-2.0632986373212527,-0.6959719932627226,2.247483368232379,-0.04959372627027985,0.1612909373377767,-0.5701803292959344,1.066046005549537,-0.20107594719343913,-0.25128977480300557,-0.5311579938385016,-0.9632159184207626,0.20195168478220654,-0.376543229096453,0.4600805962419936,-0.6597810952539238,0.6726134000438014,2.1061082273163496,-1.2669846462564458,-0.2813444740210221,-0.4608893519645922,-0.6510004277657073,-1.1499527761548576,-0.8221988482510404,-0.8327460643387288,-0.5059427490952697,-0.6317682284462607,0.17460122091165053,1.3893326107870405,-0.29876981652012935,0.3441113372342448,-0.23911996946332695,-0.23505608785726645,4.428621626296337,-0.08602139992103093,-0.7346724896138646,-1.186362834438516,1.4705890374355983,1.7465881107812693,-2.186436022510894,-2.189547883203918,-2.4254007376880993,-2.105931084902789,-0.8776063853147739,-0.9954277621913573,-0.4172034837135986,0.191419867239921,-2.259236080689192,-0.7991770116374519,-0.5372000833344172,-1.240803088095796,-1.0743192297816841,1.4953435417030498,-0.8700227880212664,-0.34421002963175,-0.0705475436419701,-1.5416579704092548,-2.4306670581047913
27033,Cottonwood,Minnesota,-0.2881196194655097,0.03499124484741361,-1.392826996998501,0.6614155859975817,0.03195792766993051,0.4310935858082341,-0.5859351476362625,-0.1783708282590357,0.978150864446699,0.9529186360593079,-0.10210499644668967,-0.6362534599535646,-0.13707517712858838,-0.8863723041398639,-0.039317592014215016,-0.8042000837498148,-0.8782573309019853,-0.5958854167657104,-0.7336110336483158,-0.25312586214151894,-0.34240660102742176,-0.4993196264801879,-0.373981663544191,2.3740728398677784,-0.5593479402628708,-0.3878978516094891,-0.8027360891998984,-0.6392894609525863,-0.6766347387146985,-0.4554910729964089,-0.608657763214531,0.468766491116806,-0.16780226558692535,-0.3044511110700565,-0.08602139992103093,-0.42964318026488585,2.0844760990602067,-1.8410802059257654,-0.2570474239502352,-1.7482637405375163,-1.2996494289545382,-0.704086721679357,-1.1917472681761765,-0.9202864619659618,0.4729083195611158,-0.2986235336249552,0.6813758560818738,-1.3592756990806867,-0.22588758259245062,-0.42171024777100463,-0.8113665253124961,-0.354556808206841,0.9000086430384084,-0.8700227880212664,-0.3226311005262878,-0.06727807682168911,0.9918197889103181,0.6291895380251663
27035,Crow Wing,Minnesota,-0.13037814868922962,-0.6138800584712307,-0.41713033509156267,0.7732940523679674,-0.1593955649088956,0.7119129601748239,-0.6201602446436434,-0.175360648121831,-0.38991938708848,-0.43794701245904594,-0.5915796015183831,-0.6878791112904907,0.32001732610364153,-1.0432427887686055,0.4600805962419936,-0.6098781828726815,0.07380901191603816,0.14975936306953647,0.5472791983326446,-0.18586792271808714,-0.23617948029420208,-0.29775387356527877,-0.11907027458468711,-0.7017485788249392,-0.10741825131799851,-0.46098677594275644,0.8609978752657099,-0.5503423675722408,-0.2679880449600033,-0.4154685675708462,1.3345925380495298,2.5860244370131618,-0.16989801766440682,0.7191200774080936,-0.08602139992103093,-0.24484167936721798,-0.7395646330894222,0.8247264147013318,0.12120608116821545,-1.963366497142629,-1.659846422341192,-1.2122841930724133,-1.5574207948668217,-1.1910381982219347,-0.9700751967510268,-0.1930132655772569,0.8865930241832155,-1.7037049809308553,-0.6936368008437644,-0.7034015706161801,-1.240803088095796,0.1252848061763878,1.7930109910353704,-0.8700227880212664,-0.05292255990285658,-0.05912155978921638,0.11104099856663725,-0.4542741960134627
27037,Dakota,Minnesota,0.9356002792904868,0.30443786494860503,1.4312427268511319,-0.9932567602444147,-0.31119220877579284,0.0020637642532933013,-0.10714132695969787,-0.23405708772336328,1.474774348921982,0.004704421042606392,-0.15910260966605075,-1.4106382300074543,2.289448323285787,-1.4550278109190526,-0.6100583785927393,-0.29718506601842504,-0.28332686680869545,-0.6172098832311294,0.5451897842712683,0.9798419189725397,1.89036464285119,1.4246214000341035,1.0953978732795395,0.8841367116411063,-0.14121702643115377,-0.42706733483390646,-0.4859804107680195,-0.6247753716677952,-0.5651531357837678,-0.44936220065884086,-0.35415357869339703,0.26536175536846807,0.003297406850685543,-0.13882838713613557,-0.08602139992103093,1.5619758255446792,0.806644949335911,-1.4585934046199713,-0.3029403358339468,-1.5570612902218604,-1.2784613705200287,-0.704086721679357,-1.1917472681761765,-1.0256529011985818,-0.19682195082094756,0.18310751361015987,0.4761586879805326,-1.2870566561121022,-0.3607792129559806,-0.2168438311563316,-1.240803088095796,-1.5541608441649128,1.197676092370729,-1.958672318504172,0.9256715815250783,0.08204209312204964,-0.630022648893914,0.24812032605330883
27039,Dodge,Minnesota,-0.2595991040006957,0.4900688399091317,0.9439595669419607,-0.9215993981479969,-0.03140654211406783,0.7321828754291493,-0.6268291527821377,-0.28656745286384067,-0.19811517051069447,-0.32135169581745077,-0.3499914366246901,-1.53109808312695,2.108299935235051,-1.356983758026089,-0.25334538698116177,-1.5230311396877305,-1.2094797280828935,-0.8715449677862095,-0.608282088640417,-0.21182852602349786,-0.18682558402711397,-0.07915117629875199,-0.578238117557466,2.3021341594644635,-0.501358248585167,-0.41586018147867704,-0.6510031134310766,-0.638423520654269,-0.6755184556040994,-0.4558120546618413,-0.5210675167734057,-0.26157423328008694,-0.21831049410850242,-0.421546945654903,-0.08602139992103093,-0.28532854165347105,2.039882896948458,-1.8600311343991076,-0.41262015071877345,-1.6128286715639266,-1.3526195750408108,-0.9663821907854501,-1.317447542976086,-0.7709061936868042,0.14121225505012575,0.8037994398554035,1.6458965461581792,-1.4009405315625618,0.35239783276231096,-0.7751048164313157,-1.240803088095796,-0.8343984225900698,1.197676092370729,-1.958672318504172,-0.31196328648455884,-0.06092712962754188,-0.12942697165191377,1.0570850514681416
27041,Douglas,Minnesota,-0.20920348789851315,-0.5557366897188426,-0.5971416983860254,0.809376517847952,-0.018816083195498726,0.758591705614581,-0.6453253405809874,-0.294396500705783,-0.399832824833517,-0.5337618028263962,-0.5764857281813446,-1.4106382300074543,0.8147947346181201,-1.356983758026089,-0.39603058362579246,-0.3309487480378461,-0.14552657813858283,-0.31940299700087293,0.4667382087332058,-0.17384607358091583,-0.13423345074442725,-0.27825648803955955,-0.2142846015618798,0.9045860299635959,0.20047608162387143,-0.4193204852205062,-0.3574585013547521,-0.6292698948020018,-0.6786613203148376,-0.45046786948503614,-0.4774225102802654,2.320156474903654,-0.20017337707269536,0.6651874218165552,-0.08602139992103093,-0.23092830177675464,0.9813908017229374,-0.8544293383916822,-0.20367820450020108,-2.0191338784846953,-1.659846422341192,-1.179497259434151,-1.5117116040304914,-1.3097421614080509,-1.115852448032927,-0.20227732417793198,0.4735934733792659,-1.7064826364296468,-0.8959742463890592,-0.7187665518622806,-1.240803088095796,-0.5944776153984553,2.0906784403676912,-1.4143475532627192,-0.18117962942560822,-0.059810342116687315,0.4418049510155511,-0.20076628804913368
27043,Faribault,Minnesota,-0.28092359292032093,-0.5830351245733382,-0.7828070340944163,0.9269906399400742,0.107035494534948,0.7224239234203679,-0.6154592336142136,-0.21470298030940177,-0.42136463879594094,-0.3980251425179043,-0.17535375312124452,-0.39533375371457685,-0.1049503398388026,-0.9451987358756418,0.3173953995973624,-0.7282123910253264,-0.9846635923727799,-0.963741417164195,-0.40565103076303693,-0.24812343296969858,-0.3182401729744341,-0.37882656344909044,-0.3158296874416929,2.4812871363108537,-0.7684963883944393,-0.4794568653726344,-0.8061627539248601,-0.6392016359832603,-0.7100100471129294,-0.45596753766199744,-0.365186123378929,0.12953581088471108,-0.23255735551113382,-0.34153164346335896,-0.08602139992103093,-0.3640443734799871,2.095405532703974,-1.8800271910464035,-0.20229315150484647,-1.596895134037622,-1.2148971952165015,-0.7204801884984869,-1.1803199704670946,-0.9776378149659954,0.03135113814202674,0.0812028690027316,1.1328536259048254,-1.2842790006133116,-0.14532730334756486,-0.5702383998166426,-0.8113665253124961,-0.1146360010152266,1.7930109910353704,-1.1421851706419928,-0.3084634948603425,-0.06693399947788918,0.5282037333634618,-0.011846382113932855
27045,Fillmore,Minnesota,-0.2592095754982496,-0.11234290102516849,-0.55486616270097,0.3798324472317128,0.09004846562361246,0.7724640701187157,-0.6572911720188175,-0.3354325174719542,-0.34573650500442243,-0.6102816679873452,-0.5718522861599618,-0.8771731661925526,0.4800923700347964,-0.7687194406683074,-0.32468798530347687,-1.1334399539690407,-0.26093326379605664,0.37747653930915126,-0.5476070025086345,-0.25777866659823395,-0.31093352914486627,-0.10880489621278551,-0.6810636721926028,1.2776944596736948,0.3951451760350161,-0.32560332113747276,0.07976655346450168,-0.6139330039642333,-0.46469877212785715,-0.4518189200923719,-0.5686956360426323,-0.3013627788222672,-0.18697022483506015,-0.4096170334313279,-0.08602139992103093,-0.37045747164708276,1.436847660031379,-1.2369946993633598,-0.09792270643554568,-1.5331609839324034,-1.2996494289545382,-0.9827756576045824,-1.2603110544306726,-0.7869112224309998,-0.18625838188747637,0.4795573888317689,2.123026461993798,-1.3481650770855205,0.25497609972198376,-0.7443748539391147,-0.8113665253124961,-0.354556808206841,1.4953435417030498,-1.4143475532627192,-0.28512531221115656,-0.06577814865809274,0.3574519997966618,0.30947892798098064
27047,Freeborn,Minnesota,-0.23222374375735866,-0.477348015737485,-0.4272467188977995,0.652547862690725,-0.0661845908974356,0.5164872676989117,-0.5739283364251166,-0.2684887022600915,0.545242232868345,0.2343873002373545,0.03342081040387876,-0.8427560653012686,0.06823548170420927,-0.9451987358756418,-0.1820027886588462,-0.6252368760894617,-0.8849420349160227,-1.0163395079647348,-0.10858224705448973,-0.1979673612482895,-0.21453278420427443,-0.1920905344855871,-0.29696061784275524,2.250746675699019,-0.6215827915776991,-0.41246262400180916,-0.7482051616050931,-0.6385088946896569,-0.6975168559318727,-0.45604831595078016,-0.5657773959855331,0.47759989912936707,-0.21388311802204496,-0.21989811141121596,-0.08602139992103093,-0.2529824706840977,1.934885696029405,-1.7719155202260337,-0.20189848586638515,-1.6048619028007745,-1.2572733120855202,-0.8516279230515335,-1.237456459012508,-0.7802424604542515,0.027125710568638415,-0.08184456236915322,1.379114227626435,-1.334276799591562,-0.04915456688467799,-0.7034015706161801,-0.8113665253124961,-0.354556808206841,1.197676092370729,-1.1421851706419928,-0.2319733966348229,-0.062122663471285665,0.2251479970577341,-0.19430748784622098
27049,Goodhue,Minnesota,-0.18519037367628993,-0.42848382857238826,0.421499732107667,0.18483957266184373,-0.19347532553007246,0.6172818186644303,-0.5668743515322577,-0.12067199134915367,-0.26804370551833123,-0.08557999211303388,-0.4563823351012164,-1.2729698264423184,1.0828449261066107,-1.298157326290311,-0.46737318194810806,-0.45221235544991767,0.045734376469882716,0.045473605460465465,0.4953399313788638,-0.18276396434700853,-0.1647395878241021,-0.12280043981774952,-0.3062322223485149,1.3362691044097432,-0.10095876842867792,-0.28706083771230306,-0.07125373290010388,-0.6317923212093176,-0.49887850982602355,-0.4526271001954693,-0.3819845066946091,-0.009573317530356056,-0.15017202444632585,-0.17389462894468072,-0.08602139992103093,-0.21352349546379115,1.2700422582365307,-1.142576552394155,-0.1588799312741084,-1.5809615965113175,-1.3314315166063013,-0.8352344562324036,-1.2488837567215898,-0.8429288230356837,-0.06372098225921238,0.5703451631183867,0.9866363936326197,-1.3453874215867283,0.01891574658580669,-0.6880365893700796,-1.240803088095796,-0.354556808206841,1.7930109910353704,-1.4143475532627192,-0.17835359447771162,-0.05846643678076683,0.7448893191246652,0.8439446447720185
27051,Grant,Minnesota,-0.30341959613301717,-0.649741940326889,-0.6763701491562786,0.9354388966171157,0.18403400365386746,0.7500006299034855,-0.6295950553227678,-0.23626956980789998,-0.45940344296847574,-0.032641322915973894,-0.5361056382458135,-0.9804244688664046,-0.032600813122062804,-1.1412868416615691,0.5314231945643092,-0.7144534926587759,-0.5803420039116503,-0.5557211808711763,0.024873580150822364,-0.27605480112956704,-0.4096661301204549,-0.49495518563035695,-0.36144781134645504,2.006795820487922,-0.4225974365982268,-0.49434569368758247,-0.7431130323851071,-0.6391511116963173,-0.7019562132625891,-0.4557033651114431,-0.6113810615758947,1.553248926156146,-0.17268833358141708,0.14345669875627526,-0.08602139992103093,-0.449742474195126,1.784723321965256,-1.5409767568534785,-0.3115485146652904,-2.0032003409583905,-1.5115300132996285,-0.9499887239663202,-1.4317205200669125,-1.2763983515243105,-1.1221905893930095,-0.05590519828726265,0.14781121901838595,-1.6037093829743558,-0.9122112018957802,-0.20660051032559795,-1.240803088095796,-0.1146360010152266,1.7930109910353704,-0.8700227880212664,-0.34724193467518877,-0.06871820163043121,-0.010311386530156567,-0.5285503983469599
27053,Hennepin,Minnesota,3.3864726136811782,0.3898999390495591,1.439676968424524,-1.0761917146122506,-0.2412626265498358,-0.5880902594958565,0.3442095874835169,-0.1365996856602386,2.286214187333421,-0.13962845457009082,-0.19995980447491823,-0.8255475148556282,1.8259720382844333,-1.1805044628187567,-0.6814009769150549,1.1402744097750253,0.6743684924567506,-0.06064334417234505,0.745751497075262,2.9949886096006373,4.137113081740173,3.8239756495365107,2.6725351569839035,-0.48195399630671937,-0.08956221401901719,-0.4923697083321516,-0.4742547978964312,-0.6320889788011513,-0.6106432056783774,-0.44891225064519685,-0.4189653215213676,1.5668036836137844,-0.0783366227499296,0.2788845193314814,-0.08602139992103093,3.9150626638377997,-0.515069708663722,-1.1894996821913009,-0.28828558156051753,-1.620795440327079,-1.2678673413027741,-0.7532671221367492,-1.226029161303425,-1.1136805592916565,-0.19048380946086468,0.414708978627042,0.41972396675266355,-1.3231661775963952,-0.33579928140717885,1.2633160288846812,-1.240803088095796,-1.7940816513565272,1.4953435417030498,-1.4143475532627192,3.326079464619939,0.3657010792203242,-0.9098660429845035,-0.11518718536053837
27055,Houston,Minnesota,-0.2664348899007651,-0.6943171944155848,-0.060767133654773715,0.6699240856834721,0.0743063043583194,0.7485679838163314,-0.6181010738076825,-0.31626462314016107,-0.3116361906075924,-0.47212002231469696,-0.6144469908489812,-1.1525099733228243,0.6313811336815653,-1.3177661368689038,-0.39603058362579246,-1.052465202832259,-0.8639548786636567,-0.2584100044364975,-1.238746436182462,-0.2597137653384098,-0.3435678898278449,-0.23105556682044784,-0.5532041818916437,0.011336854400081352,1.1038756137987111,-0.4048141511287103,1.0530287407358876,-0.6103565380678087,-0.38912028845269525,-0.4512953598791395,-0.3304126283018306,0.46100092425321587,-0.1993736133207424,-0.2624220284150727,-0.08602139992103093,-0.3878978672003955,0.5106494772022545,-0.32899585011738686,-0.3163515210201491,-1.3817923774325094,-1.119550932261211,-0.704086721679357,-1.0889015887944329,-0.7348948790123645,-0.18203295431408803,0.3350380746612346,1.6587226191645132,-1.159284503167686,0.11883547278101443,-0.7290098726930142,-1.240803088095796,-0.5944776153984553,2.3883458897000116,-1.6865099358834457,-0.2924804892609802,-0.06404959631096621,1.948942943306734,2.025905081905068
27057,Hubbard,Minnesota,-0.2579677703475943,-1.0162926883152499,-0.6501555279627713,1.260079659293981,0.3111069732070906,0.603201651955923,-0.6330845092394964,0.1559009411583443,-0.3883146663236335,-0.2414207324244337,-0.5319635406453938,-0.5674192581709984,0.02348036650561881,-0.807937061825493,1.2448491777874646,-1.1823097230493733,0.1667073234209656,0.6542858189477496,0.38174110135577477,-0.2670385412459849,-0.3729651953326318,-0.4882878274323042,-0.36950588704198817,-0.5679348954106885,-0.2525268611576571,-0.39371533840516665,1.0246004708289411,0.0034994918204287514,0.520179117091251,-0.26358885086902256,0.4677601448818719,1.0484510533394336,-0.07499240456996935,0.16498757795227076,-0.08602139992103093,-0.4367284233785826,-0.673467713561008,0.8433094205673203,0.004377605662203731,-2.1466021786951326,-1.8081628313827551,-1.4090057949019843,-1.7402575582121445,-1.2057094745707806,-1.217262709794249,-0.16522108977523098,0.25041980306905676,-1.8842525883523147,-0.9190806830717007,-0.6982799102008133,-1.240803088095796,-0.354556808206841,1.4953435417030498,-0.59786040540054,-0.2659981087889689,-0.06639195036265563,-0.3109292299896421,-0.9903546128552284
27059,Isanti,Minnesota,-0.20201331892478977,-0.015276729715239537,1.1777232356109468,-0.5724527304598896,0.1856634394747676,0.6797286240052116,-0.6113368190714595,-0.21209087362578502,-0.069832599076392,-0.39408372720370166,-0.5414304110617594,-1.3073869273336023,1.52668936609754,-1.1805044628187567,0.24605280127504683,-1.3473739878811708,-0.09684021921202222,0.3254321234758465,0.4033696163092622,-0.18583808717841585,-0.1855967276567688,-0.19891852175927274,0.02946950633815649,0.36002808553094306,0.3393014370935969,-0.4860264843996301,-0.1698778069773597,-0.509538752571332,-0.5237638843562957,-0.4487300949340566,0.45606251434284295,4.538299125039836,-0.24608312035580263,-0.18979460002979548,-0.08602139992103093,-0.15518900523535376,0.5080215533224236,-0.42690899192687465,-0.40365453885637054,-1.7243634342480594,-1.4373718087788467,-0.9499887239663202,-1.3403021383942515,-1.1296855880358523,-0.27287964714193885,-0.10778392645104412,0.683941070683141,-1.464826608034771,-0.4794338878127886,-0.6368199852164114,-1.240803088095796,-0.354556808206841,1.7930109910353704,-1.4143475532627192,-0.2331899017448446,-0.05208487861946385,-0.5898164404232773,-0.22660148886078507
27061,Itasca,Minnesota,-0.18873420441282976,-0.8802468727069176,-0.5589268499615715,1.0893097979661686,0.23213621033945184,0.5464018463301957,-0.6389872633891216,0.36362101021154075,-0.4343711043559289,0.15686450342376873,-0.5854365601605678,-0.5674192581709984,0.2016771135233195,-0.9451987358756418,1.6729047677213575,-1.191683134607468,0.20824186311945264,0.40095775064237293,1.1514963634589084,-0.2592550479392592,-0.38893947063896106,-0.49081683692382577,-0.7516042020983673,-0.8064213921708695,-0.65369232931701,-0.4541319566719223,0.32127912537916786,-0.3611319581203939,1.181355721941577,-0.30242523087047973,3.3412516837346633,0.8599854999762172,-0.08121060858684004,0.3557092442451612,-0.08602139992103093,-0.5448259687042192,-1.0898088585500898,1.2947542583829164,1.4402158775131304,-2.210336328800351,-1.8611329774690277,-1.572940463093293,-1.8773851307211358,-1.1390218548032995,-1.472901077984248,-0.45796534155657,0.20424594024625503,-1.9814705308100236,-1.073331760385552,-0.7392531935237479,-0.8113665253124961,0.1252848061763878,1.7930109910353704,-0.59786040540054,-0.14724849458761777,-0.06766509538436224,-0.4667859259391766,-1.1227600170149414
27063,Jackson,Minnesota,-0.29207348020462437,-0.6315473086658195,-0.3888004160124936,0.7754617498280681,0.5907925504353544,0.6589601744795104,-0.6242319791478241,-0.26596109580669114,0.11180770935580894,-0.22759285861437673,-0.4036735460927787,-0.8083389644099845,0.15053821655560493,-1.1412868416615691,-0.1820027886588462,-1.1588843778671645,-1.4870889582761733,-1.3209666156532078,-0.8948453777814412,-0.2485084761033365,-0.31841780092876093,-0.47442524857040425,-0.2872276367262321,2.3570466196456574,-0.7505616402032176,-0.39186420546973666,-0.8244224814019285,-0.6393997489025706,-0.5119719531816123,-0.45224328176848155,-0.6152332529554781,0.6232809078420084,-0.21471859980439018,-0.20499340617995518,-0.08602139992103093,-0.3892774138804172,1.981190359084746,-1.7580908760029932,-0.2041771214393879,-1.7004631279586022,-1.2890553997372833,-0.7368736553176192,-1.2031745658852593,-0.894945166454319,0.6630525603635944,-0.44499565951562453,0.9199408139996837,-1.3481650770855205,-0.1490742930798853,-0.3141553790483013,-1.240803088095796,-0.354556808206841,1.7930109910353704,-1.6865099358834457,-0.3315958074139863,-0.06802700260619284,-0.4813416285323751,-0.8547198085940588
27065,Kanabec,Minnesota,-0.27306273201381437,-0.5988341754212111,0.06647356387680059,0.5185893241710599,0.11931256919021382,0.7200488452102624,-0.6338672982301509,-0.14798699029167897,-0.27664645871094207,-0.5441159496040914,-0.5807505434795704,-0.7567133130730604,0.5404294041752273,-1.0432427887686055,1.601562169399042,-1.6263085211775912,0.5792155386519294,1.5326827665468805,0.08177407811063629,-0.24908827508795245,-0.35647847434428415,-0.44164195598419975,-0.42335745395106944,-0.3448084964966007,0.7501939624194188,-0.503716554692403,0.9196806659690755,-0.6092399001440686,-0.6091043450714263,-0.4391821919487646,0.7557935711545255,3.2665306589505714,-0.17267975190788412,-0.27488433714618726,-0.08602139992103093,-0.42662508869222027,-5.5864989481092465e-05,0.1842423862480531,-0.34263029532448425,-1.8279314281690395,-1.5962822470376645,-1.130316858976759,-1.4774297109032428,-1.2123782365475286,-0.5771104324259044,-0.12631204365239462,1.3380707940061667,-1.6064870384731464,-0.45507845455270723,-0.6265766643856777,-0.8113665253124961,0.36520561336800217,1.4953435417030498,-0.8700227880212664,-0.30299857959686033,-0.06448445690225561,0.10861110345068546,-0.12326068561417954
27067,Kandiyohi,Minnesota,-0.1943896896626301,0.40141602107569135,-0.6798418562359304,-0.031243604181463082,0.15385194325155074,0.3144601831090996,-0.23365203772247228,-0.26917696771570854,-0.12814200703208023,-0.1422607038880351,0.2033233808094757,-0.8083389644099845,0.5770846672366496,-0.7295018195111219,-0.1820027886588462,-0.2964961242209649,0.04621703224109394,0.16760412681061862,0.16505925095792381,-0.1616551461757026,-0.14212811008283985,-0.17946956314954707,-0.5431550859206291,1.5326909743219137,0.012474189244981289,-0.4977347838021389,-0.7083049982676141,-0.6281197646312924,-0.39488132945124393,-0.44952330802661405,-0.4897273284051098,1.475544753167536,-0.09472543264661039,0.25250567417789793,-0.08602139992103093,-0.2863210996445231,1.5147709174981472,-1.349077758281303,-0.09782590165630047,-1.8518317344584962,-1.4797479256478647,-0.9172017903280579,-1.3517294361033343,-1.1736994170823893,-0.18625838188747637,-0.2374807468604983,0.15294164822091982,-1.517602062511813,-0.6474239274784814,-0.6521849664625118,-0.8113665253124961,-0.5944776153984553,0.9000086430384084,-1.4143475532627192,-0.19588998352525552,-0.06040966930568362,0.19224906634987304,0.24327622590112402
27069,Kittson,Minnesota,-0.3083223834495194,-0.6067572251640045,-1.2190489688618371,1.1661015081278006,-0.12590356648419762,0.7464423249410079,-0.6390603509720447,-0.2895359846591925,-0.29710180002354136,-0.6521186683976714,-0.5232628026556009,-0.9115902670838365,0.4832499395119975,-1.1020692205043836,-0.1106601903365306,-1.11564715505906,-1.8027042410211913,-1.8080392473749292,-0.9185826562232624,-0.28458618116502976,-0.4371441457611819,-0.4932633416877077,-0.6727657934416945,1.313527081697339,-0.0734864581166441,-0.5087164493645611,-0.4850369813895102,-0.6295474666500983,-0.6396166009702712,-0.44602299929996553,-0.04949615702362058,4.619525179391921,-0.1334702690890267,-0.38868193846445,-0.08602139992103093,-0.5439931816388001,1.260080686420775,-0.9902170783685258,0.08171717775764899,-2.433405854168616,-1.7445986560792277,-1.2450711267106755,-1.7402575582121445,-1.2203807509196263,-2.039108372818295,-0.6951252417338571,0.3761153185311285,-1.9398056983281484,-1.3168860929863695,-0.5372000833344172,-1.240803088095796,-0.354556808206841,1.7930109910353704,-1.1421851706419928,-0.3545596807985502,-0.07007493886391923,0.36268055395845944,-0.25889548987534916
27071,Koochiching,Minnesota,-0.28509418380365376,-1.4981995884274537,-0.744420731376206,1.7509968825211424,-0.018745536454586122,0.6138660206674492,-0.6328656011175149,0.11231243584542204,-0.3445321010154273,-0.5107360002361679,-0.60812888723606,-0.2576653501494408,-0.21807369850027053,-0.8667634935612711,1.95827516101062,-0.8867510015070024,-0.3921681137844016,-0.7264485411278744,1.1651463521866603,-0.26834520465948636,-0.41737057189728005,-0.6122698280935934,-1.093620303191667,-0.7977093942456304,-0.7401088933936744,-0.453787004255276,-0.44056173730487835,-0.5827311321694166,0.04824963079921077,-0.40332548421265113,6.805112539182427,2.524661596116916,-0.2481860495879615,-0.2746016959884229,-0.08602139992103093,-0.6902064566708193,-1.1203329842734933,1.3871959872670605,1.6086785329642426,-2.369671704063397,-1.9352911819898098,-1.6385143303698175,-1.9459489169756319,-1.1163480640823558,-1.597551191399206,-0.3004763453450902,0.627506349455272,-2.084243784265316,-0.9434361163317825,-0.9236329684769536,-0.8113665253124961,-0.1146360010152266,1.4953435417030498,-0.0535356401590872,-0.3068726804856987,-0.07007866855139543,-0.2989994953877833,-1.2293302203630032
27073,Lac qui Parle,Minnesota,-0.3015129566210441,-1.0803782230097692,-1.5807717564044121,1.7825836711358845,0.098997750476708,0.7183783212446653,-0.6193200322610689,-0.31608751752699904,-0.2176560911842109,0.1910042448963408,-0.524219175338899,-0.8599646157469105,0.07571754850888161,-0.9451987358756418,0.03202500630810057,-1.1478593524720555,-1.5768205041181236,-1.1638077123144241,-1.5973078889580512,-0.2705312778422248,-0.40467417387400345,-0.4977636120593733,-0.4341405550077033,2.0780355588999275,-0.49671648305222504,-0.5030103574244513,-0.7880176162334819,-0.6393997489025706,-0.7024098580514393,-0.45620951754236083,-0.578553725927976,2.811624903747811,-0.18552779094635785,-0.23086438384304747,-0.08602139992103093,-0.4678472476783003,1.8213300403473154,-1.5687501488051279,-0.16061497077904188,-1.8597985032216489,-1.3949956919098287,-0.7368736553176192,-1.2717383521397554,-1.2377195320591712,-0.39330433298350864,0.023765705678544746,-0.0984493827032236,-1.4481606750420208,-0.7117472512166462,-0.5372000833344172,-1.240803088095796,-0.354556808206841,1.4953435417030498,-1.1421851706419928,-0.34115940912508014,-0.0691089110670392,1.5947189906765973,0.819724144011095
27075,Lake,Minnesota,-0.2897450955471457,-1.4588757668250436,-0.6927082709493881,1.6890148924307244,0.581269552449434,0.7389345400135955,-0.6493686422562276,-0.22645010236186536,-0.35906055125247366,-0.4994794816073242,-0.5988265740662516,-0.9460073679751205,0.36793001077943316,-1.2785485157117182,-0.1106601903365306,-1.2809646209267003,-0.32172818778669504,0.21539219373059837,-0.2619359108781202,-0.27442055005618815,-0.4396095362070999,-0.6431523937716057,-1.0802807522420919,-0.8219336065241035,-0.8203599509010926,-0.4101098112141106,-0.4593935256568537,0.29143972127851575,1.8605107268370416,-0.3225492526801843,2.082398472905621,-0.11191255869257498,-0.1914239995934951,2.1386010698557922,-0.08602139992103093,-0.7051522695367806,-1.1804971427851674,1.4521414399700443,1.4868311019804403,-2.194402791274046,-2.0624195325968637,-2.0319575340289573,-2.0145127032301278,-0.8896101568729204,-1.2405025614478853,-0.6636274424915611,0.41972396675266355,-2.139796894241149,-0.9047172224311396,-0.647063306047145,-1.240803088095796,-0.5944776153984553,1.4953435417030498,-1.1421851706419928,-0.3179522347185119,-0.070145377398299,-1.0617172131477741,-1.8832837409079284
27077,Lake of the Woods,Minnesota,-0.3099566458883535,-1.5446127133210694,-0.4043284671539296,1.624384466314815,1.116983551881952,0.6511919176603818,-0.6049147644721979,-0.12227991431466174,0.09808772746087985,-0.5169905007467996,-0.5791832699570763,-0.9115902670838365,0.03583607315553642,-0.8667634935612711,0.3173953995973624,-1.1535655131566436,-0.030311036135076328,1.1532603297519273,-1.535751895710617,-0.2844634964244683,-0.4495315128652246,-0.6356777085119816,-1.0791502229134138,-0.6509793650687278,-0.7340118209784704,-0.5062818796529321,-0.8290318722733966,-0.6114237792017675,-0.7103600617533112,-0.45220490309180056,4.3292168535473765,5.229987680462047,-0.25001120087561335,1.8865847337871011,-0.08602139992103093,-0.707362569843419,-0.9731000311052416,1.2514598867822073,0.5812372851844302,-2.353738166537093,-1.8717270066862823,-1.5073665958167686,-1.9116670238483842,-1.2163794937335772,-1.8193861390020978,-0.4801990821981905,0.8070713715439456,-2.0314683297882734,-1.0727072620968319,-0.5372000833344172,-0.8113665253124961,-0.1146360010152266,1.7930109910353704,-1.1421851706419928,-0.35551416942333647,-0.07044881715705535,1.1437221854214144,0.1835323240241801
27079,Le Sueur,Minnesota,-0.23630647106871117,0.02733432492481035,0.6735869369907542,-0.3606407261506124,0.21834615731039556,0.7302678382824205,-0.6330229092263979,-0.2793203823065768,-0.31116720964974337,-0.4915933960229488,-0.21562611406650697,-1.2729698264423184,1.3589263269175476,-1.0432427887686055,0.5314231945643092,-1.2311958993989287,-0.4684840119241569,-0.3084414724861927,0.4548221115880216,-0.1977288312115123,-0.17503261265079847,-0.13188777434781465,-0.39325921679679726,1.5539042810463004,-0.06478090991414386,-0.47372868994878353,-0.4565532931747368,-0.6371353996476866,-0.6496224639111922,-0.4489571573208097,-0.5044482943939927,1.1294970039099332,0.025598011634347315,0.052150843332691314,-0.08602139992103093,-0.24658747755236193,1.5007013220476102,-1.3525533137543144,-0.3871456007343215,-1.6287622090902316,-1.2678673413027741,-0.8352344562324036,-1.1803199704670946,-0.9349577383148076,0.4813591747078928,0.24425030037461676,0.6557237100692063,-1.3287214885939782,-0.05352605490571832,-0.647063306047145,-1.240803088095796,-0.8343984225900698,1.4953435417030498,-1.4143475532627192,-0.2709951374716735,-0.058134872114557985,0.10112030345100105,0.6663276391919152
27081,Lincoln,Minnesota,-0.3043948817819988,-0.4934424251032224,-1.2201212348238568,1.0622407847165123,0.18407835610345852,0.7769062896953226,-0.668490399128273,-0.2941250786521437,-0.3776370129915398,-0.340775199397344,-0.5339460638826975,-0.7567133130730604,-0.027040745129599874,-1.0236339781900128,0.03202500630810057,-0.8811136668664215,-0.5388971548213409,-0.08512012061928731,-0.6384827706097712,-0.2757976054196288,-0.3997175484671691,-0.4901982478884814,-0.2940777952370805,1.8501117516856356,-0.2707440229691908,0.1667532908512844,-0.7916469480717889,-0.6393997489025706,-0.7050288615658945,-0.45589095298220267,-0.6223736219267275,0.7741477703069662,-0.21754331912368366,-0.19542079735117204,-0.08602139992103093,-0.42671604255893847,1.6991595600924467,-1.467731144214432,-0.33154987136164743,-1.843864965695344,-1.4903419548651193,-0.9499887239663202,-1.3745840315214992,-1.0203178916171833,0.37994891294657085,-0.018848963884561313,0.5095064777970003,-1.5287126845069798,-0.24774502269765228,-0.3756153040327032,-1.240803088095796,-0.1146360010152266,1.4953435417030498,-1.1421851706419928,-0.34782211403535296,-0.06873886797081184,0.7043312756635526,0.10764142163995442
27083,Lyon,Minnesota,-0.24630241677433964,0.9282409177580621,-0.3691799688072165,-0.6713122624441905,-0.050800998434460065,0.2908605323406998,-0.43942803153784,-0.2532627059886484,1.09805740029352,-0.3820748600757005,-0.18541811299045244,-0.6706705608448487,0.5578646791145556,-1.0236339781900128,-0.39603058362579246,0.39407681371691944,0.14097249802462242,-0.7374549689167194,1.0241617106573644,-0.20005388524168605,-0.24124467581017311,-0.36246550432451896,-0.3063879246701781,2.2116097492645928,-0.36392914776050783,-0.4096974722397288,-0.7954547378865143,-0.6393997489025706,-0.6984752688024016,-0.45620951754236083,-0.6102072220009027,0.7293543672267698,-0.12022391114860004,-0.3000346871723491,-0.08602139992103093,-0.32262326105043554,2.0129348364352837,-1.8177303098171398,-0.2025686727996212,-1.7960643531164302,-1.3526195750408108,-0.7368736553176192,-1.2717383521397554,-0.9709690529892473,0.267975082251778,-0.03922989280604716,0.5428542676134686,-1.4148288090565202,-0.25648799873973294,-0.5753600602320095,-0.8113665253124961,-0.354556808206841,1.197676092370729,-1.1421851706419928,-0.2875021760415067,-0.06350521671848325,-0.2536996094956652,0.32078182833607816
27085,McLeod,Minnesota,-0.21578739822557227,-0.09050831825124057,0.4315329344239812,-0.13152743062251174,-0.02627061204546546,0.7233346405935186,-0.6289991263597287,-0.2977403689397569,-0.29598291619655587,-0.25756717830691434,-0.22531289661586862,-1.4106382300074543,0.5943140137318126,-1.2785485157117182,-0.039317592014215016,-0.7449671814037935,-0.3800898512864686,0.04947151709930333,-0.5039378562076177,-0.08481406791942618,0.015081837233733122,-0.050515121814293885,-0.6080705437911841,2.1367036299078896,-0.5023465070839201,-0.5205835182253626,-0.6966197169845165,-0.6389752035786799,-0.7018594253689395,-0.4521763519602108,-0.5427116918459451,0.6905467464017706,-0.21369675465136792,-0.17678541402054088,-0.08602139992103093,-0.19628397910087017,1.8765486157996367,-1.73967759230813,-0.3636071463347739,-1.7084298967217548,-1.3208374873890467,-0.8024475225941413,-1.2488837567215898,-1.1483581215707468,-0.3362610607427652,-0.21709981793901245,-0.1266667433171579,-1.3814969430710196,-0.7410986707864877,-0.4678051915093061,-1.240803088095796,-0.354556808206841,1.197676092370729,-1.4143475532627192,-0.23253486053175598,-0.056032634113251344,0.09127753512176554,0.2723408268142318
27087,Mahnomen,Minnesota,-0.3047229057840587,1.6481583041684982,-2.052018221246753,-0.4964751595902587,0.2537387004195048,-1.9787473719127737,-0.5817337625061596,6.968540006201676,-0.4599982713691172,-0.4032727971834236,-0.3966406748599976,1.1706443368388444,-0.6191536649195406,-0.41576085025364035,0.745450989531256,0.4298427360390657,0.10878895307786407,0.043619944591426554,-0.012737482136984321,-0.2810986819298618,-0.43555679265104347,-0.5323737292189045,-0.7019033488524853,0.867912709313509,-0.5903233271168198,-0.4224283228871817,0.3905698320360156,-0.5742304826782335,-0.575247603116376,-0.44181868223297105,-0.23149552328757578,3.485187492378768,-0.1274761198493039,-0.03693284919794122,-0.08602139992103093,-0.5641745515526192,0.5874566150248595,-0.32756491845299124,-0.3060008561623916,-2.305937553958179,-1.9564792404243183,-1.4417927285402465,-1.854530535302971,-1.1376881024079497,-1.350363678355984,-0.1856020186967165,-0.2703187609880971,-2.012024741296732,-1.0602172963224308,-0.5372000833344172,0.9063797258207039,2.2845720709009174,0.9000086430384084,0.4907891250823656,-0.35440995709270134,-0.06890570994313425,0.5422511007467052,0.902073846598234
27089,Marshall,Minnesota,-0.2935671609282899,-0.3190681211689622,-0.6029800877668702,0.5942459698205929,0.11514855703407292,0.7452727306695694,-0.6572629041969961,-0.21693773412156842,-0.478028785856536,-0.3660992430406623,-0.3665903614554814,-1.2041356246597503,0.2794494226030787,-1.00402516761142,1.601562169399042,-1.3593466278197202,-1.3509505885106186,-0.9621580041857307,-1.09919238349799,-0.28647137754324187,-0.4249730153970891,-0.4905001291020038,-0.6017258354045854,1.4832585926183006,-0.5700299067535762,-0.5184399790626697,-0.6649842210470307,-0.6345078362473485,-0.6985832856306996,-0.4534789612409423,0.17763827525616768,5.4281800253187225,-0.2366207525112585,-0.31794078194394726,-0.08602139992103093,-0.5204359522402742,1.2025242947957502,-0.9444299800759651,0.6100478767921018,-2.4095055478791587,-1.8293508898172646,-1.2778580603489378,-1.8088213444666406,-1.1696981598963407,-1.8109352838553208,-0.42832035403440905,0.3786805331323952,-1.9759152198124406,-1.1351570909688364,-0.5372000833344172,-1.240803088095796,-0.354556808206841,1.4953435417030498,-1.4143475532627192,-0.3354511928395936,-0.06981248761643928,0.7719524124026018,0.7632096422356079
27091,Martin,Minnesota,-0.26326301495227533,-0.5672757917156547,-0.9736150938676236,1.0074976415788495,-0.2333002730491151,0.7231129043331909,-0.6265924814938401,-0.2849602748699045,-0.3696812987576395,-0.14578020632904,-0.3447667216052368,-0.6878791112904907,-0.07687542861760091,-1.0432427887686055,0.03202500630810057,-0.2709572926095737,-0.720113431196316,-0.6658942959412908,-0.5439060063082402,-0.21204265696600966,-0.2940519501212745,-0.2999404990580255,-0.3643773611928769,2.4141021530203544,-0.7599508362494797,-0.4644627751869003,-0.8161034117011869,-0.6392037344990276,-0.6533988399384364,-0.4557306841368063,-0.5189826630459649,0.26858449380351396,-0.2215638378457544,-0.1828511493794686,-0.08602139992103093,-0.3352824558785726,2.0331202208002304,-1.831889572455124,-0.19653699040049646,-1.6606292841428407,-1.2572733120855202,-0.7532671221367492,-1.1688926727580118,-0.940292747896206,0.23205894787797654,-0.10963673817117914,0.7352453627084762,-1.3203885220976037,-0.22963457232477102,-0.5241434560783412,-0.8113665253124961,-0.1146360010152266,0.9000086430384084,-0.59786040540054,-0.2770215166320888,-0.06524728478358341,1.2028923985630926,0.6453365385324485
27093,Meeker,Minnesota,-0.2528980422443295,-0.045124977875391784,-0.42429540069986127,0.2528793404321687,0.3497259243866559,0.7581169410764359,-0.6318830162041554,-0.3209495595737961,-0.460384109773643,-0.3723356591796757,-0.3958256027860926,-1.1353014228771825,0.5553248949698503,-1.219722083975942,0.10336760463041615,-1.085602723113663,-0.597506416822133,-0.4002418190826862,0.03189479495825377,-0.20343218009577435,-0.20877533852859687,-0.12888046507879433,-0.6892407372681811,1.7917535995067735,-0.30831784781614724,-0.5042867837823602,-0.6445186963345205,-0.6374031434338666,-0.614073063000946,-0.4506095354049401,-0.423132685057283,1.4176631164212168,-0.1812238135836501,0.07075843172199917,-0.08602139992103093,-0.3374954995473436,1.6246970542532138,-1.4338565785776172,-0.25981008341946393,-1.8199646594058871,-1.500935984082374,-0.9499887239663202,-1.3974386269396648,-1.2137119889428782,-0.32781020559598817,-0.496874387679406,0.22220244245512247,-1.5287126845069798,-0.7785685681096906,-0.6060900227242104,-1.240803088095796,-0.354556808206841,1.7930109910353704,-1.4143475532627192,-0.278687192859657,-0.06335550174488003,-0.4501732492246483,-0.5931384003760887
27095,Mille Lacs,Minnesota,-0.24395060183099956,-0.07029518742368022,0.4963597207311181,-0.18243427636951765,0.13700921904212704,0.36810209553927836,-0.6328904802261482,0.6458801950040666,-0.34033587270244275,-0.4265688586940792,-0.5142870984781338,-0.5330021572797127,0.24300008798582173,-0.6706753877753437,1.2448491777874646,-0.42792836810922247,0.5851476046507629,1.1739560170344367,0.05919811466107532,-0.2254015528735256,-0.2979457172156392,-0.3656471681142446,-0.492895585730741,-0.2662811746168193,0.1675024220066394,-0.5095893312200913,0.39992976212104886,-0.6174708653931414,-0.6709411094903964,-0.44655514887806164,0.7385880471466237,3.8159665883101916,-0.2032469403492201,0.9299423165405366,-0.08602139992103093,-0.3968664809389141,-0.18639492302115365,0.35255734918159976,-0.2323547587212254,-1.843864965695344,-1.575094188603156,-1.113923392157629,-1.4545751154850781,-1.2230482557103255,-0.6045757116529292,-0.27824260470346934,0.9635494622212187,-1.598154071976772,-0.6105785284439986,-0.5241434560783412,-0.8113665253124961,0.36520561336800217,0.9000086430384084,-0.59786040540054,-0.26420142431878296,-0.06282544852224523,1.0132722888560557,1.1814169553742142
27097,Morrison,Minnesota,-0.22312986405739488,-0.2595446280860575,0.06505003130431687,0.20671737951578226,0.140731298264502,0.7548076295817396,-0.6315023667803112,-0.2845536514046429,-0.4667690762050879,-0.5263664434776333,-0.5691354517686983,-0.9632159184207626,0.420441764041583,-1.00402516761142,1.1021639811428334,-0.6935324487502391,-0.31891295519397017,0.20784909921875586,-0.6541984859919416,-0.22359078782769423,-0.28050901192307753,-0.26990235185014255,-0.531692600720007,0.25708556583350034,0.4249656669768297,-0.4591223929607935,0.22628123492283772,-0.6034379913018629,-0.5586525288509021,-0.4301072245693462,0.33330885567941765,4.20046698896214,-0.20154228342247862,-0.23143548090316574,-0.08602139992103093,-0.3688777956522463,0.445423489590379,-0.27379336992185865,0.11901680385297751,-1.9314994220900195,-1.6068762762549194,-1.113923392157629,-1.4774297109032428,-1.2190469985242767,-0.767254673228383,-0.15966265461482593,0.8609408781705479,-1.6425965599574386,-0.6418034428800008,-0.7034015706161801,-1.240803088095796,-0.354556808206841,2.0906784403676912,-0.8700227880212664,-0.23113120078942323,-0.06483498670233648,0.6187824242067189,0.611427837467156
27099,Mower,Minnesota,-0.20357729050603957,0.41887121684495127,-0.13742620292649033,-0.31745727359575066,0.10029009453095572,0.20306069963040083,-0.39442756323036066,-0.25643700146081516,1.350994487753078,1.3744114372942067,0.1761218747910917,-0.5157936068340706,-0.03061017149513163,-0.7883282512469002,-0.5387157802704237,-0.17010606130320075,-0.016489735107280884,-0.3044542620840684,0.6227033888094807,-0.20992305730599195,-0.22490086179022126,-0.06868779262916039,-0.44110949512844566,2.428809502889705,-0.6626062291657722,-0.4131362782475951,-0.7612145426327802,-0.6382944988516978,-0.6976834531534922,-0.45612770063498786,-0.5173197180111176,-0.1259131569593385,-0.22474448000347091,-0.4171938295309448,-0.08602139992103093,-0.2554136742572902,2.091648405539743,-1.9232738767234157,-0.20989604993633584,-1.58892836527447,-1.2890553997372833,-0.9499887239663202,-1.294592947557921,-0.7722399460821538,-0.02991756167210506,0.29612902853839823,1.8972875770823228,-1.367608665577062,0.19127727427253988,-0.022220735372392206,-0.8113665253124961,-0.354556808206841,0.9000086430384084,-1.1421851706419928,-0.2184608321819662,-0.05911580357592846,0.5966868757008359,1.0167175501999364
27101,Murray,Minnesota,-0.29691183423500767,-0.7486465284917312,-1.242108424580952,1.3083053898316126,0.018069754771863362,0.6795928375698074,-0.6481755830436976,-0.2686814368730723,-0.06009915912580724,0.2873411476967368,-0.38909705687211427,-1.0320501202033303,0.36278179967530083,-0.9451987358756418,0.388737997919678,-1.1850081022787133,-1.363905484120273,-0.9780833058104963,-1.2472659934797226,-0.271223852827615,-0.3762002304549504,-0.5032294018282589,-0.3032572627286842,2.252528063206517,-0.5732188930916782,-0.2478988210708179,-0.8125704260109532,-0.6393997489025706,-0.692554884690352,-0.4553193360384996,-0.6200122660970638,0.71953750710011,-0.2084720381698989,-0.22900137068010798,-0.08602139992103093,-0.425676486852406,1.958523623801013,-1.7203391254104972,-0.20405797709570142,-1.8358981969321917,-1.4373718087788467,-0.8844148566897957,-1.3631567338124164,-1.034989167966029,0.45600660926756215,-0.0614636334476677,0.5197673362020677,-1.4981584740202707,-0.24399803296533187,-0.9236329684769536,-1.240803088095796,-0.354556808206841,1.4953435417030498,-1.4143475532627192,-0.3335609310532522,-0.06850786334686411,-0.06749123735121325,-0.7885171065142021
27103,Nicollet,Minnesota,-0.22052910232677722,0.7387051910198851,-0.03275284552823773,-0.6642432927831593,0.15636001062203625,0.47397600564923603,-0.4114548153814549,-0.27182144790240964,0.08094287766301714,-0.5812847278528971,-0.3476454615735272,-0.7911304139643425,1.0533285157762518,-1.356983758026089,-0.8954287718820013,-0.2812004934785581,-0.7008815858982127,-0.8430453723788388,-0.20727553239531205,-0.12202748716803828,-0.07247243969284091,-0.2490388544089126,-0.4869271535550272,1.9927787637401788,-0.7015923038708919,-0.5022342816222821,-0.5334743148620572,-0.6386338767636557,-0.7070050210941977,-0.45446333555772206,-0.47251260328687555,1.5125858256621227,-0.11161186391758202,-0.1730562900596847,-0.08602139992103093,-0.2656979717366478,1.6446808381292548,-1.484282584094625,-0.39225391446987673,-1.6446957466165362,-1.2254912244337561,-0.7532671221367492,-1.1231834819216813,-1.013649129640435,0.534177019375248,-0.16151546633496094,0.30685452429692583,-1.2953896226084791,-0.29645588921781585,-0.6573066268778787,-1.240803088095796,-0.8343984225900698,1.4953435417030498,-1.4143475532627192,-0.2627229027235258,-0.055533928667412386,0.1994755853437024,1.2492343575047988
27105,Nobles,Minnesota,-0.2575635979164848,1.0424239760734706,-0.6270160620073498,-0.6480999933230602,0.6689202065561295,0.000432539263229133,-0.3553391370058401,-0.16224704287786906,2.0369028577592787,-0.04118919155679156,1.4086045225785337,-0.6018363590622807,0.10832288550171976,0.2509387094185141,-0.5387157802704237,0.11297135580719668,-0.21001530015165568,-0.1213067554323753,-0.3206149094882102,-0.2167168549708476,-0.24964822207432363,-0.42487582268693536,-0.2569157260080883,2.484124002906879,-0.7325958449593019,-0.37781920844934486,-0.822062950888869,-0.6393997489025706,-0.6770154389707957,-0.45556468440318326,-0.6261350239757298,0.12230058646174007,-0.1681770089474366,-0.33276225647652347,-0.08602139992103093,-0.33664509947127597,2.114443233491415,-1.9103652093329193,-0.2019208254308264,-1.716396665484907,-1.3526195750408108,-0.8024475225941413,-1.294592947557921,-1.0376566727567282,0.6778415568704539,-0.22636387653968787,0.7352453627084762,-1.4037181870613542,-0.18279720067076766,-0.02734239578775903,0.04750660025410388,-0.5944776153984553,0.3046737443737671,-1.1421851706419928,-0.30279270950131815,-0.0646273820337716,-1.174156251286325,-1.0145751136161514
27107,Norman,Minnesota,-0.30223929548274814,-0.14520031118320897,-0.3610839688128286,0.31359640197033034,-0.009946420775733298,0.607291616149821,-0.6163684382645596,0.15481405573252396,-0.30366710064909086,-0.14653798523897038,-0.33584273214051963,-0.7050876617361327,-0.12087547285425197,-1.00402516761142,0.816793587853571,-1.2788204173642312,-0.8020814139250007,-0.6388783133762367,0.09348857915984603,-0.2779615940726304,-0.4134458116646723,-0.4780663419935486,-0.5363297202683684,2.407996035301883,-0.757769459494416,-0.5157011662895424,-0.7501792273774557,-0.6367893177214213,-0.7011604379023193,-0.4560766657351039,-0.2147234629078802,0.6519285796765367,-0.24215695093271097,-0.3836722456699857,-0.08602139992103093,-0.4930978546670729,2.02809502170468,-1.7588698739785251,-0.08708057116008165,-2.2740704789055695,-1.8505389482517731,-1.179497259434151,-1.6831210696667311,-1.123016826059104,-1.4771265055576364,0.031176952559085147,-0.1471884601272921,-1.8870302438511062,-0.9877754948309058,-0.5372000833344172,-0.8113665253124961,-0.1146360010152266,1.4953435417030498,-1.1421851706419928,-0.346025429565167,-0.06936867068740067,0.9951357447647066,0.6663276391919152
27109,Olmsted,Minnesota,0.14269597545415963,0.5185330741130508,0.6578037433861338,-0.8053123126779659,-0.5557191870622907,-0.03149060271625943,-0.17976506426802882,-0.30066510946203073,1.9837420715381513,-0.16208254020246332,-0.32907229559428136,-1.3418040282248862,1.7098283957752076,-1.2589397051331257,-0.8954287718820013,-0.14019418785658255,-0.3527681692049444,-0.8787183846404621,0.6055244781307265,0.04465176204177036,0.35335804777638163,0.3725506468038371,-0.05410457749036485,1.2121361444385215,0.29756493947793344,-0.22975328919640015,-0.2634292656139081,-0.626730789680872,-0.5240392169976681,-0.4535415569850174,-0.49384946747483865,-0.08772216645462304,-0.09996243380207132,-0.3930661620633122,-0.08602139992103093,0.22891925393285362,1.328143702005215,-1.3900810691584908,-0.25230398976721974,-1.58892836527447,-1.3208374873890467,-0.9335952571471879,-1.2603110544306726,-0.8389275658496349,-0.0003395686583860539,0.816769121896349,1.792113778430385,-1.3648310100782697,0.3186749251714286,-0.1195322832643619,-1.240803088095796,-1.5541608441649128,0.9000086430384084,-1.6865099358834457,0.12841156334330434,-0.02032270046038925,-0.9070101232393581,-0.3977596942379751
27111,Otter Tail,Minnesota,-0.14885585787669225,-0.6465833198427984,-1.0766252157324623,1.1318629837664875,0.12579034258744404,0.661581148643595,-0.5795836185754702,-0.2021337044414922,-0.33408229335161405,-0.27879519655388957,-0.43917779533075985,-0.6018363590622807,0.28686284659302924,-0.9844163570328273,0.3173953995973624,-0.8220198937162151,-0.1710055815682116,0.10243089777862345,0.09866923062694266,-0.25494035263594417,-0.3447771828992678,-0.43240161235959323,-0.25423314477854086,0.6748369472549508,0.07524583722044949,-0.43821528269278154,-0.08879656944552416,-0.6131652746009579,-0.632590804848719,-0.4265484130975194,-0.2941370972701463,2.936661729438419,-0.16115394917286668,0.6205790112387926,-0.08602139992103093,-0.3751004295795321,0.6985092278722635,-0.5171621057832336,0.916613719618732,-2.082868028589914,-1.7128165684274645,-1.2450711267106755,-1.614557283412235,-1.1630293979195927,-1.2024737132873895,-0.13928172569334007,0.03750699116391497,-1.7787016793982313,-0.9378156317333021,-0.7392531935237479,-1.240803088095796,-0.8343984225900698,2.0906784403676912,-1.1421851706419928,-0.07598001060357598,-0.06536541462716365,0.02173074170734454,-0.6335059016442939
27113,Pennington,Minnesota,-0.2795587787688932,0.07797741924841317,0.16633727382030689,-0.15467797413935122,-0.16324934183475764,0.5829829530376325,-0.5830623071562345,0.047240884213476365,-0.2120327570992176,-0.41257339390814457,-0.4044364603560544,-0.8083389644099845,0.010163660449596493,-1.3177661368689038,0.6027657928866248,-0.14868158609185078,-0.7870698563607836,-0.9970307055290035,-0.2998115145097731,-0.251007193723193,-0.3826078871736623,-0.4156900329763218,-0.3836300170830504,2.002701659263189,-0.6898569531448759,-0.5206712843397707,-0.6508072047414251,-0.6365067556832729,-0.6648133585968298,-0.45526723182566314,-0.2467778994062551,2.7635087337670305,-0.238415272987305,-0.394878338033896,-0.08602139992103093,-0.4151260815922235,1.6597612412475178,-1.4344310411761305,-0.279714635336576,-2.3776384728265496,-1.9141031235553003,-1.3598253944445922,-1.9002397261393014,-1.1510256263614462,-1.6229037568395366,-0.4431428477954895,-0.13949281632349195,-2.0231353632918987,-1.2019784078618811,-0.5343867769090749,-1.240803088095796,-0.354556808206841,1.7930109910353704,-0.8700227880212664,-0.32279953969536773,-0.06611082436135611,1.029395777836591,1.7982323747523898
27115,Pine,Minnesota,-0.23427975134169832,-1.0898736675815568,0.8249388210289096,0.5932454599970446,1.606748663979939,0.44505138469079786,-0.5203253560890604,0.22928616363546947,-0.2702881414842229,-0.3640783261708335,-0.4849753174449635,-0.49858505638843054,-0.0026039030886517074,-0.6314577666181586,1.31619177610978,-1.1472839635926155,0.5830586558505122,1.3556396043897432,0.17904989070329227,-0.26363586219014806,-0.3806740350546634,-0.5152432039998031,-0.4600208956256605,-0.5857345114517013,0.18805561862475695,-0.49687857813452224,0.9227659400523015,-0.5423660213801575,-0.3899573043518589,-0.3948994171356013,2.1194018887432304,2.627879269545027,-0.2218887255011777,-0.2824051563437709,-0.08602139992103093,-0.47225380290256286,-0.49163679900029,0.6818670739808781,0.3281449131085599,-1.843864965695344,-1.6810344807757012,-1.32703846080633,-1.5688480925759045,-1.144356864384698,-0.5876740013593756,-0.16522108977523098,1.3432012232087,-1.689816703436897,-0.4382170007572663,-0.442196889432472,-0.8113665253124961,0.6051264205596165,1.4953435417030498,-0.59786040540054,-0.2458602703523016,-0.06657573337290816,-0.6110772620830026,-0.9257666108260997
27117,Pipestone,Minnesota,-0.2941822059321522,0.26673807745433564,-0.8575196767213631,0.18131925664149792,-0.4917564199719054,0.5156520825966177,-0.5401437814099217,0.1122486519453563,-0.1587337523286311,-0.7069238326070465,-0.15495698871266778,-0.5846278086166387,-0.021755248396024007,-0.376543229096453,-0.1820027886588462,-0.41501605911637046,-0.8700016309797007,-0.3806242775349879,-1.3135280276849222,-0.24481876054127663,-0.3098053102773459,-0.39796888062657676,-0.334016835120772,2.0802954732671535,-0.2533844041690909,0.06085883372629737,-0.8182535884344491,-0.6393997489025706,-0.7106257886435755,-0.45583450040737455,-0.6266478089037196,0.1135033976953224,-0.20470812885195847,-0.41433677653646267,-0.08602139992103093,-0.37235605094262625,1.9336592733999298,-1.7191856683004838,-0.3930283527038384,-1.8040311218795826,-1.416183750344338,-0.8516279230515335,-1.3517294361033343,-1.1416893595939988,0.390512481880042,-0.2504504289014434,0.7403757919110097,-1.4731595745311463,-0.3233093156327778,-0.5753600602320095,-0.8113665253124961,-0.1146360010152266,1.197676092370729,-0.8700227880212664,-0.33569449386159794,-0.06679192593522003,0.9794566699399283,0.9375972477142543
27119,Polk,Minnesota,-0.22905186880886888,0.37718135451735757,-0.2529810611867389,-0.22150085899752286,0.13525786940083095,0.47064932837324286,-0.460880274780524,0.029410249395326493,-0.1947476786204351,-0.3655128117564419,-0.22701677453231894,-0.6362534599535646,0.3336086034185509,-1.219722083975942,0.17471020295273174,-0.16513470174641784,-0.28459086761282015,-0.4624982925208919,0.1786651970367864,-0.2600356197732676,-0.37106834593468835,-0.39393736031524546,-0.4827608847639643,2.083193437808839,-0.6232099936870804,-0.4827063760331413,-0.6766806888390452,-0.6362133992313131,-0.685134564057071,-0.4539939131350992,-0.3215683688640793,1.74040985259419,-0.21010549376087206,-0.2652228979314612,-0.08602139992103093,-0.4330735683280969,1.7691722299739756,-1.5330541742967947,0.7476521472284323,-2.3298378602476357,-1.8611329774690277,-1.2286776598915456,-1.785966749048475,-1.1510256263614462,-1.5848749086790408,-0.3801472493108976,0.18372422343612085,-1.94258335382694,-1.0908177124697132,-0.5087784748322407,-0.8113665253124961,-0.354556808206841,2.0906784403676912,-0.8700227880212664,-0.2515123402480948,-0.06760538227542041,-0.45025271991614985,-0.4235948950496265
27121,Pope,Minnesota,-0.28796439382167777,-0.9277278207353201,-0.5876920288268735,1.1473786408280362,0.42400847102345574,0.7584979217993603,-0.647908041730841,-0.28479678731994207,-0.36439232021355766,-0.48215437874185585,-0.559699950796825,-0.9632159184207626,0.2553557946357394,-1.0824604099257908,-0.46737318194810806,-0.7286971633885492,-0.6230040856821332,-0.13682030840968226,-0.8948453777814412,-0.25502323715445896,-0.331870728416787,-0.43395448726702346,-0.5687190134107959,1.3965851303224488,0.3445834268576698,-0.4871645032842906,-0.6810995520141393,-0.6337154268579351,-0.6206900994010041,-0.4544230229702986,-0.5290737885994948,2.377859937723299,-0.18630954471219707,0.2587523150776106,-0.08602139992103093,-0.4574285043627707,1.5310320175339303,-1.2910144494671751,-0.2058972679013605,-1.9553997283794766,-1.5645001593859014,-0.9827756576045824,-1.3974386269396648,-1.2617270751754643,-0.7630292456549947,-0.0614636334476677,0.35559360172099436,-1.598154071976772,-0.7504661451172888,-0.5497517581551753,-1.240803088095796,-0.5944776153984553,2.0906784403676912,-1.4143475532627192,-0.320497537717942,-0.06760853541628088,1.2591198133144492,0.7728978425399771
27123,Ramsey,Minnesota,1.2908619886642734,0.9040815458019348,0.42179911215798954,-1.0429761953878027,-0.546347233922256,-1.0229355133678135,0.297974025589145,-0.12368170979112234,5.018158045665241,0.07612923806639917,-0.16228484607983173,-0.3609166528232928,0.8875561182231906,-0.9648075464542345,-0.5387157802704237,1.5016636807946016,1.1265445829010972,0.07349912415323509,1.166728436347623,4.489496243903973,6.285506868800204,5.312492489564044,3.519919892654213,-0.8150912835584815,-0.6886104827351691,-0.4918546084580354,-0.622528734609102,-0.6175289447310435,-0.5974331846286706,-0.45312718764494103,-0.399470169347843,0.858193002955179,-0.14353729091976403,0.34845439076411605,-0.08602139992103093,5.6171032370209,-1.1141453874463771,-1.3418926277934697,-0.6133262441800224,-1.5729948277481651,-1.2360852536510107,-0.7532671221367492,-1.226029161303425,-1.1296855880358523,-0.15668038887375735,0.36838868562366556,0.424854395955197,-1.29816727810727,-0.34766474889285914,0.6077434957177275,-0.8113665253124961,-1.3142400369732985,0.3046737443737671,-0.8700227880212664,1.319070618642872,0.6061292208441131,-0.7450509318555646,-0.007002281961748616
27125,Red Lake,Minnesota,-0.30903407838256003,-0.3584220269198623,-0.4658826570105673,0.5622250291685634,0.5542372191218864,0.6461213408580068,-0.6123783467000585,0.007140978530274794,-0.4549247734482415,-0.1462275831769402,-0.40623130019528975,-0.7911304139643425,0.1827316966601125,-1.0432427887686055,1.173506579465149,-1.4720683683745108,-1.1354466721612968,-1.0914567394402468,0.2626706364179177,-0.28232476900305464,-0.4353339545386783,-0.5090109140258473,-0.43896588793463087,2.141150418694275,-0.7940889469723488,-0.5169805167993994,-0.7513799620931955,-0.6385730800525655,-0.6912222925684818,-0.4554017469835468,0.27947312255889667,1.4356026925286856,-0.2505568571100163,-0.37361047739819464,-0.08602139992103093,-0.48471540964791415,1.7489180214588111,-1.4910671286228925,-0.41782526923357377,-2.3457713977739405,-1.9035090943380457,-1.32703846080633,-1.8659578330120539,-1.1283518356405025,-1.5679731983854872,-0.496874387679406,-0.2446666149754295,-1.995358808303982,-1.2188398616573224,-0.5372000833344172,-0.8113665253124961,-0.1146360010152266,1.4953435417030498,-0.8700227880212664,-0.3600807424517257,-0.06892880703267347,0.44504404991189345,0.7228421409674027
27127,Redwood,Minnesota,-0.2764806249638491,0.1323867163875029,-0.930179905648083,0.34128063558720423,-0.05639925198754411,0.2984518716896253,-0.6056503142133651,0.4759933591410319,0.4378744349152629,-0.2834205117057816,-0.4288504355321199,-0.8255475148556282,0.3003168382784951,-0.6902841983539365,-0.039317592014215016,-0.852656689771235,-1.3055502378847905,-1.3739639472171736,-0.4707511019770058,-0.244612037840256,-0.3376211530249748,-0.4793522258683291,-0.3151431668887269,2.4825299718421756,-0.7133498111341566,-0.5007932675709589,-0.7541437953275008,-0.6372905375184639,-0.6972244559221737,-0.4546901956500424,-0.5877678175156197,0.5828538983053284,-0.20055871003816875,-0.3936975869697216,-0.08602139992103093,-0.4035228172690102,2.1215822474547035,-1.8884325992011546,-0.08343922215616573,-1.788097584353278,-1.3102434581717928,-0.704086721679357,-1.1917472681761765,-1.0763354922218673,0.06726727251582823,0.09046692760340702,0.2786371636829916,-1.3759416320734374,-0.38575914450478227,-0.7187665518622806,-0.8113665253124961,-0.1146360010152266,1.4953435417030498,-1.4143475532627192,-0.31220658750656316,-0.0672901867461935,1.2945343166608803,1.5770184678026256
27129,Renville,Minnesota,-0.2783023296895745,-0.2235251421458699,-0.4973495346394094,0.4536182002975375,0.433633179844285,0.6651966060269576,-0.6359900004382336,-0.11165746769495503,-0.27899160105543785,-0.5906104184130889,-0.0571284955767502,-0.7739218635187005,0.23256638014811354,-0.8667634935612711,0.6027657928866248,-0.7865332548250717,-1.2873825207527805,-1.6810937288751262,0.12550330747893765,-0.24002413947597262,-0.2932436750749498,-0.3979412759128166,-0.4661082513823524,2.4928484775609276,-0.7551735452024697,-0.5102606835555302,-0.7210552804637509,-0.6379506204340312,-0.6978822828642084,-0.45461651724130886,-0.5942315943636965,0.4375729991675976,-0.18742957099004268,-0.3710099126960143,-0.08602139992103093,-0.40234180433803823,2.1128175073697766,-1.8804212175579555,-0.004908206623856372,-1.772164046826973,-1.3314315166063013,-0.7532671221367492,-1.226029161303425,-1.1536931311521452,-0.05949555468582407,0.05341069320070568,-0.04201466147535453,-1.3926075650661873,-0.5500021944381539,-0.49853515400150705,-0.8113665253124961,-0.354556808206841,1.4953435417030498,-1.1421851706419928,-0.31089650508038597,-0.0678065857178195,-0.6225078098155911,-0.9919693129059562
27131,Rice,Minnesota,-0.12476366643968674,0.9685740506643412,-0.15943207739551038,-0.8129285357229586,0.48559454149684167,0.2736408376824397,-0.25456557062886825,-0.2709660682320336,0.36450251536956335,-0.0780023772158634,-0.09180192965610728,-1.083675771540258,1.147437814759791,-0.8667634935612711,-0.46737318194810806,-0.29348798031576856,-0.07248292099090671,-0.41662025625717797,0.7767587567005015,-0.10074429503395455,0.03824445862990313,0.027918755038689094,-0.1683878928423195,1.3073022485716221,0.2869148495526293,-0.440585973947505,-0.34641981472691824,-0.6346871677332093,-0.6296355210896707,-0.45101777725382514,-0.48552964126785586,0.8500527670409529,-0.21761327719551934,-0.10644001766769354,-0.08602139992103093,-0.04594305927006606,1.4170276662141266,-1.3578288245610954,-0.35570638704406854,-1.6048619028007745,-1.3314315166063013,-0.8188409894132737,-1.2488837567215898,-0.9269552239427098,0.28276407875863757,0.6852194897667604,1.1072014798921574,-1.3509427325843129,0.15006038721701623,-0.3704936436173364,-1.240803088095796,-0.8343984225900698,1.4953435417030498,-1.6865099358834457,-0.16128509201094532,-0.043738127435265506,-1.2921701235894543,-1.0565573149350846
27133,Rock,Minnesota,-0.29362866542867616,0.17885877430544975,-0.6055056747421473,0.13677335114190026,-0.2513963740327185,0.6928816721868674,-0.6179060786821461,-0.2071630968863746,-0.24837111251513264,-0.49424590154736775,-0.44990899593879186,-0.9976330193120466,0.5305448388552932,-1.219722083975942,-1.1094565668489478,-0.47800855854454066,-1.1285463848296875,-1.1906961125369169,-0.627800995310951,-0.24826037899758022,-0.30562894180683203,-0.47339817748551183,-0.3032893039872556,2.3760450512980005,-0.27805218062115555,-0.42199663603075793,-0.8086194128836912,-0.6393997489025706,-0.7115764364697437,-0.45560629305863026,-0.6266558522113111,-0.02610840760383501,-0.13987799305006865,-0.4128564586027376,-0.08602139992103093,-0.38940627566130387,2.213700040477348,-1.9840860204575022,-0.380488410530843,-1.6287622090902316,-1.2572733120855202,-0.6712997880410948,-1.1917472681761765,-1.193705703012634,0.1940300997174809,-0.15595703117455556,0.36585446012606165,-1.3009449336060614,-0.4650704271722282,-0.5372000833344172,-1.240803088095796,-0.354556808206841,1.4953435417030498,-1.6865099358834457,-0.33561963200867356,-0.06685297332233912,-1.5536454084467706,-2.0463684460314773
27135,Roseau,Minnesota,-0.27649526889251247,0.04240901635229699,0.35318674059617017,-0.21496381425718303,0.6673494696599284,0.5130569832384406,-0.6310341970545504,-0.015004397380343048,0.4474767752218883,-0.15095768383796548,-0.596954007967856,-1.4622638813443802,0.4943700754969234,-1.0236339781900128,0.10336760463041615,-1.2238381224570547,-0.6900128141273862,-0.3819198663435559,-0.19303824050152998,-0.2731070543946992,-0.40942115379574506,-0.4587976463670616,-0.7318109164418989,0.675633824480897,-0.5175029075515583,-0.5084589546390621,-0.6774706156371331,-0.6037258283101583,-0.6942506865863141,-0.44565899018615607,1.6932057296207346,7.562960892687016,-0.24168084347041585,-0.40150058094944807,-0.08602139992103093,-0.5374805717582605,0.4310840640093558,-0.18706092017526035,0.509631534628894,-2.3935720103528544,-1.8187568606000097,-1.4417927285402465,-1.843103237593888,-1.1616956455242429,-1.8574149871625936,-0.42832035403440905,0.701897572892008,-2.0036917748003567,-1.0664622792096312,-0.9236329684769536,-1.240803088095796,-0.1146360010152266,2.3883458897000116,-1.4143475532627192,-0.3174094862848099,-0.06899923586242988,0.9277688345496726,1.5301921663315077
27137,St Louis,Minnesota,0.262123071275552,0.100383365674984,-0.5837025044653509,0.1982128629919139,0.020101870347858132,0.5251050003804008,-0.5424243151045414,0.09655247268745683,-0.11271896412182418,-0.34907158654469805,-0.5718039782646481,-0.2920824510407248,0.30930904700704626,-1.298157326290311,0.24605280127504683,0.03834275716193175,0.17445122934194351,-0.35099304432227374,0.9524989203449064,-0.21922013786345285,-0.3316619507122184,-0.48604443118054025,-0.8109264428421277,-0.8195613407837443,-0.7346371389307395,-0.4592968794267835,-0.14526865578206985,-0.21905595347315943,2.210533145336614,-0.2953604452386864,3.519866477355131,0.4096859382889343,0.4217863325438847,0.37915070317696176,-0.08602139992103093,-0.5337290811868328,-1.1393730812626013,1.3381507419325034,4.3679498349194406,-2.234236635089808,-1.9352911819898098,-1.769662064922864,-1.9002397261393014,-1.0683329778497697,-1.4200832333168927,-0.495021575959271,0.3709848893285951,-2.048134262781024,-0.9965184708729862,-0.5087784748322407,-1.240803088095796,-0.1146360010152266,1.4953435417030498,-0.59786040540054,0.48960128824036897,-0.06481855138651348,0.23795783396533066,0.14800892290815967
27139,Scott,Minnesota,0.11551684385491198,0.712152699197194,2.212299249131911,-1.7578564264773109,-0.1139960274647223,0.029093656014175146,-0.2873573626123712,-0.16826742168884284,1.894595273717575,-0.04724310366223594,-0.3219919932193583,-1.772017789365936,3.637799132865408,-1.3962013791832746,-0.7527435752373701,-1.3879822745625603,-0.23892055424638517,-0.14983122541226676,1.167486301007747,0.44932813112552816,1.081450810573497,0.689846127095214,0.4697629144332628,0.5801552486568571,0.43423961504245073,-0.4641157475461286,-0.2613841639393668,-0.626972667738034,-0.5572511692330704,-0.44403490672767526,-0.2725485892476007,1.6879712851324244,0.05923231051217409,-0.08463230898126223,-0.08602139992103093,0.7844206696831285,0.7677224410629161,-1.0850560099578466,-0.4656691697451504,-1.5809615965113175,-1.2466792828682656,-0.7368736553176192,-1.1688926727580118,-0.9883078341287924,0.04402742086219208,0.4721461419512285,0.25041980306905676,-1.287056656112103,-0.22963457232477102,-0.411466926940271,-1.240803088095796,-1.5541608441649128,1.4953435417030498,-2.2308347011248983,-0.03289701424557594,0.013742608469129912,-1.2561360268975252,0.020447618900631227
27141,Sherburne,Minnesota,-0.036121037454468076,0.7358604135419559,1.986103540091512,-1.667048443016113,0.55751477748514,0.5414300316164877,-0.44541549935989433,-0.2510151636228762,-0.018869054914095768,-0.397329768979001,-0.5033692450426194,-1.5483066335725904,2.718328629667372,-1.494245432076238,-0.1820027886588462,-1.4847992374790282,-0.7625730753172629,-0.45963283224457896,0.038340456673309875,0.0325917406549749,0.2848451994992097,0.27411348677411773,0.3299676400104495,0.17770479130215264,0.5241228696282896,-0.4555230671945071,0.00028891948340990553,-0.4862000581057039,-0.620466606795906,-0.43167318978683333,-0.0013922110356969027,3.586570568834844,-0.09628312370910246,-0.10286082579094559,-0.08602139992103093,0.2765513113824965,0.4121302846464793,-0.5200779788223313,-0.4041311162311163,-1.788097584353278,-1.4479658379961013,-0.9499887239663202,-1.3288748406851687,-1.1523593787567958,-0.2813305022887155,0.01635445879800468,0.6300715640565386,-1.4870478520251047,-0.4638214305947879,-0.4831701727554066,-1.240803088095796,-1.0743192297816841,1.4953435417030498,-1.958672318504172,-0.1205602440200643,-0.025783192382706724,-0.6078310863068178,0.8810827459387668
27143,Sibley,Minnesota,-0.27737390461231576,-0.19328019922635775,0.5467010100207835,-0.09420141434790384,0.22146654535528404,0.7301420047619498,-0.6200887988208341,-0.2932290149184143,-0.3112564548488354,-0.5419236528040988,-0.033665711639611566,-0.6534620103992067,0.7574779843254468,-0.807937061825493,0.10336760463041615,-0.9254894189278999,-0.7646909641716303,-0.2760197408683629,-0.9423199346650843,-0.22647763822126724,-0.269967749476447,-0.2827492218061452,-0.6162092149444711,2.298391708659733,-0.7070384687666428,-0.5185111011176163,-0.5971323499085373,-0.6390425331620612,-0.6977143621604935,-0.4528159806242729,-0.5261944938790568,0.5166014603957914,-0.20147681546165291,-0.26416670876301973,-0.08602139992103093,-0.39375742456590984,1.9431308140531491,-1.7191544219331176,-0.29267158271247373,-1.6526625153796883,-1.2466792828682656,-0.7204801884984869,-1.1460380773398462,-1.0603304634776718,0.18135381699731556,-0.10963673817117914,-0.0445798760766217,-1.303722589104853,-0.49067485700974983,-0.6368199852164114,-0.8113665253124961,-0.354556808206841,1.7930109910353704,-1.6865099358834457,-0.3187757151006805,-0.06571256700374804,-0.9590704519107065,-1.03395151422489
27145,Stearns,Minnesota,0.15084385736246855,1.439028444170586,-0.7640176115537591,-0.9452548273914799,0.14505000457261763,0.18558721063942651,-0.13240849098038365,-0.3007900786022963,0.3375841445195038,-0.2435128310381016,-0.44622829903540256,-0.5674192581709984,0.7363359973911433,-1.0236339781900128,-0.39603058362579246,0.4349876982278016,-0.03212445639785442,-0.6013214883043196,0.4490834333199793,0.011202858005053468,0.08824804010266739,0.011257374108445455,-0.4115616135982763,1.331582667618986,0.008718444155794104,-0.48458653594449236,-0.3833711699877576,-0.6325564991902498,-0.6374421355620025,-0.45348619359815323,-0.3357740957071578,1.8508609736328219,-0.17037472468530893,-0.13232094693955507,-0.08602139992103093,-0.07936549534467988,1.3150551434768527,-1.2442594396427589,0.2951419299074226,-1.9235326533268673,-1.5539061301686465,-0.9991691244237123,-1.4088659246487476,-1.2097107317568294,-0.3658390537564838,-0.13742891397320506,0.7249845043034089,-1.5898211054803966,-0.5443817098396737,-0.5548734185705422,-0.8113665253124961,-0.5944776153984553,2.6860133390323324,-1.1421851706419928,0.1387799299733356,-0.046648144147612584,0.4168397921195854,1.7885441744480215
27147,Steele,Minnesota,-0.21357323621166804,0.1768582275965088,0.3802667569382896,-0.3523155931230206,-0.11013287655362947,0.5369203554624385,-0.42939490456088814,-0.29607862642760857,-0.17515168418002028,-0.5103958301090952,-0.11477558134032627,-1.4106382300074543,0.8841926203018241,-1.239330894554533,-0.39603058362579246,-0.4378016527979538,-0.03923569724953546,-0.5052858444255065,1.1759557732993113,-0.10809270968627593,0.029826372432310913,-0.046051125962586065,-0.3033246649621145,2.14258309890941,-0.52525321956217,-0.346122218303299,-0.710811365145854,-0.6384071496996733,-0.6934934730568789,-0.45607480815137186,-0.5386733667740737,0.43660614249788104,-0.19673440788489643,-0.3811550741995379,-0.08602139992103093,-0.11221348195455154,1.8719727516828555,-1.7715248383018989,-0.4180188787920642,-1.6128286715639266,-1.3314315166063013,-0.8680213898706658,-1.2831656498488382,-0.7909124796170485,0.20670638243764586,0.7537735234117571,1.299592574987165,-1.3703863210758536,0.2612210826091843,-0.7546181747698484,-1.240803088095796,-0.5944776153984553,1.7930109910353704,-1.4143475532627192,-0.23390108934762652,-0.05315573882537361,0.7106865171600468,1.2363167570989735
27149,Stevens,Minnesota,-0.29219356041966416,1.943748986439869,-2.299244882353243,-0.645673904871175,-0.03675255525873335,0.5232394369933449,-0.5776031981906992,0.03512602993166331,0.2365102277120592,-0.4705470859636327,-0.14961495459928512,-0.44695940505150283,0.22810459719119883,-1.1805044628187567,-0.7527435752373701,0.3940003584687622,-0.30780611168382505,-1.4859234798446768,0.9541745909749288,-0.22271392841227122,-0.3311278694404094,-0.4957977196341392,-0.3288280678560141,2.266895647127827,-0.685887051816628,-0.48717296919682324,-0.7929797182847107,-0.6392754281385087,-0.7110288900970766,-0.45620951754236083,-0.6177291999224912,1.5441546729317894,-0.18834148053939775,-0.12716427388011456,-0.08602139992103093,-0.40635628805516255,1.9216896847604907,-1.692869563836091,-0.3115559611867707,-1.9713332659057812,-1.4903419548651193,-0.8516279230515335,-1.3745840315214992,-1.3217459329661974,-0.8771157901364817,0.16457939640880903,0.07085478098038316,-1.5564892394948966,-0.8054219945246525,-0.5372000833344172,-1.240803088095796,-0.8343984225900698,1.4953435417030498,-1.6865099358834457,-0.3428812317423417,-0.06732434653536555,-1.0511873624173962,-0.8353434079853201
27151,Swift,Minnesota,-0.29377217592957733,-0.34303724137049835,-0.5700079520672506,0.5999075525428,0.11128939215396275,0.6464531512609718,-0.5567674894116306,-0.23093147060831762,-0.385795150032684,2.7982660245158857,-0.32683581221465674,-0.8599646157469105,0.302376122720148,-0.8275458724040856,0.4600805962419936,0.17073203207791973,-0.7635839448597062,-1.194639048995117,-0.2186133037459328,-0.252164663725276,-0.3361665007726651,-0.41440828455317874,-0.45413521935146306,2.146706410343935,-0.5365975193734907,-0.4895641218360888,-0.8011027346725325,-0.6379733651212143,-0.6831106295676995,-0.45535776582248705,-0.5721785263453797,2.3935988171944578,-0.16790560500085608,-0.28814906802886475,-0.08602139992103093,-0.42018575173850653,1.8708995459671443,-1.6375196939215042,-0.17987912184883928,-1.891665578274258,-1.4373718087788467,-0.8024475225941413,-1.294592947557921,-1.2057094745707806,-0.48415102581135944,-0.01329052872415626,0.06059392257531585,-1.4870478520251047,-0.6973837905760845,-0.9236329684769536,-0.8113665253124961,0.1252848061763878,1.7930109910353704,-0.59786040540054,-0.3331491908621679,-0.0683125236890071,2.26728852557037,2.2002926873837145
27153,Todd,Minnesota,-0.24867473321780845,-0.13329488285371624,-0.9520260649476179,0.5969277190645954,0.7556553401730983,0.7258018184405206,-0.6352593645001379,-0.223545473649349,-0.378617889485294,0.4950654493125428,-0.2103975422442439,-0.46416795549714485,-0.2729193074629604,-0.5726313348823804,0.5314231945643092,-1.3552626043203115,-0.07794854231011264,0.7548530780877186,-0.6474779498087772,-0.24242912198723604,-0.3065115009887945,-0.39348731669389236,-0.38652732734559914,0.49965238499572956,0.3580748926506678,-0.45115842895388814,0.07443209787306351,-0.6139856376701931,-0.6001030908794603,-0.43057954424991013,0.05874782441014482,4.00563289647832,-0.2259175197966464,-0.1326231554163329,-0.08602139992103093,-0.38362457433356695,0.653993894716803,-0.47020321378928537,-0.010671814249686775,-2.0032003409583905,-1.659846422341192,-1.2286776598915456,-1.5117116040304914,-1.228383265291724,-0.8369742281892919,-0.037377081085912145,0.6249411348540053,-1.7092602919284392,-0.6830203299355241,-0.5372000833344172,-0.8113665253124961,-0.1146360010152266,1.4953435417030498,-0.8700227880212664,-0.2704523890379715,-0.06562135250004057,1.3136658783931,1.5237333661285943
27155,Traverse,Minnesota,-0.3113653918257714,-0.7109013782224258,-1.1120413657381554,1.208755830917681,0.3057730219256938,0.36415746107768965,-0.6207715204330223,0.6759168450494852,-0.35505307292898647,-0.10017266538423664,-0.41773461798274636,-0.44695940505150283,0.12905301554769263,-0.6118489560395658,-0.039317592014215016,-0.9746897803919609,-1.1211109850631484,-1.150386222000664,-0.20862223737242458,-0.2798175167963214,-0.4277413496020436,-0.5328945779161505,-0.3648365374752012,2.463798116191659,-0.7368071215452577,-0.5092189922089959,-0.8003481134927549,-0.6393997489025706,-0.6954080114102879,-0.45601069903589586,-0.61642711485061,0.7366394743984359,-0.22939362466661925,-0.18453042706156278,-0.08602139992103093,-0.4699358413005251,2.092524309597883,-1.8315091785356878,-0.3036998810249477,-1.963366497142629,-1.426777779561592,-0.8352344562324036,-1.3631567338124164,-1.217713246128927,-0.8961302142167296,-0.12631204365239462,-0.03431901767155439,-1.5314903400057713,-0.8859822737695382,-0.5372000833344172,-1.240803088095796,-0.1146360010152266,1.4953435417030498,-0.8700227880212664,-0.35766644769491335,-0.06972604987850127,3.4264058069519687,2.182530986825704
27157,Wabasha,Minnesota,-0.2575694554879502,-0.6995072136821201,-0.07662732407966814,0.6826042037062848,0.05579137136252685,0.7611038198012838,-0.6495964765560818,-0.31644628454720286,-0.343270091423125,-0.54199478714496,-0.48486156319037765,-1.0492586706489724,0.529446553819745,-1.1020692205043836,-0.25334538698116177,-0.8636077803649846,-0.25434409125341206,0.11556887635298087,-0.1532091653245374,-0.23450007638633738,-0.25270775958823594,-0.25762365871829507,-0.38106582911176773,0.8705215109298743,0.29514177198221203,-0.247452477121747,0.22367329210520015,-0.6213087961911565,-0.5101998468072596,-0.45271219426027215,-0.38077668802987363,0.1835794464894888,-0.09881302735538638,-0.039941372975636755,-0.08602139992103093,-0.3175741044851798,0.9906847941495215,-0.8260573114273781,-0.3307456470417641,-1.5411277526955558,-1.2784613705200287,-0.7204801884984869,-1.1346107796307632,-0.7722399460821538,-0.0425938443922704,0.6277823264425733,1.0789841192782232,-1.2703907231193532,0.10010052411941281,-0.6982799102008133,-1.240803088095796,-0.354556808206841,2.3883458897000116,-1.4143475532627192,-0.28005342167552755,-0.06265664390059694,-0.35694513379927834,-0.6480382021008477
27159,Wadena,Minnesota,-0.28083865813407327,0.23213683867090895,-1.0037927921641951,0.2860432920183738,-0.20584857199322718,0.7021964506251133,-0.5939346444305204,-0.1592213470079782,-0.34519182041710683,-0.5749005273820307,-0.5493188770536386,-0.3437081023776508,-0.34725947580663136,-1.00402516761142,1.8869325626883042,-0.6068115711970611,-0.07943663022738531,0.08997930440078865,0.20706407409678995,-0.23746088907365076,-0.30339573784365226,-0.44644628270325265,-0.40359377561444426,-0.11344569460600092,0.31413620353414273,-0.4566672446741122,-0.18190341177748667,-0.31108167693764416,-0.25756945667744297,-0.36177093739049687,1.1359523971020569,5.9260195844072685,-0.22264084893216024,-0.3320565997410241,-0.08602139992103093,-0.4045125263066043,0.03044033528035961,0.14504662212768893,-0.33538482992405405,-2.0589677223004568,-1.691628509992955,-1.2778580603489378,-1.6031299857031522,-1.1750331694777392,-1.086274455019208,-0.14669297257388048,0.3248110265057933,-1.7675910574030644,-0.841642895270415,-0.647063306047145,-0.8113665253124961,0.6051264205596165,1.4953435417030498,-0.0535356401590872,-0.30857578763972915,-0.06562148919706531,-1.2922254690230097,-1.9462570428863284
27161,Waseca,Minnesota,-0.26639974447197295,0.02495380540594519,0.3871722632637613,-0.21580805451038665,-0.7574394204492794,0.6110378243045322,-0.5069664006860811,-0.2550490200453511,-0.262989003983271,-0.3861315656705246,-0.24429255369135638,-0.9632159184207626,0.5618459623684179,-1.1805044628187567,0.10336760463041615,-0.728496888745561,0.06672223939086569,-0.23356200313062042,1.3847861889846087,-0.18567879331068599,-0.18606164233039385,-0.3196789466658947,-0.2954437351002807,2.250319513471789,-0.6468010402347206,-0.4591773957778604,-0.7313867422113819,-0.6387389331996646,-0.6974303693395307,-0.45540238136321526,-0.4526978090964015,0.6099778249210452,-0.2314971627496738,-0.2567641449958843,-0.08602139992103093,-0.28533203133640056,1.923054227360876,-1.7464463501704475,-0.4175720875032402,-1.6367289778533836,-1.3102434581717928,-0.8352344562324036,-1.2603110544306726,-0.8922776616636197,0.09261983795615891,0.44991240130960797,1.1585057719174932,-1.3620533545794788,0.043271179845888484,-0.6265766643856777,-0.8113665253124961,-0.354556808206841,1.7930109910353704,-1.4143475532627192,-0.30327931154532684,-0.06189613237249929,0.9053446451166173,1.4494571637950973
27163,Washington,Minnesota,0.44772022315532817,0.16459152953640088,1.302065274526274,-0.8000863965522782,-0.28618887758130107,0.08949644205864417,-0.2997732989258471,-0.25913844997015667,1.8780552896853169,-0.1524047767048129,-0.38176284202928457,-1.703183587583368,3.098197966337617,-1.5138542426548327,-0.6814009769150549,-1.1760031183096422,-0.6171790749123113,-0.7619005148016428,0.9309197518792751,0.4575771327774418,1.3058761060435986,1.4849911390609543,1.4221215294551823,-0.24243315275965993,0.9706680192852336,-0.47009889469361166,-0.17432611629403785,-0.5105591756156739,0.02896009626397597,-0.4460211501322839,-0.41280262505853527,0.9400693783916579,0.054891596080000896,0.3087419465414091,-0.08602139992103093,1.3864755285697634,0.20050666029746483,-0.7935238279105331,-0.4249664833332783,-1.5729948277481651,-1.2890553997372833,-0.8352344562324036,-1.2488837567215898,-1.0856717589893148,-0.14611681994028655,0.11640629168529759,0.5120716923982671,-1.33149914409277,-0.3876326393709425,-0.4319535686017383,-1.6702396508790962,-1.7940816513565272,1.7930109910353704,-2.2308347011248983,0.4617901098789493,0.058903144669587786,-0.8652756294974894,-0.3331716922088469
27165,Watonwan,Minnesota,-0.28899532639958025,0.3464963878280629,-1.1383610708604204,0.24770342383023208,-0.2760389400660155,0.6265429161503421,-0.6076373513536242,-0.16756612825473413,-0.17729852403376833,-0.4338155779033215,1.2330613689061007,-0.7567133130730604,0.10763645735450211,-0.16084631273193314,0.24605280127504683,-0.6551502504830241,-0.4970950959328554,-0.34823455732078407,-0.1712758751277325,-0.22908625019477152,-0.2415083682532698,-0.3611906732487177,-0.4163636763916262,2.49619559327884,-0.7872606137802608,-0.510194962289625,-0.7805178739701244,-0.6390744948696695,-0.7085753873991251,-0.45607709317844564,-0.5347960524190105,0.4800235631692161,-0.2336904226274712,-0.3343195644933692,-0.08602139992103093,-0.35831717771445765,2.101594252294336,-1.888516612406468,-0.412463773767685,-1.6845295904322977,-1.2360852536510107,-0.6549063212219648,-1.07747429108535,-0.9656340434078489,0.4665701782010333,-0.28009541642360436,0.9019843117908163,-1.2842790006133116,-0.1890421835579682,-0.5372000833344172,-0.38192996252919614,-0.354556808206841,0.6023411937060877,-1.1421851706419928,-0.33137122185521306,-0.06570629992293756,0.37519775303546943,0.5210046346263765
27167,Wilkin,Minnesota,-0.302731331485838,-0.29721644025678423,0.102256401054247,0.22289426393741313,0.9018358639282977,0.6794192879458126,-0.6276627378470456,-0.06670712595473378,-0.38348039751289587,-0.6448999727686667,-0.48104109878701246,-0.9287988175294786,0.972535922848735,-1.3765925686046818,-0.25334538698116177,-0.8128045237637401,-0.805646149173882,-1.0954801252625528,0.5120225884045537,-0.27173961870962526,-0.3898133769218243,-0.35117590520728614,-0.5075551653654258,2.4923335992777154,-0.7626001246118477,-0.5152728469265127,-0.8156655487870669,-0.6384476491213573,-0.707862736457784,-0.456131989705558,-0.5495173972679492,1.152307203311413,-0.24671599391288096,-0.39458964470136004,-0.08602139992103093,-0.43320332986368826,2.1089501309083225,-1.8633373382953518,-0.18057164834651662,-2.0350674160109996,-1.5645001593859014,-0.9335952571471879,-1.4774297109032428,-1.1910381982219347,-1.3545891059293724,-0.3449438266283316,-0.1856666791462937,-1.637041248959855,-1.1195446337508352,-0.5372000833344172,-1.240803088095796,-0.5944776153984553,1.7930109910353704,-1.1421851706419928,-0.34997439230692984,-0.06916122649932442,0.6664897908228159,0.7632096422356079
27169,Winona,Minnesota,-0.17305348560007416,1.3597985026670922,-1.6901017832350254,-0.4110556108379131,-0.24742183818943544,0.5502075352046545,-0.5572719636362188,-0.2965669956570301,0.3539871363296824,-0.5686087846393232,-0.4805399819079872,-0.6018363590622807,0.5832625205616084,-1.1216780310829764,-0.6100583785927393,0.14616228141813314,0.030017068720452178,-0.6421189409510825,0.898206712378675,-0.14829618735792874,-0.09519692776257348,-0.13011094069999918,-0.4767974887359298,0.3702356856873397,0.5815208823806901,-0.3642658012760222,0.8906553001937967,-0.6211162987161087,-0.3633338524912234,-0.44858400935187387,-0.43800722420625376,-0.10702521495935662,-0.1925096688978759,-0.22113743163681995,-0.08602139992103093,-0.23436808985528637,0.6276728302770532,-0.5090522542048619,-0.26223020290059423,-1.469426833827185,-1.2254912244337561,-0.8024475225941413,-1.157465375048929,-0.68021103080303,-0.12498968207334456,0.47585176539149887,1.6022878979366437,-1.2509471346278116,0.1950242640048594,-0.647063306047145,-1.240803088095796,-0.5944776153984553,1.7930109910353704,-1.4143475532627192,-0.19179129707764386,-0.054427463815076176,-0.3166621779456483,0.05112691986446742
27171,Wright,Minnesota,0.08436627880215358,0.7501575356197212,1.5075538595136992,-1.4418939468097312,0.23600268596673038,0.625708992513303,-0.5395613175871182,-0.29538165967114466,0.022989082932100533,-0.4589963776622814,-0.47751536200095807,-1.5999322849095163,2.447258154331124,-1.4550278109190526,-0.39603058362579246,-1.2299563844608215,-0.688421591346679,-0.35558500716863434,-0.2455280131602819,0.019684839675220483,0.34396557546862416,0.3248789700507712,0.021062067171852227,0.8824532373141137,0.18608998500349822,-0.47374629080060027,-0.3315336599320674,-0.628284092936273,-0.6295894454594076,-0.44365187721953914,-0.3871371846085146,1.9058187085031109,-0.17758416796298357,0.2930021513781302,-0.08602139992103093,0.22492401638997983,0.9530888009901661,-1.0237199697050179,-0.20811633130252002,-1.7482637405375163,-1.4055897211270834,-0.900808323508928,-1.317447542976086,-1.1390218548032995,-0.4144314708504506,0.007090400197329261,0.5685064136261362,-1.4509383305408126,-0.5150302902698316,-0.5548734185705422,-1.6702396508790962,-1.0743192297816841,1.4953435417030498,-1.958672318504172,0.004234464804933222,-0.030357671031105617,-0.564910880298896,0.7696684424385207
27173,Yellow Medicine,Minnesota,-0.2924747238500012,-0.13470497712396703,-0.6418552579759035,0.443756294305338,0.15422036129078717,0.5184972347717004,-0.6221491997108796,0.2761583870022351,-0.42481457765399677,-0.1776452416772301,-0.3328593962214539,-0.8427560653012686,0.36738086826165905,-1.0628515993471983,0.03202500630810057,-0.966526366114712,-1.0948048317464292,-0.8944679744925196,-0.6812098718050488,-0.25750980611010094,-0.36945736898926673,-0.4806175140722369,-0.3083568859370459,2.2803032886057726,-0.4415845577659384,-0.48229105451308896,-0.7649647815480614,-0.6381817197385672,-0.6914928204811097,-0.4558280482883735,-0.5909947152780327,1.0151336621350013,-0.17028213128905859,-0.34057702187542593,-0.08602139992103093,-0.414379697314828,2.045434351709593,-1.8097127493385563,-0.17152412474782938,-1.8040311218795826,-1.3420255458235562,-0.7204801884984869,-1.2488837567215898,-1.0830042541986153,0.014449427848473074,0.010796023637599624,0.17602857963232071,-1.4064958425601457,-0.45632745113014755,-0.5372000833344172,-0.8113665253124961,-0.1146360010152266,1.4953435417030498,-1.1421851706419928,-0.3347400052368117,-0.06822899907231893,0.1923155587955657,0.14316482275597486
28001,Adams,Mississippi,-0.2310170840354955,-0.5282860044725185,0.7230268034629957,0.12661959950849874,0.8634510155913386,-2.6288570109898477,2.93693333153017,-0.2997868558999425,-0.4154354069514982,-0.5643101259703569,0.02331317523598877,2.3064086662512144,-1.4510359365326049,1.133335185455186,2.2436455542998814,1.13695137996228,0.14456758466450087,-0.19064921863072698,-0.09643007852292523,-0.19477615981690266,-0.28339098604099267,-0.3668625873664806,-0.08957621524784333,-0.640441508143598,-0.4979454520868822,-0.43702294071613407,0.6224740903756936,-0.29800966734685336,1.7633939172828306,-0.3239651031017942,1.1810254560228544,0.2969186955167892,0.017484398812750206,0.49310022855016,-0.08602139992103093,-0.2766324914946302,-0.8559077483934179,0.9515627647811326,-0.37692897326321134,1.2870751582235185,1.1899474371002767,1.0500142279676477,1.219412548440263,1.0096532541049388,1.4003896719198727,1.1280414908790384,0.4402456835627977,1.2350545367907437,1.3740770331083045,1.4937907475761885,2.194689414170604,0.6051264205596165,-1.7789984009524775,2.123763420806724,-0.24002104582419734,-0.057718845001693275,0.24935346291021074,0.0834209208790315
28003,Alcorn,Mississippi,-0.21268288534893406,0.05389933050034557,0.3796314900210989,-0.23871956848424125,-0.6005531712907403,0.016645609715231727,0.16964741557467886,-0.3022375213125597,-0.49474923745428123,-0.5782405183108411,-0.4709512884820847,0.4823023190131645,-0.8392225289175177,0.8195942161977029,0.5314231945643092,0.3582963664382156,-0.7268302178110695,-0.5858235333182642,-1.0220481981337963,-0.15025297154416867,-0.2541387802214022,-0.21948028881687068,0.24467722945489176,-0.5718157063457706,0.5084443030787017,-0.404490692949335,0.3546785661505812,0.6415652928890672,0.7392058506636224,-0.30494150235279843,0.5894610306299426,-0.19701702520677647,-0.15056176032201377,-0.3653119598067241,-0.08602139992103093,-0.11675334232782016,-0.3329609836852006,0.3741178920423988,-0.44093182538725817,0.6338001196450279,0.6814340346720589,0.6237840906702457,0.5566292813134692,1.9979637790590075,0.6862924120172309,1.1465696080803893,0.5146369069995342,0.6406362600493244,1.6501052767225637,-0.1963571894948643,0.04750660025410388,0.36520561336800217,-1.1836635022878363,1.3072762729445448,-0.21383811276388368,-0.051638471687448034,0.514764296660261,0.440269632089966
28005,Amite,Mississippi,-0.2848950263738317,-0.8269303405181958,-0.7547273862973856,1.1377024203725032,-0.8100989274620657,-1.7271708511692352,2.0128242117480366,-0.3251196796421239,-0.5655751920095045,-0.47992399854896806,-0.6051430101298407,1.1018101350562763,-0.9710853759980272,1.133335185455186,2.1723029559775666,-1.6365887357042972,-0.5803420039116503,0.2652325926956329,-1.1814955503573592,-0.27598652606440904,-0.4321564786225639,-0.48661689061946417,-0.45654344508989,-0.8169324280278052,0.16430661503736638,-0.2561906076596344,-0.7045254888340038,2.692212982093039,1.2858842995588367,-0.11172635495975741,0.45211126428537124,-0.3272947585578571,-0.15805449388177487,-0.4044096590742187,-0.08602139992103093,-0.4795125359388537,-0.730026213922122,0.9167680859249409,-0.19521895609846548,1.4225102271971082,1.3064817584900759,1.0828011616059097,1.3222582278220074,0.7095589651512741,1.4405312338670622,1.4930453997456452,0.5505499114172687,1.3433831012436186,1.3953099749247855,0.5872568540562602,1.335816288604004,0.6051264205596165,-1.481330951620157,2.123763420806724,-0.31767150277004536,-0.06737315457095278,0.9401041592156315,0.5952808369598738
28007,Attala,Mississippi,-0.26768255262288576,0.45061049239564394,-0.650087884981515,-0.09138351886702581,-1.2583418127031285,-1.9796379407059623,2.2697272928260737,-0.32875775249312766,-0.4684250611274907,-0.6180548575646884,-0.5578343670798098,1.65248374931682,-1.2916473207486676,0.8392030267762957,1.6729047677213575,-0.10766901476619108,0.5457774170443448,-0.007691743498092017,1.5233743286110157,-0.27396562482366743,-0.4242252824309339,-0.5192574694193753,-0.2111200492656047,-0.7456078143310054,-0.10771017740111626,-0.2715933229326595,-0.5946009972421753,1.3948560621049984,2.786882247750639,-0.05440648443102262,0.9654129564084748,-0.2082630504353121,-0.2311222606014385,-0.38609027947874597,-0.08602139992103093,-0.4210933001267773,-0.7828816445928212,0.9429337375778495,-0.19133187188569614,1.0162050202763397,0.9250967066689126,0.8696860929572088,0.8765936171677833,1.3897726867795808,1.45954565794731,1.3225867214932197,1.2842012873795647,0.9572889869115755,1.8405772547821782,0.5872568540562602,1.335816288604004,0.6051264205596165,-1.7789984009524775,2.123763420806724,-0.29738394062752926,-0.0657292987437084,1.869428768442192,2.140548785506771
28009,Benton,Mississippi,-0.2967214631623836,-0.3043080889721736,0.7426789226165221,-0.08951401723423509,-0.29734727976619946,-1.4602661035469835,1.7581294253971447,-0.2786709321166602,-0.5989666387824515,-0.40161164078582984,-0.5124843203177636,1.0673930341649922,-1.225063790468556,1.0941175642980008,1.601562169399042,-1.1143832097891413,-0.2686806211739906,0.8179228889740564,-1.6022941024901487,-0.2795659566804339,-0.4260988725771132,-0.4924923826713596,-0.23782567800273574,-0.542352292997214,0.35333685898312933,-0.4671727143969984,0.890266642930641,0.5562459821792829,0.9931658403619217,-0.26525292375656856,-0.027070003058165117,-0.32130926011640537,-0.22780915560039702,-0.3569152962359611,-0.08602139992103093,-0.420898192628319,-0.37413431591565277,0.5454567958636046,-0.4356299020932127,0.7134678072765511,0.7449982099755862,0.6401775574893755,0.5909111744407168,1.7805621386170194,0.7855899599918588,1.1539808549609294,0.9276364578034838,0.696189370025158,1.6807056928698465,0.827974893578501,0.9063797258207039,0.845047227751231,-1.1836635022878363,1.3072762729445448,-0.34014877411060057,-0.06666208590498734,1.824785091121429,2.032363882107981
28011,Bolivar,Mississippi,-0.23120745510811955,0.9329501095420372,-0.21463335936377037,-0.7526176793723376,-1.5766882013334167,-3.294829044547684,3.6178006976870263,-0.3664593127489371,-0.2286024316495097,-0.5113304963901973,-0.5416763478294674,3.803552555022069,-1.7444153266534264,0.9372470796692594,2.2436455542998814,2.2233601701350003,1.5783391981593267,0.809585649319293,0.911553064211111,-0.22133797534231425,-0.21628299770463763,-0.3575321055089853,-0.634071550052573,2.0118054822450246,-0.833244540085773,-0.5220563500396451,-0.8307654458544921,-0.6392418084919073,-0.7105647060526594,-0.4558236931164737,1.0248243361375073,-0.20073972147716712,-0.15000177221135866,-0.08887202509078586,-0.08602139992103093,-0.4071497069554557,1.6038443953061519,-1.383511176396962,-0.0655377845172816,0.8648364137764457,0.9780668527551853,0.9680468938719932,0.9794392965495278,2.1313390185939696,1.8377214257655727,0.12381753856583799,1.191853561733961,0.9600666424103678,1.8730511657956201,1.7498737683445298,2.624125976953904,0.36520561336800217,-2.0766658502847983,2.668088186048177,-0.24342726013225816,-0.06381514369811725,-0.6404028508534013,-0.9176931105724585
28013,Calhoun,Mississippi,-0.2788500126215852,-0.019484357207199574,0.08655661779691844,-0.0251561571211099,-0.8983364902237535,-0.997246486883203,1.2608170801469896,-0.32069839746353057,-0.5758528729178836,-0.44769310371093596,-0.25085480589099324,0.46509376856752255,-1.172002894688632,1.3294232912411135,1.173506579465149,-0.3581882172534591,-0.7382829773284968,-0.22996750552947265,-1.2475590319438064,-0.26699062138855345,-0.40896517539611804,-0.38730246135184315,-0.5740038263525111,-0.2522619944495296,0.36367359761963813,-0.28384562776209143,-0.19422072715211733,0.9963700665729378,0.7603117654765715,-0.19464862295472335,0.4827247535002321,0.015120062631263921,-0.23078202452428415,-0.3742443071172185,-0.08602139992103093,-0.4684823534533693,-0.08382680888239785,0.2837574080633924,-0.3022329162933087,0.8967034888290549,0.914502677451658,0.9024730265954687,0.8994482125859489,1.721877033221636,0.6693907017236773,0.43879553098879753,-0.039449446874087815,0.9239571209260748,1.1423881679931673,-0.032464056203125854,0.9063797258207039,0.6051264205596165,-1.1836635022878363,1.579438655565271,-0.3101104556246796,-0.06577884763175659,0.08907905587420077,-0.23790438921588258
28015,Carroll,Mississippi,-0.29177767284562395,-1.051821243396678,-0.08459723312009529,1.0111534508710678,0.12273617448487875,-1.28124519354827,1.5472857086545084,-0.3184046232094618,-0.5120340162147599,-0.6774753527967702,-0.58439558557294,0.46509376856752255,-0.7438776592689867,0.8588118373548884,1.601562169399042,-1.1812236096513506,-0.4322675912987341,-1.0925722339341433,2.404636325631722,-0.2810716979847423,-0.4156851386050968,-0.48703516814084596,-0.37111430298296016,-0.4986001659537611,0.1679190815617782,-0.41484072243609404,0.4419635192372648,0.2806001367186789,2.493913946289977,-0.25330023258361034,0.20999290201086476,-0.30879683334505736,-0.14680115488115986,-0.3411362267937034,-0.08602139992103093,-0.4525120683234416,-0.4149535817440455,0.5987908896115587,-0.2673980888079926,0.9923047139868824,0.98866088197244,0.9516534270528632,1.048003082804023,1.4858028592447532,1.668704322830037,1.0650458923944466,0.7121584312970753,1.0211750633837844,1.7212980816366497,0.9047997998090034,0.9063797258207039,0.6051264205596165,-1.1836635022878363,1.0351138903238184,-0.3266736405842061,-0.06761070793752953,1.042978297552025,0.5177752345249196
28017,Chickasaw,Mississippi,-0.2708192821425834,0.7333466423761216,-0.39908788500489456,-0.47686527276579305,-0.2997898762224662,-2.053507095930298,2.370888079570052,-0.29557310831460254,-0.41579862177307775,-0.18198459671945136,-0.31522329517844033,1.4115640430778305,-1.2485396331033995,1.074508753719408,1.2448491777874646,0.24111269049200756,0.14621130521806594,0.5622286411256426,-0.4784464017562086,-0.24398737953085803,-0.3632149181363759,-0.332433923778327,-0.4578468310215823,-0.2544236782646745,1.3326361303189682,-0.41005214701613457,-0.2715307644148213,0.5075064705107317,0.39750412608030483,-0.2881826778721256,0.5957503092688257,0.07853409750333372,-0.21656723294595964,-0.32633170681910556,-0.08602139992103093,-0.399398601948325,0.35248554733755094,-0.170260322176801,-0.3644188171761376,0.9126370263553591,0.9674728235379306,0.9352599602337309,0.9451574034222802,1.6751956993843995,1.0306647592483866,0.6907779249271652,0.08881128318925062,0.9600666424103678,1.3434766169610226,0.5001886269950241,1.7652528513873038,0.845047227751231,-1.7789984009524775,1.3072762729445448,-0.299685942604955,-0.06379506463884173,1.1741667997492644,1.1426641541567368
28019,Choctaw,Mississippi,-0.29686497366328485,-0.43644118958609895,-0.086051728991932,0.4449400899329013,-0.5498372967837931,-1.0875327946126203,1.3363012147438724,-0.2936123446458591,-0.4705515353985651,-0.49673781665414796,-0.5874901381144786,1.1018101350562763,-1.0005331435136642,0.6431149209903683,1.173506579465149,-0.8678864901521008,-0.9957816541758147,-0.8664700807480388,-0.49234369985490584,-0.26007424867398304,-0.4211097804654802,-0.5121965094527994,-0.2347945703512111,-0.8018681910848756,-0.25672128492263396,-0.2813534212503037,-0.5240032313536129,1.6262104140362332,2.941198166967822,-0.0919562419209213,0.7999653551947534,-0.25338879158235955,-0.13757415740332055,-0.3908451249553422,-0.08602139992103093,-0.42125738153070724,-0.9057023024679752,1.062413390947105,-0.4273046910781243,0.9445041014079689,0.9039086482344041,0.8532926261380765,0.8765936171677833,1.5631604981750313,1.7996925776050772,1.2484742526878176,1.0405059002592216,0.9239571209260756,1.9379989878225052,-0.04270737703385951,0.47694316303740386,0.36520561336800217,-1.1836635022878363,1.579438655565271,-0.334983306258816,-0.06679907591518544,0.05698426719996289,-0.5560002992093397
28021,Claiborne,Mississippi,-0.2945863783632617,2.1839606127381863,-2.582345208063609,-0.7259872824788787,-1.2442786742443956,-4.746865366120244,5.177331320959962,-0.34213085569800805,-0.3180421402015156,-0.16924548642152235,-0.6030094736949436,3.9584295090328467,-1.681813079627177,0.4862444363616264,4.740636495580925,0.2703274700438149,-0.7976399323041555,-0.07733142711337543,-1.7829929868967784,-0.27148469677522113,-0.434760248042974,-0.5714289235635939,-0.5923704766559159,-0.712735758822435,-0.34901284598262494,-0.4503366564454831,1.3232503655266288,0.08436863758352979,1.0493371028313576,-0.1733902714630195,0.7238699052300446,-0.2635919065066731,-0.12188936346040494,-0.09302066879379794,-0.08602139992103093,-0.5455193575238798,-0.8597007687932942,1.071337716455925,-0.36687616926466987,1.231307776881452,1.136977291014004,1.0008338275102553,1.127994166767602,0.9789769490118978,1.00742490759475,0.7667432054527025,0.6428976370628726,1.1711684603185362,1.1711150892742899,1.1608828205773447,3.912435665303804,0.845047227751231,-2.374333299617119,2.9402505686689033,-0.3419641740440176,-0.06713680304928409,1.6212322667673393,2.5684442989497467
28023,Clarke,Mississippi,-0.2753940454570257,-0.15671604861896687,-0.27105376181595986,0.27936900126595576,-1.399603473959795,-1.3987940124574785,1.6612137902452138,-0.3325068202974276,-0.5640969650509925,-0.7097328567589801,-0.621690212897017,1.4976067953060406,-0.8852132147810998,0.8784206479334811,1.601562169399042,-1.4457831725935062,-0.15494373015702567,0.1701256618532032,0.7238544175012205,-0.2714324488596248,-0.4001245083649515,-0.39362949635605476,-0.3719457152080509,-0.8221443837488212,-0.26105195658923924,-0.25049803122141384,-0.7721681000522104,1.6259502564043562,1.4744741969194197,0.020548713095137124,2.1804963219456095,-0.1067192041849068,-0.19343789264924874,-0.3803540420093258,-0.08602139992103093,-0.4139062459507288,-0.9276263207916523,1.0805546535498558,-0.22355297033139138,1.3269090020392802,1.2429175831865493,1.131981562063302,1.2422671438584285,1.5644942505703807,1.1510894450899558,0.20163563081151037,1.6125487563417111,1.2822746802702019,1.533324096731916,1.2633160288846812,0.47694316303740386,0.36520561336800217,-1.1836635022878363,1.579438655565271,-0.3002099755754259,-0.06620159560390074,-0.10923366962101698,-0.6480382021008477
28025,Clay,Mississippi,-0.264337879316168,0.2045528469656876,-0.18983496031209465,-0.09390942717794594,-1.4663472048099957,-2.96681659291895,3.314882292909079,-0.3465424093638269,-0.4886514418055427,-0.5895653222781577,-0.5883118222029461,2.616162574272771,-1.5148737542238457,0.7803765950405174,2.529015947589144,0.026531418974813575,0.25028938089892167,0.6303998318191223,-0.21277972567332795,-0.2405888216976603,-0.3367077675344052,-0.3313644741571765,-0.36126433344653475,-0.634106630369341,1.66049288282989,-0.4391039121218975,-0.5906427257859934,0.06589907346449571,0.7089139154035707,-0.3397512918659084,2.2468654306123974,0.4800634872574234,-0.19235260767032375,-0.28939161730514007,-0.08602139992103093,-0.36405239649365156,0.12699024346322962,0.03371081286382205,-0.4301269227191963,0.9843379452237305,1.0416310280587127,1.0336207611485175,1.0251484873858574,1.5524904790122342,1.9940622459809445,1.0113143525105301,0.8660713073730814,1.040618651875326,1.86805517948586,0.7460283269326318,1.7652528513873038,0.36520561336800217,-2.0766658502847983,1.0351138903238184,-0.29103939859218525,-0.061177719772855764,1.72452594022124,1.8741232771366156
28027,Coahoma,Mississippi,-0.2561138489788094,1.3779512298261622,-1.0513770115314385,-0.7458755373025666,-1.6735977094602812,-4.139253900612628,4.553608405176204,-0.35613627271447024,-0.4649087783796906,-0.4579908285495171,-0.5829480332853892,4.078889362152341,-1.7490143952397845,0.662723731568961,2.671701144233775,2.5964219036670357,0.7779871951372542,-0.15586588118372618,0.1802236200352411,-0.21140684634079282,-0.24908324429415787,-0.40352477085098065,-0.5815870492771272,1.7795877691480475,-0.8309298579877012,-0.5224841968256967,-0.8305926110582917,-0.6393997489025706,-0.7045209458911937,-0.45620951754236083,1.5856330565355834,-0.21515951159627636,-0.2009296870155924,0.005647511094340424,-0.08602139992103093,-0.4164401683199212,1.3762442840414726,-1.158222587373671,-0.30568065573873426,0.8090690324343792,0.914502677451658,0.9352599602337309,0.9223028080041145,1.7632233574774745,0.88700022175318,0.2831593464974528,1.0969406214870907,0.9045135324345341,1.45026582433215,3.962431067782999,3.482999102520504,0.845047227751231,-2.374333299617119,2.3959258034274504,-0.28175652882955793,-0.06295355513207994,0.6285166206917475,0.6953922401050229
28029,Copiah,Mississippi,-0.23871393294097212,0.42552303913190814,-0.34639669478530544,-0.2195144882260167,-0.9342052356442856,-2.4983563830161235,2.8310955479520445,-0.3320944994577076,-0.4921723529313421,-0.49571919404358084,-0.46301997628504726,1.3083127404039803,-0.9213879781394698,0.8784206479334811,1.8869325626883042,-0.6925543973271129,0.19343736617840213,0.31960850459243156,0.669823059929103,-0.2623942864193795,-0.39193691715183704,-0.3869387755153886,-0.3937935351329111,-0.7994697498028832,0.24363827088791432,-0.3607108630749122,-0.2864186119729286,1.4006435964127044,2.1808564175685667,0.06336442547045677,0.3282800053277073,-0.2595177179433008,0.16004960362954965,-0.37888043222843043,-0.08602139992103093,-0.4131970320365809,-0.6769356491672172,0.8365217450682448,-0.15960224385770733,1.3189422332761278,1.2111354955347844,1.0008338275102553,1.1965579530220973,0.8722767573839281,1.0855953177024356,0.9390546954252628,1.0969406214870907,1.237832192289536,1.31287620081374,1.5142773892376558,1.335816288604004,0.36520561336800217,-1.7789984009524775,1.3072762729445448,-0.25995301416532246,-0.0633564453149376,-0.5021467286628657,-0.6173589011370115
28031,Covington,Mississippi,-0.2663294536143887,0.5252210367030383,0.0761021513476259,-0.5217761790111909,-0.5646236376516497,-1.4898510247595906,1.7723639950973809,-0.3435966427855644,-0.46823348358284,-0.429771459711304,-0.5297972719333004,1.1706443368388444,-0.9366953258224232,1.0941175642980008,0.6027657928866248,-0.8114448835313766,0.3804886185547675,0.9088665610022787,0.20736899542557044,-0.22506858649953623,-0.2791572100947496,-0.17661523046796201,0.03995186639568782,-0.7928879913698914,0.6761550604638994,-0.3567050217365305,-0.8064633549963781,1.3297620545148041,1.75929965189636,-0.006641561614795217,1.1327570721667168,-0.18336850887371567,-0.17949793741147066,-0.3912321877204177,-0.08602139992103093,-0.18099859921252112,-0.47474781496592794,0.5397028058097322,-0.43097582616796204,1.342842539565585,1.2429175831865493,1.115588095244172,1.219412548440263,1.283072495151611,0.9567197767140893,0.8000938164151334,1.3611577254175675,1.2794970247714113,1.4846132302117523,0.7460283269326318,1.335816288604004,0.845047227751231,-1.481330951620157,1.579438655565271,-0.2981138436935423,-0.061493879473586935,-0.2648397560592102,-0.3541627928683135
28033,De Soto,Mississippi,0.22075397280148165,0.7845955369876442,1.3891569556559835,-1.4146572699654532,-0.8924382156880061,-1.1896707624965672,1.3691619007695046,-0.3267956187561614,0.027722619823642766,-0.23574200897144892,-0.33636986130804125,-0.8771731661925526,0.8050474549276296,-0.003975828103191509,0.3173953995973624,-0.2937852834356588,-0.37838975838103833,-0.6119257224689135,0.28354509039151676,0.2933026417289458,0.6112688112178313,0.7302761450896063,1.1649899512109145,-0.0717231276959357,0.5808121424956818,-0.4536703519486721,-0.2687429653490039,-0.5045426912614216,1.3016592939727722,-0.3613987174376041,0.18458809732658682,-0.17670753377593723,-0.11167448316130134,0.01641497485401754,-0.08602139992103093,0.8137087509519093,0.19218824180954963,-0.5381542437227712,-0.3699069035071932,0.7453348823291609,0.829750443713622,0.8205056924998143,0.7623206400769567,1.3911064391749306,1.495461792321112,1.5301016341483462,1.9126788646899229,0.8017402789792407,2.074764113052195,0.5053102874103909,0.04750660025410388,-0.8343984225900698,-0.588328603623195,-0.0535356401590872,0.16473827747487604,0.00696763021937107,-0.46652391390008374,0.6873187398513817
28035,Forrest,Mississippi,-0.10155303950821717,1.7407001700807818,-0.5948650318165781,-1.3074201058176766,-1.3056653461449061,-1.6567016132860548,1.8966073025513508,-0.3154589826692134,-0.1879687766358624,-0.17457541505895996,-0.48878357249872234,1.5148153457516844,-1.063821818687131,0.6823325421475538,0.8881361861758866,2.111882208473234,1.5111555157896117,-0.21478298637944337,1.5504286295915333,0.03864138798473361,0.16663095454688243,0.4073013703355302,0.5322774124949297,-0.7921569604101909,-0.14177898208670775,-0.33135162740299323,-0.8210754663014495,2.18703288814177,0.45851922010631263,-0.15313086070329243,1.3578826333189549,-0.2207412918174861,0.22252001123810583,-0.3194930808866716,-0.08602139992103093,0.343246721512421,-0.8441307342145934,0.6724906746267411,-0.3898114554243052,1.4543773022497175,1.3064817584900759,1.0991946284250398,1.265121739276594,1.5231479263145427,0.8489713735926844,1.5004566466261853,1.225201351550429,1.3433831012436201,1.768135453290653,2.5232444910649208,0.9063797258207039,-0.1146360010152266,-1.1836635022878363,2.123763420806724,-0.12574442733507993,-0.03756757478160721,-0.8653441713104836,-0.48172409687584195
28037,Franklin,Mississippi,-0.2983205801724256,-0.2029443021472563,-0.31004227719941635,0.34137516234475734,-0.4343016557344512,-1.376786574301537,1.6653917082796734,-0.2981038425921273,-0.5699798357574207,-0.5787289705345143,-0.6192274315016766,0.8780989792629307,-0.9817250122799008,0.5842884892545901,2.100960357655251,-0.6611121611060422,-0.9420950376107157,-0.9729242945187215,-0.30932584288318254,-0.287003951982267,-0.43309514366973073,-0.4891705058040216,-0.46763428319686473,-0.8104050798628737,-0.450246601880926,-0.35808716866046486,-0.45800983713726384,2.2702990141903805,3.0394362503093277,-0.043908644528178824,-0.057995572978469946,-0.3208234748749367,0.4191618779734864,-0.3789394544714346,-0.08602139992103093,-0.4860087515019586,-1.0016752022041153,1.1836755473059295,-0.3178482718377096,1.3269090020392802,1.1899474371002767,0.9844403606911231,1.1965579530220973,0.8362654427094884,1.5841957713622683,1.5097207052268606,0.6557237100692063,1.232276881291953,1.5283281104221556,0.2543489270574164,0.9063797258207039,0.36520561336800217,-1.1836635022878363,1.0351138903238184,-0.33979318030920963,-0.06804326347151979,-0.45437857528632397,-0.9370695111811972
28039,George,Mississippi,-0.24915505407796756,1.1462655174828185,0.042271213376562214,-1.0770840291952928,0.22325987818068965,0.2814013952286586,-0.15652373470827918,-0.273454741589001,-0.34226387897645194,-0.7569337422151087,-0.48365315914443024,0.361842465893671,-0.26523131221412277,0.9764647008264448,2.457673349266828,-1.2604263405225573,-0.7929994910323115,-0.5047066356502687,-0.23226569257929852,-0.27801825822754667,-0.4097868759338527,-0.4864633435680967,-0.047200420235590165,-0.6871942911821507,-0.0710486997585031,-0.2929986067259411,-0.8219978589830645,1.6655542238900618,-0.28491350241211455,-0.15100063761006804,3.1356218532251923,-0.10891353297246162,-0.073412967117809,-0.3009648191241706,-0.08602139992103093,-0.3616829674450223,-0.7087774423178029,0.8452386879165289,-0.3797512049042833,1.549978527407545,1.380639963010858,1.131981562063302,1.3222582278220074,0.8682755001978791,0.2341716616646707,1.5949500443530733,1.0533319732655555,1.415602144212203,1.269785818892057,-0.06319401869532681,0.04750660025410388,0.1252848061763878,-0.8859960529555155,1.579438655565271,-0.2869219966813425,-0.06029400606462036,-0.042987909209297064,0.4531872324957914
28041,Greene,Mississippi,-0.28111982156441034,0.08524873912350171,1.8615367817016306,-1.0056160712022544,3.517409132899726,-0.7934751256766708,1.0294440942492837,-0.32843507020861745,-0.5849141781642281,-0.7502200233675499,-0.6127587098417763,1.2566870890670543,-0.4860552471740392,0.7607677844619247,2.814386340878406,-1.3819209754576895,-1.516401162479589,-1.0316576538404758,-1.54999426277571,-0.282284336799663,-0.39819292237975423,-0.4224127660133674,-0.31588596621356213,-0.8109027219924211,-0.47049716989045964,-0.18803666804426247,-0.8254758430104311,2.1193725155582595,0.5902676169947615,0.040726661113811874,2.2349131953332053,-0.018277632282432458,-0.05494473922200964,-0.34918656428752043,-0.08602139992103093,-0.4102407630321266,-1.0113282672588888,1.1603489282052635,-0.20463880577117277,1.4703108397760218,1.338263846141839,1.0828011616059097,1.2536944415675104,1.2430599232911221,0.7010814085240901,1.3466732738549758,1.3432012232087,1.351716067739994,1.5701694957663987,2.472027886911252,0.47694316303740386,0.36520561336800217,-0.588328603623195,1.8516010381859975,-0.3315770919507552,-0.06693616343193474,-0.9503280083781759,-0.57376199976735
28043,Grenada,Mississippi,-0.26011457028964696,0.4236425641952023,-0.10834446643442455,-0.33633623977872146,-1.1456925640470481,-1.9261606664771607,2.2240658788741623,-0.32641395261193057,-0.47720674386779377,-0.7421736916541272,-0.5868732608679693,0.9985588323824247,-1.0406891901258966,0.741158973883332,0.745450989531256,0.9455364899551506,0.5611381696512863,1.1333310138193027,-0.508535884329916,-0.19419525860214146,-0.23259491913890115,-0.2913274834554039,-0.27640778162488167,-0.5340190073284441,0.022929501354376117,-0.39586717400175975,0.11136835985864146,0.18583268881176485,1.5736336809755533,-0.306968664513327,0.8436037785555145,0.19404908204290824,-0.1024316584208978,0.35151354345468655,-0.08602139992103093,-0.2861560670196656,-0.5154334535879307,0.6246581703424735,-0.4051959688028136,0.9365373326448165,0.9462847651034221,0.9516534270528632,0.9908665942586098,1.7632233574774745,1.3856006754130132,0.8964400258621563,0.1965502964424549,0.9767325754031178,1.5851574546956795,1.391357539268852,0.9063797258207039,0.1252848061763878,-1.481330951620157,1.579438655565271,-0.27423291261065436,-0.06122998134835093,0.23555017056897087,-0.28796009078845686
28045,Hancock,Mississippi,-0.18140638250967053,-0.7052448562750899,0.5614871256152573,0.3700979633025732,-0.5688763002270673,0.2130126370646339,-0.08645216072480391,-0.19476884301246244,-0.20448917656167603,-0.1902411368174345,-0.4254883787167768,0.37905101633931104,-0.36524389326373363,0.8195942161977029,1.2448491777874646,-0.482811807268498,0.18146728249195998,0.6483862157870348,-0.13046145731545133,-0.1785747834511809,-0.15050766066075288,0.09898742855401399,0.19784208623661131,-0.8159782377630782,-0.31104672058719995,-0.34175694401378975,-0.8269553781138677,1.0415610279677305,-0.6731711087520653,-0.0922492625252798,2.4308429736696766,1.8521120437968082,0.12985333649406408,0.8028335682697014,-0.08602139992103093,0.005218983964506947,-0.9441768466737195,0.9156952835933868,-0.3285116905976439,1.5818456024601548,1.380639963010858,1.1647684957015643,1.4022493117855863,0.7895841088722515,0.3419200647860752,1.928456153977383,0.5582455552210693,1.4517116656964952,1.2566713548289363,0.10069911459641162,0.04750660025410388,-0.1146360010152266,-0.8859960529555155,1.579438655565271,-0.17719323575738322,-0.05285528781173728,-0.010097845277266192,-0.01669048226611767
28047,Harrison,Mississippi,0.2885114307269767,0.7130832205917653,0.44195167125972123,-0.877049466335648,-0.5332860571569764,-1.02865215080576,1.1309521452732256,-0.25053402003759323,0.6458156782492805,0.21201624276002357,-0.3015892240309445,0.5167194199044486,-0.4189225743761535,0.9568558902478499,0.8881361861758866,1.8469621527305422,1.386447542275581,0.4290052466574994,1.0887191326026395,0.01291127452574025,0.19208425182616126,0.4090403748103686,0.09236501276239797,-0.8221214633080002,-0.6183173283728626,-0.4278406113972966,-0.8288454557982173,0.7139418934684846,-0.6669337923668639,-0.23283785428284726,1.2288732695776552,0.08299871542825948,0.3231563666715716,3.0889181491243445,-0.08602139992103093,0.2262685517408245,-1.089260898357471,0.9613146711429322,-0.013054701123415138,1.5579452961706974,1.3488578753590945,1.0172272943293854,1.3222582278220074,0.6748814028721842,0.12431054475657208,1.5115735169469953,0.627506349455272,1.390603244723077,1.0149905170942788,1.0686929331007418,0.47694316303740386,0.1252848061763878,-1.1836635022878363,1.579438655565271,0.36256072382763904,-0.026296381931487946,-0.7413452185021687,-0.4752652966729292
28049,Hinds,Mississippi,0.35809937973539524,1.0636100781676188,0.03911288407654044,-0.999362270206622,-1.5144638742388619,-3.870426579125865,4.271711507881627,-0.37215612074910925,-0.35902169514251697,-0.5117434080833801,-0.5901638559424961,0.9641417314911407,-0.7515656545178243,0.662723731568961,0.9594787844982022,1.6777549800668183,1.3264197215952962,0.5373511735621306,1.0140069606604878,0.11124703435675903,0.26730812813375815,0.5187707786239276,0.5374355010874181,-0.6612170013736288,1.099990640250919,-0.47300374180287885,0.22792843372267216,0.055774991130879525,0.8936310339541076,-0.2740241812853532,0.424430009262024,-0.2682810265551164,-0.18829068019838252,-0.31670650435313,-0.08602139992103093,0.42848812510726725,-0.15332205550706812,-0.03592949603158107,-0.08652952857053205,1.2631748519340618,1.2217295247520399,1.0828011616059097,1.265121739276594,1.0123207588956384,1.1003843142092953,0.5054967529136598,1.371418583822635,1.2517204697834945,1.3035087264829397,5.452834248654745,1.7652528513873038,-0.5944776153984553,-2.0766658502847983,0.762951507703092,0.416667128028759,-0.01561748931402579,-0.9490659300515142,-0.6787175030646839
28051,Holmes,Mississippi,-0.2710916592157224,1.3289602464732262,-0.8454493272646844,-0.8032967018687067,-1.1248510351631154,-4.471072144150212,4.9278645981571225,-0.3619122473694384,-0.5439313368602455,-0.7208802719187959,-0.6168103624934934,3.3217131425440916,-2.0163095157663355,0.7215501633047392,4.455266102291662,1.2709581940061105,1.5036877393132473,2.4590739369176484,-0.09471573744397313,-0.2789461839165972,-0.3736834349789532,-0.49471907995649506,-0.41585871045969236,-0.04959049937732943,-0.07139663958192016,-0.45742512411139913,0.26084637333828375,-0.053088553767602645,1.6822462424078957,-0.3360350748398836,0.9366520016504258,-0.2414500246484802,-0.1812444070556786,-0.32980019871344163,-0.08602139992103093,-0.45428332668393356,-0.08113396089246576,0.27500917833928623,-0.17049650478353404,1.1118062454341673,1.1051952033622392,1.0664076947867775,1.11656686905852,1.2057148562213331,1.5630686334953265,0.6018429623606827,0.7224192897021422,1.1295036278366595,1.405301947544307,1.6064672767142587,4.341872228087103,1.8047304565176885,-2.6720007489494395,3.484575333910356,-0.3007340085458968,-0.0662365358731558,-0.6612045796269348,-1.0065016133625102
28053,Humphreys,Mississippi,-0.29729257638025575,0.6310118429411407,-0.5450338711150119,-0.3099025359229161,-1.3059139203703316,-4.023392095860064,4.450956447988832,-0.3323749000163612,-0.45793546631113247,-0.49054450593396276,-0.4286001123509118,3.889595307250279,-1.8710613198150818,0.8195942161977029,4.455266102291662,1.2038313103276788,1.5557635104700023,1.8251649934992862,0.5768658856114806,-0.2508478463872674,-0.2857136764526697,-0.4326635253749753,-0.47532918833401433,1.853996882617594,-0.8330356112548518,-0.5127160077269739,-0.8314325816405677,-0.6389020563652391,-0.712090939371263,-0.45485864282056065,1.2567876000952765,0.14730192442417162,-0.11124787216827929,-0.024083934382983053,-0.08602139992103093,-0.4168120687286178,1.4485565693791842,-1.2283655429340843,-0.41891990789119277,1.1675736267762338,1.2217295247520399,1.1975554293398263,1.2079852507311808,1.0576683403375253,1.4426439476537567,0.023765705678544746,0.5172021216008009,1.2239439147955775,1.055582905861082,0.9406514227165711,3.912435665303804,1.5648096493260741,-2.374333299617119,3.21241295128963,-0.34039207513260494,-0.06697676361946434,0.14358705024414306,-0.06028738363577926
28057,Itawamba,Mississippi,-0.25240600624123966,0.42374251062547585,0.12569085095094207,-0.4529820228697261,-0.25473885180467026,0.3640696518738572,-0.20195889700772593,-0.3223305519153771,-0.45603359458110654,-0.7358952883567638,-0.5798764792027633,-0.2920824510407248,-0.4467229143384681,0.8588118373548884,0.5314231945643092,-0.5882402522650416,-1.484695999964356,-1.325393921209239,-1.3179377001307746,-0.25411249819851545,-0.3380318883935069,-0.22841371370452057,-0.21294842149936355,-0.6483948721221023,0.017238711264082347,-0.3345297197081377,0.24307319292002746,0.7157099209773088,0.8035188475244286,-0.0986683364767061,1.046832271341973,0.06392138913064656,-0.14049964187807434,-0.27444639282172784,-0.08602139992103093,-0.29147919880533524,-0.6306258365971531,0.7389487868568625,-0.33749964202448796,0.8489028762501408,0.8827205897998948,0.8041122256806844,0.8308844263314528,2.0713201608032366,1.0327774730350805,1.194742712803901,0.3761153185311285,0.8656263554514505,1.769384449868093,0.42336372076452167,0.04750660025410388,0.36520561336800217,-0.588328603623195,1.0351138903238184,-0.2749628156766674,-0.061836057556375036,1.70707742485325,1.9564729797237552
28059,Jackson,Mississippi,0.09971311604138393,0.19585485850922474,0.9282668571451305,-0.6427305096586535,-0.443372166652077,-0.7197830940119535,0.820614178630199,-0.26410076727377346,0.37525177565628476,-0.07896072258939504,-0.21135425094823876,0.10371420920904087,-0.15842309250705716,0.4862444363616264,1.5302195710767263,0.2235326940385224,0.17341141036313082,-0.05261030078598247,0.3896659278082194,-0.1196695476658536,-0.13667590749424996,0.008021226229050755,0.04267487227807906,-0.8079716843636533,-0.6372194489958923,-0.4288615638363908,-0.8295062838965535,0.5025295266267392,-0.6194490685664163,-0.2920422480596597,2.5248608563723858,1.418632966157381,0.26889370603238144,2.250037810793126,-0.08602139992103093,-0.05180501863507326,-1.0838815879527466,1.0761382930624661,0.036963583660438705,1.613712677512764,1.423016079879875,1.1811619625206942,1.436531204912834,0.51349736303488,-0.17780752674069972,2.056300162666702,1.0558971878668222,1.485043531681995,1.1380166799721274,0.2697139083035169,0.04750660025410388,-0.354556808206841,-0.588328603623195,1.3072762729445448,0.14465658542790208,-0.04209290973385368,0.1993250223079664,0.8342564444676488
28061,Jasper,Mississippi,-0.27292800787011123,0.015787514639672328,-0.5573743085221091,0.2630374775242954,-0.7596156398786745,-2.5655943105918873,2.90936198916982,-0.3400213532047203,-0.5918247173892305,-0.5939215259508173,-0.5981952535330911,1.0329759332737083,-1.0158404911966177,0.9568558902478499,2.0296177593329356,-1.6615170930113627,-0.7537789056592896,-0.03540216643205171,-0.9941103603563304,-0.266146801717186,-0.40011448312837583,-0.43075237322376936,-0.3352140196888166,-0.8219201313435692,-0.1386805015349694,-0.33319454471072385,-0.7290319783945749,1.706165264284007,2.4208885132913567,0.02615653846231132,1.246375249343247,-0.23747265541153748,-0.18405794293654848,-0.37146900724611615,-0.08602139992103093,-0.4155597852384883,-0.872034294404956,1.0272208093000856,-0.23540038600670937,1.295041926986671,1.2111354955347844,1.148375028882432,1.219412548440263,1.1003484169887132,1.1637657278101214,0.4721461419512285,1.6689834775695802,1.2600534362798699,1.4246613944946285,1.2018561039002793,1.335816288604004,0.6051264205596165,-1.7789984009524775,1.0351138903238184,-0.2996110807520306,-0.06583154437701319,1.1826618026874072,0.9489001480693519
28063,Jefferson,Mississippi,-0.30043809225715146,0.19301891007849561,0.26056374938375343,-0.3075899137539361,-0.402628681968791,-4.618971731337694,5.079411331147953,-0.3446474281630954,-0.5778045552683136,-0.6092245645031755,-0.6373772223822829,2.4784941707076356,-1.7058380647797946,0.8980294585120717,8.379109010019016,0.5256760597362976,0.17230311114799998,0.9706159594011847,-1.0016631307696369,-0.29010048643896824,-0.4443232294766222,-0.5631735685086345,-0.5231993598517554,-0.7031405592895267,-0.39958170727996484,-0.39666904380788315,0.9067768205125506,0.7081485413979532,1.6681599590008014,-0.1037314713248688,0.19346834074454772,-0.29565989366814,-0.1958398837315644,-0.22803985153356768,-0.08602139992103093,-0.5306235699644726,-0.873134731585777,1.0779674951496667,-0.3470982082127248,1.231307776881452,1.1051952033622392,0.9516534270528632,1.1051395713494363,0.9789769490118978,1.2081327173307,1.1132189971179582,0.3299414557083267,1.1489472163282024,1.2710348154694977,0.7409066665172649,3.482999102520504,0.845047227751231,-2.0766658502847983,3.21241295128963,-0.34441589972729214,-0.06811802055779274,0.4760208126199582,0.24004682579966768
28065,Jefferson Davis,Mississippi,-0.28831877689533175,-0.4858558095334159,-0.5508804868586143,0.7219577193168294,-1.265196325040915,-2.987754521507182,3.3455983468112205,-0.33125629261599854,-0.527559205012119,-0.4422226785532226,-0.5652534996417916,1.686900850208104,-1.6230548302253467,1.074508753719408,2.100960357655251,-0.4941560174596588,0.8177589085155651,1.793212021778158,-0.3189583616711674,-0.26399323134380814,-0.3763841230521765,-0.29274235526994813,-0.1012315802478374,-0.8081641185393696,0.4683671646103869,-0.35858549627013664,-0.7816494064187051,1.9023092177651821,2.4300161282285377,0.061599408604752326,0.12494288401097497,-0.34492454087552354,-0.19848595510240372,-0.40123897238388234,-0.08602139992103093,-0.2967758882296512,-0.5838099402917366,0.6957201476003513,-0.43534693427695736,1.3587760770918893,1.2429175831865493,1.0336207611485175,1.2079852507311808,1.4484577921749642,1.0158757627415271,0.7685960171728379,1.2867665019808316,1.2683864027762435,1.550810048816078,0.8535831956553351,1.7652528513873038,0.6051264205596165,-1.7789984009524775,1.579438655565271,-0.32117129439426173,-0.06519876045168668,-0.6362383424583739,-1.2470919209210134
28067,Jones,Mississippi,-0.12146585370469183,0.679134693839239,-0.3289868527321052,-0.4618324015471497,-0.6785968732617395,-1.1161380146627882,1.3259713594436997,-0.27143029563154836,-0.44024019781218965,-0.5206672206159914,-0.3648221143635808,1.600858097979894,-0.9602398112719884,0.9568558902478499,0.9594787844982022,-0.12845810727477333,-0.16229644796374285,-0.6862820857358014,0.7840783633036148,-0.13666342671792597,-0.1529760336303675,0.014783565187817054,0.2642401582472244,-0.8132920923630259,0.40986033746183853,-0.36711117359835715,-0.8195762889682617,1.3594676785222453,1.6221705970763376,-0.07433139306517947,1.4326087027870433,-0.16150273478872254,-0.11038916824118886,-0.32545869743446776,-0.08602139992103093,0.002400328230760724,-0.6153325230271662,0.5972028562611541,-0.2189212339705819,1.3667428458550417,1.2641056416210572,1.1811619625206942,1.2422671438584285,1.1296909696864048,0.9419307802072298,0.8945872141420217,1.6407661169556453,1.3100512352581188,1.5083441651831146,0.6282301373791948,0.9063797258207039,-0.1146360010152266,-1.1836635022878363,1.579438655565271,-0.10833904653015378,-0.05052951157278632,-0.05915596090162274,0.1399354226545185
28069,Kemper,Mississippi,-0.2923780739208228,0.24297428150039402,-0.8136935446151061,0.18138619699526173,0.06303155730104212,-3.294648681306889,3.4612780407114783,0.1270443303307015,-0.5765885721717527,-0.7152633136706193,-0.6342821578355909,2.3236172166968583,-1.5272981036884852,1.4078585335554845,2.7430437425560905,-0.2564969886901505,0.29175202509132225,1.1176438141028513,-0.7104442042018184,-0.26496921661252987,-0.4209330483799281,-0.5023463929351448,-0.4148393837149144,-0.8166345093609152,-0.04507247857039298,-0.22313974194995642,-0.4897601705248739,1.5309715755640934,1.7260100136318788,0.013176227266381117,1.254487497709609,-0.0966449505139171,-0.20203645332464384,-0.3653869010180823,-0.08602139992103093,-0.4678803633244195,-0.8244737301719659,1.0035699466197996,-0.16878380484304184,1.127739782960472,1.1157892325794947,1.0336207611485175,1.0822849759312707,1.3644313912679378,0.8658730838862384,0.033029764279220164,1.25598392676563,1.123948316839078,1.2117074780410932,0.10069911459641162,2.624125976953904,0.845047227751231,-2.0766658502847983,2.123763420806724,-0.33619981136883775,-0.06823276443699995,-0.7283662140569177,-0.8918579097608071
28071,Lafayette,Mississippi,-0.16270022803505904,2.050807527512476,-0.8964252477137314,-1.4429337168485727,-0.6804223492648881,-0.8216901735173346,0.9242906436555061,-0.32463289046458194,0.25146515014532267,-0.27435279464640616,-0.5103369984844107,0.5167194199044486,-0.11586454737956316,0.741158973883332,0.3173953995973624,1.1799478664824465,1.4092655363315028,0.00817785254381521,1.9781838405217598,-0.20990217224574195,-0.25458503766983226,-0.2870467692633814,-0.3009526059992974,-0.7044906471189984,0.19287980730874119,-0.4430181160980387,0.4290249558176908,0.8064069238126778,1.1558765592968552,-0.2884286418773603,0.30641430291213373,-0.0373317198962606,-0.13122624974018562,0.08132468477238423,-0.08602139992103093,-0.3012719543656522,-0.6063842402492674,0.7196084539924966,-0.23411213779060006,0.8329693387238359,0.87212656058264,0.7713252920424222,0.7851752354951224,2.143342790152116,1.2694014171448318,0.6833666780466251,0.11446342920191821,0.8406274559623251,1.6369908126594441,0.23898394581131593,0.04750660025410388,-0.8343984225900698,-0.588328603623195,0.762951507703092,-0.22087512693877856,-0.054253897227531246,-1.3789124363802365,-0.9241519107753717
28073,Lamar,Mississippi,-0.13539222986357358,0.6296780784602538,1.1601720184977977,-1.1578962895231648,-0.9384235587290214,-0.6047720743683955,0.7540729855653698,-0.3114758519527197,-0.05422633889750071,-0.3891096134510999,-0.4929707246185005,0.2585911632198189,0.4725416604154023,0.46663562578303364,0.24605280127504683,0.5110401197329019,-0.23736867703932846,-0.7230934673735712,0.09835930253965855,-0.1376492910278424,-0.13314915698952562,-0.007413166295386266,0.27803337023706776,-0.818122781417936,0.2570356494127163,-0.21056610080215868,-0.8217070414907,1.911558352189621,0.9291991941869083,0.008649610638162336,0.9619271069023836,-0.25641557122810316,-0.10071367086162454,-0.31209307808484105,-0.08602139992103093,0.004266958265414058,-0.6892397888037332,0.6682511612762955,-0.36734530011793526,1.4304769959602601,1.2852937000555664,1.0664076947867775,1.265121739276594,1.5311504406866403,0.7877026737785525,1.3114698511724094,1.2585491413668968,1.3239395127520772,1.6981916449540078,-0.4319535686017383,0.04750660025410388,-0.5944776153984553,-0.8859960529555155,1.0351138903238184,-0.19676961029711737,-0.04440723035707896,-0.9577444047328005,-0.0958107847517997
28075,Lauderdale,Mississippi,-0.10381406209384425,0.4507622643063389,0.008354286229222883,-0.4194391256405786,-0.7285934187483165,-2.0366338620165947,2.3140573866832623,-0.33007259234010117,-0.33715221025287667,-0.41122169702296496,-0.5380314844501032,1.2050614377301283,-0.9690947343710961,0.5254620575188118,1.1021639811428334,0.8808242165054423,0.40610531528642946,-0.12627120079809787,0.4856464341455133,-0.0821290477344778,-0.09231526840683077,-0.07364469323853867,0.2185954989971877,-0.8202445058916003,-0.3478769079783004,-0.2555778895063684,-0.5978555102161914,1.2076808035953248,2.5317622287683195,0.12400500971866044,0.9139421878006015,-0.22429217426898415,-0.1367534732984683,-0.2484590547366925,-0.08602139992103093,-0.01077853965466406,-0.9650426223322053,0.9428880841315227,-0.20747593045520552,1.2552080831709094,1.2323235539692938,1.148375028882432,1.2308398461493464,1.3684326484539868,1.132075021009708,-0.28009541642360436,1.1123319090946913,1.254498125282285,1.1517556423239683,1.268437689300048,1.335816288604004,0.36520561336800217,-0.8859960529555155,1.579438655565271,-0.09183200796032057,-0.04920389306181128,-0.6720888941455601,-0.6125148009848272
28077,Lawrence,Mississippi,-0.28404860729708786,0.2212943134332851,0.06925203217864977,-0.23836289520483583,-0.7110569645350132,-1.2514187124048999,1.5050505843096915,-0.3320542352630181,-0.49330701533208143,-0.7431810784497452,-0.5457163395167121,0.8953075297085707,-0.8274159647853742,0.6431149209903683,2.100960357655251,-0.4379835501099454,-0.6109990046370889,-0.19348367185292575,-0.917893191704206,-0.2568175370780328,-0.3774750947019142,-0.33394450537602616,-0.3011266640137527,-0.7785140179051553,0.14283200151920725,-0.2849756289186478,-0.7199185515011862,1.372354227638249,1.936378442391927,0.04604362079409661,1.3052597277386582,-0.08756909655567915,0.007701006424990792,-0.3401776451300625,-0.08602139992103093,-0.364212784490369,-0.7019154055800673,0.8396594773569084,-0.4154647219242867,1.3906431521444986,1.2641056416210572,1.0500142279676477,1.2308398461493464,1.136359731663153,1.058130038475411,0.8075050632956742,0.9866363936326197,1.2933853022653696,1.3572155793128635,1.1967344434849125,0.9063797258207039,0.36520561336800217,-1.1836635022878363,1.3072762729445448,-0.3210964325413373,-0.06484750588572788,-0.17258987271516377,-0.3848420938321497
28079,Leake,Mississippi,-0.25417499282377687,0.7048503042516698,-0.014071986904894175,-0.6423568374357959,0.698465407067309,-2.3009866536188595,2.172571896367274,0.6189258375870624,-0.4283830048774611,-0.5570922752110653,-0.3537023787677331,1.600858097979894,-1.0100744947599896,1.9569052297560805,1.173506579465149,0.09695667359086735,-0.3978648780874297,0.5249618284887799,-1.6292456583683614,-0.26210753611807797,-0.3667220307291268,-0.46874055958612904,-0.000758281421234932,-0.799876814127422,0.3446547210752431,-0.2402346419764694,-0.6922585615720388,0.9279823798804894,2.549388407948889,-0.09689796821349927,1.5121399681776104,-0.193472080642262,-0.22680698358102547,-0.3809467169473429,-0.08602139992103093,-0.32666240749139286,-0.6316280481244515,0.7551129054727503,-0.3039977418841637,1.1038394766710153,0.9992549111896947,0.8860795597763388,0.8994482125859489,1.1977123418492353,1.1299623072230143,1.622742220155099,1.5945922541328437,1.0156197523862014,1.8299607838739373,0.6743250811174961,1.7652528513873038,0.845047227751231,-1.7789984009524775,2.123763420806724,-0.2925553511139046,-0.0627476376222777,-0.1071930871277056,0.3304700286404472
28081,Lee,Mississippi,-0.07068656667152849,0.6431647058464761,0.7266648777173433,-0.9544270773027018,-1.0409267708071304,-1.1722074911514908,1.4062507923800587,-0.3383781145580693,-0.2672590518187622,-0.5429664632031772,-0.5058508349983007,0.017671456980830835,-0.3376494817455843,0.7215501633047392,0.3173953995973624,0.46160593149951806,0.2127925243076474,-0.75955501163611,1.134225928132966,0.1602083561411938,0.3283727794784977,0.4765227301015558,0.7724209432458717,-0.14794808065475276,1.3116086591687333,-0.451393609575696,-0.2561546716794793,0.24207676434609246,0.22567224380235024,-0.3531568156029601,-0.09646786728493188,-0.19384039043986698,-0.14678946505873025,-0.3042001731547507,-0.08602139992103093,0.5065778194885762,0.4478095194912416,-0.6540760817291857,-0.40244820237654566,0.8409361074869884,0.914502677451658,0.8860795597763388,0.8765936171677833,1.9112698733612823,1.0201011903149155,1.1558336666810647,0.21194158405005517,0.8961805659381596,1.6376153109481635,0.5053102874103909,0.04750660025410388,-0.1146360010152266,-1.1836635022878363,0.762951507703092,-0.05614161957860637,-0.031455502535305345,-0.4911466157042824,-0.2847306906870005
28083,Leflore,Mississippi,-0.23836833622451617,1.6489356417831784,-0.9889645486845275,-1.026610732100755,-1.5856171679684479,-3.9992364496743944,4.384325085356703,-0.31712315865436325,-0.42966039002987105,-0.6537482537811955,-0.49971260753860874,3.648675601011291,-1.7871111574103637,0.6038972998331827,2.600358545911459,2.5923571039653823,1.3295443676712564,0.9427271483596044,0.3174926967837744,-0.18639752403999033,-0.14511480610091537,-0.3337851435204857,-0.524668407374464,1.7660991646680664,-0.8332009525213415,-0.5187985788519835,-0.830545599608532,-0.6362154489549274,-0.7099539239501015,-0.4560174493707157,1.5185216992781643,-0.006477536424298145,-0.13894419339869496,-0.059887900040772026,-0.08602139992103093,-0.34047134367484655,1.361935425091704,-1.1771094537889522,-0.28836749329680195,1.032138557802644,1.0840071449277306,1.0828011616059097,1.1622760598948496,1.725878290407685,1.704620457203838,0.6185182678418981,0.6967671436894746,1.110060039345118,1.6900731672006475,2.215944866142911,3.0535625397372037,1.0849680349428452,-1.7789984009524775,2.3959258034274504,-0.2649874737744893,-0.06116768287286491,-1.0702419350433432,-1.2325596204644595
28085,Lincoln,Mississippi,-0.2208834854004312,0.18954299610134787,0.4776007261164224,-0.41247585328573155,-1.0324219002363597,-1.1222462872432484,1.373402745021547,-0.329613300309996,-0.4748105908004302,-0.41591061911524474,-0.6053616143674901,0.8780989792629307,-0.7317278810632344,0.8784206479334811,1.173506579465149,-0.4626303289714412,-0.5774349262047076,-0.3892039996606938,-0.47849503067090055,-0.21417654705999603,-0.292882848017907,-0.1633035561499812,-0.018471734484923185,-0.8171911765236755,0.6690468952242429,-0.3264731163717835,-0.6664383914130421,1.6765375333277723,2.256812413658846,0.05420136302780581,-0.09061518933109987,-0.337825624245888,-0.09813476739159746,-0.38498647222306903,-0.08602139992103093,-0.19416355523743467,-0.5018936861599188,0.5717783341287487,-0.30186803674076895,1.3667428458550417,1.2323235539692938,0.9680468938719932,1.1737033576039333,0.7282314986861689,1.2440488517045012,1.2818248636502485,0.8404191613604137,1.2489428142847037,1.345350111827183,0.13655073750397942,0.47694316303740386,0.1252848061763878,-1.481330951620157,1.3072762729445448,-0.23771904384677162,-0.05874517566210901,0.5187411102106049,0.7809713427936182
28087,Lowndes,Mississippi,-0.14929810452232656,0.7572284362497472,-0.06130430692368669,-0.6670892699209887,-1.0915847815819886,-2.0883021608114762,2.3482372540891805,-0.33117015209650763,-0.23163286213710635,-0.195187125077992,-0.5530277221806084,0.46509376856752255,-0.4441831301937628,0.30976514115429227,0.9594787844982022,0.9984048301396236,0.4211408768715399,0.31145463372731885,0.010071298113671943,-0.041457519035220956,0.08053607927003281,0.20605664416833733,0.19762856764653416,-0.4540656393462882,1.3773410899624403,-0.4694650206205388,-0.645110513704749,-0.24922830716205677,0.249982516435492,-0.3886524710015481,2.233642603609218,0.6655298785160867,-0.05777024780797282,-0.11819007990714135,-0.08602139992103093,0.14018551198756166,0.1761413061835452,-0.23177095739260764,-0.3554308657492936,1.032138557802644,1.0734131157104758,1.0828011616059097,1.048003082804023,1.5311504406866403,1.7849035810982177,0.6555745022445991,1.533027103702441,1.0795058288584105,1.8387037599160179,0.7101767040250639,0.9063797258207039,-0.1146360010152266,-1.481330951620157,1.0351138903238184,-0.15323744282157084,-0.04715133760974726,-0.38656172550760576,-0.19107808774476406
28089,Madison,Mississippi,-0.009662387145459105,0.5830288437988418,1.236841723484453,-1.1531021146747404,-1.02955104383398,-1.7895222497843146,1.9058875130705426,-0.3299923601973399,0.41329463775891173,-0.2611974983592277,-0.47672568694088835,-0.7567133130730604,1.0366483117988632,-0.18045512331052588,0.3173953995973624,-0.00901420039495348,-0.017561105006465672,-0.5344668979399375,0.7965388018285321,-0.08711234304021703,0.12740423183603763,0.0840773222345581,0.1727953219999807,-0.5703136831821828,0.9792860174136241,-0.43388077089150784,-0.4819662953661874,0.5073203449432059,1.3485828053085964,-0.302847968030853,0.9211457059400385,-0.14426995184888675,-0.17162583058519298,-0.1166921508314727,-0.08602139992103093,0.09593696892421139,-0.1184333406851072,0.0737242296935763,-0.18768307636029954,1.1596068580130814,1.1157892325794947,1.0500142279676477,1.11656686905852,0.9909807205700444,1.4827855096009461,0.644457631923789,0.9968972520376865,1.1461695608294102,1.362211565622624,0.679446741532863,-0.38192996252919614,-1.5541608441649128,-1.1836635022878363,-0.3256980227798136,-0.03314031526758028,-0.040913274848807316,-1.3750388713960198,-1.2067244196528082
28091,Marion,Mississippi,-0.24894125271948211,-0.00515412175113112,0.2944406548848313,-0.1418882323434455,-0.6643421332877019,-1.2038374524984143,1.463562612828583,-0.32503237913741856,-0.47289570234264827,-0.33267392980874133,-0.5755285258342432,1.600858097979894,-1.1888890271101862,1.3294232912411135,1.1021639811428334,-1.3118851522245936,0.7133844773350403,1.3360308938177894,0.8687569297150638,-0.24021022711572446,-0.32755909904479086,-0.27241137607986926,-0.13578771148916674,-0.8164847721543607,0.33354658018851785,-0.3017385963825741,-0.8147982776184728,1.8463856688636817,1.0866701137051005,-0.09369583603323749,1.4634248061227064,-0.12494953814287779,0.06834896010625637,-0.3263910949681442,-0.08602139992103093,-0.27953443837253295,-0.6530069309924634,0.7555512095497607,-0.3314158339750003,1.4384437647234125,1.3170757877073298,1.0991946284250398,1.2879763346947597,1.4978066308028997,0.88700022175318,0.970552494667559,1.1790274887276273,1.346160756742411,1.5776634752310388,0.8177315727477673,1.335816288604004,0.845047227751231,-1.481330951620157,1.8516010381859975,-0.26910487568533203,-0.06151978906074619,-0.30758697670710494,-0.5285503983469599
28093,Marshall,Mississippi,-0.2175417408794461,0.010058002582381247,0.3282873943030387,-0.17275913942011395,-0.2527111301366205,-2.198825828175431,2.5095208138285754,-0.30331495745602244,-0.5213652593841349,-0.32727491328408,-0.41692675490525244,0.9985588323824247,-0.8659245838442841,0.7215501633047392,1.31619177610978,-0.4793046545028795,0.02564141736172389,0.6946338370721409,-0.6504955019362393,-0.22259455443306495,-0.3231773109070047,-0.27642696421623625,-0.3252643149539731,-0.5667909246701036,1.0926267760696386,-0.4712366343663221,0.6292554074799684,0.27911896883051235,0.6845873030291438,-0.3134489901613285,0.25961457287199075,-0.2948765594282742,-0.2098356769143837,-0.3704044498815063,-0.08602139992103093,-0.3275033863930546,-0.06367977398178294,0.20330478529853815,-0.21137790771093568,0.7453348823291609,0.7979683560618588,0.7057514247659,0.6823295561133786,1.8659222919193952,1.220809000050865,1.2818248636502485,1.1431144843098924,0.7545201354997839,1.9448684689984257,0.5053102874103909,1.335816288604004,0.1252848061763878,-1.1836635022878363,0.762951507703092,-0.23034515133371689,-0.06048801206583936,-0.3646676475264102,-0.4332830953539955
28095,Monroe,Mississippi,-0.21766474988021858,-0.0713763255756684,0.14733508064263162,-0.007617835156003408,-1.1068020249069774,-1.1195706649869794,1.3792455850302512,-0.3351154708171189,-0.5380440927445905,-0.6567155698963756,-0.6049136685867199,0.5855536216870165,-0.9100619137103786,0.6038972998331827,1.0308213828205177,-0.3316209537932553,-0.7015096045341211,-0.6515272145554689,-0.4747153855270323,-0.23522696814021504,-0.29672188474473443,-0.1804624304233335,-0.32279424380326344,-0.3601888013067393,0.7441032781622835,-0.4000569105463467,-0.28396981193682824,0.06935083669617073,0.6757048272650896,-0.24422042465450403,1.684076979418083,0.3733989164186091,-0.1061784101052324,-0.25355844812269024,-0.08602139992103093,-0.2885268132489633,-0.01795564646561812,0.14202336388005207,-0.16509777671024328,0.928570563881664,0.9992549111896947,0.9352599602337309,0.9565847011313622,1.6938682329192942,1.3961642443464837,0.9131153313433719,0.4658978295754653,0.9767325754031178,1.6269988400399227,-0.04270737703385951,0.47694316303740386,0.36520561336800217,-1.1836635022878363,1.0351138903238184,-0.21256546126416864,-0.061336813135086404,-0.07634866208720117,-0.44943009586127786
28097,Montgomery,Mississippi,-0.2922814239916445,-0.15621460442463275,-0.6824244573245244,0.4837768721845545,-0.8934069865212749,-2.067233075976846,2.3421286071923992,-0.32092036300206017,-0.3907881179248973,-0.7156804096015196,-0.5962894972379104,1.583649547534252,-1.1838781016354973,0.5842884892545901,1.4588769727544109,0.28793761899247905,-0.6389672948495274,0.23390500869124814,-1.8244278303095405,-0.269751677990294,-0.3951678874886221,-0.4024152764247609,-0.28814158611549867,-0.5985671399296477,0.29467663878588735,-0.31423412646678506,-0.42442010665382923,0.9018672513478501,3.0570080065072607,-0.11495529666493348,0.3745658674751481,-0.29534609544257395,-0.24245254987077816,-0.3880399019635308,-0.08602139992103093,-0.3922627820799565,-0.45602774197363904,0.612712450656227,-0.4363522146768116,0.8967034888290549,0.8615325313653853,0.8532926261380765,0.8994482125859489,1.465796573314509,1.6116610505892934,1.081721197875662,0.5556803406198025,0.9017358769357419,1.6625952424969657,1.0123546685317066,1.335816288604004,0.6051264205596165,-1.481330951620157,1.8516010381859975,-0.3249331025037135,-0.06587415357099648,-0.004698364509206836,-0.7449202051445406
28099,Neshoba,Mississippi,-0.23562992156446266,1.167837026012187,-0.5984183965748971,-0.7778827477222565,-1.0527206387882326,-1.664991875693554,0.803187025167406,2.2088087181164084,-0.4175217080147562,-0.26011229604300373,-0.5417449243046506,1.2394785386214122,-0.9559839567592391,1.8980787980203024,1.3875343744320952,0.00535545411395691,0.49279331132361875,0.8005704109848172,0.13596356524656206,-0.22851475974586102,-0.3247467098890669,-0.4249992982658,0.12271996596411511,-0.8220666950591822,0.4482391444186386,-0.2902528711064231,-0.694837736672247,0.7943882671166352,2.6570004898271087,-0.12345067261939142,1.5584807755138261,-0.1219676530141688,-0.2311898209716578,-0.3644187715476126,-0.08602139992103093,-0.2583210096927804,-0.6066063938474625,0.7012811018396184,-0.3143037276130387,1.1118062454341673,1.0522250572759673,0.918866493414601,0.9451574034222802,1.3670988960586374,0.8806620803930979,1.4967510231859151,1.4612010948669718,1.0489516183717014,1.7606414738260123,0.3670254561954866,1.335816288604004,1.3248888421344598,-1.7789984009524775,2.3959258034274504,-0.2673643376048394,-0.06023308903118278,-0.5026850004537315,-0.2976482910928259
28101,Newton,Mississippi,-0.2593530859991508,0.8575968047484642,-0.3147549447927478,-0.633333828510173,-0.9896472293285021,-1.5272218910729356,1.4371671841125286,0.4348863160669854,-0.4415159015831906,-0.49521723812747437,-0.5619768267719525,0.9985588323824247,-0.8758777919789399,1.1529439960337788,1.2448491777874646,-0.6857917171980085,-0.19911289535989563,0.03806509771780574,0.019072181845085547,-0.2590072167752188,-0.37702551083804947,-0.4389599721935377,-0.08526553609685546,-0.7990610307106368,0.24584322092617691,-0.3386250961103128,-0.6950342740860392,1.3008818814922571,2.421241208372357,-0.08677683961486837,1.3333524034937085,-0.19078381580985612,-0.22902864775032683,-0.3765935034430175,-0.08602139992103093,-0.3418753695271098,-0.6755355075998996,0.8043685922222142,-0.30842842216500227,1.2233410081183003,1.1793534078830212,1.0828011616059097,1.139421464476684,1.379102667616784,1.1996818621839227,0.8890287789816163,1.4637663094682385,1.1961673598076608,1.6563502596097648,0.38239043744158707,0.9063797258207039,0.36520561336800217,-1.481330951620157,1.8516010381859975,-0.2880636399384398,-0.06330228735275568,-0.34289338689926285,-0.4542741960134627
28103,Noxubee,Mississippi,-0.2904011435512655,0.8321489475047358,-0.5482638283926953,-0.49359767938589866,-1.2914884687199228,-3.7660731089368453,4.166718329439161,-0.3260888300087518,-0.5502082340251863,-0.6462402510844913,-0.597294849362619,2.5301198220445613,-1.5654635086737863,1.4862937758698533,2.3863307509445124,-0.15950506887698157,0.4399978377340476,0.41295174182677613,0.6876398516733139,-0.2739450046624675,-0.39498969818050816,-0.4515799636879765,-0.5654927573808488,-0.27606094359722255,0.8927921555625105,-0.38402509616960456,-0.7234918969796701,0.6510682661079733,0.37405733776740646,-0.29966582679486603,1.7990042165289717,0.4071210093188144,-0.17587613471894625,-0.20190572284012093,-0.08602139992103093,-0.48554257776319426,0.13215823809142627,0.08113768473118876,-0.2185786939824835,1.0719724016184056,1.0946011741449853,1.0828011616059097,1.0594303805131067,1.4991403831982495,1.429967664933591,0.3368908863813696,1.6484617607594458,1.1017270728487427,1.6394888058143238,1.1147878768390431,2.624125976953904,0.845047227751231,-2.0766658502847983,2.123763420806724,-0.33022957859811575,-0.06777731737743396,-0.12393426736056935,-0.3541627928683135
28105,Oktibbeha,Mississippi,-0.17568060640228592,3.6809630541740233,-3.224830682287915,-1.785177572718247,-0.0603012660198239,-1.7754416945521172,1.8685998773314312,-0.33293007812340053,0.6163298656027718,-0.11062953799481502,-0.5776687598449727,2.8570822805117593,-0.9672413783736085,0.5058532469402192,1.173506579465149,2.455223683375206,1.1997697635137676,-0.7973426724430516,1.224110629721457,-0.18138065547436522,-0.13010734096392385,-0.18336744606273286,-0.0062018211902265235,-0.784989803162552,0.9638911152251961,-0.4123506459996052,-0.6236520330295657,0.7558517070334453,1.4824559789137484,-0.25105057715529144,1.746819718769902,0.0984563504664221,-0.18957728962529893,-0.3429128071631725,-0.08602139992103093,-0.14195565017905346,-0.3367748704474042,0.38870649722226747,-0.39602930086043997,1.0241717890394921,1.062819086493222,1.0500142279676477,1.036575785094941,1.655189413454155,2.3236455967052403,1.2632967464488978,1.348331652411234,1.0656175513644504,2.2159007263029245,-0.10416730201826142,0.9063797258207039,-0.5944776153984553,-1.1836635022878363,1.579438655565271,-0.24602870952138153,-0.04842932565877195,-0.6366575519081434,0.8261829442140077
28107,Panola,Mississippi,-0.22076926275685677,0.6830835710988592,0.035657607756689164,-0.6470697805488643,-0.9776565253428892,-2.3761808944659646,2.715957400740267,-0.31578911523539543,-0.5426087111269593,-0.510263920561235,-0.5428516460662777,1.4287725935234743,-1.0342367655420506,0.8784206479334811,1.8869325626883042,0.24071589050118353,0.19589196680117,0.11477640001382221,0.21560830763674327,-0.22493529841967513,-0.3252531784599714,-0.22351427799915455,-0.27536970903343394,-0.012412297153889517,1.084699024081677,-0.48900952077526993,0.27489675811710296,-0.03136661592827135,0.5017540516459963,-0.3594172039496224,-0.1983791771598987,-0.2126381254940706,-0.10944422494269587,-0.14899261233458097,-0.08602139992103093,-0.29682604442470184,0.4785883431117109,-0.3371440438124708,-0.21484054019932222,0.8329693387238359,0.8827205897998948,0.8368991593189465,0.81945712862237,2.0486463700822934,1.453207516587228,0.9501715657460735,0.3017240950943924,0.8628486999526589,1.7824989139312144,0.3516604749493861,1.7652528513873038,0.6051264205596165,-1.1836635022878363,1.3072762729445448,-0.23790619847908265,-0.06074634320549374,0.765657022406054,1.1152142532943576
28109,Pearl River,Mississippi,-0.15826018886431986,0.18087971594736243,-0.006520302102989677,-0.1633937540620639,-0.3901996067160157,-0.011520653345672049,0.17733061805218334,-0.1919762140593486,-0.4024783792035096,-0.01523610345865197,-0.4686088628014497,0.6199707225783005,-0.6759899155091617,0.9176382690906666,0.9594787844982022,-0.7653307732010552,-0.13928970940928978,0.39907580176387625,-0.43185395968469503,-0.24598111108553328,-0.36925269807462063,-0.3749432868833427,0.28741032522077525,-0.8195679474299018,0.3324739896309551,-0.3071266756190666,-0.8273308628009082,2.059916257479437,-0.6031035352151592,-0.17181523129267265,2.5439260214631556,-0.14171738567236428,-0.049005425348700254,-0.31612211695338205,-0.08602139992103093,-0.21328029788320582,-0.6565280347380565,0.7303704102068718,-0.1305980426915453,1.4862443773023266,1.3170757877073298,1.0991946284250398,1.2994036324038418,1.1590335223840962,0.47924646092119866,1.8376683796907656,0.6762454268793404,1.3656043452339524,1.4683762747050308,0.3721471166108534,0.04750660025410388,0.36520561336800217,-0.588328603623195,1.3072762729445448,-0.13682398156789316,-0.05669234926630767,-0.038374246852356506,-0.16039878678092842
28111,Perry,Mississippi,-0.2858439529512192,0.11943616135075832,0.029849714679871325,-0.12489990524479583,-0.5063605319849631,-0.41955603549691456,0.6327591447145108,-0.2849705680736071,-0.5710326312722104,-0.3026667031031123,-0.5899163241023405,0.9297246305998548,-0.8659932266590058,1.133335185455186,2.0296177593329356,-1.3162250211903805,-0.6709454019801991,-0.07313502576462322,-0.8010541800357083,-0.27284901045661064,-0.407547998233787,-0.432066814214689,-0.4485897569932623,-0.8008769092243333,-0.4310752058215174,-0.302711467382093,-0.8183504909245511,2.806814532629057,0.3824296364945387,-0.13433720786328637,1.870433830271728,-0.14597406855584424,0.0940205881166921,-0.36721561448644824,-0.08602139992103093,-0.45053094408259153,-0.9836187578639115,1.1508037586743454,-0.2558485339918906,1.4703108397760218,1.338263846141839,1.0828011616059097,1.2422671438584285,1.4484577921749642,0.8384078046592139,1.4930453997456452,1.5227662452973743,1.3489384122412034,1.7999848660153757,0.295322210380351,0.9063797258207039,0.845047227751231,-1.1836635022878363,1.8516010381859975,-0.32442778499647373,-0.06703698926709172,1.4760852842479064,1.6690563706941335
28113,Pike,Mississippi,-0.205844170663132,0.935518411084337,-0.7038195213223143,-0.5113604931525577,-1.2567295723505294,-2.6686590553365095,2.97838878979438,-0.3184891587904643,-0.3824113564030178,-0.4609726016789231,-0.5871033969527087,2.013863308675302,-1.4193915989458714,0.8195942161977029,1.8869325626883042,0.32117696017035335,0.9235396272183137,1.4036126641641253,0.16304511205910133,-0.16904417237640768,-0.19148196033462467,0.034442086279292565,0.38721477035885854,-0.8119002680195334,0.7513090907638033,-0.32090603577006915,-0.7837101998328838,1.7147093776816542,1.3434206611239483,-0.0463139782515965,0.5478348835929105,-0.27557180412149357,-0.1804803960004843,-0.37658507212606496,-0.08602139992103093,0.024289473538316543,-0.4594617309878553,0.4362117466205682,-0.4340810256252893,1.4464105334865651,1.338263846141839,1.115588095244172,1.345112823240173,0.622865059453549,0.9355926388471468,1.2892361105307886,0.8583756635692812,1.3711596562315371,1.2117074780410932,1.3452625955305506,2.194689414170604,0.845047227751231,-1.7789984009524775,2.3959258034274504,-0.21026345928674292,-0.05088043902376984,0.098393300489833,0.08019152077757515
28115,Pontotoc,Mississippi,-0.22667955236540008,0.8280444083542454,0.5030208945123332,-1.0133745294532424,-0.5157761884564467,-0.2115160096208465,0.4024344834297301,-0.25718729300477694,-0.4725778691103332,-0.37742841104784003,-0.17801304317425884,0.2413826127741769,-0.46759033001388456,1.3294232912411135,0.3173953995973624,0.043156853950927075,-0.6713229870011955,-1.1523509814805575,0.04515084851468363,-0.21500267456432212,-0.3156200986340276,-0.16763197746532238,-0.1381326432246077,-0.44878070186932517,1.1682132086908468,-0.3963244614872088,0.1842393978950301,0.5950775704087697,0.4662704660020988,-0.28160205949734823,0.09656568942020101,-0.2088414588907559,-0.14585036604271356,-0.3504341966806542,-0.08602139992103093,-0.23524390179575252,0.08671780532219127,0.01725365921584397,-0.3668985088291112,0.8489028762501408,0.9039086482344041,0.8532926261380765,0.8537390217496176,1.8912635874310382,1.1088351693560718,0.672249807725815,0.10163735619558419,0.8850699439429919,1.4646292849727105,-0.3756153040327032,0.47694316303740386,0.1252848061763878,-1.1836635022878363,1.0351138903238184,-0.25548001845308876,-0.05745453851246951,-0.7424612748079146,-0.6480382021008477
28117,Prentiss,Mississippi,-0.24732163420931141,0.40051565709859854,-0.07693818401096189,-0.33067074920640216,-0.4385132532482617,-0.0959108003729166,0.3198423442152059,-0.32900660178772745,-0.5277727437408678,-0.5992967228771479,-0.5886094446254347,0.20696551188289292,-0.8413504561738924,1.0156823219836302,0.6741083912089404,-0.13716071093076485,-0.2828211897779931,-0.4243138700645224,0.10269115313036839,-0.20276211385787182,-0.30015023406039276,-0.14765983662442267,-0.049154333994481145,-0.4871594939891616,0.620580968618696,-0.35318714777903276,0.19482566104561785,0.6932534771309962,0.9855412021863214,-0.2421859755171858,0.1261627041052488,-0.21233768375052173,-0.19271760574270602,-0.3121671522063923,-0.08602139992103093,-0.1969218034423984,-0.19886618749124751,0.2783594844308904,-0.4285110275579493,0.7214345760397035,0.7661862684100947,0.7221448915850299,0.6823295561133786,2.0486463700822934,0.802491670285412,1.228093323766332,0.24015894466398993,0.7406318580058248,1.6688402253841657,-0.5087784748322407,0.9063797258207039,1.0849680349428452,-1.1836635022878363,1.8516010381859975,-0.2682439643767013,-0.05832200042285257,1.037898936652936,1.173343455120573
28119,Quitman,Mississippi,-0.3010179918322216,0.3527375095681573,0.06986762818843106,-0.35976554377406006,-1.639921625838302,-3.7586854301376382,4.179022986425256,-0.3018470707699138,-0.5282185812519717,-0.6025316391967829,-0.5709602876767582,3.528215747891797,-1.812440356042695,0.8588118373548884,3.028414135845353,1.5956721363482473,0.3670372721487992,0.8505500451987013,-0.7683731582434167,-0.2628103648894325,-0.3763660419755515,-0.5039021369457687,-0.3426808498580345,2.1062106110384247,-0.833405346992851,-0.5251014631816837,-0.8315503616676112,-0.6390478584446873,-0.7117042651812451,-0.45620951754236083,1.0672467959207619,-0.07467750566616396,-0.2442385570138315,-0.32981123060861306,-0.08602139992103093,-0.43492693115223874,1.6967253248217362,-1.4618196192575654,-0.4372532437759401,0.8409361074869884,0.914502677451658,0.918866493414601,0.9108755102950309,2.0286400841520487,1.406727813279955,0.4628820833505534,0.591593345037537,0.9100688434321172,1.6657177339405658,0.6948117227789635,3.482999102520504,1.5648096493260741,-2.374333299617119,2.9402505686689033,-0.34537038835207845,-0.0673943855407584,1.8129273347147048,1.7982323747523898
28121,Rankin,Mississippi,0.13384518497000808,0.1486692318030078,1.5078811798654392,-0.887917432864068,-0.8710408036161975,-0.6244580904747387,0.7829446729652604,-0.33967535378966995,-0.09448454971785379,-0.2083411681297548,-0.49940959691900894,-0.5846278086166387,0.7936527476838167,0.29015633057569956,0.03202500630810057,-0.6059873923160477,-0.939875823690107,-0.9299889114486135,-0.4441444245791521,-0.005433651744754984,0.23320642111933093,0.250732208304218,0.34245857047614886,-0.7578649495837863,0.36219746393278807,-0.35206794281716886,-0.5461924773096477,0.873853526277573,1.273075068052722,-0.15846915398444592,1.270221090743441,-0.02405510829966572,-0.15655993792763054,-0.12030936760553228,-0.08602139992103093,0.24841311807390337,-0.5823242729299566,0.45889973736119977,-0.13970513846207586,1.2153742393551479,1.1475713202312579,1.0008338275102553,1.1508487621857675,0.956303158290954,1.3370082583190466,0.5536698576371712,1.4842880262783726,1.173946115817327,1.3909384869037456,0.6384734582099284,-0.38192996252919614,-0.5944776153984553,-0.8859960529555155,-0.0535356401590872,0.13810617329701588,-0.030592714583015355,-1.16509875582254,-0.9306107109782844
28123,Scott,Mississippi,-0.23854113458274415,0.9015270881025956,0.11298959807029951,-0.8868302534800326,-0.42132238060447946,-1.7186978979925622,1.9691601461588204,-0.2614445461249605,-0.4129412899779422,1.0157094871598655,0.14987136773485937,0.8953075297085707,-0.9740370170310632,1.9569052297560805,0.388737997919678,-0.30977961377151314,0.00012908769111125777,0.1986558875683377,0.004288497466447741,-0.23738277666147345,-0.3451862285328613,-0.4032242202204119,-0.12454527415331834,-0.7758525798921104,0.5937963112241128,-0.3758881890278419,-0.7095982665993071,1.6758000758424452,1.4174141614960851,-0.23914935610850935,1.374729344145077,-0.18783081281000572,-0.21597873171323648,-0.3869745859646849,-0.08602139992103093,-0.3261746792881232,-0.49524039641282785,0.6223034077983917,-0.28541867079056316,1.1675736267762338,1.0734131157104758,0.9352599602337309,1.036575785094941,1.1176871981282583,1.2060200035440054,1.4411666715818634,1.7382442718037827,1.0989494173499519,1.7887438968184146,1.1403961789158774,1.7652528513873038,0.845047227751231,-1.7789984009524775,1.8516010381859975,-0.27187476424353535,-0.061250976405417996,-1.0246345631411335,-1.0178045137176077
28125,Sharkey,Mississippi,-0.3082550213776678,0.2544961838379757,-0.8996100770619014,0.21355923581581593,-1.0209292731818347,-3.722729646689511,4.1127707269150005,-0.3537590778680352,-0.43687235837068883,-0.8388121841029915,-0.539180088011043,3.2528789407615237,-1.6875104332490836,1.1725528066123716,3.670497520746192,0.9387694866679621,0.8659586036112398,1.3901101588182896,-0.1827270245268022,-0.2659034846070932,-0.3291583662046723,-0.5028013895607899,-0.5402928874130397,1.2733480993786688,-0.8332295662592324,-0.5248012605540537,-0.8315503616676112,-0.6393997489025706,-0.7124210027380752,-0.45620951754236083,3.4196658565987614,-0.097001587144498,-0.24199279406103016,-0.2690379927384888,-0.08602139992103093,-0.4748437444559413,0.8767472395908698,-0.64738636362073,-0.41610512277160117,1.1596068580130814,1.2217295247520399,1.148375028882432,1.1965579530220973,1.2283886469422765,1.5989847678691278,-0.02070177560469666,1.058462402468089,1.2100556373016191,1.2985127401731786,0.8132501198843213,3.0535625397372037,1.0849680349428452,-2.374333299617119,2.123763420806724,-0.35594462507765184,-0.06881126903455623,-0.12032383145629358,-0.5560002992093397
28127,Simpson,Mississippi,-0.24283473446684942,0.23356899030782313,0.036039234394352006,-0.23313075982598302,-0.7608564563570116,-1.455901904793944,1.7041225080224507,-0.3146133304191408,-0.4161972394572923,0.019040948888687056,-0.5668336302859949,0.5683450712413746,-0.5531192771572031,1.074508753719408,0.8881361861758866,-1.0060896849837577,0.020705332618639324,0.2012988979988442,0.7118716567493398,-0.25565096299416556,-0.3380100761919169,-0.3207596381750713,0.010656543338005652,-0.8145235702589552,0.4641160776303389,-0.3469190833750673,-0.679610488788366,1.2885332368050482,2.9052810547626255,-0.0133918137930028,0.5042095725365394,-0.23729393795869225,-0.2105929958270818,-0.37989265791553106,-0.08602139992103093,-0.2626656227900083,-0.5919951704738957,0.6889514769585169,-0.3002223554936004,1.2870751582235185,1.1899474371002767,1.0172272943293854,1.1737033576039333,1.018989520872386,1.136300448583097,0.6259295147224382,1.348331652411234,1.2183886037979945,1.3522195930031033,0.5001886269950241,0.9063797258207039,0.36520561336800217,-1.1836635022878363,1.0351138903238184,-0.26291005735583683,-0.06144583386047859,-0.9082556350030361,-1.1986509193991672
28129,Smith,Mississippi,-0.27429575080727164,-0.040378128477797925,-0.29286348399206863,0.18305075380828406,-0.7969402464160781,-0.6711747700985417,0.9132132547777123,-0.3646771450516971,-0.6021974864560546,-0.7127741201262685,-0.570316907799572,0.7576391261434348,-0.647022647696577,1.133335185455186,0.8881361861758866,-1.4050189548707668,-1.4599141917679417,-1.0579919046233281,-1.2357990135821477,-0.26237478833343675,-0.40811372928376344,-0.4612375593353847,-0.2359876802137804,-0.8200059822230709,0.28272786565440255,-0.3622368405981337,-0.7641436595867479,1.7010014396737199,2.379659652858636,-0.13389371293370464,1.1571140071661243,-0.24511629999258888,-0.2250161389808637,-0.38966161699501256,-0.08602139992103093,-0.4006320598823851,-0.6794686992485418,0.8335597179046799,-0.2653949745297648,1.2631748519340618,1.1793534078830212,1.0828011616059097,1.1622760598948496,0.9496343963142059,1.1426385899431792,0.7685960171728379,1.5971574687341104,1.2156109482992021,1.4302818790931089,-0.1963571894948643,0.47694316303740386,0.36520561336800217,-1.1836635022878363,1.0351138903238184,-0.3133482307636605,-0.06566513637978462,-0.7554026543911087,-0.8159670073765815
28131,Stone,Mississippi,-0.267208089334192,0.45877503390223556,0.29912022099275243,-0.5716276847247774,0.023835652545289066,-0.43052684903157257,0.6235600015347788,-0.2619062057027229,-0.4073781249866941,-0.26991419672737965,-0.5528396786326566,0.6888049243608686,-0.5858618997794848,1.0548999431408153,1.5302195710767263,-0.3580132210264233,-0.05665021680235901,1.0163882735682988,-1.4438158730148933,-0.2783581811007204,-0.41600989250910414,-0.48556750802821347,-0.12095340956686569,-0.7979262333146857,-0.2447212251302184,-0.28422312431146185,-0.8189735835715525,2.6670541558859493,-0.4898777833561444,-0.08454091221405438,2.2887574576556875,-0.16278321977934745,-0.02824456029436518,-0.3499215584157305,-0.08602139992103093,-0.38340181815740754,-0.8963911060361988,1.037017359959127,-0.40623848181006983,1.5021779148286314,1.3064817584900759,0.9844403606911231,1.2308398461493464,1.0376620544072808,0.42431590246714934,1.5801275505919925,0.9122451701958831,1.3322724792484526,1.3659585553549443,0.3004438707957178,0.47694316303740386,0.6051264205596165,-1.1836635022878363,1.579438655565271,-0.30638607844169,-0.062330412793617306,0.2578698244941655,0.6953922401050229
28133,Sunflower,Mississippi,-0.24736849478103426,0.7865743976068748,0.970682659146056,-1.208072795945747,1.5151465520401144,-3.911143820993428,4.30491860892017,-0.33411923660628357,-0.5067641134598216,-0.45534325674266046,-0.5610677657930181,3.3561302434353775,-1.5632669386026898,0.6823325421475538,3.670497520746192,2.229087005027549,1.7298134178151225,1.1743001608199624,0.8932810435216055,-0.22456402773555562,-0.2333949199994208,-0.3553063302354246,-0.4742068237108702,2.2420734320579725,-0.8327938838497929,-0.5219196786996309,-0.8306168097458377,-0.639197450084698,-0.7093537258753093,-0.45612715332987547,0.3627071338255616,-0.10712086460744977,-0.17035862072151592,-0.14925916611709295,-0.08602139992103093,-0.368660137096138,1.8307759935513315,-1.6207560379276147,-0.21341825459656555,0.9684044076974256,1.031036998841458,1.0336207611485175,1.0937122736403544,2.0059662934311056,1.7468747329377219,0.16457939640880903,0.8429843759616804,1.0489516183717014,1.7163020953268886,3.0558971742630705,2.624125976953904,1.0849680349428452,-2.0766658502847983,2.3959258034274504,-0.2813635041017048,-0.06346074627110174,-0.6817114814443572,-0.5834502000717195
28135,Tallahatchie,Mississippi,-0.2804667023460232,0.49956928101420284,0.9928133916901856,-0.9546820345308711,2.458950456070279,-2.8784845627693927,3.1837168553748167,-0.2861152205392833,-0.24950241175331148,-0.19962788143690469,-0.20732024165499935,4.027263710815415,-1.6341749662102725,0.8195942161977029,1.2448491777874646,-0.04467046304776288,0.39092674886790163,1.8385092560597538,-1.5662712537072436,-0.27169330218534515,-0.3705626102026072,-0.47318764310160905,-0.5660488667910938,1.2096253152291303,-0.29457128001022653,-0.5058668926287845,-0.22820065955793248,-0.4112252497235641,-0.16121094557517998,-0.385999106101958,0.7363276945999162,-0.17043730950233854,-0.21780733679821557,-0.26967490733491706,-0.08602139992103093,-0.4853197532616418,1.0577388445853861,-0.8188273525452587,-0.2544560344750556,0.9206037951185116,0.9780668527551853,0.9516534270528632,1.0137211896767755,2.1460102949428155,1.4912363647477236,0.5907260920398723,0.34276752871466076,0.9850655418994924,1.7281675628125701,0.5053102874103909,2.624125976953904,1.3248888421344598,-1.7789984009524775,1.8516010381859975,-0.32633676224604624,-0.06645892519137926,-0.7850981780785056,-0.6028266006804577
28137,Tate,Mississippi,-0.23796416379340665,0.6517569523007721,-0.03295861226801924,-0.5840370889286751,-0.913161730058263,-1.1592193712904186,1.4247886654836424,-0.32428770468416035,-0.48034885557674156,-0.3713236048411585,-0.5039970090402967,0.10371420920904087,-0.3798648127994695,0.7215501633047392,1.173506579465149,-0.39648371927609666,0.5231912206501976,0.43043947369290736,1.1034682781208083,-0.23892688936208603,-0.34364313550224973,-0.18625935152979375,-0.281738203497803,-0.24455017992386946,1.7575660489728273,-0.48971448284554675,-0.05571187693404948,-0.24728764225350314,1.299560047675832,-0.3283801034344664,-0.010778861865219074,-0.16630101362537086,-0.20791272706817698,-0.19158257412734309,-0.08602139992103093,-0.29420594576278974,0.5544815687466096,-0.41206020881344196,-0.4339395417171615,0.7851687261449225,0.8403444729308768,0.8041122256806844,0.7508933423678746,1.581833031709926,1.45954565794731,1.4467251067422686,1.2149404931453618,0.8128509009744084,1.9554849399066667,-0.12977560409509556,0.47694316303740386,0.1252848061763878,-1.1836635022878363,1.0351138903238184,-0.26644727990651534,-0.0564725957475343,0.11329466172784208,0.42735203168414004
28139,Tippah,Mississippi,-0.25643308662367126,0.5982288733009378,0.24806975819471833,-0.6746797777771639,-0.6281213909169479,-0.2555850249980605,0.4917122402697979,-0.31380846557766334,-0.5083164760270117,-0.6018984094829786,-0.35455438820834806,0.2930082641111029,-0.7568511512514002,0.8980294585120717,0.816793587853571,-0.08611654649508713,-0.16911910655499282,-0.45532360579598846,0.3869676580769094,-0.23807932026227704,-0.3747870355100676,-0.3451778197104608,-0.033430051878717316,-0.639451173582894,0.5595654280906226,-0.4171548818504131,0.6230003834217613,0.9124722936001669,0.8631268415868016,-0.2358474396254333,-0.2040800992566533,-0.32441967823682194,-0.08807237085200628,-0.36241348035258675,-0.08602139992103093,-0.29042400650883116,-0.3764250545310516,0.49135390530332834,-0.3975186051565202,0.6816007322239419,0.7238101515410768,0.6401775574893755,0.5909111744407168,1.925941149710128,0.758124680764834,1.257738311288493,0.6018542034426043,0.6795234370324073,1.6963181500878477,-0.1400189249258292,0.9063797258207039,0.6051264205596165,-1.481330951620157,1.579438655565271,-0.27704023209531986,-0.06087471773939938,0.23864017987612132,0.013988818697718525
28141,Tishomingo,Mississippi,-0.26414165067207857,-0.2475124095826546,0.14589734067395926,0.15536894759111358,-0.5635057090020754,0.6588944124713699,-0.5141425406231783,-0.3118098308177749,-0.5633692021860499,-0.5697281027812626,-0.4556300500890153,0.43067666767623897,-0.8498621651993912,1.074508753719408,0.816793587853571,-0.4815389740637317,-0.38997280688141234,-0.11001701402811953,-0.4218769313952043,-0.21006235515543714,-0.3062197680496971,-0.16602820583052613,-0.11477078901328076,-0.7446956888064759,-0.021609310149793986,-0.30565409593512805,0.5287952606946473,0.8080926831035873,0.833970592018645,-0.06650871580404784,0.20042397238673815,-0.26381605837938793,-0.08370625595275646,-0.012734498471326483,-0.08602139992103093,-0.22446861981434327,-0.7430242100205944,0.8192941683651206,-0.4089936947578182,0.7055010385133993,0.7238101515410768,0.6401775574893755,0.6251930675679653,2.1806878572219053,0.6905178395906193,1.2484742526878176,0.48128911718306605,0.696189370025158,1.7631394669808929,-0.6112116831395772,0.47694316303740386,0.845047227751231,-0.8859960529555155,1.8516010381859975,-0.2809517639106205,-0.06176634034966435,1.5247600033449495,1.0990672527870753
28143,Tunica,Mississippi,-0.29270024035141734,1.503128331544848,0.048933662406888206,-1.4091728452015115,-1.449104094640815,-4.1724046593331074,4.565884972052619,-0.32383858473147104,-0.33187422994826854,0.07755991260756945,-0.5223613502871973,2.3408257671425003,-1.4915351972184459,0.19211227768273587,1.6729047677213575,3.875827090847521,1.310745331602934,1.334288408869557,-0.23484802740331187,-0.19667497116281274,-0.2561644398487931,-0.4390272911310064,-0.7419230600044949,1.7143699622409347,-0.8279663139681764,-0.5104954995223219,-0.8299661775562842,-0.63910223133538,-0.7042363560681331,-0.45596725413835393,1.621188130904768,-0.1404763312756515,0.040132548479460434,0.11239735444433722,-0.08602139992103093,-0.47135295356558116,1.3133701303076815,-1.073387364985728,-0.38193303569804077,0.7851687261449225,0.87212656058264,0.9024730265954687,0.8423117240405356,1.4737990876866065,1.818707001685325,1.4319026129811878,1.525331459898641,0.8600710444538666,2.0816335942281157,4.213392428135974,2.194689414170604,0.1252848061763878,-2.0766658502847983,1.3072762729445448,-0.342394629698333,-0.0666987525564466,-1.2865985983402541,-1.2761565218341215
28145,Union,Mississippi,-0.23651734364146396,0.5807530598952252,0.32849776881604065,-0.6986342132367137,-0.5193090811762205,-0.223191084326073,0.3953105081646343,-0.3025019865872847,-0.16812204843455658,-0.0451752304576116,-0.3817226807703014,-0.2576653501494408,-0.4394467759779611,1.074508753719408,0.17471020295273174,-0.1892854325756882,-0.3771132688025475,-0.39911011785236356,-0.1319193393610061,-0.18237638535085726,-0.2567080735665924,-0.14346270642963246,-0.15277741872929823,-0.4518012668564945,0.8870296521829487,-0.4379690800251394,0.35547893989394214,0.6185702294136949,0.5955586977522197,-0.2846474038454905,0.06732646158412511,-0.2767843394930624,-0.2176914672855212,-0.36700026692285065,-0.08602139992103093,-0.20637183686137778,-0.04348760147411646,0.13137706130107354,-0.42953864752224463,0.7851687261449225,0.8403444729308768,0.7877187588615544,0.7623206400769567,1.9952962742683082,0.9968613386612794,1.0428121517528264,0.29402845129059185,0.8128509009744084,1.6519787715887249,-0.38073696444807004,0.04750660025410388,0.1252848061763878,-0.588328603623195,1.0351138903238184,-0.2616935522458151,-0.05642908217642263,-0.6253981674215239,-0.6561117023544889
28147,Walthall,Mississippi,-0.27906967155153606,0.027499535399053934,-0.15110279607957525,0.04991706073661643,-0.755622444939959,-1.9731824031713021,2.257423864905965,-0.2958819401231305,-0.39888004259624127,0.28453757160395443,-0.5457210547953126,1.2394785386214122,-1.3904929739480085,1.290205670083928,2.3863307509445124,-2.005780611399811,1.0818320590621053,2.2895526571968987,0.2738665078541141,-0.2665813995788641,-0.384758689573875,-0.32468298726602834,-0.02920286043922675,-0.8137002850561394,1.1906889906359701,-0.3284115983297484,-0.8055609288149229,1.7683554367028236,1.2678195926721139,-0.11679574200212955,0.5837510502310739,-0.29516793796764734,-0.1420788976009354,-0.40348809500526484,-0.08602139992103093,-0.29120551556850843,-0.2624213532102872,0.380854524104505,-0.43879467372238307,1.4384437647234125,1.3170757877073298,1.0664076947867775,1.2994036324038418,1.132358474477104,0.8891129355398746,1.107660561957553,1.045636329461755,1.3433831012436186,1.420914404762308,0.3106871916264515,1.7652528513873038,0.845047227751231,-1.7789984009524775,1.579438655565271,-0.3134792390062782,-0.06350006670259699,-0.6182026636185857,-0.928996010927556
28149,Warren,Mississippi,-0.1879990791939277,0.3220267518546098,0.1921033117572558,-0.39234783782569105,-1.0952504056267394,-2.3675317506382476,2.6569230657937664,-0.3210044058906838,-0.3031281716461463,-0.3172049575149154,-0.5434925680627662,0.9641417314911407,-0.62574337513283,0.6431149209903683,1.4588769727544109,0.6784515886328919,1.190132088800245,1.147160268976859,0.8253007027016107,-0.14670065953400174,-0.24296867074278997,-0.3298219267254044,-0.2230157289261094,-0.4129302835972491,-0.6130867419158519,-0.4973884766326485,1.0281263957450952,-0.6028695505181321,-0.15182776207638518,-0.3482394017748993,2.3889525499054436,-0.09927448843670414,-0.11955935112721822,0.2213958052943939,-0.08602139992103093,-0.27799212655631367,-0.6839940890793341,0.7850117064515983,-0.27924550448331065,1.2392745456446046,1.2111354955347844,1.0828011616059097,1.219412548440263,1.1163534457329085,1.3074302653053274,0.46844051851095847,1.2175057077466285,1.2294992257931607,1.3634605622000637,1.3145326330383496,1.335816288604004,0.1252848061763878,-1.481330951620157,1.3072762729445448,-0.1952723732386291,-0.055544958203986326,-1.0582262208679516,-1.2390184206673724
28151,Washington,Mississippi,-0.19231025179242903,0.7919670887817027,-0.43298479135918017,-0.5139898991736699,-1.7796466159441926,-3.833334499351969,4.207704664984467,-0.3526275128588652,-0.36435278311145547,-0.3819532653725122,-0.5776097706201639,3.3045045920984517,-1.6957475710156953,0.5058532469402192,2.814386340878406,2.309951906108827,2.036177039610836,0.7385316147218314,1.5767724819218303,-0.13960085571129924,-0.10934506798771801,-0.22381231642758218,-0.5124402775320364,1.8313302630250763,-0.8331756417518305,-0.5239349301238407,-0.8314836547242861,-0.6393057897123908,-0.7112627633390312,-0.45620951754236083,1.2341818486690221,-0.10577194186699891,-0.19368414102032996,0.004417032524837129,-0.08602139992103093,-0.2787326334986468,1.4261750772475643,-1.2662192184681804,-0.1731251268661156,1.0241717890394921,1.1051952033622392,1.0991946284250398,1.1051395713494363,1.7632233574774745,1.8842011290728458,-0.03922989280604716,0.991766822835153,1.1017270728487427,1.6107618845332021,2.031565091189705,3.0535625397372037,0.845047227751231,-2.0766658502847983,2.9402505686689033,-0.1826394355576343,-0.0588223300774812,-0.9713220790226809,-1.35850622442126
28153,Wayne,Mississippi,-0.26179862208593657,0.5199518536049544,-0.2116867477332479,-0.37359784916364114,-0.9052774121147283,-1.7203756418185714,2.0191384571653503,-0.33713315385305354,-0.5405632126171016,-0.36173222740588695,-0.5875054443908925,1.3255212908496223,-1.1453694825765874,0.9960735114050353,1.5302195710767263,-1.4648315665835778,-0.22254207104446697,0.533053628928339,-0.5483184940717036,-0.2613615938686,-0.35723717031748964,-0.35890291182702627,-0.19245358932165058,-0.8155595738120485,-0.25076371422769,-0.2669261715657417,-0.8089551978174341,2.1689477811161835,1.5837234358793282,0.017570906840099453,1.2678153115634876,-0.19968946007064933,-0.12247202028118832,-0.36590340105340907,-0.08602139992103093,-0.3380795126473649,-0.9164874762077949,1.0369883426802822,-0.13417237300213786,1.3587760770918893,1.2217295247520399,1.0500142279676477,1.1965579530220973,1.712540766454189,1.005312193808056,1.044664963472961,2.0691569553671956,1.2628310917786605,1.9548604416179463,-0.032464056203125854,0.9063797258207039,0.36520561336800217,-1.481330951620157,1.3072762729445448,-0.29614872005427645,-0.06569959713845648,-0.896641796147459,-1.0145751136161514
28155,Webster,Mississippi,-0.29253329956465474,0.07457774022562726,0.47625660296726485,-0.30589119261869285,-0.5601422466270355,-0.3688461393130246,0.5962072330081057,-0.33040805496259684,-0.5759793880418779,-0.6731792538725571,-0.5946084568048663,0.43067666767623897,-0.6597902112348252,0.6431149209903683,1.2448491777874646,-0.5821569223805734,-0.5467784703860549,-1.043967992909756,0.8739133923694684,-0.27637212211932694,-0.40584000000320336,-0.4597401553643048,-0.298465960440258,-0.6039429830624354,-0.008978151646505002,-0.2614372382011531,-0.40749629757310696,1.091490796882916,2.7372882127888385,0.049695360366373724,0.3453189268011283,-0.28288664748959524,-0.2378787058794492,-0.3830013469245329,-0.08602139992103093,-0.419391849957919,-0.598720107061824,0.7631534646105134,-0.4247505342103467,0.9126370263553591,0.8933146190171494,0.8860795597763388,0.8994482125859489,1.53381794547734,1.2165835724774767,0.7741544523332425,0.40689789374632995,0.9211794654272841,1.4377758585577498,-0.16562722700266333,0.47694316303740386,0.36520561336800217,-0.8859960529555155,1.8516010381859975,-0.32742225911345024,-0.06610126723822465,1.2677420757395208,0.7083098405108483
28157,Wilkinson,Mississippi,-0.29563488365556023,0.1250089998684633,0.385420297340374,-0.30711445754811445,1.7730670029412805,-3.676569378140714,4.087360681606396,-0.3352526344080527,-0.6027921813696917,-0.606364695545223,-0.6280368844254745,2.8742908309574013,-1.5863309243492028,0.9568558902478499,4.455266102291662,-1.0321250934135178,0.3405905342764196,1.1242519539556914,-0.2186133037459328,-0.28281459279445503,-0.43953316270228765,-0.5300788042168969,-0.5968084902473764,-0.7979225002322211,-0.39115715326673917,-0.37359282237661345,0.2094999943506424,1.0290385973196474,2.415231674495525,-0.20773207906466332,0.6519688478865621,0.2377559831499623,0.06798359213048555,-0.10553187144414242,-0.08602139992103093,-0.5363164697868578,-0.962647460084276,1.1674514551279793,-0.227871952790024,1.3826763833813467,1.3170757877073298,1.131981562063302,1.3222582278220074,0.7455702798257142,1.6222246195227639,1.1521280432407948,0.4889847609868662,1.340605445744828,1.335982637496382,0.679446741532863,3.0535625397372037,1.5648096493260741,-2.0766658502847983,2.9402505686689033,-0.3395685947504364,-0.06826445733544416,0.06441158103525409,0.0043006183933488994
28159,Winston,Mississippi,-0.26832395669834214,-0.11877636195471238,-0.19035938185049817,0.2042286822096234,-0.47812316219480794,-2.2296032026317976,2.490431135167063,-0.20934252559389382,-0.5417655776019492,-0.6823972268902587,-0.6024933739753302,1.876194905110166,-1.2442151357759283,1.0156823219836302,1.5302195710767263,-0.18546080306207038,0.04231463523510244,0.07213099307916837,0.216496359190378,-0.26021248232475325,-0.38304670781065125,-0.4569093361958592,-0.21306343568696265,-0.8114256281113172,0.13402120873614068,-0.33399469684250005,-0.6184625583414826,1.4082489104072455,2.5599357756253016,-0.14765393769840887,1.262014618227454,-0.2183067698419612,-0.227022990698406,-0.38157942240812404,-0.08602139992103093,-0.3849181696046626,-0.7383077642055881,0.8839800853489665,-0.285694192085338,1.0401053265657965,0.9992549111896947,0.9024730265954687,0.9223028080041145,1.512477907151746,1.3834879616263187,1.4226385543805125,1.4329837342530374,1.0017314748922415,1.9454929672871462,0.49506696657965726,1.335816288604004,0.36520561336800217,-1.481330951620157,1.579438655565271,-0.2920500336066648,-0.0647324234863676,-0.47419230833494047,-0.9322254110290124
28161,Yalobusha,Mississippi,-0.28544856687730774,-0.21876734522274957,-0.3554224143970786,0.37855273197566364,-0.9700783937805822,-1.6595709166205048,1.9644667097890256,-0.32233259127078195,-0.5492126556462059,-0.7725412284950108,-0.5792994123555437,1.704109400653746,-1.0438467596030976,0.40780919404725596,1.2448491777874646,0.18869312247332276,-0.026284522874283,0.29621380148660814,-0.49514023756754616,-0.27360291076721305,-0.4020040046232207,-0.3120966357347625,-0.42944047337145835,-0.6571718752039696,0.26927622239675947,-0.4289390540667898,0.23374263932212225,0.9960432297727848,1.2814235366784767,-0.2703343950499297,-0.07985731264245108,0.17423476293578183,-0.10958185865285491,0.22394900412560317,-0.08602139992103093,-0.4025360455500802,-0.5252247576718307,0.6844225430078735,-0.3713142960669889,0.8887367200659024,0.9039086482344041,0.8696860929572088,0.8880209148768669,2.1486777997335147,1.3665862513327656,0.8723534735004008,-0.0445798760766217,0.910068843432118,1.6931956586442476,0.4797019853335568,0.9063797258207039,0.6051264205596165,-1.1836635022878363,1.0351138903238184,-0.3089313814411201,-0.06577316005358952,1.1146123922721267,0.164155923415442
28163,Yazoo,Mississippi,-0.23395465612537109,0.2813980286883458,2.538900207634145,-1.5236635127394798,4.412526775710223,-2.878058308491707,3.1899530810222303,-0.26289635804708644,-0.4109441260350444,-0.5009843251852526,-0.08915087518709809,3.769135454130785,-1.4349735178877119,0.7019413527261464,1.6729047677213575,1.0408040586339895,0.5861283415680153,0.5664823605357537,0.052758853814954994,-0.2637231655650571,-0.3646070248864421,-0.486337487888188,-0.43787011860444075,0.313938664309464,0.01042746892580957,-0.49203444533879176,0.5145327627925104,-0.413710061732439,-0.01179318996519129,-0.41606323805227147,1.1669417654063312,-0.1639243845568974,-0.16870949897571827,-0.25565426518724454,-0.08602139992103093,-0.4514703887826229,0.31383026892177807,-0.11019774962928384,-0.04427796569073661,1.1994407018288429,1.2005414663175304,1.148375028882432,1.2079852507311808,0.9749756918258489,1.4827855096009461,0.3016874636988033,0.8096365861452123,1.2211662592967854,1.1935970276682115,1.3862358788534852,2.624125976953904,0.6051264205596165,-1.7789984009524775,2.668088186048177,-0.284114677196677,-0.06424138872338814,-1.4267319924729114,-1.2018803195006236
29001,Adair,Missouri,-0.2466860877053204,2.966971055764599,-3.1903246382739097,-1.1445751893468625,-0.914460465682774,0.4529412547314587,-0.43342792289275667,-0.28597795291779765,0.4333825476693881,-0.2847281062994461,-0.5170033916951321,0.8092647774803626,-0.8702490811717553,0.7019413527261464,-0.1820027886588462,1.420470631123663,0.4885804228737693,-0.6941521088170783,0.7801263700226385,-0.23944588662466565,-0.3265471955363568,-0.23959126392840674,-0.35724199075747753,-0.21506539162974048,2.9024734423937386,-0.5032888328040357,0.6101207770198838,-0.631234450208077,-0.5618503129492745,-0.44823088391017085,-0.439907226345689,-0.31299977901419784,-0.25479220488893795,-0.36719387701024114,-0.08602139992103093,-0.328093140717757,1.1015662195405642,-0.9293171400885158,-0.3159866414676093,-0.6727499575119529,-0.3673748578361392,-0.06474151573325176,-0.4146910239585564,-0.5988521346867033,1.972935108114002,-0.07628612720874817,0.9378973162085507,-0.4426493844794316,0.5053999134987222,0.14167239791934624,-0.38192996252919614,0.36520561336800217,-0.588328603623195,0.4907891250823656,-0.2886812502250662,-0.061577860021025936,-0.7962183762400737,-0.4784946967743856
29003,Andrew,Missouri,-0.26903565163138277,-0.21122122540531926,0.3254004902564754,0.03253885678519428,-0.2556923996233209,0.7284274263044872,-0.5964482597754479,-0.27972125525830754,-0.39156555099196766,-0.47638728324414203,-0.5094484698842112,-0.9632159184207626,0.4874371512100252,-0.16084631273193314,-0.9667713702043169,-1.032369696753838,-1.0474779239563383,-0.47527656815170305,-1.3851822217567766,-0.26691796962954095,-0.3373603977154463,-0.19220606649490365,-0.21015927394868575,0.9929029064701774,1.183262819676307,-0.47907366152871983,0.015359009574018692,-0.6379246008136464,-0.6183447274001789,-0.4498031839455602,-0.47302205148582666,-0.23977989732010793,-0.16810466735213506,-0.35096718489675655,-0.08602139992103093,-0.2807523871210229,1.513045893511706,-1.3498048500888646,-0.4150179306354626,-0.680716726275105,-0.3249987409671213,0.05001275200066485,-0.3461272377040603,-0.7562349173379584,1.005312193808056,0.5444057990364958,0.0169852743537808,-0.39820689649876484,0.13070094026669515,-0.02734239578775903,-0.8113665253124961,0.1252848061763878,0.007006295041446424,-0.59786040540054,-0.3063299320519967,-0.062398305265747925,0.3894173845290786,0.7228421409674027
29005,Atchison,Missouri,-0.3058475595054069,-1.04670902373372,-0.5201756455146528,1.2233693724335133,-0.024996369802981405,0.782851594700031,-0.6461882878523203,-0.2953214629727902,-0.49061230628503183,-0.6047828051894782,-0.5959596398329684,-0.2748739005950828,-0.35734996957073073,0.19211227768273587,-0.32468798530347687,0.23197277291488677,-1.3946510145658098,-1.1626046655636113,-1.7300912914697868,-0.27151048063387756,-0.36549998425400804,-0.41649806819564067,-0.41604669704862823,2.157066328337266,-0.25775895016645,-0.47976906774973593,-0.544187274185536,-0.6373193813692817,-0.7019740710698373,-0.4552566384559609,-0.5300184827357877,-0.08219407622441942,-0.24632861605632955,-0.33229972562245486,-0.08602139992103093,-0.42340444024775575,2.0072703954232054,-1.7687126741737633,-0.3303435348818225,-0.8320853327749993,-0.3673748578361392,0.05001275200066485,-0.36898183312222593,-0.9549640242450519,0.7834772462051642,-0.3449438266283316,0.009289630549980662,-0.4676482839685569,-0.3295542985199783,-0.2525247320500538,-0.8113665253124961,0.36520561336800217,0.007006295041446424,0.2186267424616392,-0.34926320470414796,-0.0689338388765097,0.17163792459794738,-0.57376199976735
29007,Audrain,Missouri,-0.2465542923473499,0.10720550195336083,0.37606138206817846,-0.2860515353060603,-1.881815516029357,0.34776766915788815,-0.17312181454844172,-0.2759912364150967,-0.4039814715698391,-0.017060687607083378,-0.46780553113960643,0.31021681455674494,-0.6941802614104292,0.4470268152044409,-0.5387157802704237,0.38365942590601537,-0.7323267930428942,-0.5911574589273108,-1.0387298040287885,-0.21150224342741727,-0.2864838146302488,-0.27429131203938356,-0.5206246073844427,1.5463354260054518,0.6456440563213183,-0.510804706835115,-0.32148180055259973,-0.638476026982383,-0.600593247166682,-0.4523650891771643,-0.406136879516792,-0.37234935973720623,-0.20669694906325328,-0.3659873863533257,-0.08602139992103093,-0.3666270872799776,1.8147053242143831,-1.6060095312918643,-0.22104349259249623,-0.4018798195647737,-0.10252412740477604,0.05001275200066485,-0.17471777206782046,-0.5041557146168801,0.5869948640426031,0.3498605684223147,-0.3344491260197663,-0.2009933560845548,-0.02604813020203648,-0.18099220824876383,0.04750660025410388,1.0849680349428452,-0.588328603623195,0.2186267424616392,-0.27191219516999754,-0.06326812079272251,-0.22273214577924233,-0.23306028906369777
29009,Barry,Missouri,-0.21609199194177073,-0.16567171710332332,-0.38475183069715524,0.34424332327311363,0.10017954433513598,0.5721093719901249,-0.6468703795230933,-0.04480642010477534,0.23810436752304498,0.18132241697042598,0.011964064499656488,0.7060134748065106,-0.5880584698505813,1.3490321018197062,-0.46737318194810806,-0.2617337895683741,0.27212747181554275,-0.029038050160137437,1.0329394529957632,-0.2245989070492226,-0.3136647454391241,-0.27104813678510814,-0.13041530642994376,-0.7900151177596791,2.731119685839971,-0.493114013049554,1.1534765687092325,-0.39200917695448073,-0.14399644475136467,-0.4140207465002718,-0.6221252717304394,-0.40515520158285145,-0.19343696226536752,-0.29819095076313573,-0.08602139992103093,-0.2701495989593522,0.45792112008071145,-0.32856803535940976,-0.15094193937600095,0.15579399385588857,0.2258907783301137,0.16476701973457913,0.19095575462282396,0.14671545431373448,1.691944174483673,1.0835740095957973,1.9332005815000566,0.1878784137462799,1.4046774492555865,-0.06831567911069364,0.04750660025410388,0.845047227751231,-0.588328603623195,0.762951507703092,-0.21713203429255787,-0.061424376729456505,0.22971581880483583,0.05435631996592377
29011,Barton,Missouri,-0.2864853570266756,0.004970629070686221,-0.8047417625159027,0.3961962076108896,-0.4249197827114738,0.6828581875614483,-0.6309710184247582,0.04198593535294183,-0.3812713741894558,-0.25854383211535437,-0.49552266099376635,0.08650565876339886,-0.6400897234096787,0.8588118373548884,-0.5387157802704237,0.18939892963858554,0.03384666116600053,-0.10073176816210648,0.15947865512593934,-0.256738235113343,-0.3400330138988325,-0.33702878904867234,-0.49946995815380485,0.6123918246675908,2.552304955261269,-0.5086039337702761,-0.2691448938668286,-0.6383209896934492,-0.6262162919390951,-0.44615654647877157,-0.3039199129750098,-0.3603012826026496,-0.20107049872186517,-0.36320039579533325,-0.08602139992103093,-0.4080342180326415,1.7578557382373907,-1.5328623547116031,-0.29562040521871247,-0.05134199398607136,0.15173257380933247,0.2631278206493658,0.17952845691374197,-0.602853391872752,2.6046365303355703,1.4170801192201077,0.7968105131388787,0.11010405978011249,1.1592496217886092,-0.40634526652490416,0.04750660025410388,0.845047227751231,-0.588328603623195,1.0351138903238184,-0.3238663210995406,-0.06676890850214695,-0.5162489849740164,-0.8466463083404177
29013,Bates,Missouri,-0.27354598165970617,-0.0892014467302314,0.06378164016684852,0.050415186677161015,-0.10175942757669536,0.7070679183624718,-0.5882122046453324,-0.15853002209021277,-0.495350739893817,-0.3674491529526121,-0.5368608901018784,0.41346811723059507,-0.4997151673036703,0.6038972998331827,-0.039317592014215016,-0.13838765318045565,-0.06345333138112894,0.6118892918859576,-0.8864675148019749,-0.27461322076094435,-0.411552977614848,-0.4094266154219932,-0.45034585454927245,0.4745965819915177,2.596201625752569,-0.49952855391386547,-0.252667623442554,-0.6390637531514383,-0.6622126600086635,-0.4448553033373043,-0.0685014959656774,-0.12631832513451946,-0.19571173650226084,-0.3341548254463573,-0.08602139992103093,-0.4447936585621633,1.6420416113317404,-1.4043951780331205,-0.105912823984016,-0.17084352543335618,0.10935645694031451,0.27952128746849575,0.05382818211383261,-0.5935171251053047,1.501799933681194,2.499122163778981,0.07855042478418331,0.029552050315154343,1.0274804828686797,-0.12977560409509556,-0.38192996252919614,0.845047227751231,-0.29066115429087425,0.2186267424616392,-0.30638607844169,-0.06691641161781003,-0.021851191124317507,-0.15232528652728727
29015,Benton,Missouri,-0.26396592352811793,-1.9340613368549477,-1.5114330016732296,2.5345334711589165,0.0364371805358519,0.746268141054378,-0.6528910162992487,-0.14358921541864694,-0.45575308859532776,-0.30230477801757927,-0.5484059949087958,0.37905101633931104,-0.9320276144213433,0.8980294585120717,0.4600805962419936,-1.2383277386752867,-0.12132763118487695,0.3251943570472082,0.18589894656971775,-0.25377454851037945,-0.3480997180711851,-0.33788042539173435,-0.18033813113938293,-0.544930422721437,1.4693579305913311,-0.46180493519321947,1.4623331382518905,-0.49245745972512067,-0.5430832478830533,-0.4008721424683137,-0.5389436835747164,-0.0689503804231831,-0.16196672034379467,0.13200963254629808,-0.08602139992103093,-0.3232094004257488,0.12830974870337836,0.01479469842074079,-0.17961104707554498,-0.15490998790705188,0.09876242772305983,0.18116048655371142,-0.0033083064315806597,-0.480148171500587,1.0306647592483866,0.8853231555413462,0.5248977654046011,0.0017754953272375235,0.5060244117874421,0.2748355687188837,0.04750660025410388,1.0849680349428452,0.007006295041446424,1.0351138903238184,-0.24758209296956313,-0.06548444716036508,0.6304486317551028,-0.8191964074780378
29017,Bollinger,Missouri,-0.28537534723399083,-0.6019021493784833,0.3419835218528989,0.38420698429020517,0.040955775806504814,0.7576570396496446,-0.6611447223920883,-0.19640289630182414,-0.5177690792610253,-0.5412073635922853,-0.5961336214913897,0.00046290653518882833,-0.6764017723974922,0.9568558902478499,-0.1820027886588462,-1.1407747721226378,-0.8560450665718341,-0.4657455099038506,-0.6617884621708319,-0.2897280487313318,-0.45407850250809506,-0.5457052835647335,-0.3529821280685033,-0.4135371737015731,1.1543704437477678,-0.5056671820075683,2.0304473072336524,-0.6176385717530457,-0.5605875124971087,-0.42602031418099573,-0.4229974442848791,-0.3113879206799599,-0.22524699645338656,-0.39893170431825736,-0.08602139992103093,-0.48110539468816776,0.11515583947438447,0.09575209472561277,-0.27739132063469074,0.15579399385588857,0.2047027198956051,0.27952128746849575,0.11096467065924588,0.5801849828023611,1.3391209721057402,0.7704488288929725,0.935332101607284,0.18232310274869684,1.1548781337675684,-0.18099220824876383,0.04750660025410388,1.5648096493260741,-0.29066115429087425,0.762951507703092,-0.32635547770927736,-0.06680366919235256,-1.3734148286446106,-1.720199035784379
29019,Boone,Missouri,0.20762715514762087,2.0376122033795077,-0.7063223486697106,-1.5254517076222507,-0.7089323298386142,-0.12533437318153387,0.06801833828119042,-0.24973027713506685,1.3745146268781665,0.014894538362455018,-0.4478424133637075,0.46509376856752255,0.15836349743388609,-0.16084631273193314,-1.1807991651712635,1.9746104355992968,0.8888396534988309,-1.1079207223448269,1.3197404828950452,0.053899172921044604,0.3354958812465809,0.2432715552206857,-0.0519957815184147,-0.20313697835134983,1.5559054666864265,-0.49756821581002353,0.91231292145025,-0.5952083657252858,-0.1634291337591342,-0.4412933179010655,-0.4922706967838903,-0.3467362068942584,-0.08242534024980934,-0.2919925959782983,-0.08602139992103093,0.18159758454870933,0.5040097152816008,-0.568410439360434,-0.2253401354866876,-0.3062785944069459,0.0457922816367872,0.19755395337284137,-0.07187209268607675,-0.4441368568261473,0.4137523335336782,0.4795573888317689,0.045202634967715566,-0.07877651413772141,0.08698606005629181,-0.15538390617192968,-0.8113665253124961,-0.5944776153984553,0.007006295041446424,-0.0535356401590872,0.13301556729815578,-0.016261048280131318,-1.5411678268691449,-1.1760451186889722
29021,Buchanan,Missouri,-0.06503986777892619,0.3684428867630681,0.5521026540430362,-0.6143961282671527,0.2405139492068508,0.3037858044618547,-0.198024492741505,-0.21060026977311408,-0.02496950489286494,1.641046307213808,-0.20942523548101868,0.2241740623285349,-0.44658562870902463,0.34898276231147773,-0.7527435752373701,1.1432484773014997,-0.0653371341157937,-0.8447244691633471,0.1248132678656889,0.15941787201632132,0.18305945091251113,0.4442527791638351,0.16168344873518253,0.7397572057396232,0.933619999565928,-0.4756774672559129,0.06004686307259668,-0.6390547832171185,-0.6753224631704294,-0.4463780320592239,-0.37507915024733335,-0.06994521992903333,-0.17401391720683634,-0.2712477649860185,-0.08602139992103093,0.2853387843937277,1.1508326163633547,-1.2420536865501346,-0.4311768822479329,-0.5691819635909726,-0.2084644195773213,0.13198008609631925,-0.2661361537404822,-0.6575372400820865,0.8384078046592139,0.746362276531217,-0.23184054196909545,-0.2954336430434729,0.13507242828773502,0.013630887535175579,-0.38192996252919614,0.845047227751231,0.007006295041446424,0.4907891250823656,-0.05121945274882617,-0.026813838245883573,-0.28207862417174395,0.03659461940791355
29023,Butler,Missouri,-0.1965013441758906,0.1260889177973964,0.029983404624367698,-0.13109554085841899,-0.6737597096335473,0.3969037391263787,-0.255290067055396,-0.17403638420146703,-0.25046389587863477,-0.34767260613233253,-0.543476086274149,1.3771469421865483,-0.9881087940490249,0.6235061104117755,0.3173953995973624,0.9761205731727733,0.2899753693877718,-0.3854641207853866,0.4573417071044271,-0.2266012252495613,-0.24526110493716552,-0.2736352747344996,-0.14576539285788134,1.0024753594812477,-0.2555854932923572,-0.49411473653611937,0.41712953989568197,-0.5289177716302323,-0.18671873919947535,-0.43296893087176896,0.056060242759464675,-0.3369909370721073,-0.18970574933911105,-0.3664387085717508,-0.08602139992103093,-0.255101371807419,0.8714142020800337,-0.7370714777227235,-0.21933079265200392,0.2991958315926307,0.3848012165889316,0.5254232897554589,0.32808332713181615,0.6575426217326393,1.5292652129082194,1.1984483362441711,0.8558104489680145,0.37398133216532226,1.3722035382421445,-0.2168438311563316,0.04750660025410388,1.5648096493260741,-0.588328603623195,1.8516010381859975,-0.17172832049390102,-0.058179518917495184,-0.7748149749883985,-1.329441623508152
29025,Caldwell,Missouri,-0.294492657219816,0.051930909933919196,-0.26959041594278,0.08641782724939658,0.33065449125206126,0.74374309222185,-0.6212351468977715,-0.1855574234123103,-0.39307443930892316,-0.21610030899097185,-0.5237053758412608,-0.15441404747558876,-0.19562749808625354,0.5254620575188118,-0.6814009769150549,-0.554528375134257,0.08428972590286328,0.2874575507821637,0.2789221148244815,-0.2803816747960597,-0.38048957026899344,-0.23587805316907853,-0.46147071975280707,0.1755004007805601,3.193724508519738,-0.5044951448535708,-0.020209436467397722,-0.638734167295286,-0.6723766135836785,-0.44713149358540416,-0.40920681083360866,-0.34449464568600086,-0.20682714316601736,-0.38489268202613225,-0.08602139992103093,-0.3800025530621669,1.6179139143006713,-1.4089101758274458,-0.41988050916216446,-0.5612151948278201,-0.25084053644634,0.08279968563892474,-0.3118453445768127,-0.7002173167332744,0.751786539404751,1.137305549479714,0.5351586238096684,-0.32321019803138973,0.407978180458395,0.16215903958081354,-0.38192996252919614,0.845047227751231,-0.29066115429087425,0.2186267424616392,-0.3374537474053217,-0.06649973108122988,-0.3815649915302273,-0.5850649001224475
29027,Callaway,Missouri,-0.18986764449137597,0.2542302889336155,0.6725987506255365,-0.5691834492904547,0.5180705331836084,0.4766562617511057,-0.3375926978300886,-0.21331797849958245,-0.3062449578835535,-0.1752642988795016,-0.5458873588919767,-0.49858505638843054,0.20579568240662538,-0.08241107041756218,-0.8954287718820013,-0.11275108849314057,-0.5029095138906303,-0.9805893022281329,0.3558226184812628,-0.21336165053309153,-0.23408497412446955,-0.24620121739752182,-0.323614077782579,-0.12211797335415114,1.383550116943453,-0.49628871946817216,1.2264504960206903,-0.5974473087093779,-0.1714717947385775,-0.4423938429144175,-0.5096089510260866,-0.3814699494305704,-0.11920661223491565,-0.3100879738510916,-0.08602139992103093,-0.28796324622661956,0.5057949156436883,-0.3674212043051516,-0.10901057691986263,-0.2505112130648794,0.056386310854041874,0.21394742019197363,-0.03759019955882911,-0.3827842466400646,0.4813591747078928,0.30724589885920867,0.09907214159431747,-0.045444648152220754,0.09073304978861223,0.13655073750397942,-0.8113665253124961,0.36520561336800217,-0.29066115429087425,-0.3256980227798136,-0.20818604286809045,-0.05984267278266308,-0.5460756654989302,-0.3719244934263237
29029,Camden,Missouri,-0.18529288117693363,-1.8029260487764625,-1.0086024490742895,2.163302610745976,-0.18725252693556646,0.7308849732009078,-0.6444651184896973,-0.2261481258076384,-0.3327256100079072,-0.3016202902352738,-0.4973155025005683,-0.17162259792123075,-0.29255115247338503,0.7607677844619247,0.24605280127504683,-1.1214839328884922,0.29783748650037223,0.7917884775755768,0.4587547101659082,-0.1431550505478051,-0.17093997356515275,-0.17979056126898704,0.35432383067023465,-0.8196934611633891,0.5213449776784947,-0.48612708212919664,2.3288911332828266,-0.5901405477797008,-0.5240006177904731,-0.38470030495970725,-0.5800328362016981,-0.37990922519134057,-0.07945565754966943,0.22624801544317802,-0.08602139992103093,-0.046762251555035425,-0.571190369977449,0.5755120328118358,-0.21233106246042707,-0.011508150170309747,0.2576728659818777,0.3614886215641502,0.23666494545915523,-0.40545803736100816,0.8489713735926844,0.6500160670841941,0.3838109623349286,0.18232310274869684,0.37363077457879224,-0.40634526652490416,-0.8113665253124961,0.6051264205596165,0.3046737443737671,0.4907891250823656,-0.13392308476707213,-0.05721821584969871,-0.6560719855536806,-1.389185525385096
29031,Cape Girardeau,Missouri,-0.0899140450065566,1.0162802732192187,-0.7236136247440139,-0.5759070209645203,-0.7393594987748486,0.20785482453303875,-0.09438549695481857,-0.29033705624402695,0.14049332030795286,-0.30978055034563373,-0.524767479575025,0.017671456980830835,0.13015130058324087,-0.04319344926037889,-0.8240861735596857,0.8181602799718072,0.23959147424350102,-0.3063957299614082,0.39026545652902983,-0.024937854692819724,0.03314780806328052,0.2354658551617395,-0.029401768152947413,0.18659988514570014,1.4897025565830706,-0.5065784171541842,0.6924102615119025,-0.6370820504175615,-0.6651058389324638,-0.4430980148598239,-0.47444892456789045,-0.3684443606815935,-0.11037661847219336,-0.2653006855325797,-0.08602139992103093,0.07771227431193889,0.8577987392819088,-0.8675208298150184,-0.30334989451536887,0.19562783767165018,0.2576728659818777,0.39427555520241236,0.14524656378649353,0.6762151552675336,1.1532021588766503,0.4795573888317689,1.3278099356011,0.2378762127245305,1.1423881679931673,-0.411466926940271,-0.38192996252919614,0.1252848061763878,0.007006295041446424,-0.0535356401590872,-0.07472607456709206,-0.04274850523823771,-1.0223139399554448,-1.0872366158989206
29033,Carroll,Missouri,-0.29549137315465906,-0.1649322253981203,-0.5082668099359533,0.4050746759870054,-0.6907260153627964,0.704939190544586,-0.5377674013048506,-0.2975078739269857,-0.5710134339663955,0.0395013243385381,-0.584578933673321,-0.11999694658430474,-0.3496619743218931,0.29015633057569956,-0.6100583785927393,-0.33526462685103886,-1.1910450996590862,-1.072954547113585,-1.084743605316011,-0.27114257644905637,-0.3983330243388776,-0.31597691305199166,-0.5044800590572373,1.054025264398338,1.40761678652463,-0.49508175734933657,-0.21473378405394272,-0.6391958031511525,-0.6908218627918481,-0.4421766452619187,-0.3090848892152732,-0.23446728845292694,-0.13536519075239667,-0.27100818593290504,-0.08602139992103093,-0.422689090602317,1.67474527942312,-1.4457336371121334,-0.21767021836187456,-0.48951427595944935,-0.16608830270830335,0.14837355291544918,-0.23185426061323375,-0.6401984589425415,1.1447513037298738,0.8816175321010762,0.22220244245512247,-0.24543584406522234,0.38986773008551373,-0.5036568144168738,-0.38192996252919614,0.845047227751231,-0.29066115429087425,0.2186267424616392,-0.33335506095771006,-0.06830112274680236,-0.9804372994612375,-1.6136288324363173
29035,Carter,Missouri,-0.3033903082756904,-0.24101864618978525,-0.1617748768986904,0.3026125449764078,-0.7166886489582139,0.7341854525567212,-0.6331423293244607,-0.0821099830000118,-0.48903792015299874,0.03307961600725289,-0.495545959414077,0.9125160801542147,-1.3274788700334286,0.6823325421475538,0.5314231945643092,-0.7294401522942823,-0.23831019224504799,-0.7200434231591747,1.4124180867635907,-0.2804862571502919,-0.41916899204169433,-0.6023103604368377,-0.2746345821219829,-0.8221988482510404,-0.2535076258993353,-0.4428846256995232,2.885629937514944,-0.32721396250229107,0.29153802310695964,-0.35805019321249015,-0.5563996956817681,-0.387921979102609,-0.14033351383038367,-0.3875709507863872,-0.08602139992103093,-0.466816387453779,-0.9242662530620709,1.1001309725237431,-0.3608817194729471,0.20359460643480262,0.2576728659818777,0.21394742019197363,0.2023830523319068,0.576183725616312,1.4637710855206985,1.129894302599174,0.4402456835627977,0.2239879352305721,1.1904745362246114,-0.2525247320500538,-0.38192996252919614,1.0849680349428452,-0.29066115429087425,0.762951507703092,-0.34653074707240683,-0.06843147644871715,-1.0682952551405251,-1.720199035784379
29037,Cass,Missouri,-0.011103349725936459,0.12622711529686065,0.6720747285298168,-0.45099563224542444,-0.5794074018691105,0.46300569177219786,-0.3409926731699636,-0.18648810383058667,-0.15031887240888878,0.1055996796466381,-0.3732486121677228,-1.1353014228771825,1.2465580392180189,-0.35693441851786023,-0.7527435752373701,-0.604328536294733,-0.22861271380700113,-0.2953038460948136,0.47018148812014865,-0.15265709193805602,-0.051609612463671004,0.5448307681847159,0.1556936824146408,0.07623045120701903,2.8925662609172687,-0.5044756881493005,-0.07440675263986764,-0.639196186256876,-0.6912645561187236,-0.44386058095501,-0.4130191307248604,-0.35187239179572855,-0.10463117591073368,-0.3284737303480943,-0.08602139992103093,0.18226530777818575,1.383900670280897,-1.4241471186432817,-0.2166872775264616,-0.29034505688064105,0.056386310854041874,0.19755395337284137,-0.04901749726791112,-0.5935171251053047,1.3686989651194592,1.7672615343256337,-0.10871024110829092,-0.064888236643763,0.6958718915583353,-0.36025032278660274,-0.8113665253124961,-0.1146360010152266,0.007006295041446424,-0.59786040540054,0.010934600641668242,-0.03939817697599107,-0.31217843055304534,0.05274161991519531
29039,Cedar,Missouri,-0.27888515805037734,-0.10301575867382098,-1.3171239999055029,0.7508573414978466,-0.13257399326521474,0.7398092081244897,-0.6564737523717582,-0.11834927845374413,-0.4147833947711527,-0.16776160454916844,-0.525377208632501,0.5855536216870165,-1.187172956742142,0.8784206479334811,-0.32468798530347687,0.10945993357833082,-0.19510850181908457,-0.452501223240357,0.1570908563245352,-0.26816887609421985,-0.3992632774516204,-0.43454997407778373,-0.240631083890323,-0.6900139240951908,2.766917660853773,-0.4885037208093393,1.1448150367427723,-0.5807318725142266,-0.5361982429864608,-0.4108901347172556,-0.549967545409736,-0.3986550563396076,-0.10916989832761183,-0.03746269351958331,-0.08602139992103093,-0.3912754352964697,0.5725828792491687,-0.38775059259721656,-0.3686633344199662,-0.019474918933462183,0.18351466146109574,0.29591475428762803,0.16810115920465915,-0.45480687598894426,2.3933651516661496,0.7333925944902715,0.4735934733792659,0.13232530377044627,0.8569924500481072,-0.49341349358614023,0.04750660025410388,1.3248888421344598,-0.588328603623195,0.762951507703092,-0.3024932620896205,-0.06486944435388703,1.558368686354277,0.9279090474098853
29041,Chariton,Missouri,-0.299161141677704,-0.395492931541898,-1.3922148363577473,1.057707453720126,-0.07545071234513429,0.6650838048912779,-0.5111570595381542,-0.3008891956888773,-0.508866218742365,-0.676731239347802,-0.6392442002109953,-0.3437081023776508,-0.35233904409604194,0.32937395173288503,-0.8240861735596857,-0.8153718891187072,-1.373303921675546,-1.306970275661204,-0.8546745988798969,-0.2670353743494523,-0.36706762229598994,-0.3019179022255204,-0.5993639769561359,0.8882440349383467,1.5428471022423431,-0.5063880032188754,-0.3699443345449369,-0.6366945144183745,-0.6709785206664806,-0.4522596233550865,0.08638879885969135,0.2870518065591953,-0.11489129202543856,-0.21952530668068188,-0.08602139992103093,-0.4334432973903568,1.5727025227498812,-1.3418825889355588,-0.16902209353041478,-0.4735807384331448,-0.10252412740477604,0.18116048655371142,-0.20899966519506893,-0.6295284397797445,0.8827747941797917,0.9649940595071537,0.04263742036644885,-0.21210397807972245,0.30181347137598763,-0.2525247320500538,-0.38192996252919614,0.6051264205596165,0.007006295041446424,0.2186267424616392,-0.33880126075796113,-0.06886358529372509,-1.5199900017565497,-2.219141351459396
29043,Christian,Missouri,-0.061434532542000125,0.3304812386267189,0.9709185632123657,-0.7880004861414692,-0.4612275165286653,0.7116138560373901,-0.6158894171513435,-0.1920979149082245,-0.2629032148754431,-0.23651882016206188,-0.47805825116407474,-0.7050876617361327,0.5270440553044833,0.03524179305399396,-0.9667713702043169,-0.3257782192289002,-0.23796638565507178,-0.38626955969192356,0.3240565888323287,-0.1512083467087403,-0.030529503906644436,0.17107034513810931,-0.09432906897007257,-0.8122821096822173,2.5186091550755645,-0.4955082363730848,1.31461113542416,-0.4969120179879894,-0.18894480784792053,-0.4189119836615812,-0.6116332881336523,-0.40367386238724057,-0.13355279031753817,-0.4196504426043337,-0.08602139992103093,-0.00777987025195174,0.3398386909670348,-0.327039461963338,-0.3202013726255163,0.06815953746121348,0.16232660302658714,0.13198008609631925,0.14524656378649353,0.08136158694160306,1.4405312338670622,0.37950555594447566,0.6326367786578053,0.12399233727407248,0.7458317546559391,-0.45756187067857246,-0.8113665253124961,-0.1146360010152266,0.007006295041446424,-0.3256980227798136,-0.06929859023007207,-0.038009912998755245,0.13847813640078602,0.9472854480186235
29045,Clark,Missouri,-0.3010033479035582,-0.40566257218097723,-0.04580246058567279,0.39653950222005907,0.5087935196218587,0.7974279227253201,-0.6597743170041533,-0.31043658474366426,-0.4511014527710311,-0.4256254021763877,-0.6397667598867317,-0.051162744801737194,-0.6672722780394975,0.662723731568961,-0.39603058362579246,-0.3898426509087227,-1.305655652134235,-1.148700105127076,-1.2583445969054508,-0.27512299804400075,-0.37541784324982325,-0.3579965823648594,-0.5775334544667895,0.7281076110529352,1.0115503135529225,-0.4654077280032784,0.3963941369183222,-0.6188607754355725,-0.6234548412207072,-0.4423292949500801,-0.19899949740167297,-0.2358470603941566,-0.20258877476431933,-0.30358880962788437,-0.08602139992103093,-0.45099719465046345,1.174624410497296,-0.9472841226294222,-0.35877435389399365,-0.7205505700908666,-0.4097509747051579,-0.031954582094989546,-0.4261183216676392,-0.7148885930821203,1.3982769581331782,-0.050346763126857264,0.701897572892008,-0.4676482839685569,0.23249416132806264,-0.2525247320500538,-0.38192996252919614,1.3248888421344598,-0.29066115429087425,0.2186267424616392,-0.34772853671919746,-0.0681119920959972,-0.6817834357823799,-0.8918579097608071
29047,Clay,Missouri,0.4111338317827203,0.4709915234048861,1.375107793118526,-1.1187432357968832,-0.44849347578947396,0.17108409101213898,-0.13246747049800256,-0.1999574139030999,0.47574749584158077,1.2687515154434368,-0.19445510427400048,-0.9287988175294786,1.028479816846973,-0.4941960925680094,-0.8954287718820013,0.3643407722748836,-0.27613293640112146,-0.805152748994241,0.22502298081928152,0.667318021147145,1.157863444952268,1.9627709542390503,1.2444039555514241,-0.24448391532776784,2.1602998163076563,-0.5040821684512397,-0.06283324466303745,-0.6393997489025706,-0.6934149392172394,-0.45107934039587744,-0.4507733758875647,-0.30417598881518804,-0.18557122326752215,-0.169384584684315,-0.08602139992103093,1.5020739915058183,0.7367777174406004,-1.3648054289445222,-0.4356299020932127,-0.42578012585423075,-0.08133606897026743,0.16476701973457913,-0.17471777206782046,-0.7402298885937629,0.8447459460192961,1.00390310562999,-0.4114055640577693,-0.18432742309180564,0.14131741117493557,0.08021247293494432,-0.8113665253124961,-0.5944776153984553,0.007006295041446424,-0.8700227880212664,0.39329151445311084,0.05705649231624877,-1.0216343485165509,-0.48172409687584195
29049,Clinton,Missouri,-0.2612011497964703,-0.10942722116577284,0.5923761304187554,-0.19420055236185269,-0.03502674284606647,0.6899568688855249,-0.5635501278920199,-0.20630195257715223,-0.3961217997077754,-0.22875011892555566,-0.535788264206129,-0.7911304139643425,0.6053655069020166,-0.02358463868178615,-0.7527435752373701,-0.5906344390877611,-1.0111253378777618,-0.7686790374773147,-0.9590467215463667,-0.2594397619629721,-0.3321066423926775,0.08512543069138218,-0.5399380823702511,0.5197231678089393,2.5672296124406087,-0.5120097472049567,-0.16113042702664027,-0.6393997489025706,-0.7040837799490067,-0.45249617839068496,-0.47315479244113773,-0.3711242821645194,-0.22193765635859583,-0.28672471203785566,-0.08602139992103093,-0.2720103042185376,1.673365000821955,-1.5094446859732973,-0.42462394334518,-0.553248426064668,-0.25084053644634,0.0008323515432703504,-0.3118453445768127,-0.6922148023611766,0.728546687751115,1.231798947206602,0.006724415948713947,-0.3343208200265566,0.3080584542631881,-0.4165885873556378,-0.8113665253124961,0.1252848061763878,0.3046737443737671,-0.59786040540054,-0.29272379028298456,-0.060818108945762506,-1.099424927004974,-1.356891524370532
29051,Cole,Missouri,-0.09614064347422907,0.12526018376669998,0.8253495293949026,-0.5264383636529723,0.19908957868529362,-0.039927734306759444,0.1928740620522906,-0.28485034143917615,-0.0495202741367432,-0.059876091558086576,-0.4913932339298772,-0.6706705608448487,0.420441764041583,-0.2784991762034896,-1.1094565668489478,0.6560254118088944,-0.9425064992267032,-1.1784175987189995,-0.9328857384127509,-0.009496242155199999,0.17791657977134331,0.19665812547930625,0.18039815762665248,-0.5957792631331622,1.9880789262312808,-0.49221142332632895,0.8501256277506563,-0.5250424051846486,0.42672413536961645,-0.43402437776753694,-0.48096843180587157,-0.254909747096473,-0.11411100368818078,-0.225125556491069,-0.08602139992103093,0.16821634947771275,0.31295604562078905,-0.37688694426038083,-0.4428232418432801,-0.12304291285444272,0.14113854459207778,0.32870168792588794,0.08811007524108025,-0.4307993328726511,0.7348848291111975,0.11455347996516257,0.3530283871197276,0.07121688279702958,0.14006841459749572,0.05972583127347702,-0.8113665253124961,-0.354556808206841,-0.29066115429087425,-0.59786040540054,-0.09430244910682621,-0.03065360929854266,-0.7176510434535461,-0.5463120989049707
29053,Cooper,Missouri,-0.2690444379885808,0.39096219064641796,-0.11337099145805392,-0.3037251466807985,0.9467845795847836,0.32554503296784176,-0.14994431110874182,-0.21691467808741985,-0.32234624430979864,0.0447481662713357,-0.5503938563280074,-0.46416795549714485,0.08477840005215452,0.0548506036325867,-0.32468798530347687,-0.1173329788284543,-0.7142025078319437,-0.5834439587469876,-0.7524217071305132,-0.24222778811778223,-0.3211029502094053,-0.33352823021658096,-0.48443426376670157,0.4975892871856995,1.8255979964811833,-0.4990030672014035,0.2928199915532215,-0.6284671622939981,-0.48744258194193,-0.437586490971383,-0.48136588463888585,-0.21198657083401692,-0.19149519694674894,-0.3315786279784851,-0.08602139992103093,-0.3940014839076908,1.3159943950068187,-1.109333901893692,-0.3161281253757369,-0.29034505688064105,-0.007177864449485444,0.16476701973457913,-0.08329939039515956,-0.48548318108198557,0.4961481712147523,0.4962326943129844,0.18372422343612085,-0.09544244713047134,0.13132543855541506,0.30556553121108465,-0.8113665253124961,0.36520561336800217,-0.29066115429087425,-0.0535356401590872,-0.3067603877063121,-0.06438069679108299,-1.1117494513637818,-1.2761565218341215
29055,Crawford,Missouri,-0.2508537498029205,-0.21999785088034549,0.0035953282382647973,0.2008892226024506,-0.16251023712794802,0.7605743745668907,-0.6540369322444212,-0.1924597415873305,-0.496286941993009,-0.28531117853133225,-0.5501449608390884,0.1897569614372509,-0.5084328047733344,0.7803765950405174,-0.25334538698116177,0.019142830585214692,0.7262884583399516,0.9786074900505276,0.4432080837818466,-0.26774735198940247,-0.3847140209234039,-0.4801639558873693,-0.16506495826970982,-0.8197107365763922,0.86347827903905,-0.47243324442106555,2.483109984481341,-0.5221888328956088,-0.1724194253299497,-0.3593573699888429,-0.5978513435028354,-0.3921415174025837,-0.12245251059268998,-0.3782623935265735,-0.08602139992103093,-0.3819298145368781,-0.4163972658341939,0.569721790635248,-0.18605973467757225,-0.07524230027552867,0.0457922816367872,-0.11392191619064394,-0.06044479497699393,-0.10136249122129481,0.9250290699136764,0.750067899971487,-0.10357981190575703,-0.04822230365101307,0.4535665555349585,-0.3141553790483013,0.04750660025410388,1.5648096493260741,-0.29066115429087425,1.0351138903238184,-0.2666718654652886,-0.06416237331811049,0.40055395111268877,0.14316482275597486
29057,Dade,Missouri,-0.29876575560379254,-0.8635547829116867,-0.38901460566431906,0.9893124127587565,0.4612875649257477,0.7236456250225729,-0.6437451894052887,-0.028154552281549745,-0.3222871734541563,-0.14900174259266277,-0.5377385273723942,0.2413826127741769,-0.9130135547434145,1.035291132562223,-0.6814009769150549,-0.6500665334016097,-0.15997787881096795,0.5258752805618879,-0.7805052478222458,-0.2756699646819143,-0.40719250833431436,-0.39774081012079227,-0.5421660302959925,-0.32255364398575126,3.5632934015272633,-0.5029477568127344,0.3508459595679309,-0.6040699052131946,-0.5705875079650219,-0.4205366022846293,-0.5933431667052845,-0.39127353149392863,-0.11589088142582042,-0.1727043220399718,-0.08602139992103093,-0.4646938453891607,1.2947415293339477,-1.0581512051228925,-0.3630858898311458,0.028325693645451865,0.17292063224384108,0.27952128746849575,0.16810115920465915,-0.40545803736100816,2.2497006141709437,0.668544184285545,0.6121150618476712,0.14343592576561315,0.8494984705834673,-0.3704936436173364,0.04750660025410388,1.3248888421344598,-0.588328603623195,0.762951507703092,-0.3369297144348508,-0.06776440820736018,0.8452863874469042,0.14316482275597486
29059,Dallas,Missouri,-0.2714782589324358,-0.16563715376015778,-0.4204439801773503,0.3619867989457886,-0.2378109968595086,0.7452829450505948,-0.6587479099248938,-0.10304329973363408,-0.4681567097001214,-0.22077014733803885,-0.5412200152856821,0.5683450712413746,-0.9152101248145109,1.0548999431408153,0.24605280127504683,-0.5530541245894929,-0.22233097963864534,-0.17075945544867382,0.21433290577275466,-0.2733844465836549,-0.3864703970007582,-0.28702003285640365,-0.3966046380110873,-0.8101615300504321,2.693002939375023,-0.4977290917374959,1.5002610047939644,-0.5697002147689283,-0.27822564835587776,-0.4078228239848575,-0.6027362083180604,-0.4024994891310549,-0.20878023311050403,-0.40931600994508155,-0.08602139992103093,-0.38025573756604564,0.42083720196006075,-0.24497783503909187,-0.3357348164336329,-0.059308762749223795,0.10935645694031451,0.13198008609631925,0.08811007524108025,-0.2147314448260125,1.436305806293674,0.9575828126266136,0.29402845129059185,0.05177329430548811,0.7183538299522573,-0.19123552907949748,-0.38192996252919614,1.3248888421344598,-0.29066115429087425,0.762951507703092,-0.29382800261361963,-0.06438522940019525,1.4652041061458174,1.0651585517217828
29061,Daviess,Missouri,-0.2966658162334628,0.3898250979384241,-1.3199152165922794,0.2982026801895277,0.07782146961866618,0.7671655729208583,-0.6448440880889494,-0.26505796607784415,-0.4934763147580127,-0.20874975981457353,-0.6005832880835688,0.5339279703500905,-0.5165326569105027,1.4862937758698533,-0.5387157802704237,-0.9424845707979421,-0.08175488397708155,0.6514697801013831,-0.6574725933632275,-0.2814362886262105,-0.40438962192939865,-0.2534521199231071,-0.4815648318219472,0.4331519587943304,2.4259963776724103,-0.5014938046764694,0.06693988160678951,-0.636634603776701,-0.5957317965772106,-0.4473054242316205,-0.402617293672147,-0.3473003720607324,-0.19016127015032472,-0.35549517182405105,-0.08602139992103093,-0.39891941629172734,1.5242188952599618,-1.3096508858059035,-0.3162174836335018,-0.6886834950382574,-0.3461867994016306,0.05001275200066485,-0.36898183312222593,-0.652202230500688,0.9736214870076425,1.3374092152543005,0.6069846326451378,-0.4120951739927233,0.5809642064338472,-0.17074888741803015,-0.38192996252919614,1.3248888421344598,-0.29066115429087425,-0.0535356401590872,-0.34230105238217745,-0.06784650398785291,0.16327320353845212,0.26103792645913426
29063,De Kalb,Missouri,-0.2841628299406623,-0.633518607171164,2.6894944518246087,-0.7557671177090396,5.659142277683978,0.035463129728497016,0.10985654514709588,-0.25695698500132735,-0.47596607601730095,0.05651914824903245,-0.49541021760026527,0.017671456980830835,-0.11840433152426845,-0.04319344926037889,-0.7527435752373701,0.3068891977752801,-1.3781485189503775,-1.4348911972828502,-1.3802979743405615,-0.2652608303591396,-0.3827575532969442,-0.18514557600971462,-0.4213357897089306,0.46536182855360647,2.8411174773585044,-0.5066836006093877,-0.2181922282114817,-0.6343612328360139,-0.634234693548585,-0.44745692788778785,-0.45509911528922403,-0.34323226679286223,-0.22745359893665654,-0.3587778497692088,-0.08602139992103093,-0.349121684308979,1.743769535014581,-1.544601930286163,-0.42284422471136407,-0.6886834950382574,-0.3673748578361392,-0.031954582094989546,-0.40326372624947354,-0.6241934301983459,0.7538992531914452,1.581980362312128,0.4120283229488634,-0.4398717289806401,0.5641027526384063,-0.5497517581551753,-0.38192996252919614,0.845047227751231,0.3046737443737671,-0.0535356401590872,-0.33629338868499326,-0.0647260538976482,-0.5921250404809418,0.11732962194432404
29065,Dent,Missouri,-0.27530032431358004,-0.5009434771568146,-0.3161006350770866,0.6189331996893221,-0.0772706281188214,0.693837056081794,-0.6342982704523087,-0.10739721451353072,-0.3193930853584003,-0.3235558234136919,-0.5646453573245817,0.7748476765890786,-0.698916615626231,0.9372470796692594,-0.39603058362579246,-0.2299826480655247,0.15305018312562724,0.5050980288134975,-0.1389043566342085,-0.27818551835823824,-0.4342345167692091,-0.532138160836103,-0.3772916920864914,-0.8208472901142211,1.258674317221751,-0.489856983470202,2.3618765604101037,-0.4417630496957104,-0.3309626343076018,-0.3730033546797321,-0.6223226902641269,-0.40200840493308015,-0.22788769675249718,-0.4118763853721148,-0.08602139992103093,-0.4746746098229343,-0.23869615025275906,0.4369980235236627,-0.1780919566935431,-0.019474918933462183,0.056386310854041874,-0.16310231664803845,-0.04901749726791112,0.07202532017415592,1.1637657278101214,0.8445612976983752,0.019550488955047518,-0.03155637065826313,0.6671449702772135,0.6026218353023606,0.04750660025410388,1.3248888421344598,-0.588328603623195,1.3072762729445448,-0.3007152930826657,-0.06657205193848192,0.7179055616032696,0.2804143270678729
29067,Douglas,Missouri,-0.28229426464321405,-0.8161671358183894,-0.9100724394840389,1.2051510571027084,0.04634302402314686,0.7603059441278786,-0.6516738167946345,-0.08450614118831666,-0.4782607854800412,-0.5649525491195828,-0.5746198152870478,0.7232220252521526,-1.094779728126647,1.1529439960337788,0.6027657928866248,-1.0047719560648638,-0.004663675719496765,0.4707626538097858,0.03364739819287729,-0.2853811233395931,-0.44848750356540484,-0.5569089396621563,-0.3264481957063362,-0.8209933818880147,1.7510975422973667,-0.47519900160692646,2.0148570517634337,-0.5212269902973155,-0.10318882906864,-0.3589826210377669,-0.6212083766183188,-0.40482919052248734,-0.20005420158939607,-0.42451106170075853,-0.08602139992103093,-0.47514083801975276,-0.016025977872301058,0.22071470782692987,-0.13333091607485245,0.11596015004012696,0.2047027198956051,0.09919315245805703,0.11096467065924588,0.3361082944533806,1.2144708586907822,0.38506399110488104,1.535592318303708,0.13788061476802932,1.019986503404039,0.22874062498058229,0.04750660025410388,2.044651263709303,-0.588328603623195,1.3072762729445448,-0.32004836660039554,-0.06750388572248733,0.49915068237195437,0.5387663351843868
29069,Dunklin,Missouri,-0.23559184734993785,0.47949519050584927,-0.4681234988355047,-0.20861589659926058,-0.9629216745752855,0.09539458374993208,0.08459923698836692,-0.2607334024029374,-0.2987051393197468,-0.5220465254998848,-0.20120288022059243,2.0999060609035123,-1.1560777616731825,0.8392030267762957,0.8881361861758866,1.1814171723276978,0.017981019180749788,-0.6215479442883176,0.04770444260959892,-0.2240491940318143,-0.26345255443352183,-0.24151353658747085,-0.03403561878384204,2.333379681154949,-0.7089556238600766,-0.5242790550216587,-0.7861786698727593,-0.6392690583065745,-0.6441768226316384,-0.4555710030044129,-0.04705322009360846,-0.3326922285029667,-0.24624454740142487,-0.3508682329320614,-0.08602139992103093,-0.2185464828056076,1.9767133786182474,-1.8274484164400817,-0.3324360074178152,0.45853120685567716,0.5966818009340221,0.6893579579467677,0.49949279276805597,1.1777060559189911,1.2144708586907822,0.705600418688246,1.391940300632769,0.5545289395867816,1.4871112233666328,-0.42683190818637146,0.9063797258207039,2.044651263709303,-0.8859960529555155,1.8516010381859975,-0.2403392086991261,-0.05975395574017882,-0.2759488958008872,-0.6916351034705094
29071,Franklin,Missouri,-0.016413238259280854,-0.07173035712181655,0.5662949471397807,-0.2159410551266258,-0.1801487561454587,0.7370271089558853,-0.613171245957842,-0.2826995482891032,-0.39879596954954,-0.4143267206618825,-0.5683412253980278,-0.8943817166381945,0.39168042467316366,-0.003975828103191509,-0.6814009769150549,-0.35898629606979315,-0.5163503750271587,-0.34066403756575225,-0.46388923012422556,-0.14154198837240617,-0.14683343128952286,-0.0002126836219402251,0.10601242925433811,-0.5330119364667169,1.1074090524017275,-0.4857983064877144,1.3436385464593115,-0.5489388720733481,0.8852119133277006,-0.4342427250439252,-0.47889443811000426,-0.3805534768696423,-0.14575883024909161,-0.28314010746312746,-0.08602139992103093,-0.04503369041502079,-0.023731367446395996,0.042514656415611835,-0.046995946031082966,-0.12304291285444272,0.09876242772305983,0.16476701973457913,-0.014735604140663477,-0.248075254709753,0.9567197767140893,1.2744136167697084,-0.39857949105143553,0.007330806324820572,0.4991549306115216,-0.5139001352476075,-0.8113665253124961,0.36520561336800217,0.007006295041446424,-0.3256980227798136,0.047205168383546645,-0.0475174038967601,1.0597201437327075,1.4704482644545638
29073,Gasconade,Missouri,-0.2778395815438115,-0.7187193891995788,-0.35963960077769586,0.8412491004747154,-0.03290703640472094,0.7746689709086938,-0.6474974227221187,-0.2691974004739883,-0.4475928247368842,-0.48415036251593435,-0.5853654123756542,-0.49858505638843054,-0.13529046394582253,0.4470268152044409,-0.5387157802704237,-0.8328511041115344,-1.2100933403585388,-0.8543239356677126,-1.2376369501085798,-0.25749418976919314,-0.37788787950473346,-0.3965210636838559,-0.3149494814151459,-0.6487473881409128,1.3053611893008368,-0.4977418541270442,1.8661519476257336,-0.5776539743030287,0.30555667265006314,-0.432952935601019,-0.5329165502374558,-0.3868442074646408,-0.18991638834429067,-0.3064124417787666,-0.08602139992103093,-0.38977178426630016,-0.04811710787572738,0.21505774961209118,-0.3483566703429126,-0.14694321914389946,0.0669803400712958,0.14837355291544918,-0.03759019955882911,-0.30009159812838826,0.6017838605494626,0.5740507865586567,-0.0984493827032236,-0.017668093164303934,0.20688973149054057,-0.5548734185705422,-0.8113665253124961,0.36520561336800217,0.007006295041446424,-0.3256980227798136,-0.30468297128765964,-0.06503961761480911,0.6543790142319876,0.19806462448073453
29075,Gentry,Missouri,-0.30166525347914336,0.2824119284201159,-0.6124229904709861,0.04481678067559408,-0.8230498748242172,0.7696676432865162,-0.6287970352953252,-0.2844443947766675,-0.44295524219469906,-0.7166985437893026,-0.5676419948116849,-0.5157936068340706,-0.14133103164133778,0.38820038346866326,-1.0381139685266323,-0.2437846335961527,-1.0115447389322474,-0.058105361359517105,-2.2589476455714395,-0.27344610659325064,-0.4235291731700147,-0.37468885419115844,-0.3835005670734186,0.4137803470152611,2.687304417370588,-0.5043546224520842,-0.03172202164423752,-0.6327077247462344,-0.572142317942333,-0.44448189272365807,-0.4619145030149579,-0.33504938246133065,-0.23369632359729497,-0.36894528868719784,-0.08602139992103093,-0.41798806413921463,1.6233830259969022,-1.3978277670358472,-0.37386100641328607,-0.7524176451434761,-0.39915694548790326,0.0008323515432703504,-0.4146910239585564,-0.7255586122449171,0.8489713735926844,0.6981891718077059,0.48385433178433274,-0.4676482839685569,0.26434357405278436,-0.2525247320500538,-0.38192996252919614,0.845047227751231,-0.29066115429087425,0.2186267424616392,-0.3491883428512235,-0.0680936872832316,-0.6301294346533735,-0.7755995061083761
29077,Greene,Missouri,0.5374757907189643,1.0101594934228038,-0.408553771087526,-0.7271734136205741,-0.6577725507548684,0.43662187458377977,-0.39026483668946643,-0.15399952822025728,0.3389771735107577,0.14679321151648486,-0.41835076055253845,-0.01674564391045318,-0.7144985345680716,0.29015633057569956,-1.0381139685266323,1.920445794448147,0.7242419831832912,-0.721221780052536,0.8327954157786884,0.5615482648571203,0.9632307388460104,1.4025509210336786,0.20539806485992415,-0.7879348734388656,3.3773852762821797,-0.5102015076227905,0.2559306252121731,-0.5750446404186391,-0.24516606512844585,-0.4379113332986606,-0.6035860556401906,-0.4023885288177136,-0.11103337692937301,-0.3941345931182998,-0.08602139992103093,0.9456942102629289,0.7523947295425891,-1.1397811762522847,-0.23513231123341502,0.04425923117175617,0.17292063224384108,0.16476701973457913,0.14524656378649353,-0.16404885380272705,1.8419468533389618,0.2924234050981282,0.6480280662654061,0.1239923372740709,0.7239743145507379,0.3209305124571852,-0.38192996252919614,-0.1146360010152266,0.007006295041446424,0.4907891250823656,0.7220473415706733,0.019552510013644782,0.5660388160030562,1.21209625633805
29079,Grundy,Missouri,-0.2920617650616936,0.1618819701089478,-1.2417855452800406,0.4692923187727444,-0.6409265568785568,0.6960057878019097,-0.6187785140002972,-0.2440383573664747,-0.22961029822310558,-0.47222951534598206,-0.5307167001087614,0.7232220252521526,-0.7824549211426184,0.7019413527261464,-0.46737318194810806,0.41621596737364575,-0.8114484691914388,-0.21125680200150024,-1.6776058716789406,-0.26611819932670067,-0.39268913628861823,-0.2163867650960221,-0.47533711844772925,0.5787100774872354,2.242786412139508,-0.5061185243949543,-0.13610237137346867,-0.6338479601096155,-0.4876170121736033,-0.44703510403711805,-0.261957108965894,-0.3090135989927252,-0.1581802518278609,-0.3644451434980592,-0.08602139992103093,-0.3777394472239478,1.5846394008203966,-1.3775370546117154,-0.41378925459119636,-0.6886834950382574,-0.33559277018437594,0.03361928518153257,-0.38040913083130873,-0.6482009733146392,1.3137684066654103,0.7593319585721624,0.7301149335059428,-0.41487282949151477,0.5185143775618427,-0.2525247320500537,-0.38192996252919614,0.845047227751231,-0.29066115429087425,0.762951507703092,-0.33028572498780906,-0.06618529729898347,0.2060699246143908,-0.15232528652728727
29081,Harrison,Missouri,-0.29644908608924464,-0.14294079664867687,-1.106213600715801,0.6826024173657691,-0.2211064563838744,0.7558392443742123,-0.6366237025800598,-0.24229200480556426,-0.48262844750973555,-0.2623691305818045,-0.5120152826528488,0.15533986054596688,-0.8721710799839646,0.34898276231147773,-0.5387157802704237,-0.14002327808911755,-0.5070502062129034,-0.4261905773152895,-0.4538651354986214,-0.27968349723829317,-0.40795010948843236,-0.3432598725841349,-0.4845439956116262,0.19533292211514366,2.9703922608130613,-0.4984476221909908,0.06424456621676684,-0.6202970894414764,-0.47774070489448517,-0.44121581428887585,-0.5039830539044416,-0.35765998511042807,-0.22240397553709756,-0.362342903810356,-0.08602139992103093,-0.4313280537959513,1.536387074987435,-1.3074891707780099,-0.1990762542253132,-0.7842847201960852,-0.44153306235692125,-0.048348048914121824,-0.437545619376722,-0.6788772784076804,1.2398234241311128,0.5518170459170362,0.7916800839363453,-0.5037578054528491,0.4273376274087165,-0.2525247320500538,0.04750660025410388,1.0849680349428452,-0.588328603623195,0.762951507703092,-0.3358442175674468,-0.0684842956025883,-1.0736954853191596,-1.673372734313261
29083,Henry,Missouri,-0.2569924846986127,-0.5090146646718732,-0.15875750284973222,0.5480093811578877,-0.3752357791791568,0.7041387419928062,-0.5861007926655597,-0.16527669622011976,-0.4618427196944274,-0.2873032509320778,-0.5157944025668103,0.4823023190131645,-0.5990413202060636,0.5450708680974046,-0.32468798530347687,-0.07825696254047182,-0.35586563820992684,-0.5699167225257116,0.08672316319117075,-0.2477144030239896,-0.3598679992174977,-0.3373093961856243,-0.4360972218593689,-0.08653934527926664,2.558817771904768,-0.49072603429333633,0.03383908095562295,-0.623579596850395,-0.60603554802838,-0.4446792644041336,0.0941456506026114,0.5274818659471807,-0.11103910581497227,0.05015658618902668,-0.08602139992103093,-0.3949304925795433,1.0726172726324905,-0.8723164864332646,-0.19457855525115106,-0.16287675667020432,0.10935645694031451,0.24673435383023354,0.01954628898658416,-0.673542268826282,0.9334799250604531,1.1928899010837657,0.08111563938545002,0.018441428319988247,0.3823737506208729,-0.5343867769090749,-0.38192996252919614,1.0849680349428452,-0.29066115429087425,1.0351138903238184,-0.2623860243853659,-0.06465599172966814,-0.5355072724330893,-1.2616242213775672
29085,Hickory,Missouri,-0.292957973495893,-2.182562053941405,-1.6957993837727636,2.855290070086582,-0.25297207183113896,0.7292483731859596,-0.6487623200963297,-0.06418199945163021,-0.537608449905771,-0.292326774603868,-0.5553336535411496,0.6371792730239426,-1.5642279380087944,1.1137263748765933,0.03202500630810057,-1.3154697478261324,-0.07663569134075103,0.6894251031195646,-0.49787727447779057,-0.2700176107281767,-0.3771443063790499,-0.2772558640446943,-0.4735762084184309,-0.7599304580301954,2.094678204835884,-0.4911069200979553,1.5157266149897228,-0.3747488359692566,-0.4363307715882087,-0.37829556628600036,-0.5577627049986479,-0.33613267086615495,-0.12056565611127301,-0.1644755724774525,-0.08602139992103093,-0.39435232037939283,0.19956315373211977,-0.023764616297442795,-0.4332619082624451,-0.059308762749223795,0.13054451537482312,0.19755395337284137,0.08811007524108025,-0.3827842466400646,1.5947593402957394,0.7482150882513523,0.23759373006272322,0.06843922729823726,0.602197148250329,-0.2525247320500538,0.04750660025410388,1.3248888421344598,-0.29066115429087425,1.0351138903238184,-0.32515768806248674,-0.06604202639039591,-1.1879680730932844,-1.9688628435965234
29087,Holt,Missouri,-0.30801486094758823,-1.2136190345460875,-0.2865720180948725,1.2608016176515953,-0.4574797701848741,0.7290754088814164,-0.6487301290609425,-0.16820562576623832,-0.48129131252552465,-0.5654501364645459,-0.5895379760368947,-0.46416795549714485,-0.5692503386168178,0.5058532469402192,-0.9667713702043169,-0.5716501166095839,-1.924877218214164,-1.3116184108348004,-2.621732384423942,-0.25801744634900364,-0.3375971570830697,-0.3704129466149869,-0.40840936441578407,1.8161154993400543,-0.3155351979367596,-0.4819832259418183,-0.3448056880147597,-0.638791545020052,-0.6764564957128237,-0.45348564313839507,-0.45788754523615255,0.7802678156802957,-0.16058641152048808,-0.19820377948066198,-0.08602139992103093,-0.39425589494084634,1.6454186596498874,-1.4294972287190588,-0.3896848645591383,-0.704617032564562,-0.27202859488084863,0.13198008609631925,-0.28899074915864703,-0.9082826904078151,1.377149820266236,0.11825910340543261,-0.3395795552222997,-0.364875030513265,-0.0610200343703587,-0.9236329684769536,-0.8113665253124961,0.6051264205596165,0.007006295041446424,-0.0535356401590872,-0.3540356478280793,-0.06893157995673597,-1.6023911696106694,-2.3095645543001755
29089,Howard,Missouri,-0.2916195184160593,0.4638964356625866,-0.9327846649952404,0.03716436756091891,0.03597467522031622,0.45594982279013596,-0.2896323800438182,-0.20493617187188956,-0.4639921686524592,-0.19694938598160877,-0.5807207722579119,-0.2576653501494408,-0.3980551587007371,0.2117210882613286,-0.7527435752373701,-0.8190480096228555,-0.6281240948673955,-0.2550022687484105,-0.6203732707654144,-0.26656165039062213,-0.3888300673153145,-0.3609084227442889,-0.5983272888819801,0.2124882178729275,1.757812284161847,-0.49528574594321373,0.709042646381348,-0.6324223145710907,-0.5365265756712555,-0.43657092988967605,-0.43756505494647013,-0.1612383639631114,-0.15446654212685712,-0.27445262414059923,-0.08602139992103093,-0.4598905049090386,1.0046046234282142,-0.7781477930429329,-0.3888359611103726,-0.3461124382227075,-0.007177864449485444,0.21394742019197363,-0.10615398581332439,-0.5281632577331733,0.4222031886804552,0.7537735234117571,-0.15231888932982596,-0.11210838012322207,0.09448003952093219,-0.2525247320500538,-0.38192996252919614,0.36520561336800217,-0.29066115429087425,-0.0535356401590872,-0.3368174216554642,-0.06645264262716105,-1.2163425727599777,-1.4311677267040295
29091,Howell,Missouri,-0.2034162072907423,0.16016096763479537,-0.2935016831687628,-0.0013841971698087903,-0.6168649336966914,0.7258585972914978,-0.6555317280481145,-0.149414777288593,-0.30323124879517793,-0.3787727793236522,-0.5427353924818551,1.0846015846106343,-1.067048030979054,0.8392030267762957,-0.1106601903365306,0.39330889104179273,0.08883622968648412,0.32832585538556547,-0.3747078846664373,-0.23046897756048104,-0.3368002981268257,-0.3829505324945165,-0.26504092784911176,-0.8206936442626677,2.5714656204875825,-0.3673900111550069,1.436485998776472,-0.5164529887873472,-0.3670730400588148,-0.3713389318378901,-0.6236388274802727,-0.4043763027959182,0.010524030444839471,-0.4149368281441196,-0.08602139992103093,-0.3534937484339694,0.3554732264534707,-0.19298364040739757,-0.048589501627888776,0.20359460643480262,0.26826689519913244,0.16476701973457913,0.17952845691374197,0.4761522959650908,1.00742490759475,0.418414602067312,0.8532452343667473,0.2128773132354052,0.8694824158225083,-0.7392531935237479,0.04750660025410388,1.3248888421344598,-0.8859960529555155,1.579438655565271,-0.18069302738159954,-0.06185047343533981,-0.2696089976029186,-0.8078935071229403
29093,Iron,Missouri,-0.2912563489852073,-0.7747352413100919,0.2750507288418569,0.5767684727802745,-0.08541453675894214,0.7026180815245667,-0.5768374116177686,-0.16487705189293858,-0.542779152934832,-0.4425609591640041,-0.5665959707143855,1.0846015846106343,-1.1277969220078157,0.40780919404725596,0.388737997919678,0.09978743014492299,-0.29120142859484394,-0.5973603429544658,0.1356317686929192,-0.27015265883611234,-0.43919154276326006,-0.5745184111832884,-0.4524873792754386,-0.8213777603597567,-0.07827126751601095,-0.4882608531316882,3.1313807062362895,-0.506721746695455,-0.010969358099906384,-0.4059890073268248,-0.5986614826570799,-0.396748108965844,0.003785126859375754,-0.39651116124770613,-0.08602139992103093,-0.5095350172615027,-0.8441660027509201,1.0406988693632584,-0.32890635623610515,-0.019474918933462183,0.0457922816367872,-0.16310231664803845,-0.06044479497699393,0.36278334236037313,1.2377107103444183,1.0020502939098546,0.32737624110706004,-0.03711168165584618,0.9531651865109941,-0.037585716618492686,0.04750660025410388,1.5648096493260741,-0.588328603623195,1.8516010381859975,-0.3209467088354885,-0.06705257298256187,1.5907527481459798,0.690548139952838
29095,Jackson,Missouri,1.7380582821868082,0.5719685468206971,0.7381904518217648,-0.8945753734747128,-0.765719430559356,-0.855329397295276,1.0184997453202407,-0.18310940116279464,0.23486233578136048,1.1979957457585522,-0.03796098343602584,-0.13720549702994866,0.14998907403783082,0.2705475199971068,-0.32468798530347687,1.6492987236778383,0.6936388518810496,-0.12234669846942232,0.5094990232761535,1.4181789629147685,2.155194300610274,3.534354345517995,1.965006168193842,-0.2882039357911967,0.8248990207512574,-0.4932183889908745,0.11242934802985727,-0.6388194790936786,-0.6436154764806258,-0.4487439597285529,-0.47401558366793367,-0.3262560052217601,0.03322687074879537,-0.2441242404599804,-0.08602139992103093,2.6962601759944724,0.08948132833069244,-1.25105975898283,-0.28104011616008734,-0.35407920698585993,0.0034161647677692342,0.23034088701110358,-0.10615398581332439,-0.6508684781053384,1.0855953177024356,1.1688033487220102,-0.10357981190575703,-0.10933072462442976,0.38487174377575306,1.6371972392064595,0.04750660025410388,0.36520561336800217,0.007006295041446424,-0.0535356401590872,1.9512789665895451,0.16775142452746428,-0.32883296303927706,0.4112050311768577
29097,Jasper,Missouri,0.03443341084573406,0.8376949135952999,0.12801134110046705,-0.8355039995873645,-0.5368943089337778,0.47986340879719785,-0.475561296338258,0.09112315530465194,-0.08941159647785257,1.7570059841832453,-0.09395288576981582,0.7404305756977946,-0.6658994217450622,0.9568558902478499,-0.8240861735596857,0.9903940551192308,-0.05627852698776414,-0.7676811557846981,0.17006320196406557,0.09903091496686946,0.205794425536501,0.4301998413377714,0.15523508431661173,-0.03653013341884376,2.870542931194311,-0.49869197951617705,0.06572155053304225,-0.639065222543521,-0.6546806975281356,-0.4383219817328325,-0.49055330942403846,-0.38442816213809394,0.21002585754304218,-0.3815753661305651,-0.08602139992103093,0.2728849272698803,1.2629085075148239,-1.345639474049285,-0.26233445420131984,0.06019276869806104,0.2364848075473684,0.3450951547450202,0.25951954087732004,-0.5441682864773688,2.3722380137992074,1.361495767616056,0.8506800197654806,0.20454434673902983,1.1124122501346059,0.03411752919664288,-0.38192996252919614,0.36520561336800217,-0.588328603623195,0.4907891250823656,0.06202781526258054,-0.03131729752371755,-0.037169992786031676,0.5048576341190941
29099,Jefferson,Missouri,0.3383037169682277,-0.04392529449539079,1.5205953751081578,-0.7168157186318636,-0.1771433175811796,0.7145363450738104,-0.5964056583295719,-0.28954367131691156,-0.25336298076520997,-0.47161948795516523,-0.5519749903314712,-1.0492586706489724,0.8962737556928546,-0.12162869157474956,-0.7527435752373701,-0.9576771962145496,-0.5655664179229717,-0.493430104807419,0.20306334877155158,-0.003918874180012395,0.3583839870740049,0.7473897575488734,0.7348039252187192,-0.7280808327676728,0.041421924142537814,-0.4685397138616386,1.7706193602597915,-0.4720533608821271,0.9682263096346154,-0.42920159085312126,-0.4717732466628923,-0.3443234944596437,0.059353859422611066,-0.28452414765595313,-0.08602139992103093,0.5640406487364252,-0.6981441253401947,0.43523544274819226,-0.24538617131192722,-0.02744168769661462,0.2047027198956051,0.29591475428762803,0.14524656378649353,0.1360454351509375,0.9440434939939243,0.8742062852205361,-0.06766680748802258,0.12954764827165474,0.6209320969119302,-0.42683190818637146,-0.8113665253124961,0.6051264205596165,0.3046737443737671,-0.59786040540054,0.44009888799410046,7.149116683793196e-06,0.7697933544974915,1.6690563706941335
29101,Johnson,Missouri,-0.16257429024855388,2.439028605712566,-1.5074217153434837,-1.4963072901169283,0.49931016943208506,0.359530960449412,-0.2982176818811146,-0.1893043191572313,0.23647602755093805,1.053591225666141,-0.3571206077893136,-0.5330021572797127,0.18355541043677367,0.09406822478977217,-0.32468798530347687,1.3106887386524977,0.28716509254184663,-0.926463916621478,0.7089370399871366,-0.20093785727360333,-0.2913313615732509,-0.08599526270690941,-0.2060798745281479,0.020067533605619744,3.00032778525002,-0.48897063674427377,0.17953413200115984,-0.6356219354731404,-0.6695609635987562,-0.4435551161640686,-0.41707251952407676,-0.338665958865516,-0.19873283619966153,-0.3627049487939714,-0.08602139992103093,-0.21541549066421076,1.3773616827714417,-1.2460979064436084,-0.11965165611535575,-0.2744115193543367,0.02460422320227784,0.19755395337284137,-0.06044479497699393,-0.5801796011518084,0.7623501083382223,0.8278859922171597,-0.5063185043046398,-0.07044354764134685,0.10946799845021339,-0.40634526652490416,-0.8113665253124961,-0.1146360010152266,-0.29066115429087425,-0.0535356401590872,-0.22203548565910697,-0.05731281471802605,-0.8067297449364027,0.16092652331398563
29103,Knox,Missouri,-0.3093152418128971,-0.021648611287073828,-1.2027777086354423,0.6189489002254888,-0.0034473979408724247,0.7681464381639967,-0.6438775982334947,-0.24491773910462278,-0.3697140844352791,-0.33211306153323106,-0.6005032667721442,0.37905101633931104,-0.9587296693481097,1.760817123970153,-0.8240861735596857,-1.350791872389035,-0.6186359683368235,0.5436677383337416,-2.2095254145592373,-0.28120280016569593,-0.4199617940264562,-0.42507027884618226,-0.5498580006126057,0.7936107457948904,1.6776378780368,-0.49190068087561717,0.010663916404900714,-0.6338959057947844,-0.6520637873328974,-0.44644174438622164,-0.18876739460679387,-0.2928541577115481,-0.20198503944120139,-0.38177623552217965,-0.08602139992103093,-0.48118785025269717,1.5405149535286724,-1.2899762677597937,-0.36256463332751776,-0.6966502638014096,-0.3885629162706486,-0.048348048914121824,-0.4261183216676392,-0.669541011640233,1.96659696675392,0.11084785652489254,0.7121584312970753,-0.45653766197339,0.4785464870837598,-0.2525247320500538,-0.38192996252919614,1.0849680349428452,-0.588328603623195,0.762951507703092,-0.35923854660632604,-0.06925557972008865,-0.3481361765201984,-0.5560002992093397
29105,Laclede,Missouri,-0.21628529180012745,0.33091035235620037,0.19913809105501554,-0.40403557073973095,-0.3645874155353876,0.7129830095009658,-0.6081059077022039,-0.16454898776722085,-0.32154900215338805,-0.23233916326097698,-0.5174973863479451,0.2241740623285349,-0.806754477554123,0.46663562578303364,1.8155899643659887,0.26120443781132774,-0.4978009257161765,-0.4031699012434976,-0.6968417380960051,-0.2203835162269601,-0.3189758991488865,-0.35903222185858547,-0.2393909052791761,-0.804445423180524,2.2777277156032527,-0.4918881337511915,1.6698950449288867,-0.5206655846293933,-0.2928503179564074,-0.3862184823365455,-0.6126121888232248,-0.40398248455793684,-0.20016024219599488,-0.40789791393235125,-0.08602139992103093,-0.33080771423491856,0.23855970511584976,-0.08911217475247689,-0.16804659921648213,0.028325693645451865,0.2047027198956051,0.23034088701110358,0.19095575462282396,-0.20272767326786592,0.789815387565247,1.4133744957798378,0.12215907300571835,0.1489912367631954,0.644663031883292,-0.7290098726930142,-0.38192996252919614,1.0849680349428452,-0.29066115429087425,1.0351138903238184,-0.22169860732094712,-0.061159261814988757,0.6328046991057165,0.648565938633905
29107,Lafayette,Missouri,-0.22511558078415025,-0.017901395549482096,0.20785528913600462,-0.08702338082361957,-0.1949541998278319,0.6407289039038441,-0.4974778254361757,-0.210080316356496,-0.386214097039528,0.2283511941779901,-0.47719272437741367,-0.6534620103992067,0.4490658177805588,-0.08241107041756218,-0.7527435752373701,0.09891708069419543,-0.7548723782447383,-0.8932862452110959,-0.5483184940717036,-0.23378575042689728,-0.27392949229654495,0.030173835383668933,-0.44438519377435265,1.1780591322621234,1.0932274142133436,-0.49383356541430956,-0.19593996881517012,-0.639287838817193,-0.6942037638803495,-0.44691462015128325,-0.475607974021944,-0.3245476968171717,-0.165232144389225,-0.27093122200752867,-0.08602139992103093,-0.24203100432744007,1.6546157739558798,-1.5041593443465733,-0.26404715414181223,-0.3779795132753167,-0.07074203975301276,0.19755395337284137,-0.14043587894057283,-0.5881821155239063,0.6778415568704539,0.6870723014868951,-0.4191012078615697,-0.150995557106305,0.054512149042849276,-0.7751048164313157,-0.8113665253124961,0.6051264205596165,0.6023411937060877,-0.0535356401590872,-0.24060122518436156,-0.06018332186112608,-0.10254383736879998,-0.10872838515762567
29109,Lawrence,Missouri,-0.20857672775172015,0.40023993934390184,-0.0752669664210009,-0.3312490315328014,-0.16633334088722837,0.7067576925561915,-0.6327062435423456,-0.07077044292731428,-0.4050902449486581,-0.11705227790300492,-0.1339697099690094,0.2757997136654609,-0.6847761957935474,1.1529439960337788,-0.46737318194810806,-0.023413787010466532,-0.02011362236861552,0.05789561324072824,-0.035180200255336434,-0.20974123907748837,-0.2413325973258492,-0.015479221407077092,-0.26714328428404144,-0.6424177287693532,4.66451595200935,-0.5098310409128187,0.10534616721220827,-0.6266917171212641,-0.5476346611618047,-0.4300074188925296,-0.5836278918090043,-0.4015059018240258,-0.19296700302172964,-0.4187994544106896,-0.08602139992103093,-0.19462356747662776,1.4780816627549473,-1.3529965355288904,-0.28314003521756037,0.06815953746121348,0.17292063224384108,0.16476701973457913,0.15667386149557633,-0.12270252954688876,2.15251577998301,0.7815656992137833,1.181592703328894,0.135102959269237,1.1298982022187671,-0.5651167394012758,0.04750660025410388,0.845047227751231,-0.588328603623195,0.4907891250823656,-0.22053824860061869,-0.05781011779622931,0.6808506068870472,0.9892676493375572
29111,Lewis,Missouri,-0.2922784952059118,0.629250557695748,-0.834662491423453,-0.16403975090012834,0.09051964520025468,0.6012642817089366,-0.44641053103093387,-0.2633290547377358,-0.4731573549442679,-0.30529574095042394,-0.5683719196347112,0.361842465893671,-1.0255191280723865,0.17250346710414313,-0.6814009769150549,-0.5587781480379636,-1.1229972139534556,-0.9359009345872417,-0.9974859002058525,-0.266498182435425,-0.3484335292029773,-0.3000898777364367,-0.6350807080625863,0.8969133390698264,0.9672367442840739,-0.4757453311710168,0.22675787972414863,-0.6322593360261253,-0.6185766830298013,-0.44378284519939365,-0.2704559064325594,-0.2857553632280022,-0.20687273976060827,-0.2678930799762949,-0.08602139992103093,-0.4368338555547846,1.3207836100576673,-1.0954979343391673,-0.35955623864943576,-0.656816419985648,-0.3461867994016306,0.03361928518153257,-0.3461272377040603,-0.6948823071518759,1.423629523573509,0.0441466346000306,0.5043760485944669,-0.39820689649876484,0.2331186596167821,-0.6112116831395772,0.04750660025410388,1.0849680349428452,-0.29066115429087425,0.4907891250823656,-0.33502073718527825,-0.0668863184519824,0.8343814018626233,0.9989558496419262
29113,Lincoln,Missouri,-0.14807387208606734,0.7011992149334757,0.9734450908456226,-1.1307940331895432,-0.015610803447425284,0.6722637958746507,-0.5251009083724902,-0.2599167080372316,-0.3908368965649555,-0.3425161363965106,-0.5125664465167682,-0.8771731661925526,0.9236622387668387,-0.02358463868178615,-0.6100583785927393,-0.8484982147054935,-0.07941257497702926,-0.041350786014756016,0.7081930935691231,-0.2052972388371731,-0.1968794244795156,-0.03717352463185249,-0.1984548432309697,0.3144761124140158,1.0007886561747934,-0.49358446079108237,0.6591535585874563,-0.6345979836182759,-0.21165865331820458,-0.448389528867402,-0.23844794121164148,-0.28509357428091175,-0.05294957962020191,-0.24327309214823092,-0.08602139992103093,-0.16909746075449195,0.7624828247599684,-0.6682968281105771,-0.26301953417751683,-0.3062785944069459,-0.0495539813185034,0.18116048655371142,-0.08329939039515956,-0.42413057089590295,0.8468586598059906,0.9946390470293146,-0.31905783841216556,-0.10933072462442976,0.309307450840628,-0.49853515400150705,-0.8113665253124961,0.6051264205596165,0.3046737443737671,-0.3256980227798136,-0.18612051171861954,-0.05161439266897688,0.5089203929128542,1.8967290778468107
29115,Linn,Missouri,-0.28599917859505114,0.0015962400173880642,-0.7538335463023234,0.37395177982178734,-0.5977516806208943,0.7620832659792361,-0.5902558017141002,-0.29402841354768594,-0.5235361348248263,-0.5358894251049765,-0.49839997043272277,0.7576391261434348,-0.6828541969813381,0.30976514115429227,0.4600805962419936,-0.15597102144438635,-1.3685426340224935,-1.370469799726307,-1.1987168194951536,-0.26983982918605176,-0.3799970723540051,-0.2290718608685335,-0.5089231130994053,0.19819243559144734,3.006932088070304,-0.49967849666395353,-0.18537969541028224,-0.6319158666576692,-0.5044968459082622,-0.44833419996718243,-0.1321421969167705,-0.07045142399108083,-0.22524759939876587,-0.368261606014822,-0.08602139992103093,-0.38822179385263045,1.5557363406735154,-1.3449113210660042,-0.27738387411321047,-0.6169825761698864,-0.26143456566359397,0.05001275200066485,-0.3346999399949775,-0.6215259254076468,1.3729243926928476,0.6166654561217632,0.627506349455272,-0.3565420640168896,0.47542399564015975,-0.2525247320500538,-0.38192996252919614,0.845047227751231,-0.29066115429087425,0.4907891250823656,-0.3178586574023564,-0.06687546757068455,-0.5110736037059612,-1.0872366158989206
29117,Livingston,Missouri,-0.27631368417708646,-0.2092303915631174,0.6691472044627087,-0.14048716952957874,-2.905336635392454,0.5405152960053158,-0.4133087171382345,-0.2755543139850139,-0.3202119043735648,-0.4699370863483544,-0.5553870982406358,0.08650565876339886,-0.456950693732011,0.2509387094185141,-1.1094565668489478,0.6165935768485495,-0.5895627548802201,-0.9272624617084535,-0.46973776335753176,-0.24952080229476944,-0.36442203813093593,-0.23210357564275233,-0.5665491140737856,0.8414448788854592,1.4347901410865758,-0.49185636644085595,-0.16189916210322444,-0.6360794573829999,-0.5419473596496628,-0.44982888961885087,-0.026871450269626264,-0.06386652375516833,-0.03553502834606414,-0.30735033110589244,-0.08602139992103093,-0.3960129551825077,1.4777287517329651,-1.2657070100922352,-0.33894426719168574,-0.6010490386435817,-0.25084053644634,0.13198008609631925,-0.3118453445768127,-0.6268609349890453,1.2609505619980552,1.194742712803901,0.4941151901894001,-0.3287655090289728,0.602197148250329,-0.4473185498478388,-0.38192996252919614,0.6051264205596165,-0.588328603623195,0.2186267424616392,-0.3124311730653364,-0.06497453768696866,-0.4245607576868805,-0.5560002992093397
29119,McDonald,Missouri,-0.25402562475141033,0.5322353062935733,0.5979814892605199,-0.7881433790774122,0.22615316041749095,0.24862353963315545,-0.5275839951757324,0.4237497897551519,0.009330865972028948,10.984568199211465,0.11681846109353765,0.6888049243608686,-1.1056252928526857,2.133384524963413,-0.5387157802704237,0.37305007779327504,0.6080346322742186,0.643982926522612,0.37708855953464954,-0.22302576144791345,-0.36570352046772653,-0.5068956857182763,0.1574439424096801,-0.8091095264555942,1.9363926543246492,-0.417085866140026,1.9268553746501231,-0.6181924144133866,-0.4358848211766537,-0.3968481367909925,-0.5978139877209349,-0.3932854046781966,-0.15421357102544836,-0.41431536775098554,-0.08602139992103093,-0.2881832175589244,0.07951838787979879,0.047108726154742354,-0.3381400428718024,0.24342845025056423,0.3742071873716777,0.39427555520241236,0.3852198156772294,-0.12670378673293753,1.99194953219425,1.7394693585236074,2.3795479221204747,0.34342712167861394,1.6950691535104077,-0.34488534154050227,0.47694316303740386,1.5648096493260741,-0.588328603623195,0.4907891250823656,-0.2959241344955032,-0.06203602292550749,-0.1845598226039088,0.3869845304159348
29121,Macon,Missouri,-0.276635850607681,-0.2925649957453604,-0.639551215408676,0.5880422184515204,-0.2825760223557007,0.6390970926663758,-0.48756847234491,-0.2648988519319745,-0.38235920622022357,-0.22839342371621596,-0.573330856441692,-0.3437081023776508,-0.6867668374204786,0.5450708680974046,-0.5387157802704237,-0.3687463229512887,-0.6333718126556798,-0.2545940932611438,-0.9135474759477251,-0.27064159215595296,-0.3684198123512675,-0.29950487551742583,-0.48943850755162993,0.07336511584750711,2.52862120162964,-0.5007122582929755,0.4269164871870167,-0.6304223461465385,-0.5905310226608657,-0.4477526847069182,-0.36871477796559166,-0.2928097683690387,-0.23868849221977426,-0.2967718272773143,-0.08602139992103093,-0.40383820238837553,1.2163997855781208,-1.008259103562589,-0.13483511341389354,-0.5612151948278201,-0.1978703903600674,0.017225818362402626,-0.3118453445768127,-0.6241934301983459,1.7468747329377219,0.4962326943129844,0.5838977012337369,-0.32043254253259823,0.5335023364911239,-0.6009683623088435,-0.38192996252919614,0.6051264205596165,-0.588328603623195,0.2186267424616392,-0.30327931154532684,-0.06699809740459779,-0.4178985275935281,-0.9467577114855668
29123,Madison,Missouri,-0.2855071425919613,-0.17188216276869545,0.2226486912568191,0.04746874340910244,-0.46616829050882325,0.7228955214384468,-0.646927992132135,-0.2481008228683912,-0.2449835490485578,-0.40733826383002775,-0.5363003168949056,0.37905101633931104,-0.8101866182902112,0.32937395173288503,-0.5387157802704237,-0.030520703059361113,0.35228514123907706,-0.047377004226146525,1.030883126794486,-0.26811040420386295,-0.3957142018470389,-0.4775165328010173,-0.4603173035415015,-0.8095979536274845,0.38575937797126236,-0.5078669554800821,2.790430119656438,-0.5078757662634092,0.04737030875100883,-0.39593048309852447,-0.5845645637561303,-0.3986391571878552,-0.15711640263145124,-0.3937360755709163,-0.08602139992103093,-0.46481188969522047,-0.6226004975401263,0.805979804037557,-0.3694377726539279,0.02035892488229943,0.08816839850580516,0.03361928518153257,-0.0033083064315806597,0.524167382197677,1.4003896719198727,0.9168209547836426,0.5787672720312035,0.03510736131273739,1.1092897586910049,-0.252524732050054,-0.38192996252919614,1.0849680349428452,0.007006295041446424,0.762951507703092,-0.3177463646229698,-0.06580748271675088,0.19527720138845187,-0.2847306906870005
29125,Maries,Missouri,-0.2954386550114709,-0.7476600466411515,0.3594361425741494,0.5097992000502967,0.044456714353373145,0.7405308493677164,-0.6384735441780912,-0.1549973798976876,-0.47065299562255913,-0.3313673160153564,-0.5963882115970758,-0.03395419435609518,-0.4125387926070294,1.1137263748765933,-0.46737318194810806,-0.40248452506815846,-0.013511052083130378,0.06362691161967902,0.26036883972052904,-0.2796003646989881,-0.4266301978806009,-0.5142343977993556,-0.41640007455917283,-0.789202263646788,2.279773382219184,-0.4965508566358322,1.5666669834360034,-0.5385907816455316,0.09032368964442204,-0.3693972987889383,-0.5857333986096587,-0.39249936877596414,-0.19047946315113481,-0.37648741600466096,-0.08602139992103093,-0.47718051956134844,0.2544941409174697,-0.04141001566956213,-0.34530359653594817,-0.02744168769661462,0.16232660302658714,0.21394742019197363,0.11096467065924588,-0.35610919873307234,0.8278442357257427,0.3090987105793437,0.014420059752514088,0.09621578228615407,0.18565678967405883,-0.2373304728177989,-0.38192996252919614,0.845047227751231,-0.29066115429087425,0.4907891250823656,-0.33891355353734776,-0.06745681787011908,0.22957527896955265,0.17222942366908317
29127,Marion,Missouri,-0.23735204757527706,0.32314639252550975,-0.0170923469626063,-0.2891962236181138,-0.6361350233366448,0.48114818703395873,-0.2772423292259653,-0.29467631964550783,-0.3506134108889131,-0.05130974968164953,-0.5656378655110146,-0.10278839613866274,-0.3376494817455843,-0.14123750215334038,-0.6814009769150549,0.7643853676339196,-0.6225249662803916,-0.9057744603338127,-0.6427554807292981,-0.13637633783224312,-0.05101230649281086,-0.07447930507266609,-0.5589150576516284,0.8340312753758389,0.7733024814644741,-0.478041437489809,0.309770117791892,-0.633278657144589,-0.5675474170061207,-0.4400761285336248,-0.34720871792898234,-0.26696031003674836,-0.191708489885238,-0.26143091677264296,-0.08602139992103093,-0.22182210182746434,1.1711160263636484,-1.0428156182666395,-0.4093213417029558,-0.5612151948278201,-0.27202859488084863,0.0664062188197948,-0.25470885603139937,-0.6508684781053384,1.1109478831427664,0.2850121582175878,-0.14205803092475866,-0.3176548870338059,0.0851125651901316,-0.5343867769090749,-0.38192996252919614,0.6051264205596165,-0.588328603623195,0.4907891250823656,-0.25198022682887244,-0.05744759622939579,0.732758605454836,0.7406038415254129
29129,Mercer,Missouri,-0.31031688653347284,0.06628009194100898,-1.5217964473526207,0.6968188317949923,0.17336236938160154,0.7444098727924299,-0.6663664084974976,-0.2077155012622211,-0.34929921675312997,-0.5060466060680957,-0.5074632646405624,-0.3092910014863668,-0.7810820648481831,1.0548999431408153,-0.6814009769150549,-0.8805234778791682,-0.7843660029806154,0.23202728031666855,-2.081709299872507,-0.27950658510122967,-0.4318242072357486,-0.41733710405445945,-0.5123291015908165,-0.15622518123853005,3.108900730975707,-0.48603187480481047,0.315912539676639,-0.5909988644213232,-0.11576798020550282,-0.43803904896659657,-0.4928202507055932,-0.35305640975265723,-0.18849600516269063,-0.38237606420190134,-0.08602139992103093,-0.47151173510127015,1.2529069957168826,-1.0145352889281198,-0.4010408098167499,-0.8002182577223899,-0.49450320844319384,-0.17949578346716838,-0.4946821079221353,-0.6575372400820865,1.1468640175165674,0.038588199439625215,1.0405059002592216,-0.5593109154286819,0.2974419833549468,-0.2525247320500538,-0.8113665253124961,0.6051264205596165,0.007006295041446424,-0.3256980227798136,-0.36137210941467185,-0.06922724990160077,0.8670573155305656,1.1265171536494551
29131,Miller,Missouri,-0.2458777428431014,-0.02205492815108057,0.005013881337927458,0.017821777073389306,-0.046213286978858424,0.7339113503079812,-0.6327019139146736,-0.1894332258302105,-0.46938163236892944,0.2574173942393434,-0.5481650638688955,0.10371420920904087,-0.4441144873790411,0.7607677844619247,-0.25334538698116177,-0.32428427051952863,-0.2117407054599458,-0.15003363782214485,0.01300301037927149,-0.22973094314463754,-0.34365624356128166,-0.42634636917984015,-0.01962753170230437,-0.764229561485729,1.6281775600458497,-0.49483304284732677,1.8368654362969046,-0.5100818528090848,-0.06038000068603956,-0.4106921710853353,-0.5601085953810949,-0.37806288819915246,-0.12012290775741907,-0.30380279559408113,-0.08602139992103093,-0.303487105655625,-0.01575429777452655,0.14634201655977042,-0.29310348095833705,-0.011508150170309747,0.2364848075473684,0.3778820883832824,0.2138103500409896,-0.45347312359359465,0.6884051258039251,0.22572218317326592,0.35559360172099436,0.1739901362523215,0.15380737694933663,-0.6829149289547128,-0.38192996252919614,0.845047227751231,0.007006295041446424,0.4907891250823656,-0.27310998481678816,-0.06195850379811818,-1.0071796142075564,-1.195421519297711
29133,Mississippi,Missouri,-0.2823089085718774,-0.06971393088642339,0.992618590135423,-0.43011542215634113,1.840674169931761,-0.766206322290624,1.009512618797945,-0.30567106644023095,-0.5180115694941614,-0.5039678731957091,-0.5260539515914495,2.2719915653599303,-1.2987175306650094,0.5254620575188118,-0.1106601903365306,1.4693095704738985,0.7723184919959528,-0.23325105056036316,0.8427234041598798,-0.21624451308009066,-0.2248771313795711,-0.22470186802621714,-0.7085521648584794,2.307195729866636,-0.8311167214403796,-0.5244794227783948,-0.8282359148491387,-0.6393997489025706,-0.7127453779516705,-0.4560737498460576,0.1679445661521418,-0.2532311742484809,-0.2294587590991007,-0.07691452666851477,-0.08602139992103093,-0.3832476972816966,1.895655955655834,-1.6775357657264625,-0.42052835653095944,0.37886351922415396,0.4589594211097136,0.49263635611719675,0.3509379225499818,1.0496658259654275,1.0729190349822706,0.8019466281352688,0.9584190330186849,0.42120147564478133,1.3122517025250195,0.9918680268702393,1.335816288604004,2.2845720709009174,-1.1836635022878363,1.579438655565271,-0.32077826966640854,-0.0644620333044425,-1.0906442957742277,-1.4069472259431062
29135,Moniteau,Missouri,-0.2736631330890133,0.4023271259141203,0.9713016473492488,-0.8543814932927729,1.4523832351486428,0.538795274975269,-0.41220435245151,-0.23304786903088284,-0.44714524450185755,-0.1673196313029636,-0.3191032454982311,-0.6018363590622807,0.10976438461087681,0.9960735114050353,-0.8240861735596857,-0.6658593820045724,-1.0231521550529057,-0.963174872642058,-0.57695574488857,-0.23715301635972755,-0.3417120305140891,-0.41001941810423426,-0.17797677800847103,-0.2851258976175057,3.17813247179951,-0.4881250254923814,0.3929680035168251,-0.5944916257742334,-0.18296373836418656,-0.4363265870312261,-0.5235269609635679,-0.3435734933591912,-0.2071555889466295,-0.35556088454682616,-0.08602139992103093,-0.3419732866062981,1.1573143796480465,-0.977524152874629,-0.4280493432261644,-0.2106773692491178,0.0669803400712958,0.23034088701110358,-0.014735604140663477,-0.5028219622215305,0.6630525603635944,0.13678722060678344,0.22476765705638918,-0.020445748663096248,0.06138163021876973,-0.19123552907949748,-0.8113665253124961,0.36520561336800217,0.007006295041446424,-0.3256980227798136,-0.3203665294753243,-0.06283266200260212,-0.9001051817036713,-0.6480382021008477
29137,Monroe,Missouri,-0.2955938806553028,-0.7286453792179043,-0.656774150199245,0.9983719545944835,0.3825862657782256,0.6133885138045766,-0.43686301692032165,-0.24352960572108773,-0.4774181741136985,-0.4210843628100077,-0.5832717394768586,-0.18883114836687276,-0.5026668083367062,0.32937395173288503,0.03202500630810057,-0.352181511174018,-0.8887636633360277,-0.35774023607930194,-1.4487152080906052,-0.2765164124986002,-0.39829473477869964,-0.43053001657406276,-0.5715231599848636,0.5819317834930147,1.4612273066831385,-0.4849891732775719,0.24695438878172096,-0.6304336476766494,-0.5975829792489112,-0.4483870807597407,-0.32629299985133253,0.02566533049579572,-0.15741494044090645,-0.10476609117634361,-0.08602139992103093,-0.48147596469624937,1.2341679692630887,-0.99201492980942,-0.2409927236384906,-0.48951427595944935,-0.14490024427379475,0.0664062188197948,-0.22042696290415092,-0.6762097736169812,0.88700022175318,0.24610311209475177,-0.2780144047918972,-0.25099115506280617,-0.03916259426515748,0.26459224788815006,-0.38192996252919614,1.0849680349428452,0.007006295041446424,0.2186267424616392,-0.336967145361313,-0.06819105000259064,-0.893478598340612,-1.3407445238632496
29139,Montgomery,Missouri,-0.28707990053040916,-0.4705953923821849,-0.010513324225585053,0.43878624132355365,0.024465208191262217,0.6911847595743582,-0.5456293247984675,-0.24852128694812645,-0.4304186273874573,-0.422012566493361,-0.5503614715426363,-0.20603969881251477,-0.3734123882156236,0.5058532469402192,-0.6814009769150549,0.19945450392554145,-0.632176414112194,-0.31584483710658084,-1.0836395458536017,-0.2526369127874649,-0.3189350053942429,-0.2680417909827462,-0.47806124161550395,0.5995677439827336,0.6793908441392146,-0.5002361483575809,0.8093525630218592,-0.6268276980585453,-0.24838249828010797,-0.4500671955378162,-0.4790023797678123,-0.38520836527525654,-0.16688233095238472,-0.3439916033329945,-0.08602139992103093,-0.3712729243297042,0.8977636796163071,-0.7125339136778334,-0.3375070885459683,-0.2744115193543367,-0.03895995210124948,0.13198008609631925,-0.09472668810424238,-0.3281003984307302,0.6292491397764871,0.8112106867359442,-0.30623176540583197,-0.10655306912563824,0.23124516475062235,-0.6112116831395772,-0.38192996252919614,1.0849680349428452,-0.29066115429087425,0.4907891250823656,-0.32264981598951886,-0.06641858467392919,0.3817811045442757,0.06888862042247763
29141,Morgan,Missouri,-0.2604982412206277,-0.36494767231845915,-1.0931793084966734,0.8806417455184163,0.07046598297811221,0.7146529149656646,-0.625405756378936,-0.12697273749326665,-0.4249676623002674,-0.3914519086985635,-0.5293638813053102,0.5683450712413746,-0.7721584989343537,1.8000347451273386,0.10336760463041615,-1.1303348985118793,0.37270315358980743,1.4218834828263753,-0.7251075785125266,-0.2370782319653821,-0.36873672116015105,-0.4244491395564139,0.08753464495228722,-0.6297192643030957,1.6465240539955237,-0.4889130680705711,1.8033297036043434,-0.617733555392721,-0.4471463191016947,-0.42547758404720554,-0.5862901673093134,-0.39010613444944325,-0.15024664926290057,-0.18601459405079784,-0.08602139992103093,-0.28272315131872494,0.12498947320178747,0.0005434953068700309,-0.28273792305761875,-0.1947438317228135,0.056386310854041874,0.18116048655371142,-0.014735604140663477,-0.5228282481517749,0.7560119669781398,0.3387436981015046,0.3402023141133936,-0.026001059660679296,0.17566481705453832,-0.2525247320500538,0.04750660025410388,1.5648096493260741,-0.588328603623195,1.0351138903238184,-0.2709577065452113,-0.06386184158903628,-0.8912542365303295,-1.5797201313710247
29143,New Madrid,Missouri,-0.27089835935736567,-0.07459754353262135,0.11017448284034694,0.013856441865670708,-0.8873327729385418,-0.19994503070250366,0.43452403053569416,-0.2784534735801243,-0.4748043497680823,-0.39240301686454465,-0.5506595863957258,1.3771469421865483,-0.9340182560482745,0.40780919404725596,0.10336760463041615,1.0087713032812455,-0.24434234264728857,-1.0007401936360087,0.031833310479790905,-0.2000738537627858,-0.26289265192307526,-0.34698812122608724,-0.6226213317450788,2.4242840849009695,-0.8316026905327047,-0.5249766887933072,-0.828635976931401,-0.6393997489025706,-0.7115308559371555,-0.45620951754236083,-0.04671948081358828,-0.17643430523456102,-0.24547096478155905,-0.1639908865297506,-0.08602139992103093,-0.4099309042405696,2.010724236019987,-1.7778875386291044,-0.22099136694213345,0.43463090056621984,0.5119295671959863,0.5254232897554589,0.43092900651355986,1.0176557684770366,0.8827747941797917,0.9520243774662082,1.1790274887276273,0.4795322411194065,1.345350111827182,-0.2373304728177989,0.47694316303740386,1.8047304565176885,-0.8859960529555155,1.3072762729445448,-0.2976646725759958,-0.06576396375467845,-0.3899387767938497,-0.7852877064127458
29145,Newton,Missouri,-0.1503495386003578,0.2129384302764265,0.0993900671601538,-0.24567405338406348,-0.11308316575086719,0.46004234174671954,-0.5937793345469616,0.2525737098834597,-0.010670855978123513,4.273036827093762,-0.3015310222335162,-0.22324824925815678,-0.16961187130670477,0.7607677844619247,-0.6100583785927393,0.011975639380028658,-0.3323800609597267,-0.42995866712739506,-0.12508202897480525,-0.14605028916088367,-0.167296152430255,-0.13690451173410795,0.30337878515748246,-0.6903777033346944,3.457835892386752,-0.49763378946857034,0.8478458785263825,-0.6374594180779993,-0.6571392263837915,-0.41094780064396075,-0.5949936981861715,-0.4043993805756229,-0.17646716582900596,-0.41363187534120155,-0.08602139992103093,-0.04539762684074271,0.8848546817070922,-0.8406745925664115,-0.2733329664278722,0.18766106890849832,0.32123704128540503,0.3614886215641502,0.3509379225499818,-0.31076161729118523,2.146177638622927,1.4763700942644296,1.568940108120176,0.29620697819915565,1.368456548509824,-0.8160780997542503,-0.38192996252919614,0.36520561336800217,-0.29066115429087425,-0.0535356401590872,-0.14402943491186798,-0.051447761524257424,-0.06757803922932476,0.07857682072684669
29147,Nodaway,Missouri,-0.2562075701222551,2.598694018604008,-2.7347677125705663,-1.0321640490078137,0.04086661864053557,0.550030511407887,-0.48641595064911053,-0.3096288615711558,-0.05270028623215225,-0.4755998309881035,-0.5720428506193335,0.5683450712413746,-0.5699367667640355,0.29015633057569956,-0.8240861735596857,1.700045002494423,-0.2870658869646628,-1.3394066957809698,-0.17789910348778698,-0.2602818585187949,-0.3884482403745228,-0.38243643381432746,-0.3198146400406666,1.130879612232864,1.6850925942817745,-0.48820779052980917,-0.3292254688819251,-0.6375260019575302,-0.6593971240215236,-0.45023915351082905,-0.5406173848901309,-0.3530904063147048,-0.23876482534139545,-0.36203002741689044,-0.08602139992103093,-0.3900080992211427,1.8759716078007438,-1.6554795430598537,-0.08620932814687476,-0.7922514889592377,-0.4097509747051579,-0.015561115275859598,-0.39183642854039075,-0.8816076425008228,1.1130605969294602,-0.06702206860807308,0.11702864380318492,-0.4815365614625153,-0.07788148816580011,-0.7392531935237479,-0.38192996252919614,0.36520561336800217,-0.29066115429087425,0.2186267424616392,-0.30245583116315833,-0.06562548826460914,-1.274674009004857,-1.1308335172685826
29149,Oregon,Missouri,-0.2900731195492056,-0.43180793613416885,-0.901578474595405,0.8468182264363078,-0.38383734135549347,0.7126718532193912,-0.658869285269779,0.021157836659177656,-0.48519501603533083,-0.19103231808887017,-0.5636078504364245,1.0501844837193504,-1.3979750407526808,0.9176382690906666,-0.1106601903365306,-0.2809525687486284,0.9601846984030912,0.7274450982140723,1.672629982331232,-0.2880893764089645,-0.4607228443762388,-0.6028993571799195,-0.4712694398872761,-0.8221988482510404,1.5382798271094442,-0.3885622178616609,2.123768474173784,-0.5268339615722002,-0.0935293287090432,-0.3887516034953562,-0.6130385454104114,-0.40183947302025086,-0.10248929127865801,-0.40632722265995186,-0.08602139992103093,-0.5346487399435008,-0.11350968923305252,0.3411819293673343,-0.1504281293938533,0.2752955253031734,0.363613158154423,0.29591475428762803,0.24809224316823725,0.6415375929884437,1.2947539825851624,0.7408038413708116,0.6403324224616055,0.3017622891967395,1.0886813151632435,-0.34488534154050227,0.47694316303740386,2.044651263709303,-0.8859960529555155,1.8516010381859975,-0.3276468446722235,-0.06810753151358825,-0.44025372334262103,-0.8547198085940588
29151,Osage,Missouri,-0.2810348867781627,0.09126817127573207,0.5525477937596881,-0.3592621183600931,0.6725327514834304,0.8003541903142204,-0.6683163181711118,-0.32652456157175497,-0.5851336540607973,-0.3967948885641934,-0.6388075104386066,-0.9287988175294786,0.3436304543679285,-0.12162869157474956,-1.1807991651712635,-1.6001060212608886,-2.1645801185855427,-1.9880669973571956,-1.3329333773785985,-0.26430812596248915,-0.38908062931544113,-0.42496362655105646,-0.20388177818715672,-0.6303930381074939,1.7897729752736864,-0.4918549002734638,1.3523547491620629,-0.5903116323835463,0.7055518223766231,-0.4224093018295709,-0.49221086376074563,-0.3510887235401864,-0.19296018192382178,-0.2954014856626085,-0.08602139992103093,-0.37409972574701666,0.18914401598499023,-0.02237862328982078,-0.28318471434644277,-0.10710937532813784,0.13054451537482312,0.27952128746849575,0.05382818211383261,-0.3321016556167792,0.7116449774575613,0.21460531285245582,0.12728950220825178,0.05732860530307116,0.15817886497037698,-0.2525247320500538,-0.8113665253124961,0.36520561336800217,0.3046737443737671,-1.1421851706419928,-0.32502667981986905,-0.06624640752950454,-0.5251088655842897,-0.3541627928683135
29153,Ozark,Missouri,-0.29404162421698365,-1.6088147332780323,-1.4242802823602416,2.1914864872578903,0.05834202328505803,0.7660486910123091,-0.6738059451581754,-0.0684247980959886,-0.5391745278156591,-0.6201483704716877,-0.5556784720786198,1.4115640430778305,-1.352464854592151,1.4862937758698533,1.1021639811428334,-0.7461586088240949,0.29383548291405354,1.2508364342967178,-0.7524217071305132,-0.2887560319567429,-0.445363398237606,-0.5303689756289025,-0.3793490431267516,-0.8220488143156868,1.6147747713715999,-0.4020268270972428,1.6881877561660557,-0.3753707792448661,0.36317546081476215,-0.3588143603043063,-0.6174909833879548,-0.40085342454743084,0.022506087279529956,-0.3033351599706499,-0.08602139992103093,-0.48018926565742087,-0.07874916344958201,0.2838750736885011,-0.17757070018991503,0.21952814396110748,0.28945495363364104,0.19755395337284137,0.16810115920465915,0.6001912687326056,0.9081273596201224,0.3535661918625851,1.8100702806392526,0.22676559072936361,1.1092897586910058,-0.2525247320500538,0.47694316303740386,2.2845720709009174,-0.8859960529555155,2.3959258034274504,-0.32152688819565267,-0.0683485867979746,1.7296134867410455,0.4531872324957914
29155,Pemiscot,Missouri,-0.2746208460235989,0.5475632302670992,-0.24779983808499614,-0.38105072156181724,-1.3708416744064889,-0.8747571919864215,1.1455212194663948,-0.2619178644615283,-0.4443773240072025,-0.28034992307697126,-0.49892817571703235,2.134323161794794,-1.4718347093932995,0.36859157289006833,0.5314231945643092,2.1532054757225434,0.7794548833228968,-0.6058861177078431,0.6888966065557005,-0.23483980285920436,-0.20797906929609383,-0.30937826607922797,-0.3720683316109337,2.396973459622409,-0.8324872895287235,-0.5235556429358617,-0.8283864805836538,-0.6393997489025706,-0.7116466316822807,-0.45620951754236083,-0.18073805294090511,-0.28525977406302394,-0.22762861264884104,-0.05824539757284854,-0.08602139992103093,-0.3195692712565305,1.9834332317924406,-1.7903667401328611,-0.35752333828528626,0.4903982819082863,0.6390579178030409,0.6893579579467677,0.5566292813134692,1.179039808314341,1.0327774730350805,0.6981891718077059,1.0687232608731563,0.5906384610710738,1.352844091291823,-0.24757379364853255,1.335816288604004,2.2845720709009174,-1.1836635022878363,2.123763420806724,-0.30591819186091246,-0.06445172035709947,-0.3693583809914588,-0.6657999026588579
29157,Perry,Missouri,-0.26486506074804994,0.008375359563391747,0.2879985140932446,-0.1511443820304552,-0.11993599678394219,0.7155827091939301,-0.6489471946121697,-0.2575014086989531,-0.2764546925428709,-0.16790187431916812,-0.5252890002865371,-0.9287988175294786,0.08992661115628686,-0.12162869157474956,-1.0381139685266323,-0.4168606211280659,-0.5313591836970691,-0.6730726580253793,0.08934352310188325,-0.22371817322094587,-0.23822979749922685,-0.14887424223568532,-0.3812434721444352,0.02995347557164471,1.3048416596266381,-0.5057113030728234,1.1223432458142377,-0.6114840724229186,-0.47298069533568693,-0.44382158653097425,-0.4971053465425666,-0.37854649474602303,-0.06896259887722904,-0.21404033889299467,-0.08602139992103093,-0.27359651187399414,0.6199139545750668,-0.4845727137176254,-0.3793714323087829,0.08409307498751778,0.18351466146109574,0.2631278206493658,0.05382818211383261,0.5455074205232713,1.0517918971153284,0.27945372305718275,0.5864629158350037,0.1351029592692378,0.8032855972181834,-0.9236329684769536,-0.8113665253124961,0.6051264205596165,0.007006295041446424,-0.59786040540054,-0.29669146848797845,-0.06262255238135205,-0.5615629712026167,-0.7045527038763353
29159,Pettis,Missouri,-0.19690844539273278,0.5594576646160511,0.022392036903599668,-0.526569139572422,-0.19858757941431204,0.5137705413086897,-0.40168570454771246,-0.2124236644788605,-0.23745514781461435,0.999531821627988,-0.0718666132526915,-0.2748739005950828,-0.49463559901425974,0.741158973883332,-0.46737318194810806,0.3479340728580608,-0.10790936690546162,-0.5392399382213166,0.2794029277950907,-0.14343471454924814,-0.23951496803901107,-0.1601693317640919,-0.40867907277954313,0.5216213773403188,2.295965504988085,-0.5099923485368264,-0.005778894010767227,-0.6178294370226417,-0.5678434311936905,-0.441530148692076,-0.48414578751558457,-0.38883385974435325,-0.1446067743818716,-0.3968140388370175,-0.08602139992103093,-0.2684697627896834,1.5524911443795535,-1.393457161141284,-0.22885489362543698,-0.29034505688064105,-0.0495539813185034,0.08279968563892474,-0.09472668810424238,-0.5228282481517749,0.5468533020954133,0.5407001755962257,0.2888980220880584,-0.12321900211838817,0.16941983416733777,-0.4831701727554066,0.04750660025410388,0.6051264205596165,-0.29066115429087425,0.4907891250823656,-0.21475517046220774,-0.05798503541178033,-1.333600823078469,-1.5151321293418962
29161,Phelps,Missouri,-0.19036553806593115,1.30876448244671,-1.1358821416948146,-0.6400500857496394,0.9933194120109863,0.4229986588580134,-0.5162452117068322,-0.1477140896880825,0.823506746740523,-0.0557197340365005,-0.4998344175738175,0.43067666767623897,-0.6280085880186482,0.741158973883332,-0.6100583785927393,1.475713050273575,0.3296628324838952,-0.6962768236224979,0.4705961676527824,-0.20452495076263616,-0.25282831329087446,-0.2910879812018649,-0.21469802615496397,-0.8178293254562581,1.058536354225804,-0.4910571255448308,2.281077158547219,-0.47529532620007414,-0.03399537929586268,-0.39220312053298345,-0.6171598132873701,-0.403232708495365,-0.15472669678242476,-0.3979113316981998,-0.08602139992103093,-0.2775128993592933,-0.32628396898560996,0.43703154324030385,-0.23788752418116335,0.012392156119146994,0.15173257380933247,0.09919315245805703,0.07668277753199744,-0.26808154063999734,0.9630579180741721,0.6351935733231137,-0.18053624994376027,0.07954984929340493,0.32929139607966945,-0.7751048164313157,-0.38192996252919614,0.36520561336800217,-0.588328603623195,0.762951507703092,-0.2116858344923068,-0.05705970236214551,0.1743760071272756,0.7179980408152179
29163,Pike,Missouri,-0.267307668049103,0.06254574918411362,0.6093578231650063,-0.3610931010015569,2.398014032953481,0.3232871865019056,-0.13412535319113708,-0.3144571312094973,-0.4565748064536545,-0.5099920836352329,-0.5399998577145471,0.5339279703500905,-0.4553032661786887,0.2509387094185141,-0.46737318194810806,-0.011541094444511958,-0.8643332982040828,-0.7615890819591896,-0.9234828450705015,-0.24026934937994038,-0.3020572783461726,-0.3063981188703272,-0.6226092177270535,0.48604251667900555,1.0218392368160367,-0.49671861890504554,0.6734601039632103,-0.6385641291918553,-0.5007467317348836,-0.4483845649149385,-0.31986892968340724,-0.05133551318936362,-0.14213350739387764,-0.23495445898877848,-0.08602139992103093,-0.4161701816341439,0.9409365398492167,-0.7351238502730028,-0.23006867662674227,-0.39391305080162153,-0.1554942734910487,0.0664062188197948,-0.17471777206782046,-0.4934856954540831,0.8912256493265691,0.5054967529136598,-0.3318839114184996,-0.20932632258093095,0.12195796422461447,-0.12977560409509556,0.04750660025410388,1.0849680349428452,-0.29066115429087425,0.2186267424616392,-0.3051882887948994,-0.06529814076234534,-0.21424119046968035,-0.02799338262121518
29165,Platte,Missouri,-0.015092355893843279,0.26608312324542743,1.5054936265319674,-0.9948995335329793,-0.2997450930920776,0.11351247057387803,-0.13145679374189784,-0.2271822041434259,0.654058900878094,2.031379361821153,-0.24620258275050733,-1.5827237344638743,1.972387162085957,-0.7491106300897147,-1.0381139685266323,0.7033197808936281,-0.23227778605896507,-0.5269125332795078,-0.23608275786020907,0.17407602632453748,0.41675075203948814,0.7261917844225613,0.2095015916577747,0.4051772330062425,1.1924526698604143,-0.48536297515497967,0.21642440067750232,-0.6390648779616361,-0.660565437643505,-0.445847692379717,-0.34397234010873035,-0.09208089594364244,-0.12389968390796831,-0.25485185801649424,-0.08602139992103093,0.46860875323939166,0.9385145066088615,-1.1147572460372879,-0.42186873039743156,-0.44968043214368775,-0.08133606897026743,0.23034088701110358,-0.15186317664965565,-0.7362286314077141,1.1003843142092953,1.1410111729199839,-0.4114055640577693,-0.17599445659543028,0.2649680723415047,-0.15026224575656286,-1.240803088095796,-1.3142400369732985,-0.29066115429087425,-0.8700227880212664,-0.062149283275790564,-0.01975150760500605,-0.8783428747879061,-0.15716938667947208
29167,Polk,Missouri,-0.22675277200871702,0.8832741361985781,-0.8153030830334952,-0.40770807996188446,-0.3676324948018998,0.6945582814320577,-0.6166415273925053,-0.1703737317895938,-0.27428413689079445,-0.3271515111340025,-0.5204376784729705,0.8780989792629307,-0.7471725143756314,0.8195942161977029,-0.46737318194810806,0.3215428078991415,0.03340346439197801,-0.07733142711337543,0.03855933979034203,-0.2403098483107334,-0.2724252589919148,-0.044489305803378794,-0.5616371162427531,-0.7739867759297083,3.7702137743788016,-0.5092629185853366,0.6297205163883072,-0.5106962521515157,-0.16747958138424998,-0.4190396023609115,-0.5869140365008193,-0.3912745185987,-0.15638647922203522,-0.35534501184848327,-0.08602139992103093,-0.30057074773784126,0.9438773005418625,-0.7878909945085134,-0.2615898020532799,-0.0035413814071578774,0.16232660302658714,0.21394742019197363,0.1338192660774107,-0.24140649273300505,1.8398341395522673,0.3739471207840706,0.3299414557083267,0.11010405978011406,0.6371690524186516,-0.5087784748322407,-0.38192996252919614,0.845047227751231,-0.29066115429087425,0.4907891250823656,-0.24340854466902706,-0.06042036125155914,-1.089635652865488,-1.3617356245227166
29169,Pulaski,Missouri,-0.1668356734895997,3.2088182263984413,-1.0411724769465875,-2.437699880413516,2.8293583256028763,-0.26708842057860915,0.26829681391893145,-0.057016147952680896,0.8893885763983365,3.3328529515663488,0.14382876058445396,0.017671456980830835,-0.0069970432308446365,0.0548506036325867,-0.039317592014215016,2.7501863743122597,0.46156707987478307,0.429378886215391,-0.627800995310951,-0.15017267543042243,-0.10031670367266174,-0.18420199388660516,-0.05308662187736674,-0.8079537549712524,0.726123690411888,-0.487000793217256,2.43366643431635,-0.5024515118102759,-0.2272470258479186,-0.3865129060026943,-0.5986359007050357,-0.39568145634519,-0.03407728431937965,-0.36662571312051495,-0.08602139992103093,-0.13950875034784263,-0.4669719043222086,0.514230371297463,-0.3292786823101252,0.08409307498751778,0.2788609244163863,0.3450951547450202,0.24809224316823725,-0.24407399752370423,0.8658730838862384,1.0242840345514754,0.019550488955047518,0.22121027973177976,0.49166095114688035,-0.5395084373244416,-0.38192996252919614,-0.1146360010152266,-0.29066115429087425,0.762951507703092,-0.25690239365865264,-0.05093444479497895,-0.6470068079826888,1.4962834652662151
29171,Putnam,Missouri,-0.3071567267279137,-0.5400538280848461,-1.0306439849552955,1.0108199645080198,0.22999798740264515,0.7949780933922129,-0.6662935368549633,-0.316583337446163,-0.38984881872577803,-0.4116354749348277,-0.5246525601781002,0.20696551188289292,-0.9121211981520315,0.7803765950405174,-0.39603058362579246,-0.6752944176106304,-0.4240648062638253,0.45994314557041494,-1.4502976933200593,-0.2854064485612757,-0.4339915557218476,-0.4578687099954015,-0.3690365752448094,-0.3018367871109531,3.1536653082171906,-0.4920736716411177,0.5609344543375103,-0.6243970177735747,-0.3592743388061068,-0.4361476175940919,-0.47411104502715207,-0.3248501433292695,-0.24681382018537296,-0.3595302140366774,-0.08602139992103093,-0.4483198962772752,1.1297893933012604,-0.9048504582886846,-0.35301074626816326,-0.7922514889592377,-0.49450320844319384,-0.19588925028629833,-0.5632458941766305,-0.6041871442681017,1.577857630002186,-0.1411345374134751,0.750636650316077,-0.5759768484214318,0.3186749251714286,-0.2525247320500538,-0.38192996252919614,0.6051264205596165,-0.29066115429087425,0.4907891250823656,-0.3517336458506536,-0.06899921793369997,-0.9419692667054435,-1.6846756346683585
29173,Ralls,Missouri,-0.29071745241039465,-0.7791058684348945,0.31395737090580306,0.561418854848045,0.10453171932991427,0.7297641893286829,-0.5761561731572383,-0.3012183196547873,-0.4876577306476629,-0.0604546998645076,-0.6059539468060549,-0.7739218635187005,0.5283482687841968,-0.10201988099615492,-0.6814009769150549,-1.4397856845958303,-0.8579585916233482,-0.20768630710558073,-1.106898398528378,-0.24343685802441853,-0.3106886315120933,-0.22799468686787108,-0.5662101430042094,0.7327168333226551,0.9855528954091156,-0.496892685079759,0.4162673602286126,-0.6351136472093606,-0.5218019138312059,-0.44309156147590106,-0.4521829919455759,-0.3296945622728098,-0.0021496618340795955,-0.1900313336073307,-0.08602139992103093,-0.37709392725401,1.1673993318292204,-0.9721662195320858,-0.3796022744746753,-0.46561396966999236,-0.219058448794576,0.03361928518153257,-0.1975723674859861,-0.6081884014541505,0.7877026737785525,0.19422438393096997,-0.5781445131401094,-0.2621017770579723,-0.1272168529746836,-0.2525247320500538,-0.8113665253124961,0.845047227751231,0.007006295041446424,-0.3256980227798136,-0.32792757662069005,-0.066433191430527,-0.6438900444667912,-1.1259894171163978
29175,Randolph,Missouri,-0.24842871521626353,0.17938292383601917,0.9684494007280402,-0.6475668487110505,0.8225180563991585,0.41272412754505905,-0.24117953201350023,-0.23415543386002752,-0.30047498515640003,-0.3524645617690069,-0.5473913450652097,0.34463391544802896,-0.5271036503776544,0.17250346710414313,-0.1820027886588462,0.01577070560219839,-0.2962485818784908,-0.7941837845811696,0.4633901154993592,-0.18095460134428693,-0.19605193318884398,-0.1754696582410925,-0.4288407579612455,0.06408055689043259,2.2938701031831985,-0.4802037331787292,0.5189934655580969,-0.634268328643942,-0.5993867367981701,-0.4442711556117188,-0.46415265559368024,-0.2968169585129659,-0.1596237133820625,-0.27181780245489756,-0.08602139992103093,-0.2740583175482857,1.1010366718061564,-0.9521309118816722,-0.3766906845758386,-0.42578012585423075,-0.0283659228839948,0.14837355291544918,-0.17471777206782046,-0.585514610733207,0.8299569495124366,0.8408556742581051,-0.006101657057620078,-0.17321680109663876,0.2531026048558236,-0.36025032278660274,-0.38192996252919614,1.0849680349428452,-0.588328603623195,0.4907891250823656,-0.27793857433041286,-0.0602769245808885,-0.5866594811043732,-0.6028266006804577
29177,Ray,Missouri,-0.2534955145337957,-0.1681004795011921,0.30343723823218977,0.0037506345144329347,-0.05599017090854923,0.6888681419046138,-0.5585008061089193,-0.22528654264708056,-0.45684679501310305,0.03268917407483733,-0.5164081081257239,-0.9115902670838365,0.4088411283536048,0.07445941421117944,-0.39603058362579246,-0.8537347531713902,-1.2205465402358069,-1.2566115850367081,-0.43841676396311335,-0.2648946617538821,-0.35990339304015606,-0.09952726638481893,-0.489390652710093,0.4256801991527799,2.1668196045138317,-0.5021665869442932,0.23619795899035137,-0.6392751248642977,-0.6859520079171748,-0.4444379307210941,-0.47451925823440055,-0.2903543588317389,-0.16985169950360346,-0.3301235258396065,-0.08602139992103093,-0.3312621929477019,1.3995884636086726,-1.217692418911485,-0.31259847419402687,-0.44968043214368775,-0.13430621505654008,0.13198008609631925,-0.22042696290415092,-0.6642060020588345,0.6524889914301236,0.7963881929748634,0.05033306417024899,-0.22321460007488936,0.16255035299141732,-0.7392531935237479,-0.8113665253124961,0.6051264205596165,0.3046737443737671,-0.3256980227798136,-0.2827858793072686,-0.06249920351482616,-0.2002191843830507,-0.16362818688238479
29179,Reynolds,Missouri,-0.30254681798467925,-1.017787645024477,0.031797330187431756,0.9218324160928433,0.7734591246648302,0.699667763808617,-0.5843869890050016,-0.02427279280682582,-0.49259299807837853,-0.0709569396039643,-0.580666231683382,1.2394785386214122,-1.2566394852405676,0.8195942161977029,-0.32468798530347687,-0.8647942022111802,-0.929363950804966,-0.8099266571956162,-0.42908148186894773,-0.2868478400027528,-0.4584131174917067,-0.6378817295721213,-0.2501009253555894,-0.8192776236525577,-0.27310763818526923,-0.48615550865860335,3.254460906687862,-0.530698230746524,-0.21154370041252843,-0.391790372462032,-0.5730740303875383,-0.35575974307624186,0.2643235556428226,-0.36545454609539835,-0.08602139992103093,-0.48549283970194557,-0.9302586483664927,1.1140201429450067,-0.13339048824669578,0.052225999934908604,0.10935645694031451,-0.06474151573325176,0.03097358669566698,0.44814349566274864,1.520814357761442,1.074309950995122,0.3376370995121269,0.04344032780911275,1.1036692740925251,-0.2525247320500538,0.04750660025410388,1.3248888421344598,-0.588328603623195,1.3072762729445448,-0.34553882752115833,-0.06927950232701238,0.1742982725042385,-0.3541627928683135
29181,Ripley,Missouri,-0.28199259971274826,-0.34107010607005367,0.09447001381980442,0.267173554727361,-0.16706128643357146,0.7395250490359886,-0.6481504867347558,-0.10020244177703064,-0.5088577066804125,-0.446303398111156,-0.5907480947501359,0.8953075297085707,-1.3683213447928786,1.0548999431408153,0.8881361861758866,-0.9067402325560256,-0.35441829800616703,0.049400944032307874,-0.30308505606279706,-0.2885718042108947,-0.4568488705744816,-0.5989021264217198,-0.2460474192635392,-0.6160032019286853,0.5443449940200771,-0.44023214267325306,2.134258990609163,-0.4857320290821215,0.3622774470293276,-0.37912196137265197,-0.3802670457323563,-0.3840890381750039,-0.20566337342620983,-0.37457215022338625,-0.08602139992103093,-0.4708713092791986,-0.3602245998123361,0.5535085157375417,-0.2696394917735934,0.2593619877768691,0.363613158154423,0.4106690220215423,0.25951954087732004,0.7469040322210636,1.5271524991215246,0.9909334235890446,0.7891148693350781,0.31842822218948863,1.3272396614543012,-0.252524732050054,0.47694316303740386,2.044651263709303,-0.8859960529555155,2.3959258034274504,-0.31250603491826084,-0.06648845007128339,-0.3516019669459456,-0.8579492086955152
29183,St Charles,Missouri,0.8565259932939258,0.12791632964266697,1.3012293388033096,-0.7658819344886273,-0.41666576677606054,0.3318944605630855,-0.2938356576689365,-0.3193826296256341,0.4972846479151722,-0.32286366179669584,-0.4563223669944365,-1.703183587583368,2.3004998164559916,-0.9648075464542345,-1.1094565668489478,-1.1131219367079535,-1.0001597078827764,-0.9332605222454047,-0.12076445609155097,0.6931864540603946,1.6853736218393864,1.35564923027232,0.38710334584228645,0.27604916186386963,-0.12359281727752194,-0.48976656863612456,0.142847109508442,-0.6257606978042525,-0.21660742341837505,-0.4496245184917689,0.11926674409657428,-0.03797870582111343,-0.04105331006984163,0.09466233715303389,-0.08602139992103093,1.223548946178223,0.21588115997483828,-0.7381304775591395,-0.2987032651115986,-0.16287675667020432,0.10935645694031451,0.29591475428762803,0.03097358669566698,-0.2667477882446478,1.2461615654911957,1.3281451566536249,-0.4088403494565026,0.029552050315154343,0.5915806773420885,-0.4319535686017383,-1.240803088095796,-1.0743192297816841,0.6023411937060877,-1.4143475532627192,0.9264576309807847,0.07104173891931297,-0.09959693414481631,0.8730092456851262
29185,St Clair,Missouri,-0.2933885049985966,-1.1937425395378047,-1.0371163565636499,1.6162740692320914,0.232272926588362,0.7379248255060324,-0.643290726944531,-0.1261101933725064,-0.5278078733940511,-0.32647288613463704,-0.5385098019300352,0.8264733279260047,-1.125943566010328,0.8980294585120717,0.24605280127504683,-0.8213677237365185,-0.37750151869175375,0.5355849377834498,-1.4170655035015096,-0.28195168585273717,-0.4135128973800985,-0.5077482332333046,-0.4443149118205652,-0.42374730280285505,1.7989088806254296,-0.4751648542913877,1.2732317203472343,-0.566454771245807,-0.5781109280520018,-0.4181318568271928,-0.38022353991631924,0.3060458746845191,-0.21886985543792173,-0.0871993469893032,-0.08602139992103093,-0.47910718676933217,0.3967465237916841,-0.17887895386443603,-0.21718619446564844,-0.0991426065649854,0.13054451537482312,0.27952128746849575,0.07668277753199744,-0.5415007816866695,1.6665916090433424,1.044664963472961,0.45820218577166516,0.06566157179944573,0.7027413727342562,-0.2525247320500538,-0.38192996252919614,1.0849680349428452,-0.29066115429087425,1.0351138903238184,-0.3256255746432643,-0.0680895607471777,1.9525162603305113,1.1039113529392601
29186,Ste. Genevieve,Missouri,-0.26850261262803543,-0.40578623563102145,0.15972482843947114,0.29429722611704184,0.3208733828875373,0.7284374216998948,-0.6272129536518296,-0.297360325234206,-0.5490905375433651,2.031097213018669,-0.612191912251874,-0.8255475148556282,0.4077428433180566,-0.23928155504630408,-1.0381139685266323,-1.0429525499983858,-1.1059035703117186,-0.9518869677984666,-0.5277533815966551,-0.24188025455794063,-0.30327903981052645,-0.3174460876541414,-0.5406987552494033,-0.5235474900199112,0.8411207152423384,-0.491764567841712,1.8302612365353232,-0.39481223660137826,0.32866631485921544,-0.43253516347477877,-0.563286857256788,-0.38208155764892077,0.16234643491435913,-0.2956925786533412,-0.08602139992103093,-0.3983676340459459,-0.1349038541185312,0.30314475150173237,-0.3625944194134394,0.028325693645451865,0.18351466146109574,0.24673435383023354,0.05382818211383261,0.34544456122082795,0.766575535911611,0.3461549449820447,0.2683763052779242,0.1128817152789048,0.5703477355256068,0.15703737916544672,-0.8113665253124961,0.36520561336800217,0.007006295041446424,-0.3256980227798136,-0.29781439628184464,-0.06350282570535595,0.751122729675864,0.7325303412717717
29187,St Francois,Missouri,-0.1240519715066461,-0.005075063095908626,1.3330329428545078,-0.6591982942068608,1.506963432278242,0.5076513129424811,-0.36875900369327674,-0.26809408418292296,-0.4380273524193742,-0.41501526477245726,-0.5831601081195863,0.43067666767623897,-0.8124518311760295,0.13328584594695764,-0.32468798530347687,0.3890606534596765,0.11931613712428953,-0.4158263641860949,0.5904041424439891,-0.14274500580487418,-0.049588219609320854,0.04878898929582739,0.25678569748416447,-0.7881381034372017,1.0769989852849386,-0.4882221223164902,1.9021493861923433,-0.4547158875739795,0.13836459811122537,-0.40919823339126826,-0.5886031212238468,-0.40176979721884,0.33817122078686923,-0.3590048021859702,-0.08602139992103093,0.04183543437309562,-0.2886951765348332,0.26261376050495444,-0.4013982428478092,-0.019474918933462183,0.09876242772305983,0.03361928518153257,-0.014735604140663477,0.2920944654068431,0.8595349425261556,0.750067899971487,0.2606806614741241,0.021219083818778982,0.7071128607552966,-0.3346420207097686,-0.38192996252919614,1.3248888421344598,-0.29066115429087425,0.762951507703092,-0.09920590047337531,-0.03996189927388118,0.3060262844153824,0.440269632089966
29189,St Louis,Missouri,2.590903114828114,0.02861360220399668,0.34848698625794444,-0.19991380605724424,-1.1607005668749273,-1.0535962385941189,1.0537201201431194,-0.3185827886369877,1.2196192866960525,-0.41468860005493235,-0.4859364610304283,-0.8943817166381945,0.9911381256383333,-0.6902841983539365,-0.7527435752373701,0.3759036854996808,0.26393068632837974,-0.05109605376054444,0.47246203010193466,2.6626977724789826,3.8455282981053487,6.478435213492332,2.4836397318501025,-0.6357335703435606,-0.6279030152557789,-0.49890428948906423,-0.048077216730221375,-0.6343438573149115,-0.09985117529438473,-0.4502010324267967,-0.25356723426425093,-0.31707702087594447,0.16889987430139186,-0.15776607244284918,-0.08602139992103093,4.619444544251017,-0.9100760133051259,-1.1095710953976718,-0.3501959611485717,-0.10710937532813784,0.17292063224384108,0.3778820883832824,0.11096467065924588,-0.17872013015157281,1.2123581449040883,1.1984483362441711,-0.39857949105143553,0.09899343778494639,0.5815887047225676,0.7255416852711645,-0.8113665253124961,-0.8343984225900698,0.007006295041446424,-0.8700227880212664,3.4436312891745,0.3264804491448094,0.33678251457061953,0.7777419426921618
29195,Saline,Missouri,-0.25424821246709384,0.5151534447275417,-0.4914109042452148,-0.22986961813385284,-0.061361162755787325,0.31557933980746194,-0.2580020044402238,-0.1754279322503303,-0.2205202795045088,4.643133143122611,0.07820029912061395,0.20696551188289292,-0.5764578341626031,0.5254620575188118,-0.6814009769150549,0.25642886195443193,-0.09718134294163869,-0.3641620826389771,0.14959487365869706,-0.2233861112678563,-0.2990779362980666,-0.2753273400589235,-0.6620408922337967,1.422578461163917,0.602465469330215,-0.5040980539242405,-0.21402498465068678,-0.6388401473985102,-0.6798162918327667,-0.4472479324882598,-0.332014244072712,-0.12700858533720422,-0.1804909034719944,-0.2764479290384091,-0.08602139992103093,-0.41177791209211,1.6733134135797847,-1.449052261564836,-0.1689178422296891,-0.3620459757490121,-0.07074203975301276,0.19755395337284137,-0.11758128352240721,-0.5495032960587672,0.6081220019095451,0.3554190035827201,-0.15231888932982596,-0.1398849351111389,0.005176784233965771,-0.6316983248010445,0.04750660025410388,0.36520561336800217,-0.588328603623195,0.2186267424616392,-0.28484458026269,-0.06468050332125931,-0.4419860105502492,-0.444585995709093
29197,Schuyler,Missouri,-0.3072621630142901,0.7386077311459044,-1.2688081341674808,-0.04857623082828438,-0.20513726384529768,0.8149590478034685,-0.6731167736975086,-0.3033342714211793,-0.5077092456428585,-0.7527168267530505,-0.5772456702376197,1.0846015846106343,-0.86070772992543,0.8588118373548884,0.10336760463041615,0.3028207798083028,-1.351848176240646,-1.0122238217119546,-1.8479884044453436,-0.2845044318576328,-0.40946153971742283,-0.322040791642657,-0.4260041138974496,-0.21402467457079896,3.576165330503165,-0.5002445556219063,0.21922521977267675,-0.6182792986936071,-0.4531817341217662,-0.4465710684856409,-0.46931965801104075,-0.2945450102141349,-0.25783043011541806,-0.39856091350904654,-0.08602139992103093,-0.4095513422728353,1.407426266462087,-1.1915124959010537,-0.5104823360142038,-0.7524176451434761,-0.4521270915741759,-0.13031538300977621,-0.48325481021305244,-0.6041871442681017,1.7996925776050772,0.04229382287989558,0.6788106414806071,-0.520423738445599,0.4285866239861564,-0.9236329684769536,-0.38192996252919614,1.0849680349428452,-0.29066115429087425,0.762951507703092,-0.3579284641801488,-0.06772627539900325,0.5297456940045383,0.902073846598234
29199,Scotland,Missouri,-0.3065533968669822,1.2619582848144995,-1.5711983144572723,-0.3801333317901563,-0.3068253124932301,0.8228772641647448,-0.6741732254990638,-0.32123495377936484,-0.5308864148160931,-0.5932770768504196,-0.6229855073317474,-0.01674564391045318,-0.6075530292315624,1.917687608598895,-0.7527435752373701,-0.7501206098387199,0.5090506520461952,1.5510560802033226,-0.6514631557830205,-0.2789094257488186,-0.4018697240634833,-0.3403493498362984,-0.6093809216861734,0.6114569399299827,2.0198918250694766,-0.4892422422975758,0.0825015899743822,-0.6286558610946796,-0.6424283238138644,-0.44136347322175784,-0.3117317437267288,-0.3252492833806308,-0.23537022566207208,-0.3773950991480652,-0.08602139992103093,-0.46233830668737835,1.5160263851812474,-1.274305936609727,-0.4127839741913423,-0.7603844139066283,-0.4521270915741759,-0.11392191619064394,-0.48325481021305244,-0.6948823071518759,1.7849035810982177,0.125670350285973,0.6377672078603388,-0.5204237384455982,0.39985970270503424,-0.2525247320500538,0.04750660025410388,1.3248888421344598,-0.588328603623195,-0.0535356401590872,-0.3595567094812548,-0.06855572714666532,-1.2377041162142315,-1.1372923174714953
29201,Scott,Missouri,-0.20879638668167097,0.31541295398958197,-0.004428586096199882,-0.28837833211665487,-0.6874531415102747,0.036042397481925136,0.16699217310595194,-0.25942285384185065,-0.4630482058893339,-0.3881385240773559,-0.5272029046194923,0.5855536216870165,-0.7412005894948379,0.34898276231147773,-0.46737318194810806,0.6123394790595982,-0.38508730460976826,-0.9543531245607628,-0.018435152476715577,-0.10993229980698722,-0.0717135910652442,0.003980924302148254,-0.17379744507094733,1.967764882085239,-0.38126802755758077,-0.5198679428802742,-0.4351319383612646,-0.6353694092605083,-0.6951901974848721,-0.45415837017186633,-0.4006406265893103,-0.337074464444676,-0.18868975100728783,-0.29057156662832995,-0.08602139992103093,-0.09059980474735393,1.7649933956120625,-1.6768486042665254,-0.4228069921039621,0.32309613788208746,0.40598927502344095,0.5254232897554589,0.29380143400456854,0.7175614795233721,1.1637657278101214,0.5721979748385218,1.3303751502023666,0.37953664316290614,1.1967195191118116,-0.4370752290171051,0.04750660025410388,1.0849680349428452,-0.8859960529555155,1.0351138903238184,-0.20491083680264735,-0.05208686114885169,-0.38406004516569114,-0.6964792036226941
29203,Shannon,Missouri,-0.29699384023552267,-0.638525652715052,-0.46060957083764786,0.8176529851664261,-0.10373561028354325,0.7258690473880877,-0.6487491287887251,0.02891639508774184,-0.49509473862565906,-0.5440257291061373,-0.5560772582569031,1.3943554926321904,-1.3210264454495828,1.3098144806625207,0.8881361861758866,-0.22258631487333774,-0.03867147019435336,0.22009706670443632,-0.18971714333175452,-0.29098287532598016,-0.4568074381030601,-0.6369149775715448,-0.16114351098004034,-0.8221988482510404,0.1048036063227392,-0.4885454821082898,2.7794828570091497,-0.3291976962179639,0.11199902389353966,-0.3391956478571296,-0.6093297822423266,-0.39318367570382773,-0.1834544642810441,-0.3974712994074507,-0.08602139992103093,-0.46131902374128797,-0.7621358715093393,0.9401310298355886,0.007587056420256533,0.14782722509273669,0.2364848075473684,0.11558661927718697,0.14524656378649353,0.5054948486627825,1.639126329816318,0.7148644772889213,0.437680468961531,0.16843482525473844,1.068697369924203,-0.2525247320500538,0.47694316303740386,1.8047304565176885,-0.8859960529555155,2.3959258034274504,-0.3405043679119915,-0.06918807545678243,-0.7094791436639772,-1.03395151422489
29205,Shelby,Missouri,-0.30354260513378967,-0.14759622598418556,-0.6119860635459675,0.4407573680350291,0.1015250385509278,0.7739245668361754,-0.6038443181685361,-0.3201382063388016,-0.5345079101515542,-0.6358420161852576,-0.5458343639091,0.2241740623285349,-0.671528132552247,0.5646796786759973,-0.8240861735596857,-0.2792196694929417,-1.5922203850165986,-1.0597257372907223,-2.1968444457005534,-0.2755179508633885,-0.3616219086871523,-0.3348527486591643,-0.5611773217758341,1.0777688182678196,1.0704023954398691,-0.5046670739540583,-0.002730831990690047,-0.6349863209460684,-0.653494358458378,-0.44971753152339056,-0.2246753187704453,-0.25294389989608856,-0.20891935383177587,-0.37759141628839754,-0.08602139992103093,-0.43452082668813147,1.5455394048930187,-1.31500883245857,-0.3658634423433354,-0.6329161136961913,-0.293216653315358,0.0008323515432703504,-0.3461272377040603,-0.6415322113378911,1.520814357761442,0.31836276918001877,0.2683763052779242,-0.3815409635060149,0.3217974166150282,-0.2525247320500538,-0.38192996252919614,0.845047227751231,-0.29066115429087425,0.4907891250823656,-0.34752266662365533,-0.06842039341424913,-0.39270818864771917,-0.9370695111811972
29207,Stoddard,Missouri,-0.23590229863760168,-0.23271903968798907,0.24181567445771437,0.09397108513064903,-0.4081032608657276,0.7285106158883967,-0.6096791064634016,-0.2685821136801888,-0.4890016380905476,-0.5070669725261545,-0.5699460591702741,0.6715963739152266,-0.9169948379972769,0.6038972998331827,0.3173953995973624,0.44014833955578014,-0.23105419925110796,-0.5158807764791945,-0.0814651474289909,-0.2418179824463216,-0.2567246030485556,-0.2805780220285634,-0.44936442005519267,1.8356829413489206,-0.04340339678869816,-0.5165368166555812,-0.4273335485715185,-0.6374153347957502,-0.6383775785022626,-0.4529075140472663,-0.15558645534441537,-0.2074109462439382,-0.1712593013346479,-0.3683127146575259,-0.08602139992103093,-0.34681647500367346,1.7878207610452066,-1.5884246887826114,-0.12266749731491822,0.3390296754083923,0.40598927502344095,0.509029822936329,0.33951062484089894,0.6308675738256465,1.2736268447182202,0.9946390470293146,0.8968538825882824,0.3934249206568645,1.2254464403929342,-0.7136448914469138,-0.38192996252919614,1.3248888421344598,-0.8859960529555155,1.3072762729445448,-0.23610951400889674,-0.06356492637595271,-0.547678472641953,-1.0872366158989206
29209,Stone,Missouri,-0.22732974279805448,-2.064477988070356,-1.3968601430033611,2.5976245073561652,-0.39881112845141403,0.7448501656089715,-0.6640411141469703,-0.14438748651129923,-0.4853205786050992,0.10292314995451687,-0.5296613092231262,0.15533986054596688,-0.3747852445100589,0.9568558902478499,0.5314231945643092,-1.2503336968741927,-0.1371904765915141,0.7000455645591873,-0.7951183107517762,-0.2313877981754039,-0.2556050948247817,-0.04939727042883691,0.1240385114434722,-0.8210897261802395,1.3568806172580503,-0.46197064221735884,1.3611362352334058,-0.1892472854802683,-0.06733433709971706,-0.42109355546267246,-0.6146814923848012,-0.4011213464313628,-0.0658204513163347,0.35302028518900197,-0.08602139992103093,-0.10858637437978826,-0.19449800222948024,0.2359753351576793,-0.35957857821387695,0.13189368756643183,0.2364848075473684,0.24673435383023354,0.2138103500409896,0.22273934084866287,1.279964986078303,0.41285616690690696,1.4304185196517702,0.2017666912402383,0.9700266403064355,-0.5446300977398085,-0.38192996252919614,0.845047227751231,-0.29066115429087425,0.2186267424616392,-0.18288273657963863,-0.057804005011340316,2.3435304607657277,0.9408266478157107
29211,Sullivan,Missouri,-0.3030769282022939,-0.11642515489743932,-0.07749788869404982,0.14585555203115563,0.44398293287542223,0.5005585408507094,-0.48030998879011855,-0.15931493793747428,-0.3948229556440259,1.6650087847799484,0.6324326383332892,0.1897569614372509,-0.84437074002165,0.662723731568961,-0.46737318194810806,-0.34646525012887436,-0.6564508616246156,-0.4443819602279315,-0.6792499130346231,-0.2832981970725973,-0.441112817204444,-0.45658064069681203,-0.5070223887295622,-0.4039294777970704,3.7014802253752768,-0.49868949323265843,0.3353180595285745,-0.6221648021877051,-0.22902711389662245,-0.43788471284521957,-0.43496488865625027,-0.34759985013072275,-0.24311835406593202,-0.3744929202362235,-0.08602139992103093,-0.48715321379142484,1.277144248083069,-1.0313463124711117,-0.2547985744631541,-0.7125838013277145,-0.4097509747051579,-0.09752844937151399,-0.46040021479488685,-0.6562034876867369,1.4257422373602027,-0.2300694999799579,0.8891582387844822,-0.48431421696130683,0.2531026048558236,-0.2525247320500538,0.47694316303740386,0.845047227751231,-0.588328603623195,-0.0535356401590872,-0.3502551242553964,-0.06893465092773296,-1.2538590398966496,-1.6459228334508813
29213,Taney,Missouri,-0.1571091760713776,-0.09400754079411569,-0.6507436497725718,0.410689109852836,-0.7869797944501674,0.5920495441115378,-0.5514624472286208,-0.09991380707590823,-0.0947324668546851,0.0004974771460590278,-0.25455231099393066,-0.3264995519320088,-0.4398586328662917,1.2117704277695571,0.6741083912089404,1.222972262939148,0.7285755188383839,0.471621395612095,0.30882665237393936,-0.12365439148118722,-0.06656188727187144,-0.09978881076191291,-0.27911191101376687,-0.8221408787275978,0.5876575861960399,-0.42082798152969436,1.5807914786624746,0.11714664279786413,0.7402912381406764,-0.3674500384092046,-0.6092376561581836,-0.39864947042765225,0.005688664372229935,-0.16954078258841798,-0.08602139992103093,-0.1563191760249175,-0.5435947130588297,0.5959822828402374,-0.2547762348987129,0.16376076261904102,0.26826689519913244,0.27952128746849575,0.24809224316823725,0.40012840943016237,0.8996765044733457,0.26092560585583224,2.0717221699684627,0.23509855722573816,1.0455909332415614,-0.5241434560783412,-0.38192996252919614,0.6051264205596165,-0.588328603623195,0.762951507703092,-0.11601238645490616,-0.05293241946868439,0.03480999197702171,-0.3283275920566621
29215,Texas,Missouri,-0.24652500449002313,-0.3997486913910275,0.034839246714356314,0.35093016978339064,1.089636796678922,0.5360760713778031,-0.43059183455907063,-0.1015190615467351,-0.45783396433313817,-0.3649114455597248,-0.5420161017841227,1.1190186855019182,-1.1537439059726426,1.4862937758698533,0.17471020295273174,-0.09226067733905385,0.6736509398251691,0.6035585349112198,0.9301895394443903,-0.2751896490659821,-0.4174819473877624,-0.49066692562153585,-0.40297890743416437,-0.821878543270511,1.9167417190853082,-0.46893733329119575,1.789842672929737,-0.3951490097347164,-0.14029845745645345,-0.3210814546236581,-0.6225057962217037,-0.40452981486472833,-0.2226040761895527,-0.41783347333194676,-0.08602139992103093,-0.4617434716233365,0.058053939738914595,0.14290857812725144,0.138132024493167,0.06019276869806104,0.15173257380933247,0.0008323515432703504,0.042400884404749796,0.18272676898817417,1.1088351693560718,0.5221720583948752,0.27094151987919096,0.07121688279702958,0.6552795027915329,-0.6624282872932454,0.47694316303740386,1.5648096493260741,-0.588328603623195,1.8516010381859975,-0.25664037717341714,-0.06638394457211497,-0.026241485790552625,-0.43812719550618034
29217,Vernon,Missouri,-0.2606856835075191,0.27785714410136797,-0.48487072758971045,-0.014510255108081377,-0.4927313084418041,0.7079580139463988,-0.6145780514280932,-0.15482750650885105,-0.37479204775601666,-0.29250463038901736,-0.535464972405451,0.447885218121881,-0.6548479285748582,0.7215501633047392,-0.46737318194810806,-0.007107075502403019,-0.22292411947547797,-0.794893477284026,0.6626263754658023,-0.2594743211461655,-0.37222123090933584,-0.40243545329946434,-0.38921161990050596,0.18748464572258045,2.5362610558494003,-0.5005341150611583,-0.043238227157340464,-0.6380323022047919,-0.6577903986746221,-0.4399943460487163,0.20464333233905527,0.08077444529997004,-0.21158199750453288,-0.2950147206839511,-0.08602139992103093,-0.4107467536868474,1.3322216965706528,-1.1178809407380397,-0.11679219186688182,-0.10710937532813784,0.11995048615756844,0.23034088701110358,0.07668277753199744,-0.6228596778029963,2.467310134200446,1.6875906303598263,0.8198974445502796,0.05177329430548811,1.2060869934426126,-0.26806043530999984,-0.38192996252919614,1.3248888421344598,-0.29066115429087425,0.4907891250823656,-0.2882133636442886,-0.06574935917202036,-0.495981905769234,-0.7061674039270632
29219,Warren,Missouri,-0.2165020219443456,0.05935074053126846,0.4308978331990893,-0.2692733875669152,-0.051702111931285426,0.6469050587816711,-0.4919433015981355,-0.25311043381336,-0.39932658202030263,-0.4111489711228824,-0.45120824394747466,-0.7739218635187005,0.5494216129037786,-0.06280225983896945,-0.8954287718820013,-0.8955753568471139,0.39849051292939414,0.27312555125740207,1.6552038580414343,-0.20057301784006593,-0.23086059147485977,-0.15393824696869346,-0.08808978496348703,-0.12122963639696209,0.4127920004025525,-0.4849468638810131,1.6660886793351746,-0.6121207039343919,0.00026053048477813113,-0.4435734628533261,-0.504212173800084,-0.38360662956810854,-0.16157023139118526,-0.24156106268676217,-0.08602139992103093,-0.18842025515836888,0.06741631533186734,0.015803664478269145,-0.41390839893488285,-0.1947438317228135,0.03519825241953252,0.18116048655371142,-0.026162901849746293,-0.26274653105859896,0.9820723421544199,1.376318261377136,-0.31392740920963214,-0.03433402615705466,0.5547352783076056,-0.647063306047145,-0.38192996252919614,0.845047227751231,-0.29066115429087425,-0.0535356401590872,-0.2397590293389619,-0.05385710204725941,0.231104320451368,0.6421071384309922
29221,Washington,Missouri,-0.24848143335945175,-0.140227139842729,1.0238785305911342,-0.38072096854081405,0.6382802930034182,0.6541295342089287,-0.5165188851651998,-0.23459873425392724,-0.5280381406792269,-0.49812105307730997,-0.5931833652149024,1.3599383917409045,-0.9969637171481325,0.6235061104117755,0.17471020295273174,-0.9704954337716462,0.06801964588395673,0.7628851903136961,-0.38414941890383886,-0.28046222937694193,-0.43991438075686856,-0.5483456417283835,0.060242170760026005,-0.8195237055187552,0.09552389986074487,-0.4816175909247578,2.668157001347395,-0.32739154805732,0.281237246152145,-0.3721839120927703,-0.6003907008641549,-0.3909551510151217,-0.15146612933392467,-0.38287257718314543,-0.08602139992103093,-0.3632697432057067,-0.7637007839000169,0.8993213733141833,-0.17221665124550672,-0.05134199398607136,0.08816839850580516,-0.08113498255238405,-0.026162901849746293,0.2280743504300615,1.0010867662346676,0.9557300009064782,0.07855042478418331,-0.0148904376655132,0.7439582597897789,-0.11441062284899507,0.04750660025410388,1.5648096493260741,-0.29066115429087425,1.3072762729445448,-0.27408318890480554,-0.06410415205402896,0.74186964293911,0.9860382492361007
29223,Wayne,Missouri,-0.2832080457918094,-1.1069636975497315,-0.030739180583108105,1.0351328684902692,-0.40207940516605295,0.7536833771026423,-0.6116025950709468,-0.14237567099905096,-0.519396075572755,-0.5271487293910383,-0.5732036990870584,1.0501844837193504,-1.3951606853490885,0.9960735114050353,0.4600805962419936,-0.2283575755756282,-0.403244096599182,-0.6180677151955022,0.16146351287960767,-0.2858463416561483,-0.437396386526632,-0.5806477529416167,-0.384133170609845,-0.7787216270322966,-0.05083338451044708,-0.4938955042373537,2.843121039950019,-0.47853036021688217,-0.1415658190780787,-0.38555898600023086,-0.38374142491086716,-0.12960254703480656,-0.18707217960002614,-0.25413464786457884,-0.08602139992103093,-0.495785886080614,-0.789750463735638,0.9818589916605267,-0.16356379328528073,0.16376076261904102,0.2047027198956051,0.23034088701110358,0.17952845691374197,0.39479339984876405,1.5630686334953265,1.2503270644079523,0.39150660613872923,0.19343372474386294,1.1636211098096492,-0.5958467018934768,0.47694316303740386,2.044651263709303,-0.8859960529555155,2.123763420806724,-0.3171661852628056,-0.06741061184001546,-1.5617258921504231,-2.1303328486693442
29225,Webster,Missouri,-0.204953819800398,0.8134557404236942,0.17485885415805547,-0.836503804264858,0.5041277534892593,0.7131417455839382,-0.6064687226711544,-0.14390682877135058,-0.46784927861610565,-0.4334733628757536,-0.5464289156902549,0.2930082641111029,-0.0602638674549339,0.5842884892545901,-0.39603058362579246,-0.41776082174150997,-0.28435243367102364,-0.1516849535651459,-0.10637619077578825,-0.23507407268726727,-0.2505576649175301,-0.161434166531969,-0.200586315759188,-0.8062983502300531,3.084788621506468,-0.4880212211768797,1.151403162086628,-0.5827941823193538,-0.21103368612840984,-0.39923080693424046,-0.6221753554366994,-0.40577044286384195,-0.20582995633258722,-0.4206660901115262,-0.08602139992103093,-0.23480260433688863,0.6019180480061643,-0.4838253216896638,-0.29774266384062686,-0.0035413814071578774,0.08816839850580516,-0.015561115275859598,0.03097358669566698,-0.07335369091895291,1.3243319755988807,0.8019466281352688,0.627506349455272,0.02677439481636203,0.7801791605355419,-0.4882918331707734,0.04750660025410388,1.0849680349428452,-0.588328603623195,0.4907891250823656,-0.23397595120055095,-0.05694243607098015,-0.12088871542495984,0.39990213082176074
29229,Wright,Missouri,-0.26734574226362784,0.331519238090453,-0.6679576729755984,0.02723241599845567,-0.45244422547949115,0.744411417601651,-0.6525690496972879,-0.1699006135533368,-0.47937337975121075,-0.42201066735719206,-0.5394917546452345,0.8780989792629307,-1.1214817830534134,1.4078585335554845,0.745450989531256,0.19909744386157743,0.17237902502858668,0.19855506155846456,0.08465326282729914,-0.2652232655593397,-0.37674010652701306,-0.43479805963735474,-0.26229527603225544,-0.8210377308570921,2.7273894214018832,-0.47763896131806477,1.4921602631535444,-0.5969961786082796,-0.32202365450615855,-0.3625989361061872,-0.6153991529516697,-0.40412626857119716,-0.2033731409747736,-0.41975945843901064,-0.08602139992103093,-0.38987906661373345,0.4256875778643944,-0.24553876455397172,-0.23127501310656715,0.03629246240860373,0.11995048615756844,0.0008323515432703504,0.042400884404749796,0.018675224360171057,1.0665808936221879,0.816769121896349,0.5633759844236027,0.054550949804278846,0.7364642803251386,-0.7546181747698484,0.47694316303740386,2.2845720709009174,-0.8859960529555155,1.8516010381859975,-0.28615466268886725,-0.06528886130824986,0.8892668942044452,0.40636093102467347
29510,St Louis City,Missouri,0.5594123958567192,0.2987123193194756,1.481516920441376,-1.0130193585973193,-0.7539274083734335,-2.304503194985388,2.4508745838977912,-0.2626969397341572,0.8468927272285707,-0.15673699964672244,-0.4023072052499531,1.0157673828280662,-0.646130291105194,0.1528946565255504,-0.1820027886588462,3.449251016896307,1.88352637242348,0.668661548499064,0.8349945047460001,10.443695566647904,11.06394119407469,4.232232612163666,-0.15508704566907053,-0.8216283037948617,-0.7913955779918633,-0.5181153916025685,-0.8039373146989715,-0.6393997489025706,-0.697828528061211,-0.4553297756842609,-0.6074066912187678,-0.37981903652906124,-0.08130849903630352,0.07706000570913714,-0.08602139992103093,6.93059859411536,-1.1670905958454614,-1.8574973058544761,-0.6906583697539871,-0.0832090690386811,0.19410869067835043,0.44345595565980456,0.1223919683683287,-0.13470630110503531,1.1954564346105343,0.7963881929748634,-0.4883620020957726,0.12676999277286322,0.4398275931831167,4.530935373888717,0.47694316303740386,-0.1146360010152266,-0.29066115429087425,0.762951507703092,0.5493597623372821,0.8789661161051973,-0.399713370038419,0.588822036756961
30001,Beaverhead,Montana,-0.29322449299756664,0.11505026429939666,-1.5736800855738373,0.6777267809245883,0.5084800476989877,0.6420875844063072,-0.6609319512428552,0.03706988233647308,-0.33253611887247175,2.089686832325817,-0.30689744650009093,0.00046290653518882833,-0.4084888665384453,-0.21967274446771134,-0.6814009769150549,0.4704378501016619,1.0266698869980009,0.23579819811277072,1.683743492019211,-0.2910655773942535,-0.4523128075347354,-0.6670899981321546,-1.16712314990298,-0.7670555968274456,-0.6660584781392936,1.1990373445633349,-0.830283666966049,1.4515766376210153,-0.7121377529378653,1.7652123278052425,-0.5907702140177239,0.09513778024287771,0.0019706929102625537,-0.3844761062949183,-0.009883510659337078,-0.7443516957412145,-1.0566437889041536,1.3486522979686109,3.4092623199681724,-1.3817923774325094,-2.0200434157278457,-2.8188439413472404,-2.32304974137536,-0.9176189571752624,-1.4602247952640828,-1.5455658212758485,-1.314361103703672,-2.053689573778607,-1.7022015371266372,-0.9236329684769536,-1.240803088095796,-0.8343984225900698,2.0906784403676912,-0.59786040540054,-0.3326438733549281,-0.07053488880417386,0.34379440255524907,0.044668119661554144
30003,Big Horn,Montana,-0.2819018073550352,2.155791185735216,-1.2390553563276248,-1.3690173075147,-0.3825085778639448,-3.4508417414465593,-0.6676207329432726,9.54523810156016,-0.31220127527901115,-0.1761125793641833,-0.2306539933144033,1.99665475822966,-0.8239838240492859,0.5842884892545901,2.529015947589144,1.0085161574268453,0.5586797390857302,0.6122833028305467,-0.027355747453061952,-0.290342352214935,-0.46506532708474024,-0.6515075508787437,-1.1510572519509241,-0.4971588712895088,-0.7648048944642829,1.9483376236529024,-0.8050315881913434,0.08024173748912283,-0.7114232209121885,1.7946982974207577,-0.4239411291772825,0.023908147372655193,-0.09238805595652627,-0.39369532938322144,-0.08602139992103093,-0.7382925027455043,-0.8355778558605941,1.1311114185225952,2.9943123569943046,-1.1507560833010921,-1.458559867213356,-1.3926123280828544,-1.5688480925759045,-1.2483895512219683,-1.318672971555571,-1.1564753600474864,-1.0963178625959968,-1.4009405315625618,-1.6310087322125522,-0.4165885873556378,0.9063797258207039,1.5648096493260741,0.6023411937060877,0.762951507703092,-0.3411032627353868,-0.07033417474605996,-1.8139618768524897,-1.565187830914471
30005,Blaine,Montana,-0.3013430870485488,1.531713425636495,-1.0781901456667056,-0.8741802579775144,-0.051081833198106,-2.4035159585044603,-0.6667848505060683,7.216875348452872,-0.48365768292641803,-0.47850292029452846,-0.43542757417344213,1.1706443368388444,-0.7984486969727895,0.7019413527261464,0.03202500630810057,1.6881869541206396,0.41215935638958906,1.842606117967931,-1.493883630720268,-0.29510947657808845,-0.4819505920071969,-0.6671175501608176,-1.122885512862809,-0.0528077633116097,-0.6958952168006077,2.5975032176376645,-0.8281960345141832,-0.42660292749754125,-0.7117469059534213,1.0231489572630295,-0.5575399579332383,0.05993698959194044,-0.24499473657725607,-0.39701476751810405,-0.08602139992103093,-0.7420620108966425,-0.36687786646048903,0.6770589002215496,2.416328252728538,-1.58892836527447,-1.58568821782041,-1.5893339299124232,-1.9116670238483842,-1.3310821997336448,-2.009530379804576,-1.013808857597087,-1.2297090218618687,-1.7037049809308553,-1.8583261093066483,-0.6633594982778577,0.04750660025410388,1.8047304565176885,0.9000086430384084,1.3072762729445448,-0.35495270552640334,-0.07056005224722714,-1.0975504172729131,-0.733617304789443
30007,Broadwater,Montana,-0.30264346791385766,-1.1974651142157993,-0.08289555259288399,1.1444848615286056,0.6434082324570407,0.7069600178635651,-0.6606521494684445,-0.049921076928016776,-0.4859480548995192,-0.13122071099765684,-0.49132046256834117,-0.9460073679751205,0.3363543160074215,-0.21967274446771134,0.10336760463041615,-1.3387081094068907,-0.6249751172046704,0.12465535780658495,-1.1367940231041018,-0.2884237830598436,-0.4508333130957128,-0.5704039980580062,-1.0681912557110143,-0.43162143582136353,-0.607132265270419,1.8340329920700835,-0.8312634748618927,1.0368837124923809,-0.7106958573480461,0.849766191509342,-0.5967065058184201,-0.22517714231946584,-0.2269614941416117,-0.10229297468018847,-0.08602139992103093,-0.6831449024467872,-0.6997035631083489,0.9752025558236885,0.18263988338152393,-1.2144902334063106,-1.6492523931239371,-1.966383666752434,-1.8888124284302186,-1.1696981598963407,-1.6926233118004452,-1.438102741508015,-1.3297523913112725,-1.6481518709550218,-1.8564526144404885,-0.9236329684769536,-1.6702396508790962,-0.5944776153984553,1.7930109910353704,-1.1421851706419928,-0.3466617553150246,-0.06983667405297579,-0.6088997941293682,-1.1211453169642132
30009,Carbon,Montana,-0.2894990775456008,-2.0368525120613263,0.05511348109684572,1.84906528854103,0.24316350083008234,0.7191161792538839,-0.6619234549998481,-0.07589234291320171,-0.4791109195179465,-0.3899121950112544,-0.5272837576810592,-0.7567133130730604,0.12788608769742263,-0.02358463868178615,-0.25334538698116177,-0.5859633063633275,0.30287959930605646,0.7710623008484804,0.06751269586922079,-0.2909252548847242,-0.4694003703102646,-0.6583130178179999,-1.0554599174573365,-0.6471930330010083,-0.5112619244286939,0.50076435139707,-0.8161592637380327,0.26449019420128644,-0.7089825052860544,2.952188601567347,-0.4866894428443558,-0.23364136577909556,0.6195870573372678,-0.3757023481056126,1.0798776005941666,-0.7160215291483677,-0.8685809727279077,1.1535826281395611,0.7954886012185286,-1.2065234646431584,-1.691628509992955,-1.966383666752434,-1.8659578330120539,-1.1216830736637544,-1.1750084340603648,-1.1694450420884317,-0.770535608235117,-1.6509295264538133,-1.4542757165047793,-0.38585862486343686,-1.6702396508790962,-0.8343984225900698,2.3883458897000116,-1.1421851706419928,-0.3238288901730784,-0.06980167470767014,-0.3692889996758895,-0.928996010927556
30013,Cascade,Montana,-0.08260672460352612,0.46375203632413897,-0.5411163482584821,-0.15776031070548474,0.22249218554533967,0.3645005671985967,-0.5440754990319414,0.6062345393339379,0.015300770548108751,0.6355149944478823,-0.3612805396685854,-0.051162744801737194,-0.27388030686906506,-0.41576085025364035,-0.32468798530347687,0.8924629206258335,0.3571002949819113,-0.2154367044425508,0.47360969484247883,-0.2457270575034698,-0.3390458026628215,-0.5034038771530512,-0.965796218906532,-0.030835009718433275,-0.6882247608723964,1.4230694841336444,-0.8293966533614046,0.6237028225563659,-0.6664384150887683,1.0452362281966188,-0.563211231918478,-0.13628127927888517,-0.22034985518480193,-0.3799167284105018,-0.08602139992103093,-0.5896681415732108,-0.3417721695025993,0.5868571739345128,1.2790359200698498,-1.3180582273272907,-1.7128165684274645,-1.966383666752434,-1.923094321557467,-1.1003430353381605,-1.5426206329451566,-1.4028993188254488,-1.0527092143744614,-1.7092602919284392,-1.700328042260477,-0.5702383998166426,-1.240803088095796,-0.1146360010152266,1.7930109910353704,-0.8700227880212664,-0.044294731353317914,-0.06461176573292725,-0.5883945092132258,-0.6803322031154118
30015,Chouteau,Montana,-0.3044065969249295,-0.23664846458453137,-0.37484117530248523,0.4046971454158502,0.08783788092210824,-0.40533996341329065,-0.6756538904875179,2.468203021062669,-0.4333135012527019,0.08677020245595918,-0.4968500052823016,0.15533986054596688,-0.5288883635604202,0.4470268152044409,-0.8240861735596857,0.9713209386963483,-1.2826681636856754,-0.6158406595043414,-2.275060222453161,-0.2947478942796622,-0.47794469512425747,-0.6253739994477844,-0.9835163844609601,0.9411672852708496,-0.6781802118905844,1.6628118270100891,-0.8229628965986417,-0.4813317676410734,-0.7031104563955698,0.29497971049687954,-0.558995210898264,-0.07853848779461949,-0.24129654365992625,-0.3768839694068784,-0.08602139992103093,-0.6884642683208103,0.619831030882386,-0.3053800472033063,2.2365394381057353,-1.4773936025903371,-1.575094188603156,-1.6057273967315553,-1.843103237593888,-1.2910696278731562,-1.893331121536395,-1.4066049422657192,-1.3554045373239403,-1.6481518709550218,-1.9682378081213763,-0.9236329684769536,-0.8113665253124961,-0.1146360010152266,1.4953435417030498,-0.59786040540054,-0.35255712623282215,-0.07059487923082537,-1.1710951030181194,-1.5135174292911682
30017,Custer,Montana,-0.2875162896045781,-0.39180371757067245,0.23438499682219593,0.2442333260159669,-0.07617021871489936,0.626673073606745,-0.6477221023328762,0.09826243943879048,-0.2797207688911747,0.2519907735160954,-0.43369115327552643,-0.2576653501494408,-0.435396849909377,-0.4549784714108239,-0.7527435752373701,0.34542719365512997,0.006865871623286218,0.1947497879318621,-0.3614547680887503,-0.2912059651435039,-0.4659975931149415,-0.6613900272643627,-1.18374112289956,-0.6591263025232093,-0.7588584025166548,3.867351635409128,-0.8312692611663606,-0.33133924434257767,-0.7126710007954105,0.895199618458504,-0.6024688108030563,-0.09477470368232858,-0.2551831532011559,-0.39292117214962624,-0.08602139992103093,-0.7510553964459259,-0.9923644131952728,1.2890527515677297,2.084801669899604,-1.4136594524851185,-1.4373718087788467,-1.0155625912428423,-1.5231389017395742,-1.355089742849938,-1.5383952053717684,-0.9341379536312795,-1.1655786568301993,-1.4120511535577287,-1.6878380764860763,-0.4473185498478388,-1.240803088095796,-0.354556808206841,1.197676092370729,-0.8700227880212664,-0.326654925120975,-0.07026099543063578,0.3199052388843494,0.23681742569821132
30021,Dawson,Montana,-0.29568467301301576,-0.052648086938187066,-0.4653797260816637,0.28027095176156674,0.7755334591144425,0.6406444970060462,-0.6565013351825023,0.11588418743017452,-0.38320348519602937,-0.4661621293014201,-0.4844085341758907,-0.46416795549714485,0.06555841193006046,-0.8667634935612711,-1.0381139685266323,0.4055013288517837,-0.8514123739122503,-1.330964001361782,-0.41609593065362294,-0.28243240753078425,-0.4486490933434232,-0.6120579252735528,-1.090013598136599,0.09972749259663151,-0.7159476377108934,3.5383465094359536,-0.789154078530815,-0.5697802462151073,-0.6937456672429592,0.0950758663906295,-0.5790593702965506,-0.26438840177281936,-0.23026737563621247,-0.38448435928594976,-0.08602139992103093,-0.7015036013262127,-0.22576118723812597,0.5223519128373835,1.0348421411630588,-1.6924963591954498,-1.543312100951392,-1.2286776598915456,-1.6602664742485655,-1.333749704524344,-1.8151607114287096,-0.8377917441842566,-0.660231380380646,-1.6064870384731464,-1.6041553057975901,-0.5753600602320095,-1.6702396508790962,-0.5944776153984553,2.3883458897000116,-0.8700227880212664,-0.3406540916178404,-0.07013380075923661,-1.3366322477214296,-1.6846756346683585
30023,Deer Lodge,Montana,-0.2941412029318947,-1.7350801181802642,0.8169694077895434,1.1916305751355765,1.5937511877159272,0.5287727478860922,-0.6521646314815726,0.4242134710030174,-0.3509972561332393,0.25857393529179773,-0.4364326425844867,0.2413826127741769,-0.9570135989800655,-0.31771679736067504,-0.46737318194810806,0.4779434567680228,0.0913154422746647,-0.5979231755315992,0.6718149993787662,-0.2735696230075521,-0.3885236130483456,-0.6018926207098486,-1.0290848014757499,-0.7704960462280065,-0.699152857736477,0.6360339526465365,-0.830386183902327,2.8741821948888138,-0.7123648665949445,0.964261305066565,-0.5429981885945966,0.04937796524617326,0.7596028071016241,-0.3504326510403828,0.009337845939487537,-0.661495728253775,-1.0750060462344808,1.3307328243581034,-0.18780966722546644,-1.3021246898009862,-1.9776672988588277,-2.8680243418046323,-2.3116224436662773,-0.9042814332217664,-1.2130372822208606,-1.5437130095557132,-1.0321874975643275,-2.0203577077931074,-1.5535709444112664,-0.6633594982778577,-0.8113665253124961,0.36520561336800217,2.0906784403676912,0.2186267424616392,-0.3242031994377005,-0.06831105527816066,1.5237106098623436,0.4531872324957914
30025,Fallon,Montana,-0.3125749803333672,0.5247602620195653,-0.6613127926167438,-0.15410606412620786,0.42469980135458524,0.7306432284796687,-0.6701812604895153,-0.17867624839897117,-0.3067437903734466,0.14798702768729557,-0.58600368122894,-0.8255475148556282,0.6815590312431752,-0.08241107041756218,-1.5375121567828411,-0.03753024308228871,-2.4715905503257467,-2.045152242918032,-2.985624862937063,-0.2914769120921585,-0.4569169787419495,-0.663844615580604,-1.129243329170699,-0.2715928027193026,-0.6983081858369241,2.7272389903613212,-0.8305176216051492,-0.5793622741938002,-0.7119628734534278,1.4851114452584109,-0.615424996656054,-0.2714024111650602,-0.25437533062840717,-0.41854479871756567,-0.08602139992103093,-0.7343873654581871,-0.583391015597329,0.8842441184137363,0.4682661078052663,-1.5490945214587082,-1.6280643346894286,-1.2614645935298054,-1.6831210696667311,-1.340418466501092,-1.4940282158511902,-0.6877139948533171,-0.8526224754756536,-1.5898211054803966,-1.5086070676234233,-0.9236329684769536,-1.6702396508790962,-0.5944776153984553,2.6860133390323324,-1.4143475532627192,-0.3660696906856788,-0.07052285174542665,-1.5228962155181476,-1.6846756346683585
30027,Fergus,Montana,-0.2885472221824806,-0.8983778946171924,-0.7059344125573548,1.1792259091176829,0.48731180202596697,0.6981153567550165,-0.673497693779498,0.01308151362890712,-0.40607331220984993,-0.5846555726319412,-0.5441304102991286,-0.22324824925815678,-0.4817993926612898,-0.08241107041756218,-0.5387157802704237,-0.14867110347177898,0.44837004502249816,0.8084765402730416,0.09891978485031444,-0.2954109478984478,-0.4792912488306283,-0.6680531898063654,-1.1267036037308784,-0.1536720127160235,-0.7673584010983482,1.2985482972246547,-0.7887536291684331,0.3036894619227812,-0.7043475549895809,1.6980014604063765,-0.4831861953181346,-0.07406273162227404,-0.2556288771602126,-0.4052498896078279,-0.08602139992103093,-0.7426885988800017,-0.49852737689545507,0.805321828115835,2.4998856702601184,-1.2861911522746816,-1.5327180717341373,-1.6713012640080787,-1.8659578330120539,-1.280399608710359,-1.4919155020644956,-1.1972372178904576,-0.914187625906056,-1.5870434499816057,-1.6666051346695947,-0.6633594982778577,-1.6702396508790962,-0.5944776153984553,1.4953435417030498,-0.59786040540054,-0.31860727593160054,-0.07035848210835878,0.7311986353554587,0.020447618900631227
30029,Flathead,Montana,-0.01688477276224194,-0.44912492671919946,0.26412407110880287,0.282231663800943,-0.08992275549203796,0.7034731802235463,-0.6767905144006432,-0.008735358716937452,-0.18392380745168696,-0.05036363092541141,-0.485421592520562,-0.8771731661925526,0.3852280000893178,-0.3373256079392697,0.6027657928866248,-0.31027443081584144,1.009063345979474,1.650427562160042,0.3503505110635176,-0.27893140913342546,-0.4338103076335391,-0.5988858446074554,-1.044839907706535,-0.759024806126061,-0.6932140152102728,-0.17142782219645866,-0.8162859590136001,3.76701356916588,-0.6568366971248181,0.7687810815107349,-0.5474777001340961,-0.2679881943823516,1.37015233721623,-0.16352969273443235,1.7893095848235643,-0.6794773594387488,-1.0610239354196378,1.324902384804039,3.1738628829297344,-1.2144902334063106,-1.659846422341192,-2.589335405879408,-2.163067573448202,-0.2960903409423395,-0.9975404759780515,-1.2824665570166702,-0.12153631411462448,-1.823144167378898,-0.8953497481003391,-0.6880365893700796,-1.6702396508790962,-0.8343984225900698,1.7930109910353704,-1.1421851706419928,0.0711422458561279,-0.06675802280896663,-0.828829250064134,-1.1308335172685826
30031,Gallatin,Montana,0.014242362004655043,1.4957492605914182,0.09080903567936532,-1.4232293224564594,0.8562758499211154,0.6618220071045682,-0.6636555067647913,-0.14059940976031343,0.14513222247947108,0.02366115294438842,-0.41595184925575124,-0.7222962121817748,1.2361929741950326,-0.6902841983539365,-1.1807991651712635,1.2872615025012732,1.1971221600641586,0.7934244644041193,0.817381292947852,-0.26146921504633786,-0.35012775148144004,-0.49671818327063394,-0.8222343035522991,-0.4558351712883373,-0.501259794175495,0.352561244505753,-0.8212675674567274,2.3936707520599336,-0.7007929524092864,0.9755560506835271,-0.5375395695291314,-0.11373474185433187,-0.06937013336786163,-0.3451173126067364,-0.08602139992103093,-0.5549038794651393,-0.6756393407097405,0.89644095052309,1.2199701116873087,-1.326024996090443,-1.9458852112070644,-2.5401550054220148,-2.1973494665754507,-0.7308936218263156,-1.105288879099456,-1.2917306156173456,-0.6320140197667115,-1.9370280428293567,-1.258183253846685,-0.6060900227242104,-2.099676213662396,-2.0340024585481418,1.4953435417030498,-1.6865099358834457,-0.07783284146345522,-0.061794214420080776,-1.9804911262338585,-1.8719808405528309
30035,Glacier,Montana,-0.28063071434705317,1.9639019277820313,-0.6741495637034737,-1.4735664710498184,-0.6968969755576936,-3.3140324689350478,-0.6786956187139972,9.286181468022534,-0.4563844596656892,-0.40123016717860327,-0.4456222276473264,1.927820556447092,-0.9550916001678561,1.44707615471267,2.671701144233775,1.5776715156957,-0.2546588808775823,-0.21788083670411382,-0.9384444606337655,-0.2918112938060526,-0.4675291165494343,-0.6585811362160602,-1.0593367781697938,-0.04858971145802303,-0.7308839424935255,1.9425343655829868,-0.6731419948307223,0.2320326994594255,-0.5137504308110067,0.4965006211291476,-0.5342009239999308,0.0213338009603381,2.791438754893819,-0.3283051166186142,1.9544225643854367,-0.716793958929273,-0.37855653135487366,0.6775040941017325,1.5204968255933335,-1.4614600650640326,-1.8717270066862823,-2.605728872698538,-2.254485955120864,-0.978971567361345,-1.2405025614478853,-1.3973408836650436,-0.6961443847983807,-1.989803497306399,-1.46551668570174,-0.6633594982778577,0.9063797258207039,2.044651263709303,0.9000086430384084,1.3072762729445448,-0.3391942854858143,-0.0699419979083077,-1.4989709518716976,-0.9887399128044999
30039,Granite,Montana,-0.31101393753785006,-2.4253360533228,-0.9978725679010503,2.731373224127507,0.5352895558925662,0.7450301807570712,-0.6704218003664729,-0.09396863186848022,-0.4290198296497578,-0.2451389594052555,-0.5277732651482937,-0.3437081023776508,-0.41706921837866584,0.30976514115429227,1.2448491777874646,-0.9135365173366403,-0.8291220882883817,0.18689995056605405,-2.1300470305176713,-0.2945339177076043,-0.4690494445591597,-0.6656551505626052,-1.1490848753157277,-0.7975045682063029,-0.5815758842819028,0.5641511711899583,-0.8307299216571943,3.4408056256186526,-0.7114428830521176,0.7730407394649487,-0.5854092035754828,-0.2682089151773334,-0.16395706280436953,-0.40020698185386694,-0.08602139992103093,-0.7446996318232538,-1.0483975324996768,1.3407853303532915,0.5504757049488935,-1.1905899271168539,-1.8081628313827551,-2.7532700740707168,-2.2887678482481113,-0.7762412032682028,-1.1728957202736707,-1.6474704658832764,-0.8038833980515849,-1.9120291433402314,-1.4611451976806997,-0.6633594982778577,-1.6702396508790962,-0.5944776153984553,2.0906784403676912,-0.8700227880212664,-0.35914496929017053,-0.07048188496536285,-0.600950191789303,-1.2761565218341215
30041,Hill,Montana,-0.2726322005111108,1.4615104198171245,-1.023485006812293,-0.8367477096719802,0.23475980368457006,-0.8044469062579641,-0.6518907863027465,3.5354660074794677,-0.3015456411946648,-0.10864165768211259,-0.4135855882119246,0.20696551188289292,-0.26365252747552215,0.17250346710414313,-0.1106601903365306,1.2038313103276788,0.29057109757115324,-0.10970975224080792,0.05992071065626114,-0.2891727538676253,-0.46371349930800243,-0.6096321214258195,-0.7501513158390416,1.3730328511455272,-0.4853622284918924,0.8767263836000183,-0.8152669818780736,-0.5620805448457998,-0.7060200264104841,0.1378527024136488,-0.5454575198805047,0.02531201263697652,-0.0637253065607063,-0.38291726182438635,-0.08602139992103093,-0.6140456171587878,1.1323040611150414,-0.8357460301745279,1.4311981400003642,-1.7801308155901254,-1.6704404515584466,-1.6713012640080787,-2.0602218940664585,-1.3497547332685393,-2.1320677794328406,-1.5733579970778742,-1.3246219621087392,-1.8425877558704395,-2.114994905970587,-0.6633594982778577,-0.8113665253124961,0.845047227751231,1.4953435417030498,-0.0535356401590872,-0.3216578964382704,-0.06970706476837521,-1.5587126745053472,-1.565187830914471
30043,Jefferson,Montana,-0.2851176140895152,-1.1728867093937574,0.3564295626399883,0.9030496187364063,0.43679296311331534,0.6805939425580705,-0.6643535202438722,0.08076551544814223,-0.39012689767189035,-0.28071757570250194,-0.49107160826078267,-1.1180928724315404,1.0438558073446484,-0.5726313348823804,-0.39603058362579246,-1.564389998297508,-0.5532891223742968,0.3178111972427128,-1.2615105724359577,-0.29133861439725683,-0.44263615340453644,-0.6013068056940734,-1.079316331848769,-0.7491985179732049,-0.6512699489741282,1.3068639802401298,-0.8313973045070072,2.9417533157584845,-0.7065370627731582,0.47360057076317297,-0.5827133517581683,-0.21806588119870152,-0.13511003928044663,-0.41251944983465766,-0.08602139992103093,-0.6949574745190307,-1.032369670176597,1.3037273829267737,0.4952523016502395,-1.222457002169463,-1.7234105976447192,-2.2942530031350516,-2.0602218940664585,-1.0990092829428109,-1.4158578057435045,-1.3584318375422075,-1.0988830771972635,-1.7675910574030644,-1.658486656916234,-0.3909802852788037,-1.6702396508790962,-1.0743192297816841,1.7930109910353704,-1.6865099358834457,-0.32017937484301323,-0.06934851735312658,-0.7974064728330209,-1.2487066209717417
30047,Lake,Montana,-0.23170534868267473,-0.10792952604554881,-1.2613198802683412,0.7275928671238762,-0.3356320001739451,-0.7878711596169886,-0.6591767276343731,4.043120975427582,-0.3397939499503562,0.3730468218418676,-0.35796061599273254,0.46509376856752255,-0.4601082632092122,0.741158973883332,0.24605280127504683,-0.0475785899252267,0.8233247892701685,1.7955874538434433,-0.45076794175789703,-0.28337181292619057,-0.42968194546956173,-0.5075109532604913,-0.8883210284474999,-0.43613725224671157,-0.28912216445564537,0.5386534926819012,-0.8056365137675786,2.571226827986401,-0.6975617095839286,-0.08606022797916706,-0.4820329549291861,-0.11235666540110764,0.5636938338227258,0.4098519384213808,0.4612362702452262,-0.6051064908864167,-0.560255218181047,0.8059362092020848,0.4915439339529997,-0.9754871705117408,-1.3208374873890467,-1.933596733114173,-1.8088213444666406,-0.6375309541518422,-1.3355746818491245,-1.5455658212758485,-0.6474053073743122,-1.453715986039604,-1.3718419423937334,-0.4831701727554066,-0.8113665253124961,0.1252848061763878,1.197676092370729,-0.0535356401590872,-0.23603465215597233,-0.06703694593257772,-0.8064542422041306,-1.2632389214282957
30049,Lewis and Clark,Montana,-0.11755885353729997,-0.3257887882733165,0.4824164848532679,0.059891006637116266,-0.24614566470954907,0.6370516577637757,-0.6602176490880091,0.15896020242761613,-0.24438542089018978,-0.05295272918163338,-0.45553710704801625,-0.8771731661925526,0.7106635846852034,-0.7687194406683074,-0.6100583785927393,0.26525666399029163,-0.2603062819254464,-0.3398654014265099,-0.2469179746793324,-0.26868547710981944,-0.39164275677520327,-0.5722481961370326,-1.1175737655328142,-0.7413651598766783,-0.766359549314481,1.0341279720632175,-0.8301712846553627,2.174416653607157,-0.671527743967295,1.2575517063628365,-0.5657968122450915,-0.29341075282487183,0.840148547957442,-0.34486165148189574,-0.05367862149722806,-0.6753078640846178,-1.0767330397379318,1.3383749966020477,1.8647495136322731,-1.3021246898009862,-1.7763807437309918,-2.409007270868968,-2.117358382611872,-0.7242248598495675,-0.8538759384828456,-1.369548707863018,-0.3729273450387679,-1.8425877558704395,-1.143900067010917,-0.6521849664625118,-1.6702396508790962,-1.0743192297816841,1.7930109910353704,-1.1421851706419928,-0.09048449460768113,-0.06673723633553526,-0.5873293536692338,-0.7045527038763353
30053,Lincoln,Montana,-0.2623931655896701,-1.9272776102087228,-1.0435875924340106,2.2952885126958287,0.020179706322183875,0.7173014540763841,-0.6642396173012616,0.06052856515373547,-0.3586477056113722,0.12504214682973275,-0.46191674556910695,0.4995108694588065,-0.8273473219706524,0.4274180046258487,2.457673349266828,-1.0800986943425768,1.2129096444558096,2.2967770085852965,0.17266244832002797,-0.29093825307620497,-0.45366950505654047,-0.6304800854192808,-1.0969895735950537,-0.821366333955823,-0.8234984414177621,-0.2989946081282856,-0.8290079443108535,5.000775910360694,-0.7039928981484888,0.34980017394710194,-0.5900769029268162,-0.30964280233168284,-0.009661635754494914,-0.288632687580028,0.09484142261749318,-0.7130362039294772,-1.1813587109913035,1.4563828282184677,1.9965380507924104,-1.0153210143275024,-1.3526195750408108,-2.2778595363159204,-1.9459489169756319,-0.30009159812838826,-1.4179705195301986,-1.4621892938697707,-0.6012314445515102,-1.5675998614900628,-1.1988559164182808,-0.6009683623088435,-1.240803088095796,-0.1146360010152266,1.7930109910353704,0.4907891250823656,-0.23788748301585155,-0.0697523914002421,-0.6993767903359533,-1.959174643292154
30057,Madison,Montana,-0.2957227472275406,-2.0645878840451775,-0.6470360132226559,2.2243001475013515,1.147773065539936,0.7524410389371208,-0.6626934317522958,-0.12338424874980737,-0.4315766572730815,-0.5122504914570721,-0.38883705917970024,-0.8255475148556282,0.05883141608732754,0.30976514115429227,-0.46737318194810806,-0.6695488244992662,0.05031397056926164,1.3740740924693815,-1.7493874016870083,-0.2934886955992251,-0.4715563778047729,-0.6537509542222243,-1.0950362871328159,-0.7046153479763999,-0.5729271217291586,1.231973007958167,-0.8229382300653363,1.4192521771877178,-0.7055008778246373,1.609773441939319,-0.5778872455105568,-0.10661207250352614,0.03667299372757047,-0.38693464569323827,-0.07031951235596423,-0.7264169484348633,-0.9530230089723275,1.240166987202094,1.9426326817957875,-1.254324077222072,-1.8611329774690277,-2.605728872698538,-2.1859221688663677,-0.7882449748263494,-1.2088118546474722,-1.3454621555012622,-1.0655352873807955,-1.898140865846273,-1.439287757575498,-0.6633594982778577,-1.6702396508790962,-1.3142400369732985,2.0906784403676912,-1.4143475532627192,-0.3297804074805693,-0.07039038634349062,-0.8273037904073216,-1.6313905329943275
30061,Mineral,Montana,-0.3080324336619843,-1.7852118882001486,-1.1203128744744015,2.202616654342904,0.5404074369579587,0.6562549374280651,-0.6517060168447979,0.16381352026663554,-0.33773967747669553,-0.5650771157035851,-0.4766343831945711,0.1897569614372509,-0.8095688329577154,-0.2784991762034896,1.31619177610978,-0.2892499976970403,-0.21960453013656692,0.5476356586038857,-1.1383439114749627,-0.2880005717689417,-0.4168523297716728,-0.6526036008269025,-1.2057633107639036,-0.8176300532564269,-0.8212473527244007,-0.265151156936448,-0.8306373318144038,4.724189698678749,-0.7036366729545572,0.6606737182715643,-0.6137968315433724,-0.3487942766737383,-0.06947728896640606,-0.40221496557720443,-0.05134723773813553,-0.738599928623752,-1.176661290547584,1.4628525979343558,0.17113500769430415,-0.9595536329854363,-1.426777779561592,-2.2450726026776593,-1.9459489169756319,0.0746928249648551,-0.7714801008017714,-1.3547262141019374,-0.5396662941211078,-1.5620445504924798,-0.7810665612645706,-0.12465394367972873,-0.8113665253124961,0.36520561336800217,1.4953435417030498,0.4907891250823656,-0.3490760500718369,-0.07013798502719294,-0.005630593475336618,-1.1792745187904285
30063,Missoula,Montana,0.029372469099667255,0.8026586056463356,0.08605720434859872,-0.7823318296133516,-0.010378284965368714,0.5339338667415553,-0.6449319571467276,0.21595967342635322,0.28325796653965635,0.26148072394251093,-0.45618792807971575,-0.46416795549714485,0.1068813863925627,-0.5138049031466021,-0.46737318194810806,1.5698687524901311,1.4644472808353424,0.9913212888108451,0.9479518424509226,-0.25230960486698684,-0.3313045778747719,-0.5118827116078547,-1.0204426174017038,-0.7965228987170392,-0.7090570994813238,0.08875718085110848,-0.8252866555312411,4.086569311061426,-0.7018624069960553,0.5129599115378215,-0.5252616243478642,-0.1724980960083162,0.4240571409666874,-0.3603914243776008,0.36223796240781647,-0.6065271155785762,-1.1051142662315505,1.336272909153441,1.2098651820384048,-1.1109222394853306,-1.5645001593859014,-2.359826870411575,-2.025940000939211,-0.3934542658028616,-0.9066937831502007,-1.4881286579516613,-0.49092721669703926,-1.689816703436897,-1.073331760385552,-0.2834254165561003,-1.6702396508790962,-1.0743192297816841,2.3883458897000116,-0.8700227880212664,0.04329363656824603,-0.06133433822121292,-1.4999240789099708,-1.5845642315232094
30065,Musselshell,Montana,-0.30734124022907244,-1.596665008222172,-0.8108505048319066,1.8747943623697956,0.2578288308227334,0.5637385292924288,-0.6392515843733114,0.16486961545363976,0.06744361622362084,-0.5790208834873948,-0.435393219828868,0.34463391544802896,-0.5101488751413785,0.30976514115429227,-0.039317592014215016,-0.050889223433594415,0.6632023093279089,1.0957899435665805,0.16282548787217146,-0.29252350923675485,-0.47493781338196506,-0.6782954390033714,-1.1882860276316176,-0.5792021464194981,-0.7452448415839195,2.289812542209948,-0.8315503616676112,0.32903656942691956,-0.7127453779516705,1.6101276961947935,-0.5778019646400506,-0.24381664869114286,-0.23823809406328245,-0.4002068130535947,-0.08602139992103093,-0.7610705436566225,-0.9075091259995093,1.2108785336945702,0.6536100274524478,-1.24635730845892,-1.4691538964306108,-1.3434319276254598,-1.6374118788304006,-1.341752218896442,-1.0820490274458199,-1.343609343781127,-1.0834917895896627,-1.4453830195432293,-1.6647316398034346,-0.6633594982778577,-1.240803088095796,0.1252848061763878,1.197676092370729,-0.8700227880212664,-0.34931935109384127,-0.07037189391225875,0.5993229163865218,-0.4784946967743856
30067,Park,Montana,-0.2722748886517241,-1.6634658442586783,0.9549364691680133,1.0569437083349156,0.11568339860712058,0.7282436301770496,-0.6654430201792991,-0.047301418454831094,-0.35285759799494854,-0.06568562213603599,-0.46459740568430624,-0.46416795549714485,-0.27333116435129096,-0.3373256079392697,-0.32468798530347687,0.38224983541915736,0.7956334482719299,1.4650433688977944,-0.2234195018556388,-0.2911853321009365,-0.4556824331578839,-0.6469073552209513,-1.113877017701672,-0.7197954164784544,-0.7211240999853223,0.755743218070008,-0.821857379998184,1.9430619281226054,-0.7068781060334247,1.719559148138346,-0.5730756167441708,-0.2602363402094529,0.3994743730963343,-0.3909806029811897,0.5071600176017089,-0.7239433908337197,-1.0350265688400395,1.3188246481966615,1.354834062218852,-1.3100914585641386,-1.9776672988588277,-2.7040896736133235,-2.2659132528299466,-0.6295284397797445,-1.0207803276316878,-1.1546225483273513,-0.34214476982356645,-1.984248186308815,-1.0689602723645117,-0.4678051915093061,-1.6702396508790962,-0.8343984225900698,2.3883458897000116,-1.1421851706419928,-0.29787054267153795,-0.06965487634531418,-1.099230588752604,-1.650766933603066
30071,Phillips,Montana,-0.30932988574156045,-0.3275722750913195,-1.014651239554242,0.8071001563834234,0.18544857697343764,0.2171961999301731,-0.6591735825373637,1.4570199642586383,-0.4135675827804006,-0.43294029209415824,-0.43138124742303785,-0.03395419435609518,-0.5520896349363766,0.8588118373548884,-0.1106601903365306,-0.6895645522256996,-1.2127496356044238,0.2222661964521148,-3.3598704467398095,-0.2952261836342277,-0.4833321526456678,-0.680246382314249,-1.1423954845523074,-0.38045675757359254,-0.6945561743672146,2.8823574879544593,-0.8299721130112341,-0.46765075861299166,-0.7124476494941472,1.2818086431552225,-0.5915121963834106,0.07793197122874954,-0.20927904581130152,-0.3151616645112526,-0.08602139992103093,-0.7523317206393629,-0.6888835077637936,0.9945532950221877,3.141217332759657,-1.668596052905993,-1.5327180717341373,-1.3434319276254598,-1.8316759398848053,-1.361758504826686,-1.975726959217469,-0.759973651938584,-1.160448227627666,-1.6564848374513963,-1.7602798779776014,-0.6633594982778577,-1.240803088095796,0.1252848061763878,2.0906784403676912,-0.59786040540054,-0.35759158584198897,-0.07073109465301192,-0.8110212768521787,-1.3407445238632496
30073,Pondera,Montana,-0.3035982520627105,0.15142760237489436,-0.8151155660557673,0.26643457117090835,-0.3536801723691243,-0.1469856821996469,-0.661820071892182,1.9323987401218818,-0.2971844536624152,-0.22794443122587943,-0.5453319618827175,0.5167194199044486,-0.4928508858314939,-0.02358463868178615,-0.1106601903365306,-0.3675927057016453,-0.6115138367109539,-0.9559028432503145,0.2911311694146036,-0.29152693485586284,-0.4674553944626738,-0.6085313604472518,-0.9026844865506287,1.0361698952445886,-0.6660330679843397,1.1559756159610743,-0.7839652918106617,-0.34984336295888724,-0.6314630935493821,0.3294304127143435,-0.5816214198234786,-0.1524197592246509,0.48821886728470165,-0.3564137293427596,-0.07739917657983342,-0.6568284258052353,0.7188694160734321,-0.4153254710308652,0.48135709256781106,-1.4375597587745756,-1.6704404515584466,-2.130318334943743,-2.083076489484624,-1.2017082173847315,-1.2785314096083809,-1.595591737719495,-0.8500572608743867,-1.806478234386148,-1.685340083331196,-0.9236329684769536,-0.8113665253124961,-0.1146360010152266,1.197676092370729,-0.3256980227798136,-0.35117218195372046,-0.07013583704242657,-0.616284683027188,-0.8418022081882328
30077,Powell,Montana,-0.3007309708304192,-1.372181542220708,1.8245763735792628,0.35549315416203864,5.819340114132821,0.4062886252781907,-0.604665410180637,0.5157635191055888,-0.40350369515259576,-0.19828271853576687,-0.4935726075960698,0.31021681455674494,-0.4348477073916029,-0.06280225983896945,-0.1820027886588462,0.5672243048388037,-1.0444876108315666,-0.2717948176152649,-2.123249537145694,-0.29238457195188733,-0.46631838550893384,-0.6612670203147912,-1.1346539165649097,-0.7802886330673408,-0.5544447441533882,1.3758261913936354,-0.8305924385897598,2.6699915500291223,-0.7091767833028789,0.5400500635339144,-0.4668329681988286,-0.17897425654287968,0.24121457902760424,-0.40503940521038595,-0.08602139992103093,-0.7379879173610618,-1.019169856498325,1.3094719043198666,0.9968276490056117,-1.3100914585641386,-1.8081628313827551,-2.605728872698538,-2.2202040619936154,-0.57484459157041,-1.0250057552050762,-1.4288386829073396,-0.2549274733804963,-1.9120291433402314,-1.115797644018515,-0.09392398118752777,-1.240803088095796,-0.1146360010152266,2.6860133390323324,-0.8700227880212664,-0.3474103738442687,-0.0702717985112022,0.21060931872021035,0.24004682579966768
30081,Ravalli,Montana,-0.19261191672289482,-1.4128864315465377,-0.5558098002423225,1.5784679622710838,-0.20554212566469113,0.710714018838657,-0.6770716956225943,-0.052176194641517126,-0.33403178442977927,-0.17938849104604074,-0.4383941767521345,-0.5674192581709984,0.10207638936203918,0.1528946565255504,0.17471020295273174,-0.5780225177109253,1.3040023757098023,1.993121441365751,0.7545349441796687,-0.28169588694041414,-0.4526387205143424,-0.5842235977206123,-0.9898275777965079,-0.7961511939936479,-0.45016473730475526,0.3048491783169539,-0.8311483426828078,2.907077666810066,-0.7126278096605202,1.2344543159117662,-0.5963063572852187,-0.030967225257094676,-0.1269728542991292,-0.3978596825517125,0.2439706013420575,-0.6656848034288151,-0.9876034209746772,1.2475667243176105,1.0470693294338769,-1.102955470722178,-1.7234105976447192,-2.622122339517669,-2.105931084902789,-0.4774806667098878,-1.1285287307530922,-1.5122152103134172,-0.8244051148617192,-1.7925899568921897,-1.267550728177486,-0.6675499477086123,-1.240803088095796,-0.354556808206841,1.197676092370729,-0.59786040540054,-0.129375227201914,-0.06707107591660633,-1.2448356767795503,-2.0996535477055085
30083,Richland,Montana,-0.28927063225845195,0.5252216165865241,0.41924564358451066,-0.6926682077487094,0.9367465158964589,0.6173317801814383,-0.6460821330488892,0.2396738833061889,-0.3542737356970552,0.015367247607358057,-0.30441143865625286,-0.9804244688664046,0.9179648851449322,-0.21967274446771134,-0.8954287718820013,0.7003579146452832,-1.040425148700747,-1.010111448654505,-1.3331784224061412,-0.278518981105931,-0.41565461513558105,-0.5633538776295088,-0.9555597027880719,0.21893752112574258,-0.6974404892922946,3.307682899870796,-0.8030095308873415,-0.6302168220999552,-0.6812831679644882,0.015897570218682985,-0.5257379511811235,-0.06066830143849428,-0.20845368919223187,-0.3475363220399837,-0.08602139992103093,-0.637399085322388,-0.10000975643016981,0.3724177134701627,0.8259821066807707,-1.8358981969321917,-1.4797479256478647,-1.2122841930724133,-1.7174029627939789,-1.3390847141057427,-1.98629052815094,-0.9341379536312795,-0.6884487409945803,-1.6509295264538133,-1.6965810525281568,-0.6633594982778577,-1.6702396508790962,-0.8343984225900698,1.7930109910353704,-1.6865099358834457,-0.34033592874291163,-0.06981510423978704,-0.6445840021856325,-0.12326068561417954
30085,Roosevelt,Montana,-0.28868194632618377,2.322939299612037,-1.1182120417526864,-1.5831897237665538,0.02876174681425794,-3.069531433066306,-0.6591558609887436,8.76568078932228,-0.3635492160400437,-0.3648339263549419,-0.4043937295411525,1.686900850208104,-1.1884085274071337,1.6431642604985952,0.3173953995973624,1.0798257787909689,-0.9639252442041535,-0.7538421900031944,-1.5704448411255867,-0.2862208983805895,-0.4393561883380844,-0.5660823318223428,-1.055434490177504,0.816302567648917,-0.5737499196423711,2.3851279542463155,-0.8221860818332998,-0.6386149931306576,-0.7087566446637854,-0.2546500587443852,-0.5073836325337514,0.5439936454627743,-0.21392582512494823,-0.35981826013773077,-0.08602139992103093,-0.6742745767538713,0.5441391709364013,-0.23791699308670194,1.0245808345630663,-1.9474329596163245,-1.5539061301686465,-1.3926123280828544,-1.8659578330120539,-1.3911010575243776,-2.17220934138003,-0.6617746307714262,-0.8628833338807208,-1.775924023899439,-1.726556970386719,-0.6633594982778577,0.9063797258207039,2.764413685284146,1.4953435417030498,0.762951507703092,-0.34598799863870483,-0.06991831612009795,-1.211251725637322,-0.49141229718021157
30087,Rosebud,Montana,-0.2947357464356283,1.2096126380989016,-1.0718621554994177,-0.5805864909718496,0.10348335633632091,-1.7730428656005308,-0.6475404975156435,5.626518270217197,-0.21019830408385276,-0.16542452842871042,-0.3154317228414281,0.31021681455674494,0.1659142070532802,0.2117210882613286,0.816793587853571,0.29766529640273126,-0.37148456543247893,0.38940804344788654,-1.4272907926764486,-0.2920208144794055,-0.47138898069028523,-0.6707726437172263,-1.1879976971626345,-0.6790814328818569,-0.7916988155351905,2.881954569058989,-0.8308028073308932,-0.08497474968924826,-0.7127453779516705,1.5695612542019577,-0.5787726259087729,-0.06473372301137272,-0.04037338075850561,-0.3991950570551599,-0.08602139992103093,-0.7572327042536062,-1.0268725296428376,1.325269211396805,3.002980107997492,-1.3419585336167479,-1.4797479256478647,-1.2122841930724133,-1.6259845811213178,-1.3070746566173514,-1.3693781024362317,-0.8618782965460123,-0.970622347133925,-1.4564936415383956,-1.5435789717917456,-0.6633594982778577,-0.38192996252919614,0.6051264205596165,0.9000086430384084,-0.0535356401590872,-0.3446030543596032,-0.07051784051955355,-1.0168886272486937,-0.8918579097608071
30089,Sanders,Montana,-0.28543392294864434,-2.0335702063798515,-2.0247866879085845,2.8818682303063587,0.4745002487331972,0.5402323853331,-0.6722111384445476,0.47866208711454533,-0.4163640399916147,-0.2094979812000125,-0.4624975556918246,0.37905101633931104,-0.7227356723346833,0.8195942161977029,1.4588769727544109,-0.7345055258001423,0.9011530325125156,1.0815165366416473,1.4003183766905924,-0.2914298102018595,-0.4610103435154197,-0.6319869320552831,-1.1679414406974902,-0.7896534048800034,-0.6885498143677649,0.44676760977548613,-0.8283289121024471,3.6451314156742436,-0.7031381317673354,0.6796905593075847,-0.5888764442548036,-0.2700027607369825,0.3164745343591532,-0.3355450269485969,-0.03533394392182145,-0.735186261696705,-1.0890711532530943,1.3762218411163918,1.3375655789058019,-0.9993874768011979,-1.3949956919098287,-2.0647444676672193,-1.854530535302971,-0.26808154063999734,-1.1602194375535055,-1.4733061641905811,-0.6833183117920469,-1.5148244070130215,-1.131410101236516,-0.5856033810627431,-0.8113665253124961,0.36520561336800217,1.197676092370729,-0.0535356401590872,-0.2974213715539915,-0.06998151552581418,-1.09559479331638,-2.178773850191191
30091,Sheridan,Montana,-0.3112189525391375,-1.0258088706320574,-0.30474516327665596,1.0968262969092264,0.6291181699266515,0.6420220405565426,-0.6304842700491243,0.21416639052322792,-0.27547143764793436,0.49489830781546434,-0.40248996308767226,-0.37812520326893484,-0.3165074948112808,-0.02358463868178615,-1.1807991651712635,-0.8704494796780469,-0.5942585909832371,0.15794897718955586,-1.3221163897342247,-0.29123475738171095,-0.45891853703335617,-0.5625492487567927,-0.8825334045949451,1.1628962110759342,-0.585814581762372,1.8633041587240096,-0.8247000720194466,-0.6388963287819874,-0.7094355277494816,-0.2596840227692024,-0.6212707173125812,0.07016151650796343,-0.19666840496764587,-0.2738851227030835,-0.08602139992103093,-0.6328962182863519,0.8799450161654278,-0.5822588610970806,0.5295733191534078,-2.0749012598267615,-1.659846422341192,-1.5893339299124232,-2.003085405521045,-1.361758504826686,-2.2757323169280466,-0.42646754231427403,-0.7577095352287833,-1.914806798839023,-1.6385027116771926,-0.6633594982778577,-1.6702396508790962,-0.5944776153984553,1.4953435417030498,-1.4143475532627192,-0.3588829528049351,-0.07048375834250803,-0.5195129728625496,-1.2761565218341215
30093,Silver Bow,Montana,-0.2186517506721309,0.2923341827722374,-0.709438581912975,0.0839910707996966,0.12394400897132485,0.6156949911980335,-0.6496273164419412,0.15747988486768488,-0.27197270087825587,-0.02295911428194076,-0.36691208636628947,0.13813131010032487,-0.44432041582320636,-0.5138049031466021,-0.039317592014215016,0.33187856136733745,-0.19478764319150538,-0.7439012219549123,0.35388861199024296,-0.21356007734195154,-0.18604129537224331,-0.4688578327293845,-0.8814420547507448,-0.8088566267866442,-0.762281826262684,1.1444265018263875,-0.831126652344689,2.9774690603518383,-0.7047014555049398,0.6137393231237888,-0.6095489087011147,-0.35351412639500684,0.38234900119291615,-0.4014783578537534,-0.06635435118364295,-0.5021064378038755,-1.1413417479077634,1.3264121863220975,-0.20451966142748637,-1.2622908459852247,-1.8823210359035372,-2.5237615386028835,-2.1287856803209544,-1.077669244617217,-1.3165602577688766,-1.3639902727026127,-1.2656220262796032,-1.8786972773547317,-1.6616091483598343,-0.5446300977398085,-1.240803088095796,-0.1146360010152266,1.4953435417030498,-0.3256980227798136,-0.22678921331980723,-0.06073151341449875,-0.6179492625792158,-0.8547198085940588
30095,Stillwater,Montana,-0.2926709524940906,-0.9677993761840367,-0.2970454848127077,1.0395486978478423,0.36432550412035974,0.7267022907203098,-0.6656455317932737,-0.06637490989073497,-0.3286138290191506,-0.2562711020131433,-0.39512336582823787,-0.8943817166381945,0.8555685665628483,-0.7687194406683074,-0.5387157802704237,-1.1246477227723828,-0.5493671471739328,0.11050419833243746,-0.9449392205621124,-0.28399909277625807,-0.44601481730419373,-0.6498842720837315,-1.1174669906238457,-0.40208758453459026,-0.6123829662784998,2.5342184345654633,-0.8248826093536209,0.24374413022053174,-0.7114166156975789,0.9497153026867989,-0.535043532956486,-0.18787357677281336,0.34940557627161717,-0.34964051032703414,0.4937880067773934,-0.7215322548015976,-0.6729996438922019,0.9658135284198479,0.6040236409144573,-1.2304237709326153,-1.7975688021655005,-2.0319575340289573,-1.854530535302971,-1.0790029970125665,-0.9003556417901182,-1.0638347740407335,-0.5345358649185743,-1.6953720144344808,-1.2600567487128453,-0.6633594982778577,-1.6702396508790962,-0.8343984225900698,2.6860133390323324,-1.6865099358834457,-0.3314835146345997,-0.06977219007739663,-0.917892315357044,-1.4150207261967473
30097,Sweet Grass,Montana,-0.3099654322455515,-0.9621655226794656,-1.309088377417006,1.5383734985256992,0.348808503368456,0.7227990941033654,-0.6573082686817403,-0.04475945750224931,-0.3133481007836152,-0.08729209934111885,-0.4925652385405434,-0.7222962121817748,-0.03177709934540163,-0.18045512331052588,-0.8240861735596857,-0.07386146668793835,-1.0256754056106667,0.0868150326928972,-2.540084331852505,-0.29164901763123646,-0.4693284280272962,-0.6649308234400464,-1.1802288764665656,-0.7082389980001357,-0.7230355919471043,2.3878200838154906,-0.8298868635603184,0.6628636364284524,-0.7112301090147529,1.311266474300931,-0.5206128121374803,0.02337612610537015,0.06338255414459028,-0.38770283890113844,0.18739049276827005,-0.7524102141942971,-1.0245127461560548,1.3208929530397122,0.6465805111749492,-1.1348225457747874,-1.8399449190345192,-2.2122856690393973,-1.8888124284302186,-1.0803367494079161,-0.9573989140308617,-1.1842675358495123,-0.5447967233236414,-1.7120379474272307,-1.3206330827186896,-0.9236329684769536,-1.6702396508790962,-0.8343984225900698,2.0906784403676912,-1.6865099358834457,-0.358321488908002,-0.07046993636378313,0.027273786291301914,-0.4591182961656469
30099,Teton,Montana,-0.3029070586297986,-0.12267634153370413,-1.0678935636988662,0.6448491149063907,-0.4292497079194321,0.6619756550431175,-0.6597471205136928,0.08244673615395419,-0.2438658672660066,-0.44720226194511636,-0.5829111037335987,-0.17162259792123075,-0.086759993937535,-0.02358463868178615,-0.46737318194810806,0.20072748761867873,0.14423545514088376,0.5116936831336321,-0.3751914443253533,-0.2919717440874448,-0.4712918165206349,-0.6259152475520736,-0.9473272807504327,0.34647145630442266,-0.6365772478406372,1.6015030297256205,-0.8292247840909756,0.04487040196445312,-0.6757639860752104,0.5905209753533086,-0.516254729940522,0.03875852557544895,1.561039250868444,-0.35142903756677263,-0.08602139992103093,-0.6762131274354726,0.05310309241806995,0.24031549512618536,0.9672351726424978,-1.3499253023799003,-1.7128165684274645,-2.2450726026776593,-2.0602218940664585,-1.0790029970125665,-1.0672600309389604,-1.5270377040744978,-0.8013181834503182,-1.8009229233885642,-1.530464507728625,-0.6633594982778577,-1.6702396508790962,-0.354556808206841,1.4953435417030498,-0.59786040540054,-0.34733551199134427,-0.07032888486279412,-1.1095527546035844,-1.6620698339581634
30101,Toole,Montana,-0.30703957529860665,-0.5055207001340741,0.819856466762841,0.05742349011012313,2.789111984199031,0.4153060107613293,-0.618211025633628,0.6550376265670436,-0.23718304569569623,0.09303917099796896,-0.3850619688113059,0.2241740623285349,-0.43066049569357523,0.29015633057569956,-1.1094565668489478,1.5251174248361188,-0.3536756742843797,-0.5911574589273108,-0.8048935857913815,-0.29102190591816485,-0.4609601449198919,-0.6398253978257952,-0.8981929074104027,1.0645072708688794,-0.47164143660521185,1.6419869404630532,-0.8314720519512369,-0.6244721947890646,-0.7126728573088777,0.10978796996474262,-0.6150058449769882,-0.19808773516450465,-0.0049747648364198245,-0.35327346664719445,-0.08602139992103093,-0.6643147034510242,0.8347303731295459,-0.5247358461536114,0.7085802490207681,-1.5331609839324034,-1.659846422341192,-1.9172032662950418,-2.0145127032301278,-1.299072142245254,-1.8447387044424282,-1.6474704658832764,-1.3271871767100059,-1.7842569903958143,-2.031936633570821,-0.6633594982778577,-1.240803088095796,0.36520561336800217,1.7930109910353704,-0.59786040540054,-0.35884552187847285,-0.07038047078545928,-1.468339719178653,-1.6459228334508813
30105,Valley,Montana,-0.29924900524968434,-0.37860628438973254,-1.0718038876558729,0.8825798247527206,0.16911395504022886,0.18065553219617678,-0.6529630743736897,1.200914855784642,-0.26207779885946864,0.029125869441056294,-0.4990982511089264,-0.2920824510407248,-0.26447624125218333,-0.31771679736067504,-0.5387157802704237,-0.40522403229726217,-1.308774792820889,-1.0358932326377175,-1.4327041810631809,-0.29094686921844204,-0.4754724306196932,-0.6584892937183765,-1.061773198784006,0.014683593671870492,-0.6807687646253184,2.7794693272503745,-0.8291024445546116,-0.6070678563743122,-0.7117140997105575,0.776087641751092,-0.5310117546215227,-0.15747286882799702,-0.2500971924819421,-0.19363649293929308,-0.08602139992103093,-0.7196294420632855,-0.2935796693920231,0.5961119817319572,3.0289610214426115,-1.915565884563715,-1.6386583639066825,-1.4253992617211142,-1.9459489169756319,-1.3644260096173852,-2.1215042104993693,-0.8081467566620958,-1.0398831413681278,-1.8120335453837304,-1.7915047924136038,-0.6633594982778577,-1.240803088095796,-0.1146360010152266,1.4953435417030498,-0.8700227880212664,-0.34323682554373264,-0.07058409898557551,0.4931362833557296,0.3385435288940884
30111,Yellowstone,Montana,0.15150283415232102,0.2792571764873172,0.38282289871634134,-0.4479267651321959,-0.37078774957986105,0.4423362752909679,-0.6123930824995798,0.5235663615394628,-0.18913565486210848,0.3103286512711168,-0.2830196446433153,-0.5502107077253546,0.392160924376216,-0.6902841983539365,-0.46737318194810806,0.39520820973119886,0.637624706652845,0.3625240079830747,0.7666735776382874,-0.12387138048602066,-0.19085232333433177,-0.44963901540865814,-0.9655986985679968,-0.2453266454242214,-0.6909064888037626,1.4369746995866273,-0.831377832899096,-0.4122634727744705,-0.7127453779516705,2.122119006198545,-0.508867386752202,-0.1436779607533836,-0.22303380606768697,-0.3513402939888915,-0.08602139992103093,-0.5010126030648125,-0.5541795334090426,0.7550885485731305,1.232487714295863,-1.1746563895905489,-1.426777779561592,-1.1467103257958913,-1.5231389017395742,-1.2443882940359194,-1.3038839750487115,-1.2991418624978859,-1.0988830771972635,-1.3481650770855205,-1.6734746158455152,-0.3756153040327032,-1.240803088095796,-0.5944776153984553,1.4953435417030498,-1.4143475532627192,0.209617958303062,-0.05815051609599847,-0.36718030704164434,0.0010712182918925486
31001,Adams,Nebraska,-0.22905479759460157,0.7310471544813063,-0.9721561801745021,-0.1893487087151637,-0.1180079410270987,0.6080976068215947,-0.5939331943079598,-0.1763657668578989,-0.13001046479377656,-0.03289836811610785,0.08822620979641185,-0.6706705608448487,-0.037062596078977494,-0.43536966083223116,-0.5387157802704237,0.637152068951752,0.05361531264927719,-0.8029363987894094,0.687509987703722,-0.15628389869568352,-0.17528858012128243,-0.2094106716265942,-0.3297517229082093,2.1897645948780147,-0.8196228488503498,0.25197918675189784,-0.7976208125314139,-0.6393997489025706,-0.7109951201304232,-0.4530095773771824,-0.5728072356895848,-0.30128926642969933,-0.21880393442463134,-0.40055829037554763,-0.08602139992103093,-0.24732864202443752,1.7852310742940372,-1.6288591085961754,-0.3198216000300159,-0.8320853327749993,-0.6322255882675024,-0.16310231664803845,-0.5403912987584657,-1.013649129640435,-0.10174983041970805,0.7926825695345934,-1.2912741722922711,-0.6148640254045163,-0.5518756893043145,-0.8263214205849839,-0.38192996252919614,-0.8343984225900698,0.9000086430384084,-0.0535356401590872,-0.24995895679991326,-0.05926070345962999,0.5193896213667603,0.8132653438081823
31003,Antelope,Nebraska,-0.3024648119841643,-0.18928061961355916,-1.5415333896510695,0.9420913102942156,0.18781502640065326,0.7754691806634612,-0.6752121157058748,-0.3149351475243982,-0.4545629901526664,-0.6477018164065567,-0.45685575261719635,-0.39533375371457685,-0.33984605181668076,-0.31771679736067504,-1.0381139685266323,-0.4814050051119268,-1.6330501797392623,-1.7085238069997295,-1.1422128057541052,-0.25947319514538875,-0.40666439172311325,-0.48619697355501695,-0.4045520790819964,1.7332708076518852,-0.7874661160152168,0.9997014525865928,-0.7290565293508884,-0.6381501844767046,-0.7097877814562978,-0.45580251807110955,-0.47623983350326227,-0.07086491344462563,-0.1630478966728853,-0.39899519577266374,-0.08602139992103093,-0.45408328197956926,1.3503061071203997,-1.116753179501007,-0.10062579373293125,-1.198556695880006,-0.9606404940023929,-0.523758586668916,-0.8946375277400281,-1.1550268835474948,-0.1989346646076417,-0.33197414458738617,-0.8731441922857879,-0.9759592402474342,-0.9240766693814612,-0.9236329684769536,-0.8113665253124961,-0.5944776153984553,0.9000086430384084,-0.3256980227798136,-0.3478595449618152,-0.06935520519554314,-1.0428097450266702,-1.5005998288853424
31011,Boone,Nebraska,-0.30570404900450565,-0.3848002433362541,-1.187472999677832,0.9458914514006302,-0.19494567104865304,0.794743379618167,-0.6651461712571868,-0.3299387667152081,-0.5396594684927165,-0.6842650480279961,-0.5443753705468308,-0.7739218635187005,0.17037599001019488,-0.43536966083223116,-0.8954287718820013,-0.5658309626441144,-1.5959658105952124,-1.2418963832308507,-1.8037673486628178,-0.2572944521154095,-0.40663804208543586,-0.4258538508604306,-0.5807827423941161,1.7174739881710324,-0.8053864372447657,1.2083210769509134,-0.7853025177367307,-0.6358616961909821,-0.7113086238483578,-0.4556163756165289,-0.5149756596227983,-0.22161185058237193,-0.22229895162863203,-0.4066409798172845,-0.08602139992103093,-0.48085509763176904,1.3266434839357122,-1.0821896092632166,-0.22814747408479877,-1.0949887019590256,-0.844106172612593,-0.4417912525732615,-0.7803645506492016,-1.0269866535939314,-0.1545676750870632,0.2312806183336713,-1.3451436789188733,-0.8676306757945592,-0.7760705749548105,-0.8680629529702236,-0.8113665253124961,-0.8343984225900698,1.7930109910353704,-0.8700227880212664,-0.3525196953063599,-0.06930948475140544,0.6779802923712259,0.4531872324957914
31013,Box Butte,Nebraska,-0.2893292079731055,0.3319501020759716,-1.024250063420384,0.2042753464317722,-0.13182863727242633,0.45456885681214715,-0.5901147218543306,0.4364118413483674,-0.30821606843203386,-0.20629115941019702,0.22805116069748368,-0.7222962121817748,0.39813284925700954,-0.2981079867820823,-0.5387157802704237,0.37119999091274286,-0.23087806843599604,-0.904531733534314,0.43858429039335317,-0.24918957902710323,-0.39272682985668095,-0.4913000190745275,-0.8789275274802111,0.9789675450429054,-0.814393235793026,2.7542621481886465,-0.831503255338574,-0.6392006958966292,-0.7122218902283763,-0.45172515435224775,-0.6245863602864342,-0.19974919720558998,-0.2501687904015422,-0.4191775700413611,-0.08602139992103093,-0.5786914599921625,0.5954158074878302,-0.32903558542291417,0.0627285479826262,-0.8798859453539131,-1.3526195750408108,-0.9827756576045824,-1.2831656498488382,-1.5004687539430466,-0.796832666242102,-0.5005800111196763,-1.8350996677608258,-1.1398409146761443,-1.5535709444112664,-0.8680629529702236,-0.38192996252919614,-0.5944776153984553,0.9000086430384084,-0.0535356401590872,-0.33182039297275956,-0.06879708211960871,-1.2089551941624346,-1.5135174292911682
31017,Brown,Nebraska,-0.31225574268850537,-0.864656424619495,-1.5377793468312115,1.5624323800408926,-0.10483851001258324,0.7400984195505687,-0.6675320572355156,-0.18784617285380276,-0.5339886329353608,-0.43149810770630986,-0.5076178774835348,-0.49858505638843054,-0.4721893986002428,0.2705475199971068,-0.25334538698116177,-0.4745941912649123,-1.0879147184918443,-0.5740327503930054,-1.5734522791182148,-0.28638549666228,-0.4536008601769876,-0.6465239015771505,-1.0532752661005287,-0.5349799301699107,-0.7738377451546843,4.932529788862153,-0.7973178050741022,-0.5168704494759748,-0.623742094234181,-0.4527395487178686,-0.5681369425794087,1.0305742934724573,-0.20022037985001406,-0.3242889905359223,-0.08602139992103093,-0.7056725937836303,-0.8769046604093736,1.1572071159588975,0.17240091634597252,-1.1109222394853306,-1.0983628738267022,-0.5401520534880482,-0.9517740162854414,-1.1750331694777392,-0.05738284089912991,0.19422438393096997,-0.6576661657793791,-0.998180484237768,-0.6617873881190423,-0.8680629529702236,-0.38192996252919614,-0.354556808206841,0.9000086430384084,-0.0535356401590872,-0.3609978001500498,-0.07038524411189466,-0.9913042382366283,-1.720199035784379
31019,Buffalo,Nebraska,-0.17546973382953313,1.5999623793019497,-0.8328521229889289,-1.0592393476203104,-0.010114554459212942,0.6421321163567087,-0.5956608026239464,-0.253979612170809,-0.029710182267098765,-0.19247719507664623,-0.03166052193093978,-0.49858505638843054,0.6203296405113613,-0.4549784714108239,-0.9667713702043169,0.8179354567813717,0.054794159362815634,-0.5738254294664408,0.30503404080356766,-0.172752276753461,-0.18739594889538425,-0.19005177474729126,-0.5058494281200664,1.1029348996892314,-0.7976276571611249,1.90821972925559,-0.802554083044213,-0.6374199592160329,-0.7112990915010603,-0.45238822340211066,-0.2729271753453378,0.019968793672639693,-0.19575997455483454,-0.3370031484104983,-0.08602139992103093,-0.2957259178725147,0.7250633888195748,-0.5772472023857989,-0.013620636755925609,-0.9117530204065225,-0.7699479680918118,-0.32703698483934723,-0.6775188712674571,-1.0763354922218673,0.31656749934574485,1.1335999260394438,-1.4862304819885455,-0.7398585228501421,-0.39013063252582264,-0.8621730434925517,-0.8113665253124961,-0.8343984225900698,0.9000086430384084,-0.3256980227798136,-0.22317712891620428,-0.06023913605625002,-0.3953409657250084,0.588822036756961
31021,Burt,Nebraska,-0.3019932774812032,-0.5134831101349293,-1.0295344216995104,0.985788294640923,-0.10118182822518933,0.6403706790081467,-0.6439275896086959,0.017586253395436763,-0.3628490164878915,0.09292113045981883,-0.454070529852317,-0.7567133130730604,-0.08017028372424562,-0.12162869157474956,-0.39603058362579246,-0.6080325678472901,-0.850202218300446,-0.23898410515663052,-1.4369056168260177,-0.2544489622452254,-0.36867904447451527,-0.37980011770603067,-0.560268799523864,2.3050783373112926,-0.7998739789004193,-0.005395294453671765,-0.7199900148418112,-0.6389680542227839,-0.7127453779516705,-0.4559751698731809,-0.5719835536444877,-0.09985356459480524,-0.14643172237173488,-0.34582673355629795,-0.08602139992103093,-0.44742821741927524,1.9077079827633587,-1.6615441586769493,-0.3698398848138696,-1.1507560833010921,-0.7805419973090664,-0.19588925028629833,-0.6775188712674571,-0.9776378149659954,-0.14189139236689785,-1.0063976107165469,0.6685497830755402,-0.8037445993223502,-0.6761508487596032,-0.8680629529702236,-0.8113665253124961,-0.5944776153984553,0.9000086430384084,-0.0535356401590872,-0.34220747506602195,-0.06817120652546607,0.45540954346007007,-0.29926299114355437
31023,Butler,Nebraska,-0.29743315809542425,-0.2326264624431954,-0.3794804960615964,0.40330221607402944,0.193965227486729,0.7590309230376642,-0.6617138685134244,-0.2903775254070609,-0.43036230940676945,-0.28825729166810693,-0.3812495549983004,-1.083675771540258,0.5208662019795245,-0.7491106300897147,-0.9667713702043169,-0.7719310427644059,-1.3682621616692452,-1.1375794564340989,-1.2074127623643496,-0.2617435208644396,-0.3848238535333208,-0.41243574118629567,-0.32936271907864406,2.0317138855681693,-0.7840859350967158,0.46811314020969247,-0.7065063425561023,-0.6392786979656591,-0.7091639316956808,-0.4560123781780448,-0.5561554888554352,-0.34108141206866294,-0.22205344427017706,-0.3459218715005729,-0.08602139992103093,-0.4021480467403325,1.645690236741701,-1.426353960319694,-0.2999840668062275,-0.9993874768011979,-0.7063837927882844,-0.11392191619064394,-0.6203823827220438,-1.017650386826484,-0.253865223061691,0.2683368527363723,-0.6268835905641781,-0.7037490013658491,-0.6137010198875986,-0.8680629529702236,-1.240803088095796,-0.8343984225900698,1.7930109910353704,-0.8700227880212664,-0.341309132830929,-0.06805155814350447,-0.5676137611927219,-0.8514904084926018
31025,Cass,Nebraska,-0.24403553661724722,-0.21740034759345014,0.8515727870201892,-0.22381149596701502,0.21909071409997327,0.734977355670353,-0.6281531972551734,-0.21548636400671226,-0.363951981588048,-0.18155114685131996,-0.4377079878196322,-1.5827237344638743,1.1801804373820728,-1.0236339781900128,-0.39603058362579246,-1.2457591681390003,-0.5732040578677448,-0.1264297532939201,-0.3689733630703233,-0.2158460908332478,-0.2836334042475501,-0.107138214316707,-0.43569438319854203,1.9927307614769303,-0.6099042653146692,-0.161354631161992,-0.45426532209738607,-0.6335849736534019,-0.6962896135368354,-0.4535332862129825,-0.5372677884103233,-0.30519561730611067,-0.05842600435259744,-0.24811707425069354,-0.08602139992103093,-0.2860473153292246,1.6861210164659024,-1.5157861122800862,-0.31863015659315175,-0.9595536329854363,-0.5050972376604486,-0.015561115275859598,-0.47182751250396965,-0.7322273742216653,0.1940300997174809,-0.20042451245779697,0.48385433178433274,-0.584309814917808,-0.23525505692325166,-0.7597398351852152,-1.240803088095796,-1.0743192297816841,0.9000086430384084,-0.8700227880212664,-0.2781631598891861,-0.06118481783313473,0.13979514032891865,0.6146572375686123
31027,Cedar,Nebraska,-0.29630264680261076,0.02608209961196119,-1.3495131243893832,0.6480523385749548,0.3834250943006571,0.7884444526360872,-0.6773850553017676,-0.27088903638648076,-0.5629926991111891,-0.45680374301683907,-0.5268290344759256,-1.0148415697576887,0.32111561113918974,-0.4549784714108239,-1.0381139685266323,-1.1099675151157704,-1.8158726496006037,-1.4716705697769663,-1.7493874016870083,-0.2790474773114157,-0.4227709826100215,-0.48995426266033615,-0.3063229503561241,1.911148200770881,-0.770033371839548,0.6959053927993543,-0.7019437830857564,-0.6369068671749966,-0.7082066035975949,-0.45511648884863154,-0.572445365806333,-0.3417280162043919,-0.2154138622987643,-0.3393417718580318,-0.08602139992103093,-0.4375723709952634,1.5333367664727373,-1.3018277200280817,-0.18448107212372714,-1.3180582273272907,-1.034798698523175,-0.4417912525732615,-0.9060648254491102,-1.1216830736637544,0.19614281350417506,-0.6154543377680497,-0.4575794268805713,-1.0259570392256847,-0.7860625475743314,-0.9236329684769536,-1.240803088095796,-1.3142400369732985,0.6023411937060877,-0.8700227880212664,-0.3409161081030758,-0.06853347835185918,-1.145925873736945,-1.4779940281751476
31029,Chase,Nebraska,-0.3094177493135408,0.06675168510669083,-1.031605025795976,0.4522604124937851,-0.43583599216010654,0.7770058718091551,-0.6586896984047899,-0.28376737493676313,-0.5452526487013144,-0.7365684620717362,0.35803029779429546,-0.9287988175294786,0.13275972754266793,0.38820038346866326,-1.252141763493579,-0.49236414383004745,-1.4679775959010233,-0.5347942450112564,-2.6977206233383098,-0.2823762138811901,-0.44562153378807473,-0.6277083479943956,-0.5564742710123243,1.0265701727554941,-0.7358810522810675,2.5895364644610903,-0.8308713388639343,-0.6393200465138249,-0.712430965050733,-0.4556903153402903,-0.6073664036779443,-0.24922803205665583,-0.22924709630250972,-0.41534157084983253,-0.08602139992103093,-0.5606546657844865,0.6778121347314124,-0.4169300960920794,-0.07173329038897529,-0.6886834950382574,-0.801730055743575,-0.2614631175628228,-0.6775188712674571,-1.4617899344779075,-1.360927247289455,-0.2652729226625239,-1.945403895615297,-0.6593065133851831,-1.6497436808741535,-0.9236329684769536,-0.38192996252919614,-1.3142400369732985,0.9000086430384084,-0.59786040540054,-0.36013688884141903,-0.06997500409500226,-0.7191626719049694,-0.8918579097608071
31031,Cherry,Nebraska,-0.3042484424953649,-0.31597873718242475,-0.6610304563163683,0.6203098847407856,0.4448243852188975,0.3567161938379497,-0.6321086434602983,0.8214452870750657,-0.33730176225965314,0.07798457249034585,-0.4672246953257207,-0.6534620103992067,-0.34629847640052663,0.8195942161977029,-1.1094565668489478,1.2912711082061277,-1.01905114922548,-0.37250081072885394,-2.0682139943624356,-0.2931592026963258,-0.47752625202466076,-0.6830855700625866,-1.1996264350704844,-0.7742643861662097,-0.8261804567727878,5.524551876885298,-0.8241901288303314,-0.6267829991873708,-0.6463996743327864,-0.45456186457459613,-0.6026735193474924,1.3725257462879525,-0.22298322108127094,-0.2909726393606214,-0.08602139992103093,-0.7667179272332095,-1.1361945057121194,1.4356494069939418,3.7346008434468927,-1.047188089380112,-1.2360852536510107,-0.7368736553176192,-1.1346107796307632,-1.2870683706871073,-0.07217183740598941,-0.01329052872415626,-0.9270136989123899,-1.0898431156978938,-0.8541328610448161,-0.9236329684769536,-0.8113665253124961,-0.8343984225900698,0.3046737443737671,-0.3256980227798136,-0.3512096128801827,-0.07069173705152436,-1.5971076822029542,-2.1158005482127904
31033,Cheyenne,Nebraska,-0.29481482365041056,-0.24564904809574675,-0.0373039167207317,0.2448897171529838,0.06576074530561318,0.6855575486453852,-0.641240548605088,-0.13719834968815753,-0.24802955601550367,-0.20841250806366046,-0.13685373484218508,-0.7567133130730604,0.034806430934709955,-0.8667634935612711,-0.25334538698116177,0.6096381383809455,-0.5334905185465704,-0.8354621745361467,-0.4529917374343641,-0.26050390974211035,-0.4017212134710869,-0.5862045938449956,-0.4963436328580206,1.443391324706582,-0.7588707556453916,1.8637878931078269,-0.8302772045515718,-0.638861762274949,-0.7125095702468127,-0.45577144434571376,-0.6237361365803931,-0.34847186162785715,-0.2256928900352152,-0.4268459522791229,-0.08602139992103093,-0.512220997310893,1.0778223570161098,-0.8267388123991957,0.15101450665426092,-0.704617032564562,-1.0983628738267022,-0.7696605889558791,-1.0203378025399368,-1.4737937060360542,-0.7144368285610279,-0.33197414458738617,-1.8427953115646265,-0.912073163775226,-1.46176969596942,-0.8680629529702236,-0.8113665253124961,-0.8343984225900698,0.9000086430384084,-0.0535356401590872,-0.3358629330306779,-0.06933193311933918,-0.6646062257828604,-1.0678602152901822
31035,Clay,Nebraska,-0.30274304662876866,0.14008083497423507,-0.765380581144783,0.252119230975624,0.39166487745213946,0.712245479015557,-0.661403727341753,-0.1875169025410329,-0.4961248983944691,0.8428440300706872,-0.05811816414869407,-0.6706705608448487,0.5564918228201203,-0.18045512331052588,-0.5387157802704237,-1.0020040444221128,-1.0257855925525072,-0.7237153879521053,-0.7911388214822213,-0.2565381103477291,-0.3763603957830305,-0.40856675187191643,-0.14420385355913903,2.0832549267005547,-0.8066677852891126,0.4263377651535666,-0.7984401035483811,-0.6393997489025706,-0.7122534650553993,-0.45620951754236083,-0.6139557578639461,0.1375033118556115,-0.2326054714124464,-0.37906500479300526,-0.08602139992103093,-0.3467528112604202,1.6862209137649267,-1.4896746766582813,-0.3128516559243605,-0.8161517952486944,-0.5792554421812298,-0.11392191619064394,-0.5061094056312173,-0.950962767059003,-0.2707669333552447,0.8186219336164843,-1.1835351590390668,-0.5787545039202242,-0.5375122286637533,-0.9236329684769536,-0.8113665253124961,-0.8343984225900698,0.9000086430384084,-0.3256980227798136,-0.34872045627044596,-0.06862732104881768,1.0327177225612774,0.9989558496419262
31037,Colfax,Nebraska,-0.28954593811732365,1.355727618614816,0.048020798207448145,-1.272920800672371,1.566439200161725,0.15409144824293558,-0.29172134407894634,0.1632818048288628,-0.15526157959486014,1.2217200867711073,2.5820498764292537,-1.083675771540258,0.46334352324268585,1.1725528066123716,-0.8954287718820013,-0.09627360057244065,0.022091928940503505,0.6018639022958471,-0.6749874784270963,-0.22820380601171447,-0.3094005547594295,-0.34985640755801317,-0.4227093211776683,2.193020104958067,-0.7929550002797696,0.1735972121135162,-0.7558379169263544,-0.6393997489025706,-0.7107130482303018,-0.4557900094434875,-0.48940666835736757,-0.315895119508211,-0.2032340924385892,-0.3346531926848456,-0.08602139992103093,-0.3763468405125561,1.800503328141106,-1.5880057165433037,-0.42982161533849983,-1.071088395669569,-0.7487599096573023,-0.19588925028629833,-0.6775188712674571,-1.0043128628729878,-0.38062805026334334,-0.33938539146792623,-0.5961010153489769,-0.7676350778380588,-0.8422673935591354,-0.559995078985909,0.9063797258207039,-0.8343984225900698,-0.29066115429087425,-1.1421851706419928,-0.34763495940304195,-0.0655106175713372,0.27171061481421727,2.526462097630813
31039,Cuming,Nebraska,-0.2950022659373019,0.10786655404064296,-1.2319811322008005,0.5141729053178582,0.04080269629870622,0.7427079367970693,-0.6490635475462102,-0.2248738335663075,-0.4505752630935853,-0.5213319041171254,0.04024011683295793,-0.9632159184207626,0.2596802919632105,-0.003975828103191509,-0.9667713702043169,0.23964148846097663,-1.6416254391632208,-1.85759551930266,-1.4053018964860948,-0.24690313074164627,-0.3391984549373177,-0.34643716817616654,-0.4791705256103561,2.348134323850352,-0.7547995357580702,-0.06689781002887203,-0.7766764945754518,-0.6393997489025706,-0.7117634011982761,-0.4559054719955511,-0.5154667081741889,-0.23160914286561615,-0.17388944077290253,-0.36550527577294184,-0.08602139992103093,-0.4034249776137882,1.9704975025810767,-1.7415870888580884,-0.31204743160447723,-1.198556695880006,-0.8547002018298476,-0.294250051201085,-0.7689372529401188,-1.0256529011985818,-0.42499503978392184,-0.8692895434265525,0.14268078981585253,-0.8787412977897253,-0.864124833664337,-0.9236329684769536,-0.8113665253124961,-0.8343984225900698,0.9000086430384084,-0.8700227880212664,-0.33822108139779694,-0.06766937904505622,-1.1091361498678414,-1.4779940281751476
31041,Custer,Nebraska,-0.2893467806875016,-0.12788683777683155,-0.9139367144649875,0.5729762253996212,-0.08989265468353029,0.7666622031488535,-0.6534291107418965,-0.25712004101362956,-0.528830104656049,-0.5409895134149001,-0.4514577418352846,-0.46416795549714485,-0.3238522759865097,-0.12162869157474956,-1.1094565668489478,0.2540950152313909,0.19224081409415597,0.18183567156935096,0.10981889356699619,-0.26922315187200696,-0.406887272187453,-0.5406483533853538,-0.8824711111474705,0.02439686763492817,-0.8185792351526249,4.314482046350434,-0.7780700429308438,-0.635096027839268,-0.6013512263147088,-0.45177808961977695,-0.5918488766506582,-0.1594623652757893,-0.21783164748330966,-0.40254506136441165,-0.08602139992103093,-0.6050956577701095,-0.3463728740563371,0.5979906410023864,1.1781802331392983,-0.9914207080380457,-0.9712345232196476,-0.5893324539454403,-0.8603556346127798,-1.193705703012634,-0.021466706525328415,1.0483705869132312,-1.6529694310708856,-0.9092955082764345,-0.614325518176319,-0.40634526652490416,-0.8113665253124961,-0.8343984225900698,0.007006295041446424,-0.0535356401590872,-0.3277217065251479,-0.07001454581029783,0.2644717368339206,0.04143871956009779
31043,Dakota,Nebraska,-0.26225844144596694,1.625559166703627,-0.4316322851958693,-1.2826357081815813,0.3523235724183085,-0.11699531978626056,-0.2111186071387994,0.34348605625127065,0.8307165439409311,2.106211369869827,2.121472685823375,-0.6706705608448487,0.3629877281194661,0.7215501633047392,-0.039317592014215016,0.7874268477864913,0.031574922978673065,-0.45777618872844883,0.16130219156980924,-0.1247041716159131,-0.11887670570986085,-0.06702327027111739,-0.487789709562979,1.9472934753469306,-0.7884131797072695,0.1328577547134247,-0.49953089302312337,-0.63565417490075,-0.708523755824933,-0.45424883150242445,-0.5601760989962821,-0.18035192466548217,-0.1616335166118901,-0.3211507037399829,-0.08602139992103093,-0.2178106677706837,1.5606097401849557,-1.4232214262799556,-0.5408864832186812,-1.2622908459852247,-0.9076703479161203,-0.31064351802021495,-0.848928336903697,-1.0763354922218673,-0.26442879199516184,-0.4172034837135986,-0.4037099202539692,-0.9370720632643513,-0.8210344517426537,-0.6931582497854465,0.9063797258207039,-1.0743192297816841,-0.588328603623195,-0.3256980227798136,-0.3172597625789611,-0.05521839396743449,-1.2042108442247725,-0.6771028030139554
31045,Dawes,Nebraska,-0.2957549638706,1.6186651301445119,-2.638332776642395,-0.17730870859696884,-0.21820851950449555,0.3455309235009359,-0.54921925694078,0.31745254646760673,0.22477817083440724,1.169778770115411,-0.28888883848774205,0.32742536500238506,-0.641462579704114,-0.23928155504630408,-0.8240861735596857,0.8547359509351063,-1.3088849167374188,-0.9679010466819917,-1.9535851945479774,-0.2799302710608997,-0.4173347901943456,-0.5425871585214629,-1.0614353623945978,-0.3845627001309367,-0.7881447090688402,4.591220943016602,-0.8257516706375844,-0.18017249177715847,-0.6878754694124964,-0.32257015699285224,-0.6054876934516559,-0.13680633913799325,-0.2391318241150352,-0.39640339388294954,-0.08602139992103093,-0.6598916025406689,-0.7352737114720959,0.9997453846307501,0.30335544310030493,-0.9276865579328271,-1.3208374873890467,-0.8680213898706658,-1.226029161303425,-1.4684586964546555,-0.7503529629348294,-0.6488049487304807,-1.6196216412544173,-1.114842015187019,-1.5223460299752642,-0.9236329684769536,-0.8113665253124961,-1.3142400369732985,0.6023411937060877,-0.0535356401590872,-0.3442474605582122,-0.06960733788208684,-2.5511531868767054,-3.1992642822514195
31047,Dawson,Nebraska,-0.2518056051660407,1.0052597814491742,-0.6521109805783698,-0.6013636297478746,0.9011238207788766,0.1868299595631147,-0.20734117999246734,-0.04419335918905249,-0.1791951730589224,0.5214908131447199,1.7290857815845324,-0.44695940505150283,0.07667854791498631,0.6431149209903683,-0.6814009769150549,0.5293286208820223,-0.08209293985657934,-0.16712584006671752,-0.2284192601622525,-0.225779059920182,-0.3018979557033485,-0.3815840102559801,-0.5184736375401198,0.9990976105646964,-0.8033755182426942,2.2683764075462296,-0.8229337362607306,-0.6392594386746803,-0.7065184925614045,-0.4436989028070363,-0.3631466311246143,0.03788394891162343,-0.20086288504782754,-0.34602065980898045,-0.08602139992103093,-0.41058160841132385,0.6202217318403851,-0.4257309726039542,0.019203629929682154,-0.9117530204065225,-0.8229181141780844,-0.3926108521158693,-0.7118007643947055,-1.217713246128927,-0.2602033644217735,0.6889251132070304,-1.7760997319316902,-0.773190388835642,-0.8472633798688951,-0.8680629529702236,0.04750660025410388,-1.0743192297816841,0.007006295041446424,-0.59786040540054,-0.2963733056130497,-0.06604804526268762,-0.3413679789663455,0.29656132757515524
31051,Dixon,Nebraska,-0.30440366813919684,0.27997778358305686,-1.194587697252556,0.336987574533899,0.38897070817502755,0.7224612748112116,-0.6240584137135124,-0.21719677942787635,-0.4892455313158825,0.3001640124924574,0.3547009216954647,-0.9976330193120466,0.1099703130550421,-0.23928155504630408,-0.6814009769150549,-0.8521952436385157,-0.6378998933193697,-0.6202555409083634,0.11622167030484903,-0.2598304676278076,-0.3998333995244965,-0.38878607041508034,-0.4749045008792645,1.8546881272498092,-0.7903760589212898,0.5666351146051801,-0.5695091213324903,-0.635993176146892,-0.7051497758679495,-0.45403862893809793,-0.5859476090800251,-0.30475998621988787,-0.18654502006822807,-0.2570067923486728,-0.08602139992103093,-0.43775588726335163,1.4685399848811118,-1.2387517028627277,-0.38036926618715666,-1.326024996090443,-1.034798698523175,-0.3926108521158693,-0.9060648254491102,-1.1190155688730552,-0.22851265762136033,-0.5469003041230528,-0.5063185043046398,-1.0204017282281017,-0.8990967378326592,-0.8680629529702236,-0.8113665253124961,-1.0743192297816841,1.197676092370729,-0.59786040540054,-0.3524261179902044,-0.06844814454475939,-0.6637835776300324,-0.8918579097608071
31053,Dodge,Nebraska,-0.21381925421321296,0.45976381753742396,-0.5965652993565307,-0.12647148906851555,-0.12766814690516218,0.6013090043474689,-0.5892819550819093,-0.08530384662148052,-0.2869153875198263,1.0594061992794406,0.30983044877911187,-0.8599646157469105,0.3522108062081491,-0.3373256079392697,-0.7527435752373701,1.1704123884112485,-0.04862613039838717,-0.5458528502732674,-0.13492392399690556,-0.11340928101756853,-0.13793593187401268,-0.16347054547884685,-0.31938867119810105,2.2337631244815075,-0.7888087276518365,-0.19032777825277886,-0.7817127512025592,-0.6386095262464829,-0.7111867283202273,-0.4557805411239371,-0.36518044147403966,-0.23273150160482567,-0.14522856434417808,-0.2286659694135236,-0.08602139992103093,-0.2084758677885481,1.842496067262706,-1.7013073528824882,-0.335570992961064,-1.079055164432721,-0.7063837927882844,-0.11392191619064394,-0.6318096804311266,-0.9522965194543526,-0.28766864364879835,-0.4320259774746791,0.48385433178433274,-0.7343032118525582,-0.558745170480235,-0.7853481372620493,-0.38192996252919614,-0.354556808206841,1.197676092370729,-0.0535356401590872,-0.2265271968345718,-0.056803815293850216,-0.06867135941900435,-0.01991988236757402
31055,Douglas,Nebraska,1.352384061764898,1.0682943656198225,0.748173669478517,-1.3568025559380854,-0.3247654795200871,-0.24320186954406442,0.16833955660471592,-0.13188698850585434,1.095227195197196,0.0677699230592923,0.2277778568185048,-0.7395047626274167,0.7922798913893814,-0.2981079867820823,-0.46737318194810806,1.2211181781625544,0.6509514460440914,-0.03316708607016801,0.624630441584962,2.421265654712892,3.5550123430747154,4.207280238592686,1.2203602677917964,0.2821239952501072,-0.72108925026667,0.11797393823215101,-0.6379548949938663,-0.6391891802881774,-0.7123300485623028,-0.4543234313942459,-0.40297062835350317,-0.20269051207241578,-0.05057969596055854,-0.14166285905986312,-0.08602139992103093,3.3560725430253195,-0.04849545063244652,-1.401778532445683,-0.4870257933509406,-0.9993874768011979,-0.5050972376604486,0.03361928518153257,-0.4946821079221353,-0.8202550323147403,-0.17146938538061685,-0.34679663834846663,0.9686798914237522,-0.5954204369129741,-0.3158153361681374,-0.5548734185705422,-0.38192996252919614,-1.0743192297816841,0.9000086430384084,-0.3256980227798136,1.2660122803826939,0.28099601888861764,-0.8402909762816921,0.07373272057466188
31059,Fillmore,Nebraska,-0.30491327685668274,-0.8939206225240486,0.02462090595567337,0.8112901126946964,0.062269419059918826,0.7072440572278872,-0.6456898784904682,-0.2448703305503189,-0.3099137531445343,-0.7653584372610629,-0.42326036649892546,-1.0320501202033303,0.3238613237280603,-0.6118489560395658,-0.9667713702043169,-0.7262286387800028,-2.0319982587078647,-1.5204260256384068,-2.5169627594428947,-0.24913750609708796,-0.3749995382070444,-0.4899172038288996,-0.24176840869226027,2.433511772088169,-0.8224877906443202,-0.10253498521520604,-0.7764150574073369,-0.6393997489025706,-0.7117666033704407,-0.45620951754236083,-0.6205434021884625,-0.08137416841853226,-0.24447617930342258,-0.40010256449351644,-0.08602139992103093,-0.39934814844048516,2.0239344051805976,-1.7952996650693844,-0.31064748556616184,-0.8719191765907609,-0.5474733545294665,-0.11392191619064394,-0.48325481021305244,-0.8389275658496349,-0.34259920210284767,1.033548093152151,-0.8654485484819875,-0.584309814917808,-0.35640772493493983,-0.9236329684769536,-0.8113665253124961,-0.8343984225900698,1.197676092370729,-0.59786040540054,-0.34887017997629477,-0.06890782136420669,0.2462741108122899,-0.3541627928683135
31061,Franklin,Nebraska,-0.31218545183092106,-1.117795319389352,-1.655858424396041,1.8544497986899646,-0.27128725447325686,0.7904549858827981,-0.672515540703101,-0.2140096515572383,-0.4999847445389726,-0.5694571218332791,-0.5284799084123446,-0.03395419435609518,-0.4161768617872829,-0.31771679736067504,-0.46737318194810806,-1.1257816980415054,-1.3820832829284784,-0.9780833058104963,-1.3543632585608498,-0.28299938548298686,-0.4180002508960687,-0.4753779946494657,-0.6129985111074582,0.9198638220578632,-0.8107799857313088,2.5763729224982495,-0.7532781641395478,-0.6391514397194339,-0.708827221327854,-0.42304972305549216,-0.493740010210262,-0.26445553428981644,-0.19756058214133174,-0.3957407339360942,-0.08602139992103093,-0.5154803429954786,0.5388557184725625,-0.3013370000019315,-0.31098257903277987,-0.7842847201960852,-0.5792554421812298,0.03361928518153257,-0.448972917085804,-1.028320405989281,-0.3362610607427652,0.6963363600875705,-1.4067088293492758,-0.5287567049419744,-0.6886408145340043,-0.9236329684769536,-0.8113665253124961,-0.354556808206841,0.9000086430384084,0.2186267424616392,-0.3609416537603565,-0.06980797481654233,0.3369606509914691,-0.3541627928683135
31063,Frontier,Nebraska,-0.3132163844088236,-0.29431317405482954,-1.6306029985463537,1.0832140003554753,0.17753987051670891,0.772531813781148,-0.6658225713829751,-0.218411908875939,-0.5414094268598157,-0.6860887865960611,-0.4751259748425969,-0.2748739005950828,-0.0006819042764423007,-0.14123750215334038,-0.5387157802704237,0.19278676114518623,-1.6616200685489622,-2.0092771901925723,-1.221582033980629,-0.2904507460293554,-0.4634431730923778,-0.6011115052431459,-0.6312536571301495,0.4678906261567082,-0.8198541313810332,3.5972988810535287,-0.8288043811168975,-0.6393267712630982,-0.6927373799162891,-0.4547833312619165,-0.5110254455416824,-0.3312438579530823,-0.2604039891167117,-0.38405692523566964,-0.08602139992103093,-0.5789192635196427,0.08972549529117109,0.16270546968726116,-0.010158004267539147,-0.8002182577223899,-0.7381658804400477,-0.2778565843819527,-0.597527787303879,-1.2523908084080173,-0.7904945248820192,0.6889251132070304,-1.701708508494954,-0.6648618243827662,-1.0021389554714666,-0.8680629529702236,-0.8113665253124961,-0.8343984225900698,0.9000086430384084,-0.0535356401590872,-0.3661632680018343,-0.07032904381134822,-0.7286062606105906,-0.733617304789443
31065,Furnas,Nebraska,-0.3072153024425673,-0.5325751227265779,-1.4481737715113292,1.2118671555160294,-0.20450581419192543,0.7550470486657793,-0.6486956345352979,-0.25435220534393693,-0.43348085684175736,-0.40980837181608304,-0.35179884214349233,-0.39533375371457685,-0.34437647758831724,0.09406822478977217,-0.8240861735596857,-0.3754380800837164,-0.6975780083390762,-0.7262164809525731,-0.30932584288318254,-0.2751332700683797,-0.4239695155920816,-0.47214487636500446,-0.513822657291738,1.1830263011611022,-0.816047453106208,2.1988412842677154,-0.8285915974493537,-0.6392012951627439,-0.7121582272681456,-0.4548359392642129,-0.40527188111496315,-0.35485648890182386,-0.24604157417888026,-0.40022762867804457,-0.08602139992103093,-0.487496417565641,0.7955887434005532,-0.563019800251175,-0.2032165201684162,-0.8161517952486944,-0.6216315590502485,0.0008323515432703504,-0.5175367033403001,-1.1056780449195591,-0.498940022318219,0.2294278066135363,-1.6606650748746856,-0.5731991929226411,-0.992146982851946,-0.8680629529702236,-0.38192996252919614,-0.354556808206841,0.6023411937060877,-0.0535356401590872,-0.3513406211228004,-0.06953265107543387,-1.122445547110292,-1.9010454414659386
31067,Gage,Nebraska,-0.2579033370614754,-0.3813116919990866,-0.08240383066934938,0.39233363397745713,-0.053206514646759163,0.7249013807370509,-0.6265735053380614,-0.2312911777023593,-0.3577116785763456,-0.652318266355259,-0.4953995702181602,-0.5674192581709984,0.0751684059911075,-0.592240145460973,-0.32468798530347687,0.24770361005864175,-0.8014950416298454,-1.1957871800275968,-0.3580176960971744,-0.2386899725375544,-0.38022417055508656,-0.3787766106417267,-0.24491876574045188,1.7778316657107498,-0.675560641324886,0.6675671193242129,-0.5786466594254464,-0.6356578981353443,-0.6860115851482587,-0.4537042686762228,-0.6227571148225008,-0.3909979940617237,-0.24699532385239387,-0.34442416187159225,-0.08602139992103093,-0.36134396415646525,1.4448173867996053,-1.2486776352487776,-0.09945668986050817,-0.8241185640118468,-0.4839091792259392,-0.015561115275859598,-0.4146910239585564,-0.7989149939891463,0.41797776110706647,0.7648903937325678,-0.46527507068437146,-0.5176460829468075,-0.10598391115820231,-0.8680629529702236,-0.8113665253124961,-0.354556808206841,0.9000086430384084,-0.0535356401590872,-0.2766846382939289,-0.0656574306924716,0.26907244183956613,-0.0457550831792254
31079,Hall,Nebraska,-0.1412205134716019,1.0742961385981689,0.027675442875666388,-1.0035110838384669,0.23576053704364855,0.36717995404147746,-0.4273469919433294,-0.02860410220759082,-0.03880508130972936,1.3256890611172318,1.3836828238619614,-0.7395047626274167,0.11319652534696503,0.19211227768273587,-0.32468798530347687,1.1449486501813804,0.039460706443969304,-0.8372181146795858,0.3064246167432818,0.05534958068979288,0.18409095033345232,0.01354710953852445,-0.3641983309884447,1.7261521159986217,-0.7895486539736555,0.48059642071084613,-0.8268604227208941,-0.6388816350205069,-0.7122344092992894,-0.4556821535873628,-0.27534576976260494,0.486158233768732,-0.17299374214990024,-0.3143975143750496,-0.08602139992103093,-0.02762218369781973,1.3423545454206065,-1.2931397778883438,-0.3287797653709382,-0.8958194828802176,-0.685195734353775,-0.22867618392456057,-0.597527787303879,-1.034989167966029,0.02923842435533258,1.257738311288493,-1.270752455482137,-0.6759724463779331,-0.3614037112447005,-0.6419416456317781,0.04750660025410388,-1.3142400369732985,0.007006295041446424,-0.3256980227798136,-0.18069302738159954,-0.047645073735397774,-0.8055667555897029,-0.2298308889622414
31081,Hamilton,Nebraska,-0.29360230635708207,0.07161454236165982,-0.49026453989735713,0.17818327295709735,0.18813720517527302,0.7923775409782813,-0.6579043953072794,-0.3064845990105725,-0.4815121063449832,-0.7527537616982898,-0.4200995787947832,-1.3762211291161703,0.8590007072989365,-0.9451987358756418,-0.6814009769150549,-0.6639185592303231,-1.5633514965771322,-1.3169816437274129,-1.522009260823247,-0.23761494057963517,-0.3499610764915268,-0.4337314609785066,-0.2653358158903395,2.3919955476223675,-0.820480926488969,-0.0791063899829461,-0.7869000967674575,-0.6388745585472402,-0.710414614043801,-0.45567495077528125,-0.5468166387881043,-0.12293548062909093,-0.22825709622906212,-0.3940306532762524,-0.08602139992103093,-0.3764976348397848,1.9839645495826304,-1.7663054527232316,-0.33431997735235663,-0.8719191765907609,-0.6216315590502485,-0.16310231664803845,-0.5403912987584657,-0.9989778532915894,-0.053157413325741205,1.129894302599174,-1.1527525838238655,-0.6259746473996832,-0.3832611513499022,-0.9236329684769536,-1.240803088095796,-1.3142400369732985,0.9000086430384084,-0.8700227880212664,-0.33835208964041463,-0.06730897976568874,-0.7081490321124657,-0.8353434079853201
31083,Harlan,Nebraska,-0.3110110087521174,-1.016355368331523,-1.3209572381998766,1.5942084552511344,0.7292927392403319,0.8017559719523236,-0.6804426650886628,-0.3033892741446518,-0.5222852779064787,-0.6014131514102663,-0.5405791995853059,-0.6018363590622807,-0.16199251887258892,-0.14123750215334038,-0.8240861735596857,-0.9466984180749306,-0.8669569152025783,-0.4277976874735169,-0.9423199346650843,-0.28295382168433675,-0.433303332735226,-0.48346975138643244,-0.4071521425425828,1.1924929311473274,-0.8164275255549129,1.8531819654023982,-0.8069612862390965,-0.6393997489025706,-0.7112709759826842,-0.4432242531039549,-0.4017794208284174,-0.2695542440041161,-0.2561647022254989,-0.08327569587270499,-0.08602139992103093,-0.466786320787341,0.8047378511871205,-0.5808559837983804,-0.31246443680737973,-0.8081850264855422,-0.5792554421812298,0.08279968563892474,-0.4946821079221353,-1.1070117973149085,-0.4017551881302853,0.5425529873163608,-1.5067521987986796,-0.5398673269371405,-0.8210344517426537,-0.9236329684769536,-0.8113665253124961,-0.8343984225900698,1.197676092370729,-0.3256980227798136,-0.3594631321650993,-0.06965809678590747,-0.718824773972356,-1.356891524370532
31087,Hitchcock,Nebraska,-0.3128209983349121,-0.8761115223855893,-0.8796052000881095,1.245203438408484,-0.06975737848807505,0.7980971239927163,-0.6783865089884281,-0.2547591532027238,-0.5612432966374528,-0.6935535435342951,-0.4576066684687431,-0.5502107077253546,-0.43045456724940995,-0.06280225983896945,-0.46737318194810806,-0.28258539613205114,-1.977474634404755,-1.8360493141166911,-1.9794564081231234,-0.28837750472501106,-0.44937994924932695,-0.610623895742098,-0.5391185900837897,0.8509611674011909,-0.7523816426946389,2.796665561625963,-0.8304901742022222,-0.6393001946925475,-0.7115672026748744,-0.45596632173347645,-0.5272974674119825,-0.1808756951046305,-0.23867391397182816,-0.35381590217432823,-0.08602139992103093,-0.5524398657212171,0.4974367730936252,-0.24511199372029233,-0.20498134575927124,-0.656816419985648,-0.6746017051365212,-0.17949578346716838,-0.5289640010493829,-1.3630922572220359,-0.9447226313106963,-0.18374920697658148,-1.9325778226089632,-0.5648662264262657,-1.449904228483739,-0.9236329684769536,-0.8113665253124961,-0.5944776153984553,1.197676092370729,0.2186267424616392,-0.3615405485837518,-0.07008552003783082,-0.896353937273265,-1.6846756346683585
31089,Holt,Nebraska,-0.2914262185577026,-0.015121328859774855,-1.2205530309849166,0.6217878645102934,-0.013852115170504642,0.7460660574523819,-0.6680443140020764,-0.25372524238823513,-0.4376487504157444,-0.16130406755761273,-0.3074509459796682,-0.5846278086166387,-0.08566170890198677,-0.35693441851786023,-0.9667713702043169,-0.06458577742439744,-1.1978436692102887,-1.1213891750264902,-1.199062338291823,-0.2836145670701168,-0.4473599201126511,-0.6144422862831502,-0.7337230792966732,-0.02638465785103268,-0.5714094810338674,3.791872623680273,-0.7738712925934697,-0.6259381287943682,-0.7089522428218544,-0.4553904116467317,-0.5089915137425265,1.374474266606179,-0.17142602918782684,-0.3519345830032318,-0.08602139992103093,-0.6051476153703248,-0.28453310279977434,0.5378911529789894,1.0601826537608638,-1.2065234646431584,-1.0983628738267022,-0.5565455203071782,-0.9860559094126891,-1.1190155688730552,0.07360541387591109,0.19422438393096997,-0.6833183117920469,-1.0426229722184355,-0.6030845489793578,-0.8680629529702236,-0.8113665253124961,-1.0743192297816841,0.3046737443737671,-0.59786040540054,-0.32998627757611143,-0.07001861597560174,-0.11084051957785376,-0.4639623963178317
31093,Howard,Nebraska,-0.3020342804814607,-0.24546438400833953,-0.32175791920180125,0.38638268605118065,0.4323665107291602,0.7597824504948153,-0.6699932004926176,-0.2570084089271802,-0.4707466519159467,-0.4030588005878483,-0.5337979892973044,-0.7567133130730604,0.07956154613330042,-0.47458728198941663,-0.32468798530347687,-0.6004035832624977,-0.639818559644504,-0.35025891483417176,-0.627800995310951,-0.2670630626468285,-0.3883823386500859,-0.3110817677169828,-0.6829495537054117,0.8417487877456904,-0.8033352831224191,2.5156703110841754,-0.7660915629911852,-0.6165358562309733,-0.7107846318466271,-0.4551976875446846,-0.3851963558698586,-0.036237980345198505,-0.21576007226080884,-0.3082426750767468,-0.08602139992103093,-0.46576693948987974,0.46531028252150036,-0.2512974982546891,-0.31134745858531954,-0.9515868642222841,-0.7275718512227938,-0.2614631175628228,-0.6660915735583751,-1.0269866535939314,0.2743132236118605,1.194742712803901,-1.3631001811277406,-0.7287479008549751,-0.3289298002312584,-0.9236329684769536,-1.240803088095796,-1.0743192297816841,1.4953435417030498,-0.3256980227798136,-0.34931935109384127,-0.06854730408444572,0.22314370683021062,0.26103792645913426
31095,Jefferson,Nebraska,-0.3002740802561215,-0.7683733071811427,-0.8629628940564621,1.1376581461981883,-0.49594735851015265,0.7510358084807262,-0.6552702389031578,-0.2366943788650846,-0.4743726883685312,-0.554108547109879,-0.3452321571382426,-0.8599646157469105,0.06988290925753163,-0.4941960925680094,-0.8954287718820013,0.04861879470989515,-0.3786556797260332,0.4444866163472609,-1.4660392569183198,-0.25945944166149437,-0.40488632240870565,-0.4490473632964132,-0.33229051814284855,1.4558900976503943,-0.7852173055346654,1.3592098528918568,-0.5677777751768213,-0.6371638406734456,-0.6902046301033221,-0.4522647512614138,-0.6013193520906537,-0.3854867932813582,-0.17927916852824125,-0.3573945017527021,-0.08602139992103093,-0.421085132851592,1.0782075539084914,-0.8664596570275419,-0.3111985281557115,-0.7524176451434761,-0.44153306235692125,0.0008323515432703504,-0.38040913083130873,-0.7922462320123981,0.10952154824971258,0.9761109298279644,-0.5396662941211078,-0.4704259394673484,-0.14095581532652454,-0.8680629529702236,-0.8113665253124961,-0.354556808206841,0.9000086430384084,0.2186267424616392,-0.33951244836074307,-0.06832975462840453,0.8351117772223985,0.12217372209650829
31097,Johnson,Nebraska,-0.30605843207815964,-0.6875826225901983,1.2852416014190127,-0.0066163692078021015,4.134218406108343,0.25892294104594615,-0.25163450643892843,-0.12545388011709782,-0.13583306176012663,-0.759694778216465,0.036055175774488114,-0.5674192581709984,-0.07927792713286268,-0.2784991762034896,-0.39603058362579246,-0.2313742847281442,-0.47149231231206995,-0.6180677151955022,-0.004697436213141624,-0.2781619248669221,-0.4312026259880857,-0.438543716797659,-0.27449935230856287,1.1328171524059658,-0.5306090308998641,1.514206070785555,-0.40675505095718834,-0.6323760893333468,-0.6925266181215297,-0.44817166056774776,-0.6009338733636362,-0.37838520625034155,-0.24676563395585455,-0.3707832686143895,-0.08602139992103093,-0.4135640339999504,0.8753080814761258,-0.6724436491325008,-0.45939175213717237,-0.8639524078276085,-0.4733151500086845,-0.031954582094989546,-0.4261183216676392,-0.8322588038728869,0.5700931537490495,0.2479559238148868,-0.0445798760766217,-0.5343120159395575,-0.14844979479116535,-0.8680629529702236,-0.38192996252919614,-0.354556808206841,1.197676092370729,-0.3256980227798136,-0.3572547075038291,-0.0680741486429108,-0.4651325173586471,-0.27181309028117456
31099,Kearney,Nebraska,-0.3018878411948268,0.1597119430007955,-0.3654392099886764,0.03485563415636404,-0.058923479670648864,0.7734129855391749,-0.673521254178506,-0.2516498903424352,-0.46703037740426506,-0.221099535526041,-0.23309369114536274,-1.1697185237684664,0.5998740817242755,-0.8667634935612711,-1.252141763493579,-0.19312124768494796,-1.3831590562902603,-0.8664700807480388,-1.9794564081231234,-0.25832156794718936,-0.3612581759926987,-0.3638380519338665,-0.512073164459868,2.302273477546584,-0.7879212421637172,0.1981712878611809,-0.8297801231390877,-0.6393997489025706,-0.7121989202793704,-0.45463034078016884,-0.5555168952189838,-0.20566204319875733,-0.24525805020477717,-0.41802964861532377,-0.08602139992103093,-0.4273959774657887,1.9103546779971292,-1.6727659075836832,-0.35548299139965633,-0.8480188703013039,-0.6957897635710297,-0.21228271710543062,-0.6203823827220438,-1.056329206291623,0.09261983795615891,0.7333925944902715,-1.4964913403936126,-0.6648618243827662,-0.5843496003177566,-0.8680629529702236,-0.8113665253124961,-1.0743192297816841,1.4953435417030498,-0.59786040540054,-0.3500118232333921,-0.06825813737399268,0.10139859888435403,0.23358802559675496
31101,Keith,Nebraska,-0.29738043995223606,-1.0788401772615157,-1.0667893543483042,1.5251944229888017,0.17658340674825435,0.6940899029367597,-0.6130207114330675,-0.18105318967554893,-0.3307471938273056,-0.4892440291670826,-0.1431856256291851,-0.5846278086166387,-0.2913155818083933,-0.31771679736067504,-0.5387157802704237,0.34455167874256265,-0.42134773942700554,0.012055588882152026,-1.081997143347537,-0.27028126840961036,-0.4155530119091761,-0.5793570585095209,-0.7655961271504632,0.33705745351532673,-0.7938274732050441,3.4304960690494575,-0.8274771551059921,-0.6374658404699187,-0.7094394984122356,-0.453794903705114,-0.4623843024443651,0.01894395483777575,-0.08614827423354003,-0.047631911787058216,-0.08602139992103093,-0.5894054897953853,-0.027319509004531395,0.2810263209812549,0.0862297697747718,-0.7842847201960852,-0.9818285524369023,-0.4417912525732615,-0.8260737414855321,-1.4417836485476634,-0.6721825528271439,-0.3875584961914377,-1.701708508494954,-0.8065222548211426,-1.4186793140477367,-0.8680629529702236,-0.8113665253124961,-0.5944776153984553,0.9000086430384084,-0.0535356401590872,-0.3350020217220471,-0.06937494816526192,-1.0984908908709576,-1.8090075385744304
31105,Kimball,Nebraska,-0.3102729547474826,-0.7242624120087423,-1.1042201441185957,1.217169986651043,-0.20752264982645885,0.6235897244580293,-0.6274908239035253,0.0696614277259948,-0.11943626109111853,0.15536162846767634,-0.033490844447825484,-0.39533375371457685,-0.23598947314265106,0.09406822478977217,-0.6814009769150549,0.021903587868416074,-0.5467784703860549,0.029213648908731203,-1.2841367442273115,-0.2789866498746553,-0.44280920870271756,-0.6293879762928788,-0.6521293846688434,0.7774637629115672,-0.6744693776708979,3.042348726423437,-0.8314970443031072,-0.6386487541572562,-0.7127453779516705,-0.45535338671569103,-0.6262016224759939,-0.3253865586718413,-0.22487467496810903,-0.42540876300181923,-0.08602139992103093,-0.585727933727977,0.46032347293550396,-0.19465811350872975,-0.03077742224676955,-0.7205505700908666,-1.2996494289545382,-1.064742991700237,-1.2603110544306726,-1.505803763524445,-0.6996478320541684,-0.5228137517612969,-1.7658388735266233,-1.078732493702727,-1.5179745419542239,-0.8680629529702236,-0.38192996252919614,-0.5944776153984553,0.3046737443737671,-0.0535356401590872,-0.35807818788599766,-0.07009197675275432,0.9000464445613979,0.3304700286404472
31107,Knox,Nebraska,-0.29650766180389815,-0.23353656560463704,-1.9325579196847278,1.1776005497065796,-0.24874879278076334,0.14232066754662054,-0.6599590769594307,1.2623535476314136,-0.4779352040705887,-0.16468098949063187,-0.4615436726400162,-0.39533375371457685,-0.14043867504995486,0.13328584594695764,-0.6814009769150549,-0.31991692477276185,-1.70338626166971,-1.142817712425236,-2.3475668184209053,-0.28041022594646225,-0.4373074102772349,-0.5582744585889846,-0.4612221808506389,0.6293226094614096,-0.7742649187444272,2.4699440768725034,-0.5020334296670688,-0.5969830333331655,-0.6940572278974642,-0.451662197211128,-0.5355603861374073,0.22594874068633944,-0.2343888128868618,-0.19420913190554837,-0.08602139992103093,-0.5079153633583801,0.26930395927517337,-0.042539188761202974,0.10883740898926925,-1.270257614748377,-0.992422581654157,-0.4090043189350016,-0.8946375277400281,-1.1763669218730888,0.2405098030247532,-0.6173071494881848,-0.38062298884256807,-0.9898475177413935,-0.7804420629758507,-0.9236329684769536,-0.8113665253124961,-0.5944776153984553,1.4953435417030498,-0.3256980227798136,-0.33447798875157625,-0.06936060356469999,0.6590282210212839,0.08665032098048785
31109,Lancaster,Nebraska,0.6136359349115112,1.5997192874515882,-0.566975005036152,-1.1914268729180573,0.07387230607452275,0.2083095336547491,-0.32067975588214653,-0.16925599398961907,1.2731126153679648,-0.05423252345409594,-0.17147613703048267,-0.6534620103992067,0.38859149801068427,-0.7098930089325312,-0.8240861735596857,1.457285382134407,0.34416360354248626,-0.7618183261895113,0.5617059430772078,0.36729586263562497,0.6084428872947191,0.5768599847285444,-0.1089679397892537,1.2537500645621622,-0.6730920687423646,0.9175750721007924,-0.5961985179654707,-0.6370336899985035,-0.6959113548421642,-0.45373240794013847,-0.592865407106563,-0.2549382115379092,-0.22989263210047145,-0.31128508761938417,-0.08602139992103093,0.42866039444364923,0.9299102972246469,-1.089145034083067,-0.10968821037457935,-0.9117530204065225,-0.5156912668777032,0.0008323515432703504,-0.437545619376722,-0.7722399460821538,-0.015128565165245557,0.2590727941356972,-0.06253637828548869,-0.5593109154286827,-0.29395789606293576,-0.7341315331083811,-0.8113665253124961,-1.5541608441649128,1.4953435417030498,-0.3256980227798136,0.563976539120774,0.00797879361511798,-0.8191310453944534,0.022062318951359114
31111,Lincoln,Nebraska,-0.21865467945786357,-0.07025313084951286,-0.08020637591788594,0.1046670347684116,-0.2202356966604034,0.6478840458331191,-0.5903455455451916,-0.17169517609032614,-0.2619368456634184,-0.24126887789234927,-0.04689914616643984,-0.6362534599535646,0.35708444605339434,-0.651066577196751,-0.39603058362579246,0.5708646708950964,-0.5421918683626998,-0.9652505892807011,-0.30119564353919426,-0.25389888543791345,-0.4083891765926368,-0.5688802604828578,-0.7865283307142448,-0.05406244300553876,-0.7442198037529292,4.251058861356212,-0.8239202475215336,-0.6227372726019669,-0.6195720447809494,-0.4377796970968065,-0.5125955208681523,0.19515486806459728,-0.21928087089536658,-0.3552421775300422,-0.08602139992103093,-0.5859084785842107,-0.3899793964444555,0.6321020787854192,1.1778451396726801,-0.8719191765907609,-0.9182643771333749,-0.5073651198497859,-0.8032191460673664,-1.3030733994313026,-0.43978403629078094,0.3980336731458265,-1.7324910837101553,-0.825965843312684,-1.0277433853089886,-0.8680629529702236,-0.38192996252919614,-0.354556808206841,0.9000086430384084,-0.0535356401590872,-0.23056973689249013,-0.06805376596279657,-0.1370326637645329,-0.17331638718675385
31119,Madison,Nebraska,-0.21811285409731823,0.8403708443179969,-0.32776935366552484,-0.6109824802598833,-0.16308896139688334,0.4994747031489373,-0.5509596226247988,-0.04057863966619626,0.07982087362288254,-0.13011191784056356,0.42988575304842885,-0.7395047626274167,0.17524962985544015,-0.12162869157474956,-0.8240861735596857,0.7399699816836185,-0.4008284903877476,-0.8407702973806529,-0.25853082057437893,-0.12437256212367173,-0.20997248274931166,-0.26102793460128865,-0.23224944622937635,2.0032516476009166,-0.809038918493139,0.42225320357783497,-0.7401248781376172,-0.638778242310826,-0.707106371453417,-0.4551973534274779,-0.5062774958101217,-0.2820346696674979,-0.14530938849297542,-0.3732282212517674,-0.08602139992103093,-0.24224000261348572,1.606374747568848,-1.4571681774529808,-0.3114889424934471,-1.1587228520642443,-0.8652942310471023,-0.42539778575413156,-0.8032191460673664,-1.0363229203613786,-0.194709237034253,-0.33197414458738617,-1.0578396435769952,-0.8981848862812676,-0.9122112018957802,-0.7238882122776474,-0.8113665253124961,-1.0743192297816841,0.007006295041446424,-0.0535356401590872,-0.25334645564474295,-0.05812853023129688,-0.7167315262860395,-0.3977596942379751
31121,Merrick,Nebraska,-0.29819757117165313,-0.2882559877696919,0.12145026054592016,0.20508029298137556,0.14574080473692608,0.7165947240513696,-0.6631579141822932,-0.22805163125375333,-0.25020243672590625,-0.2697279780735861,-0.3408021921497711,-0.6018363590622807,-0.15862902095122244,-0.3373256079392697,-0.5387157802704237,-0.3594708315752694,-0.2872204777881274,-0.455964183401028,0.33728498226844617,-0.2504205304977281,-0.3837856818608489,-0.3179236678128179,-0.3749082568409721,1.6522931802023042,-0.5935679341040078,0.6051840941242145,-0.8221475318221383,-0.6392557898518786,-0.7113256406183041,-0.4557406240919663,-0.15034558743170148,0.5979134311504251,-0.18868031619802658,-0.28766198414227834,-0.08602139992103093,-0.37934658867049137,1.3583094519673322,-1.1568004858120897,-0.3699962617649579,-0.9356533266959792,-0.6322255882675024,-0.13031538300977621,-0.5632458941766305,-1.0123153772450855,-0.0003395686583860539,0.9538771891863436,-1.1553177984251324,-0.6509735468888077,-0.43384551273622596,-0.8680629529702236,-0.8113665253124961,-0.8343984225900698,0.9000086430384084,-0.0535356401590872,-0.34215132867632864,-0.06762434057363942,-0.0946051512525081,-0.30733649139719554
31123,Morrill,Nebraska,-0.30731488115747835,-0.30803684531552644,-0.45491225144410263,0.5103426822453045,0.46692164785645446,0.6867873692081845,-0.6510694414778367,-0.08822907067285175,-0.32606631304908906,-0.752382980042121,0.390621945535628,-0.22324824925815678,-0.394005232632153,0.2705475199971068,-0.8240861735596857,-0.0006437734044435992,-1.034694389975511,-0.5655927154725289,-1.6146623078280231,-0.2835992554600365,-0.4363080233618744,-0.5649994217099542,-1.0059892735387437,-0.1297929733198051,-0.8048624265303064,4.5250020382704,-0.8284247726140225,-0.6154361002857868,-0.7095877101990063,-0.4542541253903906,-0.5563989281541294,0.4628977263382372,-0.21860356603374592,-0.35850555299783887,-0.08602139992103093,-0.6589691704704177,-0.49198546799665377,0.7628172184309907,0.3246152619268498,-0.7524176451434761,-1.1725210783474835,-0.704086721679357,-1.1003288865035157,-1.4897987347802495,-0.6320409908799538,-0.4690822118773804,-1.7940562341405577,-0.9565156517558927,-1.4792556480535812,-0.9236329684769536,-0.38192996252919614,-0.8343984225900698,0.9000086430384084,-0.59786040540054,-0.3555703158130298,-0.07021052346242694,-0.48107302749410075,-0.8159670073765815
31125,Nance,Nebraska,-0.3106039075352752,-0.4791236030688063,-0.5114029088168984,0.6960949396692541,-0.14278448161635054,0.7808481542312775,-0.6571159093305975,-0.22621990084451726,-0.5586651466481386,-0.7248012817868049,-0.481624317496068,-0.7222962121817748,0.008996732599326497,-0.4549784714108239,-0.6814009769150549,-1.1079162276799415,-0.5845781780459481,0.2281463674548578,-1.3506011238644102,-0.2703575565458772,-0.43095250765632526,-0.44648736963784535,-0.6020092340654938,1.1520906818288887,-0.7507215431314213,1.6001262333352013,-0.6468849440590235,-0.6063676220353059,-0.704561887790563,-0.4537406658932783,-0.23118799794480033,0.18544221617893283,-0.08185486307707422,-0.2908802047074713,-0.08602139992103093,-0.503780804161738,0.7946877258219666,-0.5551133071742963,-0.40620124920266787,-1.0232877830906548,-0.7063837927882844,-0.21228271710543062,-0.6318096804311266,-1.0123153772450855,-0.015128565165245557,0.25351435897529184,-1.3707958249315408,-0.7315255563537667,-0.7267352101459269,-0.9236329684769536,-0.8113665253124961,-0.5944776153984553,1.4953435417030498,-0.0535356401590872,-0.36092293829712535,-0.06924728587403539,0.017395573551589664,-0.15878408673019997
31127,Nemaha,Nebraska,-0.30049081040033965,0.5329267440333962,-1.1967165302290403,0.10501079241741623,0.02484681698743894,0.6911459780178267,-0.5924691790804617,-0.24709753675979715,-0.3315532004364666,-0.03318092857942599,-0.49911720107127056,-0.46416795549714485,-0.02601110290877341,-0.807937061825493,-0.25334538698116177,-0.16478856347085868,-0.8477784954155863,-0.40973024731272983,-1.3221163897342247,-0.2640293449255418,-0.39421698216662054,-0.3342263861078967,-0.4411914352425467,1.90587328954199,-0.28510445758486985,-0.16370252725333173,-0.46924487132087334,-0.6320645445322824,-0.7089561159270595,-0.45364969043229936,-0.4755288846641725,-0.20250904015672522,-0.23154605582840826,-0.28948687358759656,-0.08602139992103093,-0.40899974445378395,1.7475659110668125,-1.5224415198950663,-0.435004394288859,-0.8400521015381515,-0.37796888705339393,0.05001275200066485,-0.3575545354131431,-0.8882764044775708,0.5827694364692148,0.06823318696178615,-0.03431901767155439,-0.4704259394673484,-0.22901007403605111,-0.9236329684769536,-1.240803088095796,-0.8343984225900698,0.9000086430384084,-0.0535356401590872,-0.34767239032950414,-0.06732821092418088,-0.6223011246486921,-0.7513790053474533
31129,Nuckolls,Nebraska,-0.30876170130942104,-1.1674716088244332,-1.4628268109192955,1.8040824634204757,-0.18426949207715046,0.7250446713324498,-0.6768090499246846,-0.21493626692193288,-0.16484671482369914,-0.64536745640254,-0.4838836408674,-0.5674192581709984,-0.4872221750243092,-0.21967274446771134,-0.8954287718820013,-0.5264385664971619,-1.4340075335559164,-1.7420225883051264,-0.48656418858211464,-0.273996652915247,-0.4107057500647794,-0.5331964061440131,-0.363344528539374,1.4655967333685092,-0.8241872459035953,1.6090194384675722,-0.6989259808789499,-0.6393997489025706,-0.7117654305339074,-0.456108378471791,-0.5815476935927277,-0.3642088022856423,-0.21838716923608967,-0.387043840526567,-0.08602139992103093,-0.4632948107184902,1.0701316492842066,-0.840384788249298,-0.31116129554830946,-0.7444508763803236,-0.5156912668777032,-0.015561115275859598,-0.40326372624947354,-1.056329206291623,-0.31935935044921154,1.1632449135616048,-0.8808398360895879,-0.4954248389564737,-0.41136357434230436,-0.9236329684769536,-0.8113665253124961,-0.5944776153984553,0.9000086430384084,-0.0535356401590872,-0.3533057447620663,-0.06938282452658508,1.9232162709003426,0.9375972477142543
31131,Otoe,Nebraska,-0.2740145873769346,-0.0319839424585276,-0.17014891606510538,0.1142033396107497,-0.10539715427825934,0.698262059817116,-0.6101034562496261,-0.226181718993304,-0.301083677275015,0.03816463227070081,-0.0869353120018372,-1.0664672210946144,0.7256277182945481,-0.4549784714108239,-0.5387157802704237,0.22097496788072427,-0.5243512244818562,0.15300438025149068,-1.4525808208648454,-0.24786049414056607,-0.3309653702921928,-0.25296968220643884,-0.42132231770332124,1.9172808878890126,-0.4504431343883625,0.0969004334469306,-0.5506161253182488,-0.6351249662260561,-0.7004397125915184,-0.4531990254137769,-0.5421996405830103,-0.2856119119986975,-0.21905631295678774,-0.31903461757514257,-0.08602139992103093,-0.35324321205799636,1.6839848867570761,-1.4846986450533066,-0.27897742971001627,-0.9197197891696747,-0.49450320844319384,-0.015561115275859598,-0.437545619376722,-0.7482324029658608,0.33769463721268683,-0.0688748803282081,0.18628943803738757,-0.5593109154286819,-0.22838557574733076,-0.8680629529702236,-0.8113665253124961,-0.5944776153984553,0.9000086430384084,-0.3256980227798136,-0.31295520603580734,-0.06547875235067796,-0.5680316805983995,-0.5656884995137088
31133,Pawnee,Nebraska,-0.31325738740908105,-0.7564755318619559,-2.229848216980128,1.8074298884556383,-0.3237228111226628,0.801342321734048,-0.6396342971203234,-0.2836026144698156,-0.4602624123110108,-0.5317288582318042,-0.5646495949569018,-0.2404567997037988,-0.5982862492441242,-0.003975828103191509,-0.8240861735596857,-1.43057155130804,-0.20371514000559812,0.3562418573381387,-0.07156708645778422,-0.28602479851951884,-0.45086267104591954,-0.49638410995868115,-0.4352387190588441,1.0093295854311024,-0.37981514757323775,1.5886310155665504,-0.3669442232961375,-0.6237162438852513,-0.6853928272211554,-0.44101897915927035,-0.6040671000845197,-0.38201816922353127,-0.24018060129812988,-0.3587667471540301,-0.08602139992103093,-0.48479667596456055,0.8219510187310614,-0.5898153232339777,-0.4173486918588281,-0.8002182577223899,-0.44153306235692125,0.0008323515432703504,-0.39183642854039075,-0.9456277574776045,0.8954510768999574,0.5277304935552803,-0.35240562822863375,-0.4898695279588899,-0.08599996591916086,-0.9236329684769536,-0.38192996252919614,-0.1146360010152266,0.6023411937060877,0.2186267424616392,-0.3622891671129959,-0.06962802281719521,1.7132752198345431,0.8713945456343978
31135,Perkins,Nebraska,-0.3124431849753967,-0.187019354497855,-1.0182597975465153,0.6794085980886247,0.5038758643370959,0.7769940485953449,-0.6475993990671373,-0.2924236539281134,-0.5911087053039622,-0.28370410350704706,-0.3889887769614721,-0.8599646157469105,0.5299956963375192,-0.08241107041756218,-1.252141763493579,-0.795190787234369,-1.4489007617325131,-1.2470068983431826,-1.1955175713778443,-0.2835278990216493,-0.4617148522401061,-0.6518339230575452,-0.36485488523111403,2.1139244138623514,-0.7019391047316472,0.6285707561474222,-0.8295411063917354,-0.6393997489025706,-0.711788436048972,-0.45541939992687325,-0.625785376091503,-0.3670101949799449,-0.247428233797112,-0.4248036414981213,-0.08602139992103093,-0.5218404089376404,1.7638070059929516,-1.4895144285697508,-0.08130207049129054,-0.7763179514329328,-0.9288584063506297,-0.3926108521158693,-0.7917918483582836,-1.3870998003383288,-0.9109192107235891,-0.29491791018468483,-1.7760997319316902,-0.773190388835642,-1.450528726772459,-0.9236329684769536,-1.240803088095796,-1.0743192297816841,0.9000086430384084,-0.8700227880212664,-0.3638425505611775,-0.07020603410805303,-0.838919225652602,-1.1615128182324184
31137,Phelps,Nebraska,-0.29445165421955855,0.06661117180199444,-0.48883644218773786,0.18208156357562916,0.02950479170321762,0.7531292854525353,-0.6580779983786829,-0.22588925156017164,-0.42839728622557094,-0.5723492450389632,-0.2829989652546206,-0.7739218635187005,0.39113128215538956,-0.7491106300897147,-0.9667713702043169,-0.027764120625600828,-1.2770968938610197,-1.1844782428511258,-1.3143478258805374,-0.25632540556968064,-0.38138184032378325,-0.4031792315090416,-0.3108246096171868,2.244717182345403,-0.7660885453827894,0.18698324832333807,-0.830798759169652,-0.6393997489025706,-0.7124843629454858,-0.45114498330864994,-0.519354244830619,-0.09749046947139547,-0.23354012635525423,-0.39758940345009286,-0.08602139992103093,-0.391742488005474,1.8635622482222032,-1.6426661113245162,-0.33749219550300746,-0.8958194828802176,-0.7275718512227938,-0.17949578346716838,-0.6660915735583751,-1.165696902710292,-0.10597525799309636,0.6148126444016281,-1.6324477142607514,-0.6954160348694752,-0.7673275989127297,-0.8680629529702236,-0.8113665253124961,-1.0743192297816841,0.9000086430384084,-0.59786040540054,-0.33689228350838857,-0.06739300602798975,-1.4311993622104975,-1.896201341313754
31139,Pierce,Nebraska,-0.2999753441113884,0.0905290191527019,-0.233242701991861,0.032756335910426274,0.26434397262588355,0.7768555840074229,-0.6486592097060364,-0.29193385148925,-0.5214856721129327,-0.6704275876071744,-0.539296865365126,-0.8943817166381945,0.8060770971484561,-0.6706753877753437,-0.8954287718820013,-0.5210697220421664,-1.3654175033315075,-0.7549054888991169,-2.036185752175864,-0.26632040559501247,-0.40859970115468996,-0.4976588338651118,-0.26614693509032117,1.9593001502835234,-0.8110080536437998,0.7512663875300296,-0.7625346970824519,-0.6382795184504675,-0.7041526327614684,-0.4556013947007163,-0.5969676417166512,-0.23616966202755763,-0.21829308226678906,-0.40090930481724896,-0.08602139992103093,-0.42235111510380313,1.562207981150674,-1.3364684356299994,-0.3120697711689184,-1.24635730845892,-0.9712345232196476,-0.47457818621152376,-0.8832102300309453,-1.1203493212684048,-0.015128565165245557,-0.5617227978841333,-0.5730140839375759,-0.9842922067438096,-0.8578798507771365,-0.9236329684769536,-1.240803088095796,-1.0743192297816841,1.4953435417030498,-0.8700227880212664,-0.3491134809982991,-0.06828740653302533,-0.8108434017152777,-0.7885171065142021
31141,Platte,Nebraska,-0.22288384605584996,0.7317813422333218,-0.5317484864317429,-0.4093558792522823,0.3499313709155798,0.6142665696488553,-0.6062682838619047,-0.1447069318396001,-0.2184617537766101,-0.04767121886400713,0.7621185142828616,-0.9460073679751205,0.48613293773031163,-0.3373256079392697,-0.7527435752373701,-0.10545024868528373,-0.8400218571566003,-0.7247046262284104,-0.864283215636151,-0.1296408480670099,-0.20626340426418532,-0.2668198231806328,-0.3960461804283695,2.1362843971061225,-0.8173990223639,0.1627621174779617,-0.7797753663702897,-0.639086309114835,-0.7088298935787837,-0.45603936514733856,-0.4297883106383086,-0.18805043813879505,-0.16183627731459055,-0.3066869891658464,-0.08602139992103093,-0.288836819476731,1.7335793582785441,-1.5607217847944854,-0.23020271401338943,-1.0631216269064165,-0.7487599096573023,-0.24506965074369283,-0.6660915735583751,-1.0056466152683374,-0.2897813574354925,-0.18745483041685151,-1.1014482917985302,-0.7704127333368503,-0.8878557686356985,-0.8680629529702236,-0.38192996252919614,-1.3142400369732985,0.6023411937060877,-0.8700227880212664,-0.25753871940851014,-0.06066129874952837,0.9818108216926414,2.0985665841878367
31143,Polk,Nebraska,-0.30564254450411943,-0.4344599230173944,-0.8698930932298765,0.8334815733732671,-0.059666727203028694,0.7742173329251003,-0.6666745434726283,-0.22507860937474727,-0.546970379441185,-0.30007622462571926,-0.2583296056831821,-1.3073869273336023,0.7372283539825263,-0.23928155504630408,-0.8240861735596857,-1.427363803761261,-1.8334897385696869,-1.4623079543659199,-1.6193483980492047,-0.2581626728938416,-0.39960077248977544,-0.4922701531838595,-0.3239512099802606,2.176692857171876,-0.8235367044170422,0.3187600542334149,-0.7614967792816987,-0.6371276719842434,-0.7079437856986887,-0.45435940464449953,-0.4855057867590734,-0.3235095591112277,-0.22182931348593946,-0.38889552325931437,-0.08602139992103093,-0.43182416037934873,1.7705893486021025,-1.5349713371622933,-0.4117861403129686,-0.9675204017485887,-0.6534136467020117,-0.11392191619064394,-0.5746731918857134,-1.0509941967102245,-0.1334405372201212,0.46473489507068844,-0.9090571967035225,-0.6676394798815585,-0.5962150678034374,-0.8680629529702236,-1.240803088095796,-0.8343984225900698,0.9000086430384084,-0.8700227880212664,-0.35289400457098197,-0.0684151927585133,-0.9500845800014797,-1.3811120251314548
31145,Red Willow,Nebraska,-0.2895020063313335,0.06286952722555585,-0.722341714309702,0.30181840077579963,-0.07546321598612223,0.6982570012226949,-0.5963243404898428,-0.21319384825578241,-0.45624706735933207,-0.5395176184553169,-0.29813161282909645,-0.4297508546058609,-0.37492253013950244,-0.3961520396750457,-0.8954287718820013,-0.15948793823003093,-0.46710220606534275,-0.455381127983855,-0.2966659610475441,-0.24341492802108,-0.37672127935519373,-0.4824156005976345,-0.5768204678510235,1.044683447557442,-0.8007556785270437,2.470019062498643,-0.8307724577403547,-0.6393997489025706,-0.7127453779516705,-0.45604729668220023,-0.4491486103618938,-0.3379987610309681,-0.22925324649732765,-0.4118860570465184,-0.08602139992103093,-0.48733501682618224,0.6662921446093645,-0.43738462293111774,-0.20527920661848717,-0.7444508763803236,-0.6110375298329939,-0.031954582094989546,-0.48325481021305244,-1.2417207892452202,-0.8728903625630934,-0.10963673817117914,-1.8299692385582924,-0.5426449824359327,-1.3218820792961299,-0.9236329684769536,-0.38192996252919614,-0.5944776153984553,0.3046737443737671,-0.3256980227798136,-0.3298552693334937,-0.06776529063621338,-0.8484692184489744,-1.1712010185367878
31147,Richardson,Nebraska,-0.29787540474105856,-0.7899905473587295,-0.8794113360348111,1.1657653043192147,0.1203953944839524,0.591241886036879,-0.6424880418042999,0.3015581042114259,-0.3853687079639889,-0.48173264732548887,-0.5687582281455759,-0.37812520326893484,-0.37856059931975594,-0.3961520396750457,-0.5387157802704237,-0.523000104712027,-1.721094489528504,-1.2662122505090965,-2.133692613555155,-0.2702740402174332,-0.410252264702601,-0.3324189360087052,-0.5783264851094618,1.7001854041803817,0.19799916126771908,-0.18034378470974263,-0.43235611343155,-0.6343701816780875,-0.7089298354682333,-0.452744103338704,-0.5040786231541226,-0.1642712775306836,-0.227516202022192,-0.3114743350367733,-0.08602139992103093,-0.4518545869438029,1.7636374228980436,-1.5195647359901252,-0.3269777071726812,-0.7444508763803236,-0.2826226240981033,0.13198008609631925,-0.28899074915864703,-0.9963103485008901,1.0391156143951634,0.19237157221083495,-0.24210140037416278,-0.3815409635060149,-0.15344578110092516,-0.8680629529702236,-0.8113665253124961,-0.1146360010152266,0.9000086430384084,0.2186267424616392,-0.33575064025129125,-0.0679230000230095,-0.4985780098553146,-1.1986509193991672
31151,Saline,Nebraska,-0.27925125626696207,1.2598430395927518,-0.3144038630734665,-1.0040903392108402,0.6349014001013968,0.4041425541878576,-0.5593646952098893,-0.0912717815013854,0.5176711997316717,1.9818034321142748,1.2057365386052592,-0.9115902670838365,0.2893339879230128,0.13328584594695764,-0.46737318194810806,0.12280466977017959,0.26701513880191946,0.047961127442238245,0.5505433590225302,-0.2532672658888735,-0.40689449451688675,-0.4011183152319027,-0.19704928190074394,1.9954799165374426,-0.801945852559045,0.4225505166128755,-0.5912682661909486,-0.639275639553704,-0.6968336671070798,-0.45550209688392457,-0.6097295436631543,-0.38854241519668625,-0.2509802932402187,-0.3661325258744082,-0.08602139992103093,-0.36706427465832725,1.6019320078193815,-1.3989581119128671,-0.3108262020816914,-0.8958194828802176,-0.5474733545294665,-0.11392191619064394,-0.48325481021305244,-0.7508999077565599,-0.22217451626127785,1.1725089721622801,-0.5396662941211078,-0.5926427814141826,-0.1534457811009256,-0.7034015706161801,0.47694316303740386,-0.8343984225900698,0.9000086430384084,-0.3256980227798136,-0.33034187137750237,-0.0657262343268839,-0.35811575120255335,0.4531872324957914
31153,Sarpy,Nebraska,0.2273466694857388,1.1310043238229233,1.2570504416185717,-1.6680056088104676,0.044444009322337455,0.34854609067707026,-0.32133231960512365,-0.2048999308016802,0.6884224836066867,0.44284025729500764,0.021787887136935597,-1.4794724317900223,1.9421843236083807,-1.2001132733973472,-0.7527435752373701,0.3289873509040894,-0.47788356856269226,-0.7972200364240414,-0.2001666576677321,0.8807382398638326,1.9240597558775208,1.9590305007760085,0.42016450063345023,0.9747543568869269,-0.5762891186568625,-0.02575468869664401,-0.5728842586071031,-0.6252421782365213,-0.7007776701539598,-0.4545626225878334,-0.28232589257719887,-0.2141496598099545,0.11022056980704932,-0.0792543648227225,-0.08602139992103093,1.5512167691792251,0.6990058859141707,-1.3492994161784233,-0.5556231492283948,-0.9754871705117408,-0.4839091792259392,0.03361928518153257,-0.47182751250396965,-0.7722399460821538,-0.006677710018468913,-0.3115932156659003,0.8994190971895495,-0.5759768484214326,-0.24961851756381206,-0.8263214205849839,-0.8113665253124961,-1.7940816513565272,0.3046737443737671,-1.1421851706419928,0.10327669622393246,0.08731243005961561,-1.1445387156007656,-0.11034308520835356
31155,Saunders,Nebraska,-0.25771296598885135,-0.008556819763724466,0.25842456947265247,-0.12081674856173714,0.3171110444949538,0.7676648786719459,-0.6456695631341764,-0.27403807771062116,-0.3668160305021297,-0.6156936196851361,-0.5296528681141626,-1.3073869273336023,1.0546327292559654,-0.9255899252970493,-0.8240861735596857,-0.7964303421687356,-0.9670333966365243,-0.5776719122669136,-1.0517786985254935,-0.24316657388146062,-0.3244844353901962,-0.37253269639361364,-0.2892388401176181,2.071438121085095,-0.6103373800232964,0.13656012008242147,-0.6895350466787675,-0.6380818790991951,-0.7095889751736998,-0.45567295826013315,-0.5356885449894561,-0.27762539217150967,-0.15305667049799668,-0.3179273290144635,-0.08602139992103093,-0.3554702925692971,1.763422307833479,-1.5609678644705303,-0.17417508639485219,-0.9754871705117408,-0.5898494713984844,0.017225818362402626,-0.5175367033403001,-0.8829413948961724,-0.14400410615359238,-0.1244592319322596,0.4889847609868662,-0.6176416809033078,-0.37888966332886226,-0.8680629529702236,-1.240803088095796,-0.8343984225900698,2.3883458897000116,-0.59786040540054,-0.29397772631946845,-0.06494853241456282,-0.9200867558162518,-0.9419136113333819
31157,Scotts Bluff,Nebraska,-0.2165928143020586,0.42945187180009603,-0.7608261142546112,-0.016740905599179737,-0.6432577484125804,0.4985944363057536,-0.6039708724315093,0.2047190813792421,-0.27035720355097037,0.017258672179127906,1.0336872442258969,-0.2576653501494408,-0.37471660169533716,-0.06280225983896945,-0.1820027886588462,0.5761217078018193,0.5732592013387111,0.6514471519766868,0.17289347549687062,-0.13999800202525167,-0.22698860894408962,-0.234000068266584,-0.44530343475290307,0.7474521128324373,-0.7345751466833754,2.538937055030683,-0.8290975811862773,-0.5556200782489191,-0.7100953438358516,-0.45206784770011416,-0.5362180501971152,0.2674586197880836,-0.05525215329368982,-0.3245699274330428,-0.08602139992103093,-0.29936099835532853,0.403576292460352,-0.26312133535117666,-0.18498743558439437,-0.6727499575119529,-1.1513330199129748,-0.7204801884984869,-1.1117561842125985,-1.5111387731058434,-0.817959804109044,-0.9693413763138456,-1.7966214487418244,-0.928739096767976,-1.713442506323598,-0.8365647414157176,-0.38192996252919614,-0.8343984225900698,-0.29066115429087425,-0.0535356401590872,-0.22343914540143972,-0.060891702765372674,-0.4954168890040426,-0.7093968040285196
31159,Seward,Nebraska,-0.27028917192496876,0.9490845004963435,-0.6746977153185528,-0.538361840190192,0.5031385416106566,0.7478379048359639,-0.6289384752000352,-0.2727258689299384,-0.378151575259238,-0.42098768893329896,-0.514238120073232,-1.2557612759966765,1.1373473209956917,-1.00402516761142,-0.7527435752373701,-0.01683346205172753,-1.2281182009556164,-1.4717508395978343,-0.7951869916155101,-0.24770455783459108,-0.3690703179443364,-0.35316249945419786,-0.27592591193604055,1.9268060350510217,-0.7378495683791376,0.5295529209413895,-0.6227701383495977,-0.6392755619745861,-0.7044171265741374,-0.4558050244807811,-0.6106514084807159,-0.2912674786143643,-0.24836665677432357,-0.39049313708113176,-0.08602139992103093,-0.3595220550104276,1.56331655000952,-1.3646715797881181,-0.3110942768549859,-0.9515868642222841,-0.6428196174847571,-0.09752844937151399,-0.5518185964675486,-0.8989464236403678,-0.18203295431408803,0.6166654561217632,-0.5550575817287084,-0.6509735468888077,-0.4019961000115033,-0.9236329684769536,-1.240803088095796,-1.0743192297816841,1.197676092370729,-0.8700227880212664,-0.31362896271212704,-0.06461147793669257,-1.2060697764996269,-1.2228714201600905
31161,Sheridan,Nebraska,-0.3055458945749411,-0.6584642058447696,-1.7433323393516413,1.4748404878609631,-0.3225671622150193,0.08084974634675783,-0.6399500856447525,1.5379205154723883,-0.3076908041167215,0.8437070754311968,-0.26659978343004065,0.00046290653518882833,-0.6564267133134587,0.9176382690906666,-0.8954287718820013,0.34741810815227875,-1.013127171372442,0.014882146294677169,-2.3812670672509855,-0.28985024519999214,-0.45850037907687496,-0.5796946131051413,-1.0591419068924857,-0.3947998663542673,-0.8062848063130348,4.7811267823944945,-0.8290008450044073,-0.45063593214741887,-0.7113744499097602,-0.4329105573399929,-0.6132207167417363,0.6534097042323324,-0.2572312380581087,-0.2846747588198896,-0.08602139992103093,-0.6864784683932706,-0.753561603882702,1.0290036802176785,1.099068388931518,-0.9834539392748933,-1.3526195750408108,-0.9172017903280579,-1.294592947557921,-1.4471186581290616,-0.5306307291186322,-0.4857575173585959,-1.5093174133999463,-1.1676174696640613,-1.365596959506533,-0.9236329684769536,-0.38192996252919614,-0.354556808206841,0.3046737443737671,0.4907891250823656,-0.3506855799097118,-0.07044541736015203,-0.7273833253044016,-1.3165240231023267
31163,Sherman,Nebraska,-0.3121210185448022,-0.9091753972968509,-1.8483962146147441,1.758139510797157,-0.43535170705071446,0.7974213472164419,-0.68415078923177,-0.3406689202329334,-0.4780387789798602,-0.5714317340858469,-0.5417238750776321,-0.3609166528232928,-0.4796028225901933,0.13328584594695764,-0.5387157802704237,-0.7116920919683909,-1.370922461481666,-0.2010225114183151,-3.003634565806471,-0.27244205380804004,-0.3901424140923359,-0.34796808483324343,-0.6735141510909706,0.4203297925913707,-0.8167869988100832,3.4428060963253166,-0.7966442257779043,-0.6370227386772199,-0.7122518560065861,-0.4557001601020851,-0.5361241609826395,-0.024023909032532095,-0.23381982473657667,-0.3039580005655115,-0.08602139992103093,-0.4775459566451876,0.044283719081038876,0.16311872702170682,-0.31424415544119544,-0.9276865579328271,-0.801730055743575,-0.3434304516584772,-0.7460826575219532,-1.077669244617217,0.16656482049045607,1.2336517589267368,-1.5631869200265485,-0.773190388835642,-0.4201065503843846,-0.9236329684769536,-0.8113665253124961,-0.5944776153984553,0.9000086430384084,0.2186267424616392,-0.3616528413631384,-0.06979163591444543,-0.6068740324655819,-1.1921921191962543
31167,Stanton,Nebraska,-0.3035718929911164,0.09102193763473725,-0.043520514863833674,-0.06218276645294055,0.31580432135551423,0.7198188319902937,-0.6173541384984685,-0.24678688813068092,-0.4160136198031862,-0.49995714588449325,-0.29555351774011296,-1.2901783768879602,0.4340330413564924,-0.7883282512469002,-0.9667713702043169,-1.285927219780332,-1.2546639047440407,-0.9247226254153968,-0.8899342167245123,-0.24436499415348253,-0.396963865768922,-0.45857888864837953,-0.4722890820575858,1.794591611675956,-0.8147296933086519,0.8822786141823198,-0.6974855940356192,-0.6382381968888512,-0.7068540642143335,-0.45539880466120136,-0.4549165939192754,-0.2844223960290089,-0.15996769412540124,-0.3680112485918309,-0.08602139992103093,-0.45694276318852506,1.3983477772687525,-1.1622257646341128,-0.4189943731059968,-1.1826231583537015,-0.875888260264357,-0.3434304516584772,-0.7803645506492016,-1.0376566727567282,-0.325697491809294,-0.559869986163998,-0.6448400927730453,-0.889851919784893,-0.9278236591137814,-0.8680629529702236,-0.8113665253124961,-1.0743192297816841,1.4953435417030498,-1.1421851706419928,-0.35590719415118965,-0.06801646764271096,-0.9898539915671349,-0.7755995061083761
31169,Thayer,Nebraska,-0.3062575895079817,-0.3508000361385022,-1.5900183162568147,1.1150423668053793,-0.1970087321018845,0.7880787262881551,-0.6467576590460276,-0.2743126665102333,-0.48509004304792064,-0.6784266693115885,-0.4780982737456458,-0.6362534599535646,-0.22534983686077756,-0.5138049031466021,-0.9667713702043169,-0.8655886732618631,-2.0208828826905476,-1.797697475801722,-1.8740081135065707,-0.26288209766466447,-0.37181428886528795,-0.47414406241608376,-0.30554044438195843,1.933125525836607,-0.8221749064368904,0.7356679162932411,-0.6950540741964524,-0.6393997489025706,-0.7115189314675225,-0.456108253613083,-0.6020371261492947,-0.37024433413775537,-0.21180762427356414,-0.3839950557388433,-0.08602139992103093,-0.41322221818145594,1.531382948832339,-1.3104409389401797,-0.311689998573418,-0.7524176451434761,-0.4733151500086845,-0.015561115275859598,-0.38040913083130873,-0.8309250514775371,-0.27287964714193885,0.9649940595071537,-0.3729273450387679,-0.4815365614625153,-0.23525505692325166,-0.8680629529702236,-0.8113665253124961,-0.8343984225900698,1.7930109910353704,-0.3256980227798136,-0.3500492541598543,-0.0690699579164562,-0.04697496448211182,-0.7885171065142021
31173,Thurston,Nebraska,-0.29975275639570487,3.1387255140066244,-2.417453719012254,-1.6877125567512221,-0.2649461539098709,-2.9691051850973813,-0.6316463453331088,8.299255632128565,-0.2955395261126931,-0.3389728586245,-0.2545668223118263,1.790152152881956,-0.46889454349359805,0.7999854056191101,0.388737997919678,1.3189729407236532,0.4332767085612931,-0.28052170826920464,0.3970210936522696,-0.25691736506596047,-0.38895295574044103,-0.39043455815033523,-0.48991358529465856,2.0343614287411977,-0.797722505350193,0.12959051246467895,-0.4394078805517492,-0.6393997489025706,-0.7123893453938313,-0.45532762201189264,-0.5246728764738027,-0.23028186483861837,-0.23428934111516028,-0.3777378066633128,-0.08602139992103093,-0.4385315637960641,1.6421267345384336,-1.407181488729725,-0.4449008213363119,-1.2304237709326153,-0.8970763186988656,-0.31064351802021495,-0.8146464437764492,-1.006980367663687,-0.3362610607427652,-0.6951252417338571,-0.018927730063953648,-0.9148508192740176,-0.8097934825456933,-0.8680629529702236,1.335816288604004,1.8047304565176885,0.3046737443737671,1.579438655565271,-0.35659966629074047,-0.06707570133811577,-1.2078450520814927,-0.4591182961656469
31175,Valley,Nebraska,-0.30873241345209423,-0.5688484727107495,-1.1447766918936746,1.0941880084085631,-0.08590800446153743,0.7914434489879604,-0.6671588313220839,-0.34045947829134904,-0.3765279905542777,-0.6458326914379222,-0.4550328385079778,-0.7050876617361327,-0.5313595048904037,-0.12162869157474956,-0.5387157802704237,-0.3279008899165208,-0.8233851783154821,-0.4490285602978377,-1.126283842589199,-0.26191057673745644,-0.4031285393247475,-0.4474589128069112,-0.6651794830020044,0.4145773826923003,-0.8003249867703376,3.4096430691568935,-0.7442273196665623,-0.6224734563893449,-0.7068101372086947,-0.45529066507925153,-0.5664312953118676,0.0724546768408529,-0.24165057971134557,-0.3449435777721824,-0.08602139992103093,-0.5111899808067106,0.04606855991894847,0.17590869845012927,-0.31517497062624567,-1.0073542455643503,-0.9288584063506297,-0.4581847193923938,-0.8375010391946149,-1.0643317206637208,0.20248095486425755,1.1095133736776883,-1.5272739156088138,-0.8759636422909346,-0.4363435058911061,-0.9236329684769536,-0.8113665253124961,-0.8343984225900698,1.4953435417030498,-0.3256980227798136,-0.3556638931291853,-0.06936491801428411,0.14862323807384595,-0.4235948950496265
31177,Washington,Nebraska,-0.2601995050758946,-0.15429743380662658,0.6271062044607014,-0.1701586821822245,0.0503666697287815,0.7468441381350741,-0.6304514338273087,-0.2879621657744807,-0.3992482958138657,0.10956998084881828,-0.48827379897039574,-1.3245954777792441,1.3368233405771393,-1.00402516761142,-0.7527435752373701,-0.8203842896529003,-0.8012626353950196,-0.41513791382881254,-0.8420366010232314,-0.16035842094307481,-0.21943252419818526,-0.1695545276558439,-0.4120841511572368,1.9009051443197353,-0.768824193183812,0.26244641321409995,-0.5738485609176232,-0.6388541840351843,-0.7120279898645457,-0.45546911083222025,-0.4496178385134844,-0.1636860357365011,0.10941597802640461,-0.3379044180155221,-0.08602139992103093,-0.27015206757698434,1.5237983273760116,-1.3648350976830008,-0.4470900986515498,-1.0631216269064165,-0.6216315590502485,-0.06474151573325176,-0.5632458941766305,-0.8896101568729204,-0.13766596479350954,-0.48946314079886594,0.8660713073730814,-0.6815277573755169,-0.41136357434230436,-0.8680629529702236,-1.240803088095796,-1.3142400369732985,1.197676092370729,-0.59786040540054,-0.2976085261863025,-0.0598635735023404,-0.5082312053687089,-0.3541627928683135
31179,Wayne,Nebraska,-0.2934236504273887,2.0626644741066067,-2.444468069039697,-0.682904739390362,0.07344677270189588,0.64656273234424,-0.5610305864540253,-0.23649807975229165,-0.28521172047052457,-0.11207012664293255,-0.23130380631319417,-0.46416795549714485,0.13269108472794616,-0.7883282512469002,-0.9667713702043169,0.9201394103498289,-0.14274951964399732,-1.5535948595779234,0.836726618027208,-0.24850172962435813,-0.36804724254083165,-0.45568525201621585,-0.28041765745685177,2.372004359612972,-0.8195184933722713,0.10850833041042056,-0.7912354445791534,-0.6392384277441973,-0.7092452570893304,-0.45620951754236083,-0.61839826353122,-0.39112634233907567,-0.2305377283901382,-0.4237425933882953,-0.08602139992103093,-0.39587650997860296,1.9647162034843755,-1.739225310464307,-0.4098128121206623,-1.270257614748377,-1.0136106400886655,-0.3762173852967394,-0.8603556346127798,-1.0896730161753634,-0.21794908868788954,-0.6098959026076447,-0.4550142122793046,-0.9815145512450181,-0.8909782600792987,-0.9236329684769536,-0.8113665253124961,-1.0743192297816841,1.4953435417030498,-0.59786040540054,-0.34821513876320614,-0.06646137710184424,-1.884388253029072,-1.92688064227759
31181,Webster,Nebraska,-0.3106976286787209,-0.36765827755598185,-0.9730639140530988,0.8233193945486548,-0.1439057973969608,0.737904164187649,-0.6274208626512782,-0.22851563510767164,-0.33667370358941007,1.1171597715215005,-0.3106400378868305,-0.37812520326893484,-0.4258554986630517,-0.5334137137251949,-0.39603058362579246,-1.0032148141883213,-1.529822030391497,-1.2174936735694664,-1.406169703561002,-0.28297538358346214,-0.4275726958319146,-0.5067003336868016,-0.44494052577482013,1.0682081593534918,-0.8167414755609218,2.327829325414172,-0.734326204055427,-0.6392753676018075,-0.7115187181799005,-0.4484108389790393,-0.5207709804417275,-0.35450943024110526,-0.20788318987575433,-0.3877354648512183,-0.08602139992103093,-0.48335395579453033,0.6822218445272314,-0.4545905654726432,-0.31176446378822187,-0.8002182577223899,-0.5686614129639759,-0.015561115275859598,-0.40326372624947354,-0.9883078341287924,-0.45034760522425216,0.8742062852205361,-1.0065353515516597,-0.5287567049419744,-0.5462552047058339,-0.9236329684769536,-0.8113665253124961,-0.8343984225900698,0.6023411937060877,-0.3256980227798136,-0.35974386411356585,-0.06962118226715198,0.2617713711874951,-0.15878408673019997
31185,York,Nebraska,-0.2808474444912713,0.34186149979389147,-1.0826911376410577,0.2242488505198481,-0.47555683399260046,0.6568688202675383,-0.5736336633493656,-0.21088479525710124,-0.27092043341369376,-0.31087311147244523,-0.32500190139664864,-0.8771731661925526,0.27642913875532105,-0.7491106300897147,-0.9667713702043169,0.009431767167884327,-0.8617593234724001,-0.9888312460016957,-0.6161903699861473,-0.20755693001939712,-0.3162605951248327,-0.41483273716942937,-0.19675643588039088,2.452180001005259,-0.8264710761278966,-0.19577411539521705,-0.7521005664842992,-0.6393997489025706,-0.7110304997515666,-0.45610838022816547,-0.6076644696673396,-0.1904275587636539,-0.24054464968224415,-0.40650691759257507,-0.08602139992103093,-0.3348822806404241,2.040513242350967,-1.839249991534649,-0.31115384902682913,-0.9197197891696747,-0.6216315590502485,-0.11392191619064394,-0.5403912987584657,-0.9843065769427435,-0.048931985752352886,0.8241803687768897,-0.9501006303237909,-0.6343076138960578,-0.42884952642646523,-0.6060900227242104,-1.240803088095796,-1.0743192297816841,0.6023411937060877,-0.3256980227798136,-0.31817682027728517,-0.06592028469391041,-0.6222871577773882,-0.8418022081882328
32001,Churchill,Nevada,-0.24795718071330244,0.17885877430544975,-0.06381125720869552,-0.13299999636436044,0.3473585507407071,0.11029255959451237,-0.4628769975771897,0.6109115075323903,0.9643465275630014,2.5275097211282933,0.33800896798370483,-0.4813765059427885,0.04208256929521699,0.30976514115429227,-0.25334538698116177,0.760710751716913,0.24834636609351324,0.10484808539888203,0.01380520222294989,-0.27798289132503884,-0.4394726783129762,-0.6262949172453725,-1.1928721284063142,-0.7613492501947458,-0.8153224869095085,0.12162238973428874,-0.8311360821974884,-0.2426719289864549,-0.712717305728751,3.4471562361921024,-0.6065928524444908,0.043445285119506995,9.081224476435823,-0.3420276139656356,-0.08602139992103093,-0.7307251556481222,-1.1185648679956453,1.4029702417381296,3.0021312045487267,-0.17084352543335618,-0.5580673837467212,-0.5401520534880482,-0.8260737414855321,-1.1616956455242429,-1.813047997642015,-2.2366645928862243,-2.2224470725521077,-0.4982024944552652,-2.374786194078126,-0.23220881240243207,-0.38192996252919614,-0.354556808206841,0.007006295041446424,-0.0535356401590872,-0.2689551519794832,-0.06985284982582693,0.6204907315058462,0.6501806386846328
32003,Clark,Nevada,6.3178122475176215,0.3703807260676266,1.3957764460376711,-1.036345809430477,-0.08304517111704747,-0.809358875183932,0.2938127006195433,-0.09921933847452452,3.821651044391426,6.161110716189496,1.5714670579035934,-0.20603969881251477,0.4399363234225641,0.36859157289006833,0.17471020295273174,2.202130416311258,2.0729634301123676,1.3098884490158214,1.3286929243253425,0.14507688762330562,0.21212219729121667,-0.3912625422925556,-1.0286708492898897,-0.8193639454200395,-0.8320474743327384,0.5088281560518128,-0.8310590017268873,-0.3062873686589492,-0.7029096001721578,3.5834310252322017,-0.599292553251439,-0.35638511476166074,1.9688516007735668,-0.30965852509956143,-0.08602139992103093,-0.32058872224119467,-1.1832554156196322,1.2887943673130668,5.262351529930409,0.7055010385133993,0.7344041807583315,1.7713267680094071,0.8880209148768669,-0.8669363661519769,-1.9588252489239155,-2.2626039569681153,-1.876143101381094,0.9545113314127848,-2.2042981612575536,1.5245207100683895,0.04750660025410388,-0.8343984225900698,-0.29066115429087425,-0.3256980227798136,6.354877741162328,-0.012060501409211935,-0.36808200911171224,0.8003477434023563
32005,Douglas,Nevada,-0.177678038271972,-2.0642800030278634,-0.8218448226826331,2.311074364412969,0.07149027342208793,0.5139001718103331,-0.6143128798063088,0.11391002687617245,0.38548151954698084,1.704350135245338,0.24503615063682982,-1.1008843219858984,1.4122617939563584,-0.08241107041756218,0.03202500630810057,0.024454027094362646,0.9324768201190112,1.5427477307284232,0.14198933756435242,-0.19082399596860625,-0.1846847479112078,-0.2084498448858494,-0.9065985438537233,-0.8011097040601015,-0.5088073003571986,-0.04473021365011486,-0.8312062859015042,0.17218410197270395,-0.7115982745170255,3.3289882030054665,-0.5406964417203898,0.38452011715701334,-0.21693093257867746,-0.09792594863812253,-0.08602139992103093,-0.4141849890708402,-1.0190205638138656,1.169530391924027,-0.19049041495841082,-0.2744115193543367,-0.9288584063506297,-1.2778580603489378,-0.9060648254491102,0.005337700406674903,-1.6355800395597018,-2.155140877200282,-1.989012543836832,-0.7759680443344334,-1.6915850662183964,-0.3704936436173364,-1.240803088095796,-1.0743192297816841,1.4953435417030498,-0.59786040540054,-0.0848698556383501,-0.05702450936314774,0.49838756985645927,-0.628661801492109
32007,Elko,Nevada,-0.16633485112931187,1.233479965837963,0.9429276812468931,-1.6059757735425642,0.8704253973547875,0.26712625827770275,-0.594952699192845,0.7042486747283672,0.05074951918236641,1.5177256390000318,1.0700752296571465,-0.6018363590622807,1.8921437116762143,0.23132989883992133,-0.6814009769150549,0.04484036385022176,-1.3948499075901903,-1.2001823496216482,-1.6083345074619804,-0.2938965655169418,-0.47482612500405674,-0.6830319442855862,-1.1589058640730387,-0.8197858927472752,-0.7494340509498904,1.0652745423011964,-0.7732481487834629,-0.2903613296261532,-0.6979434455418361,3.412271705022506,-0.5537700019379475,-0.10897623686165686,0.08706192833688382,-0.41790650845242155,-0.08602139992103093,-0.7549531930429367,-1.1462895584218378,1.4403848060781252,12.070050825570792,-0.7763179514329328,-1.2360852536510107,-1.6057273967315553,-1.4431478177759953,-0.8415950706403341,-0.8644395074163167,-2.1088205841969057,-1.6811867916848198,-1.217615268642311,-1.769647352308402,-0.5753600602320095,-0.8113665253124961,-0.354556808206841,0.6023411937060877,-0.8700227880212664,-0.2534587484241296,-0.07024797119669772,-1.616914073392775,-0.8385728080867765
32013,Humboldt,Nevada,-0.2716159118618717,0.8816031873337692,0.4300240234980651,-1.026363469582053,0.873547542747175,0.3897464798927456,-0.587039004763769,0.48808231658768214,-0.11613231149703795,1.8071199971596994,1.2769178382988073,-0.6018363590622807,1.1932912149939296,0.6431149209903683,-0.6814009769150549,0.027328829873146547,-0.34312527619383526,-0.5371629576650551,-0.012737482136984321,-0.29564853647219497,-0.4748302981468681,-0.6717664498778393,-1.1896777845729916,-0.7547847484168535,-0.7926719298338105,1.1547283725017086,-0.8230851606533601,-0.6016443159572094,-0.6973781905450666,3.341529090412627,-0.542243486270233,-0.1718303551488149,3.259689864410875,-0.42082354986175663,-0.08602139992103093,-0.7598278425501521,-1.101852260002902,1.3992864809634002,6.451419526442325,-0.4178133570910783,-0.759353938874557,-0.9172017903280579,-1.0431923979581024,-0.7842437176403004,-1.5679731983854872,-2.153288065480147,-1.8966648181912285,-0.7537468003441005,-2.01819767121898,-0.6982799102008133,-0.38192996252919614,-0.354556808206841,0.6023411937060877,-0.8700227880212664,-0.3243716386067804,-0.07052520209149106,-1.4155710825170595,-1.1695863184860595
32015,Lander,Nevada,-0.3047082618553953,0.5393013982916123,0.4754702281525229,-0.7336404699685766,0.633939659562154,0.3479279267369282,-0.5733024155818747,0.5906564517201834,-0.1502112197230657,0.3215764355665456,0.9616257343727236,-0.6190449095079227,1.7515632271260406,0.13328584594695764,-0.5387157802704237,-0.22254055473111348,-1.0953896820134938,-1.5108550407990307,-0.24115724838359293,-0.29556621275073997,-0.4765817573169221,-0.6842404769373786,-1.1952087110235972,-0.7903982577502524,-0.8075237716534043,0.2935667495152397,-0.8250566035600392,0.08344849203592493,-0.707941228560527,3.7614987301505147,-0.47245838813279945,-0.3177402165418651,1.1231747667963399,-0.4250448464341991,-0.08602139992103093,-0.7661342602677172,-1.1436384600518619,1.4426345869805661,3.370897841301146,-0.4735807384331448,-0.9500464647851382,-1.1467103257958913,-1.07747429108535,-1.0229853964078826,-1.2785314096083809,-2.129201513118391,-2.032621192058367,-0.8704083312933508,-2.0694065308940237,0.0750908125195775,-0.38192996252919614,-0.1146360010152266,0.007006295041446424,-1.1421851706419928,-0.3595005630915615,-0.0706801632790619,-1.5399630157195896,-1.356891524370532
32017,Lincoln,Nevada,-0.30573040807609975,-0.6020475730211976,-0.6596608065036161,0.8831774531859651,1.5381758267932533,0.454501659817315,-0.44189557224984055,-0.0010420057721739055,-0.25580199278806237,1.7930512962221716,-0.14070179283470316,-0.11999694658430474,0.21005153691937475,-0.003975828103191509,0.03202500630810057,-0.3883467666972602,-1.2310093172098018,-0.11710923592473124,-2.7463530962435043,-0.2910486472876402,-0.46911470198959515,-0.6907504701456777,-1.2511098049050602,-0.8201288580211558,-0.8173515770467032,-0.03339054741719462,-0.8310443879630084,0.4828400672037449,-0.7100002684316357,3.9234330178516026,-0.621667841790379,-0.381770186850866,0.6033972465929781,-0.42679671446467177,-0.08602139992103093,-0.7804073734462965,-1.1773588980802403,1.481580474637806,7.18143181325196,0.004425387355994558,-0.27202859488084863,0.017225818362402626,-0.22042696290415092,-0.9376252431055068,-1.124303303179704,-2.1736689944016327,-1.912056105798829,-0.12044134661959664,-1.9694868046988165,-0.9236329684769536,-1.240803088095796,-0.354556808206841,0.9000086430384084,-0.59786040540054,-0.35590719415118965,-0.07078787062170086,-1.137304530347563,-1.3229828233052394
32019,Lyon,Nevada,-0.1524758370422817,-0.42419612269510937,0.021870108800624344,0.3799119735569298,0.49017567659012906,0.417221152111551,-0.549697949962833,0.3339658895285283,0.21513067879046,1.7493780351288795,0.5968036560195529,-0.7395047626274167,0.2528846533057558,0.2509387094185141,0.6741083912089404,0.10968932889588873,0.6447507287627636,1.089103857630228,0.041294736239202816,-0.23256728221518924,-0.33185743933185097,-0.45153369499300067,-1.0211251339724372,-0.6321482251682807,-0.8018234871381507,-0.3766361688793576,-0.8311992617413859,-0.04115103745709318,-0.712257660842353,3.9438739174634816,-0.3963083369774742,-0.28997802768646835,1.81047333976301,-0.382613725616112,-0.08602139992103093,-0.5819685668365,-0.9852421588628013,1.2091280049459614,0.7677652017469956,-0.16287675667020432,-0.5898494713984844,-0.6385128544028326,-0.7803645506492016,-0.9242877191520106,-2.0116430935912706,-2.1773746178419024,-2.1634471367229726,-0.5093131164504313,-2.2879809319460396,-0.2834254165561003,-0.38192996252919614,0.1252848061763878,0.3046737443737671,-0.0535356401590872,-0.1090502341329357,-0.06494773022652671,-0.12091085954696722,-0.5011004974845806
32021,Mineral,Nevada,-0.30771612480285515,-0.9939293489687585,-0.8185299426426629,1.323330167824994,-0.22655693130830018,-0.84994371519849,-0.2915709121328001,2.572694203146956,0.733701249022418,1.6547998529715617,0.24522644088201487,0.2413826127741769,-0.8203457548690324,0.1528946565255504,0.03202500630810057,0.10791352208976182,0.6022404480657474,0.659657324638836,0.5436336957929302,-0.2916490457000688,-0.4717425489264235,-0.6784911084538341,-1.204063437926603,-0.818048043692397,-0.8286925721466599,-0.4485364789848452,-0.8312706826420362,0.33974308526322733,-0.7126713769075766,4.007266007350394,-0.6032965997905149,-0.3904217891890402,4.5360368074363695,-0.3206531620835274,-0.08602139992103093,-0.7642917112886446,-1.1804417030913361,1.4776199811436361,2.099158563313817,-0.24254444430172756,-0.6428196174847571,-0.6385128544028326,-0.757509955231036,-1.2443882940359194,-1.9482616799904442,-2.1866386764425783,-2.286577437583777,-0.5454226379347235,-2.4522239818794116,-0.2578171144792662,0.04750660025410388,0.6051264205596165,0.007006295041446424,0.4907891250823656,-0.3513967675124937,-0.07064261116672044,1.6244852436008268,0.6663276391919152
32023,Nye,Nevada,-0.18465440588720994,-1.689560156496752,-1.5678290922138725,2.3373655139773852,0.49162353923392305,0.3284647110391196,-0.4087271427146004,0.07178755784643791,0.3260977954561305,2.9987722910293457,0.39916777293199124,0.2757997136654609,-0.49642031219702565,0.2117210882613286,0.9594787844982022,0.09671736250149282,0.6351009694554796,0.5727335249962802,0.7260229314757074,-0.29115017702132096,-0.46671267732321103,-0.6530078573786686,-1.2142751950111652,-0.8204656480995706,-0.8236841600403912,-0.4612852110264474,-0.8243201335978645,0.3316296808947995,-0.7069463736583098,4.269244241536205,-0.6127930961952611,-0.37174169524533845,2.1258469335106964,-0.4263293268998484,-0.08602139992103093,-0.7566907991534585,-1.1805559076283194,1.4744494495884661,12.810026558121203,-0.17084352543335618,-0.5156912668777032,-0.4090043189350016,-0.6089550850129618,-1.228383265291724,-1.5531842018786277,-2.1440240068794716,-2.0864906986849694,-0.4120951739927233,-2.264874495263398,0.08533413335031115,-0.38192996252919614,0.6051264205596165,0.007006295041446424,0.762951507703092,-0.06836281706851689,-0.07035493429704726,3.8188293732776213,1.7368737728247188
32027,Pershing,Nevada,-0.30121422047631097,-0.9612712845881894,3.092270649510462,-0.6544045542786423,6.564985053598229,0.1470366133156223,-0.3473193774872402,0.504548348179696,0.009395356093279706,1.8458266911807788,1.0799468921194668,0.5339279703500905,0.19495011768058657,0.4470268152044409,0.03202500630810057,0.5779908933533472,0.052201512532240424,-0.04053221528585274,-0.10323474323325986,-0.2941730927397879,-0.4731692868660943,-0.6849873315596843,-1.2014519130390862,-0.7707513206724264,-0.8288525576855689,0.4779240573316127,-0.8306464618543645,-0.5164203562528856,-0.7127221257655959,3.899198508623438,-0.5951325024445285,-0.3362452088142283,4.03008647945282,-0.38017240166433663,-0.08602139992103093,-0.7667741488214326,-1.1339445370398993,1.4334862130699495,3.7778427936835812,-0.2505112130648794,-0.6640076759192665,-0.5729389871263104,-0.9403467185763587,-0.8856088996868715,-1.5383952053717684,-2.212578040524469,-2.045447265064701,-0.5870874704165987,-2.1131214111044265,0.20313232290374816,-0.38192996252919614,-0.1146360010152266,0.6023411937060877,-0.3256980227798136,-0.3573295693567535,-0.07065790979681917,-0.23261449690628896,1.2605372578598963
32029,Storey,Nevada,-0.30883492095273796,-2.9480907053910563,-0.5099466474517534,2.969981270597108,0.5447565822360394,0.4344849790033433,-0.548574830714463,0.027992636371252082,0.33913953490923404,1.8858354576677463,-0.12705948928166666,-1.2901783768879602,2.2158632259040556,-0.5530225243037876,-0.1106601903365306,-2.327226200180126,0.30377310535792384,2.2574853831769617,-4.7402844853564945,-0.11932830016390973,-0.30206189660557875,-0.5566701657340224,-1.0517744985110022,-0.8211962685195423,-0.83267253952477,-0.12076533839881406,-0.8315503616676112,-0.517624847425254,-0.7127453779516705,4.728115824203362,-0.6191389761624667,-0.40073006570927083,0.12435170220849638,-0.4131771038270003,-0.08602139992103093,-0.5937433178335328,-1.185342400061852,1.408753194249573,-0.5435821239945864,-0.2106773692491178,-0.7275718512227938,-0.704086721679357,-0.7346553598128703,-0.396121770593561,-1.872203983669453,-2.192197111602983,-2.0787950548811693,-0.5620885709274742,-1.9838502653393775,0.1519157187500799,-1.240803088095796,-1.0743192297816841,0.9000086430384084,-0.59786040540054,-0.35368005402668834,-0.0676190428748395,2.339276520228573,1.3848691617659683
32031,Washoe,Nevada,1.0600678153578174,0.22846711143641438,0.7495695704615675,-0.5837811548967435,0.18429472956423468,0.11183220159449063,-0.4564185202618495,0.053311037177927144,1.9663368022155752,4.057981204960944,1.0941678734365432,-0.6534620103992067,1.0990446303809471,0.13328584594695764,-0.46737318194810806,1.6393027437949947,1.442060783605438,0.8904211370935974,0.9519727236028831,-0.1355938514314871,-0.25542756369265585,-0.5182362987404467,-1.1421108472441364,-0.8173251527467833,-0.8252891112063226,0.5690620281595715,-0.8308904934483823,-0.4750622794143913,-0.7007321219973326,3.719314925625208,-0.5941804657196337,-0.2911369258279599,1.9169589988554092,-0.13291222195808372,-0.08602139992103093,-0.5945395690908569,-1.1781899119721584,1.4021431634772095,4.130673874467943,-0.3461124382227075,-0.844106172612593,-1.0319560580619747,-0.9860559094126891,-0.5308307625238725,-1.4095196643834218,-2.1996083584835233,-1.978751685431765,-0.756524455842892,-1.8883020271652105,0.4284853811798885,-0.8113665253124961,-1.0743192297816841,0.6023411937060877,-0.59786040540054,1.2809097891146521,-0.055808835614305996,-0.572284453081389,-0.1878486876433077
32033,White Pine,Nevada,-0.2928525372095166,-0.2798646391601219,1.1841178276046855,-0.33187763306587414,3.70707046707406,0.12374984009881036,-0.3186207429357743,0.5282892239422136,-0.1253626409918601,0.9201213587499605,0.4978572979048518,-0.13720549702994866,0.2995617673165557,-0.2784991762034896,-0.6814009769150549,-0.4847352992021291,-1.1255226430706238,-1.4606476035475764,-0.14960524065449296,-0.293410913307925,-0.47616223819164105,-0.6854124657400521,-1.1995420366244052,-0.818619562345853,-0.78458416747253,-0.3712428816891632,-0.8217381471722199,1.4523831007183232,-0.697093171850554,3.3491335120247117,-0.6080528237365378,-0.2682192681220625,0.5164403148823323,-0.4243869321936199,-0.08602139992103093,-0.7671387789238989,-1.1610460528122264,1.459992296696872,5.884225431801658,-0.728517338854019,-1.2254912244337561,-1.3926123280828544,-1.294592947557921,-1.056329206291623,-0.6637316976803669,-2.0310024919512335,-1.8530561699696932,-1.125952637182186,-1.8264766965819261,0.827974893578501,-0.38192996252919614,-0.1146360010152266,0.6023411937060877,-0.3256980227798136,-0.34157114931616445,-0.0706645056530145,-1.3792102977595475,-1.4779940281751476
32510,Carson City,Nevada,-0.15714432150016971,-0.3955805583783807,0.2280527957655929,0.2508664038056555,0.5694921880117585,0.33452911666913704,-0.5187660830285742,0.2027969681028951,0.594506063385847,1.7083576718240145,1.0825385251984156,-0.39533375371457685,0.16502185046189724,0.5646796786759973,0.10336760463041615,1.8327613921502635,1.6655385001420981,1.4415514108919372,0.7977383667225735,0.5631174696453074,0.7783295229812401,0.3274161651819541,-0.6885338253258331,-0.8205172970140413,-0.8053800030109506,-0.2520843709419475,-0.8302585642941078,0.2471731863880442,-0.7127453779516705,3.0982049708885597,-0.559242043555489,-0.178026789522448,-0.23406129323274105,0.24345312751301323,-0.08602139992103093,0.2771587948109043,-1.1723244098711592,1.0200997648304335,-0.6228726847178965,-0.20271060048596592,-0.7699479680918118,-1.0155625912428423,-0.7803645506492016,-0.04401113822126118,-1.7729064356948252,-2.2329589694459546,-2.0505776942672345,-0.634307613896057,-1.796500778723364,1.1711261414080782,-0.38192996252919614,-0.8343984225900698,0.9000086430384084,0.2186267424616392,-0.11629311840337272,0.0035083451784234357,0.23058582596967722,-0.10226958495471297
33001,Belknap,New Hampshire,-0.14136695275823577,-1.211562756650512,0.42304592147256687,0.9055049936539057,-0.2970964355815844,0.7251717146096084,-0.6385028113300293,-0.29349036034783627,-0.12676437337576738,-0.38068932604464734,-0.5736788241216271,-1.0148415697576887,0.894420399695367,-0.6902841983539365,-0.9667713702043169,-0.4817180539180692,0.9173151166034552,1.4821270208304806,0.4858633120252314,-0.12692562837063737,-0.03473965311102571,0.08115006597234758,0.453593551242285,-0.8188140747303113,-0.6061567838601108,-0.47432026836957303,-0.032084035497477625,0.1021115769967483,4.358241536667805,-0.31442404491101367,-0.02591805102164809,-0.25125711588364114,0.00632840035411495,0.8198486783728072,-0.08602139992103093,0.11435311792347595,-1.0805018980064176,1.0011165589136175,-0.39095821973228695,-1.071088395669569,-1.2784613705200287,-1.0975299253384967,-1.1346107796307632,-0.028006109477065607,-0.2771050747153272,-0.04849395140672225,0.4120283229488634,-1.1703951251628528,-0.011060171272755276,-0.6573066268778787,-1.240803088095796,-0.8343984225900698,0.9000086430384084,-1.1421851706419928,-0.0442573004268557,-0.04352602501995153,-0.3748133068359356,-1.1873480190440697
33003,Carroll,New Hampshire,-0.17766339434330863,-2.1332256110951655,-0.5721577618621456,2.250244069949355,-0.2787817554787393,0.7508190428633621,-0.6515235714931038,-0.2734669116621156,-0.34305887045260114,-0.4696811999221947,-0.5843193214681587,-0.9460073679751205,0.6022079374248155,-0.16084631273193314,-0.9667713702043169,-0.9560560230985993,0.9208341596319422,1.7076422917291165,0.40432855698244025,-0.23992453522323937,-0.2527006102705684,-0.24607206479185698,-0.1628182810496283,-0.8172132817353057,-0.7279352812905306,-0.4765354500817982,0.38717912088988915,0.5738407676354168,4.396671011163279,-0.35445397394794653,-0.020426099050403143,-0.30013729883069856,0.014835072873983975,0.09167800317481033,-0.08602139992103093,-0.2552969045552497,-1.1340286339449182,1.212746436216172,-0.0009317641533223685,-1.2304237709326153,-1.4903419548651193,-1.4253992617211142,-1.306020245267003,0.26942067468589953,0.12008511718318338,0.6129598326814931,0.781419225531278,-1.378719287572229,0.5584822680399256,-0.6214550039703108,-1.6702396508790962,-0.8343984225900698,1.197676092370729,-1.1421851706419928,-0.08477627832219459,-0.06057989015918152,0.37750774863458114,-0.7368467048908994
33005,Cheshire,New Hampshire,-0.09807364205779626,-0.41385721676344445,0.029191993706270934,0.3667405122926965,-0.45515309262574893,0.6789758825403032,-0.6238793271815143,-0.28703081886476933,0.06549309404406944,-0.37477874594745836,-0.5600123215984957,-0.8255475148556282,0.6592501164586018,-0.8471546829826784,-0.8954287718820013,0.26702048567672726,1.0763201578453487,1.4779622454396557,0.4361432577153411,-0.16439921830035847,-0.13241419958218978,-0.19234521308419722,0.07645645100793078,-0.8031850823145872,-0.5646153930804833,-0.4767420944630245,0.05809584703875098,0.7683137657935782,4.62218105227058,-0.3466865253615574,0.09614264879345182,-0.1849562513824677,-0.07224980377503495,-0.19360289842783282,-0.08602139992103093,-0.11965606466140456,-1.0463163469993435,1.068910106327912,-0.19708058646856574,-0.9117530204065225,-1.119550932261211,-1.1631037926150212,-1.066046993376268,-0.1106987579887422,-0.3595009123964013,0.1497569026477289,0.35046317251846093,-1.06762187170756,-0.02230114046971607,-0.6368199852164114,-1.240803088095796,-0.5944776153984553,0.007006295041446424,-0.8700227880212664,-0.03121262255477663,-0.04905671597924947,-0.6292507098828553,-1.0194192137683358
33007,Coos,New Hampshire,-0.22846904044806604,-1.5468138553276967,0.500192200056889,1.1759451344125882,1.1344859452950498,0.7364303404898647,-0.6337487733011522,-0.2287341999657163,-0.3663974364624317,-0.6354325990188465,-0.5655512623998349,-0.10278839613866274,-0.4507041975923305,-0.6118489560395658,-0.5387157802704237,0.11665817771139488,0.5792451739726031,0.9500839090660178,0.07180240668599525,-0.2521513238507005,-0.35438409382888203,-0.47537793460996197,-0.8294883985948052,-0.8149747932054002,-0.71808916758457,-0.4779166851901568,0.7120838779798817,0.8592528927261642,3.9146303102264968,-0.3162716556052983,0.014371778810608207,-0.3230377542046788,-0.11915513879753391,-0.28316109460166605,-0.08602139992103093,-0.5488579140792483,-1.1273693445122472,1.3330120722593684,0.6227069633087835,-1.6128286715639266,-1.9458852112070644,-1.933596733114173,-1.6831210696667311,0.02801149112761844,0.2257208065178937,-0.11519517333158452,1.3098534333922325,-1.8092558898849396,0.3598918122269513,-0.5395084373244416,-0.8113665253124961,0.1252848061763878,0.007006295041446424,-0.3256980227798136,-0.18887168481359173,-0.0672814775093926,0.32642045012174004,-0.7723701060069198
33009,Grafton,New Hampshire,-0.057653470161113406,-0.3103786398572783,-0.40423788543985123,0.4872634066483621,-0.30006050328918066,0.5065439162819525,-0.5995112302228247,-0.2624609683939905,0.9080128756360843,-0.4237085420639909,-0.5199646408164408,-0.9115902670838365,0.46306895198379877,-0.4941960925680094,-1.1807991651712635,0.2790850564080234,0.9533882427717325,1.3276846224752186,0.3452239424892267,-0.20777689601065147,-0.24386313947144025,-0.33137549105162106,-0.4170499238391534,-0.8111259440995573,-0.5971656235876514,-0.4869601273464833,0.6319111979926568,0.9580740563239067,3.8500099041177083,-0.3401217610419514,-0.3238103695646074,-0.33523550573572103,-0.12545372437614521,-0.2501169447847739,-0.08602139992103093,-0.34447593477278415,-1.0688636057030567,1.1878931504438204,0.5630826658152124,-1.3339917648535953,-1.5645001593859014,-1.6221208635506852,-1.4317205200669125,0.050685281848561976,0.2299462340912824,0.30539308713907365,0.5762020574299362,-1.4981584740202707,0.33491188067814964,-0.6265766643856777,-1.240803088095796,-1.0743192297816841,0.3046737443737671,-0.8700227880212664,0.02207030126417477,-0.060143716432976155,-0.5552789639821895,-0.8708668091013405
33011,Hillsborough,New Hampshire,0.900466565641287,-0.20083583189408252,1.5785343066493767,-0.6011116863889622,-0.1353701904468515,0.3526546916640041,-0.442737885969121,-0.29847357953090403,1.1120894057325073,-0.2529157547817561,-0.17890489586878816,-1.2041356246597503,1.8629705154194642,-0.7491106300897147,-0.8954287718820013,0.6858756119691715,0.9985692483708146,0.8504590766773239,0.7569723230263304,0.40028073597642927,1.0026945138434167,0.8467643080694695,0.47107033570958345,-0.8143242680306446,-0.5466354896995613,-0.4470217409608432,-0.13375628486875424,0.6842662406393998,3.5827550472796945,-0.31762004944736133,0.21186813536434776,-0.177672061308396,0.1326862393145981,-0.27592288902663414,-0.08602139992103093,0.8048060145345948,-1.0491486399713614,0.6725430559480737,-0.07562037460174456,-0.7763179514329328,-0.9818285524369023,-0.8516279230515335,-0.9060648254491102,-0.13337254870968573,-0.3214720642359057,0.13864003232691846,0.25041980306905676,-0.8926295752836846,-0.04977906517339791,-0.38073696444807004,-1.240803088095796,-1.3142400369732985,0.3046737443737671,-1.1421851706419928,1.1063319480949196,0.026899312403202574,-0.5852137782213609,-0.24597788946952318
33013,Merrimack,New Hampshire,0.12248149632721919,-0.4990939779692442,1.0111765537635258,-0.043778092906986914,-0.31373476724271826,0.5891030590978275,-0.5664088642354796,-0.2840201775743466,0.27418976285603,-0.45454473781257254,-0.5379716761263709,-1.3934296795618122,1.3782149578543632,-0.8863723041398639,-1.1807991651712635,-0.020328834922903546,0.7904225650468124,1.0556982706696176,0.509193062708252,-0.05948900229677659,0.09904222127993687,0.11084258520641987,-0.0247778439570437,-0.8075491953920841,-0.544383347088481,-0.4515810453844324,0.04011325305322055,0.5540498615074032,4.393718365947642,-0.2815268808207692,0.2554758427071812,-0.2183737094076331,0.22376838188281067,-0.23020361317958812,-0.08602139992103093,0.048623330535810534,-1.0414586707726208,0.9915356259092679,-0.027679669310922746,-1.0073542455643503,-1.1725210783474835,-1.0319560580619747,-1.066046993376268,-0.0746874433143025,-0.38062805026334334,-0.15225140773428553,0.37355010392986177,-1.0926207711966853,-0.10785740602436208,-0.411466926940271,-1.6702396508790962,-1.0743192297816841,0.3046737443737671,-1.4143475532627192,0.2622084099824626,-0.03777917057570393,-0.7383175052893977,-0.9629047119928485
33015,Rockingham,New Hampshire,0.5863367230972238,-0.8442717894667705,1.584309875787538,-0.011202935163213794,-0.23413963908605878,0.6361759302195168,-0.6134234157541971,-0.32015939789262504,0.2967761199166757,-0.4424893249184918,-0.4674751140041706,-1.6171408353551584,2.450141152549438,-1.0628515993471983,-0.8240861735596857,-0.7580603885170618,0.638086772167479,1.116798847497043,0.5519432854876744,0.37998577630225755,0.9703164008852787,1.1312403521966399,0.5809957803112735,-0.8177746782690367,-0.5256414438393192,-0.4437356083660538,-0.2406746146930842,0.17872761569926326,2.4268595008052536,-0.3899722554149926,0.7571891502774263,0.31065890539321883,0.14282292505212862,0.6098231639773739,-0.08602139992103093,0.9186257411863086,-1.0430465153297122,0.6174707256318953,-0.14873032249632182,-0.704617032564562,-0.9712345232196476,-0.8024475225941413,-0.8260737414855321,-0.20139392087251634,-0.46302388794441746,0.13493440888664843,0.11959385840445164,-0.837076465307851,-0.15656827254452566,-0.5907250414781099,-1.6702396508790962,-1.5541608441649128,0.6023411937060877,-1.6865099358834457,0.8582210520401817,0.010730982988360806,-0.3121517551674365,-0.2427484893680668
33017,Strafford,New Hampshire,0.061685762088298644,0.80264723157507,0.1456109850977425,-0.8119801811745836,-0.44485548330316566,0.5134555723272384,-0.568534632809123,-0.2986160839384398,0.8728759398132956,-0.2829190322165287,-0.5029205475464084,-0.9804244688664046,1.0820898551446712,-0.7883282512469002,-1.1094565668489478,0.6898546649259901,1.0326674196468655,1.1327925365312341,0.5173693847648122,0.057989679702680055,0.41300913700494335,0.5270674107364114,0.7841473789901433,-0.8195414120009443,-0.4412412934333201,-0.43008439820990707,-0.16082655257870493,0.2908021591203194,4.147809301791419,-0.348306284381592,0.4342933362370075,-0.09379349963189278,0.20471909164885338,-0.10561812084157736,-0.08602139992103093,0.5310941911430014,-1.0065963022512507,0.7493431732017912,-0.45419408014385243,-0.9197197891696747,-1.1725210783474835,-0.9991691244237123,-0.9974832071217719,-0.11203251038409179,-0.5475324394121858,0.10158379792421712,-0.0009712278550866502,-1.0398453167196433,-0.18029920751588754,-0.4370752290171051,-1.240803088095796,-0.8343984225900698,0.3046737443737671,-1.1421851706419928,0.09648298307104192,0.0003242916023151417,-0.5843375372293683,-0.3041070912957392
33019,Sullivan,New Hampshire,-0.194544915306462,-1.1437920758803533,0.7145373415328916,0.6979013239027648,-0.2356458252444559,0.7179027801791886,-0.6310728063359284,-0.23919862613006798,-0.19721266030639864,-0.44826419957302,-0.5789047166476433,-0.7567133130730604,0.5351439074416515,-0.807937061825493,-1.1807991651712635,-0.21057883242952977,1.1454782340950993,1.8155517752882226,0.39435829179717474,-0.19000580069631431,-0.18856139233557595,-0.1996350526183591,-0.014555053098807337,-0.801464876534407,-0.4897877371378419,-0.476983695323062,0.10900216650111441,1.093443518195977,4.108033409942141,-0.3103906628959371,-0.1664231536923552,-0.27306137918503504,-0.0573831171211658,-0.20752192527223098,-0.08602139992103093,-0.16919183957355244,-1.0107642126602816,1.0557317994472577,-0.3289361423220267,-1.1268557770116352,-1.3102434581717928,-1.3598253944445922,-1.237456459012508,-0.0693524337329039,-0.23907622655483152,-0.19671888901752693,0.4094631083475967,-1.2676130676205624,-0.06976301041243936,-0.677793268539346,-1.240803088095796,-0.354556808206841,0.007006295041446424,-0.8700227880212664,-0.16918301749447096,-0.054536915044025525,-0.8282300025722551,-1.3811120251314548
34001,Atlantic,New Jersey,0.4513226296065216,-0.09247834354720641,0.3779576548982555,-0.10303105296009535,-0.7491139921642787,-0.8162532716603681,0.5488023814367948,-0.23747059854007224,2.466301564892521,0.14262982896913132,0.691119736917999,-0.5502107077253546,0.47748394307536934,-0.21967274446771134,0.6027657928866248,0.5529837062459122,3.1364235297341683,3.5160221605495616,2.253813310301381,0.3246951719171805,0.511603794247432,0.5720487513681954,0.5613564753710089,-0.600793100623854,-0.8005580537295635,-0.5010902351943615,-0.28381014742837873,-0.39611187336464165,0.9380002048094099,-0.4229896159631003,1.8112218643002491,2.5696902756043896,0.04467977765963398,1.056004727168811,-0.08602139992103093,0.5715413769382323,-0.9537965159572407,0.6805477364190902,-0.2399576571527148,0.06815953746121348,0.0034161647677692342,0.19755395337284137,0.1338192660774107,0.23874436959285847,-0.14822953372698072,-0.06331644516780272,-0.24210140037416278,0.09066047128857103,-0.01230916785019556,1.8113336933289317,0.04750660025410388,-0.5944776153984553,-0.588328603623195,-0.59786040540054,0.6942548786724847,0.011260370083805487,0.31354631893209434,0.5129311343727353
34003,Bergen,New Jersey,2.409309613044908,-0.3964009542614584,1.5086039833060074,-0.3861147956838703,-0.6729048541845858,-0.7379542413174177,-0.15157232755995587,-0.29637555442434804,5.625263392722045,0.07489199956892277,0.808513155908434,-1.5138895326813062,3.5865229502682494,-0.6706753877753437,-0.8240861735596857,0.8413389374795872,2.194578718947096,2.862422385103991,0.91733857785685,3.070576984569165,4.156223613161145,4.392753985266855,6.738133227952965,-0.8220457409382225,-0.810285789059939,-0.5057997919160853,-0.1955216006707809,-0.6257732477410146,-0.5852218300674542,-0.4512518089561543,0.16736491961396543,-0.09522144731376515,-0.22315104016971815,0.008964564051071672,-0.08602139992103093,5.239648244830334,-1.1760491482090598,-1.118748769679595,-0.5562561035542289,-0.17084352543335618,-0.26143456566359397,0.05001275200066485,-0.12900858123149003,0.26942067468589953,0.5722058675357437,0.6092542092412228,0.1657677212272534,-0.150995557106305,0.5409963159557643,0.24922726664204958,-1.240803088095796,-1.7940816513565272,-0.29066115429087425,-1.6865099358834457,2.8172621657559307,0.7196430224680158,-0.799183559087609,-0.4510447959120063
34005,Burlington,New Jersey,0.9834214927336459,-0.27083201700999565,1.3078441926325843,-0.4018171188583555,-0.37350884362204784,-0.704162079050432,0.6464359670709393,-0.2730115429613487,1.5690748531717345,-0.039734894208112034,-0.08897203246238838,-1.5138895326813062,2.246066064381632,-1.1412868416615691,-0.6100583785927393,-0.47100715106584007,1.1636929454660274,1.6409270903247797,0.8941136397418604,0.33260726729935486,0.6491081398153344,1.2596673902355695,1.361067506703419,-0.3657655110181042,-0.7977056845449821,-0.38892091255340694,-0.48576939106085215,0.3622675857800261,0.3009275999050128,-0.40071072612271774,2.513793593628054,0.37370137315591323,-0.056657364969750885,-0.2565453247344046,-0.08602139992103093,1.0688589352709765,-0.7210917166789004,0.23959892460060606,-0.12966722750649526,0.052225999934908604,0.056386310854041874,0.24673435383023354,0.08811007524108025,0.2547493983370538,0.2341716616646707,0.5684923513982517,-0.26005790258303024,0.09621578228615407,0.31680143030526836,0.31580885204181836,-0.8113665253124961,-1.0743192297816841,0.3046737443737671,-1.6865099358834457,1.2943662071778155,0.042789437539225664,-0.1706198412269134,0.1657706234661699
34007,Camden,New Jersey,1.162434734286363,0.18711302387430712,1.0959880335050571,-0.7182049224989462,-0.807505991533659,-0.9691708407675452,0.8593148647455535,-0.2401125903337579,1.6744662163372983,-0.0030869296668605377,0.5610989941896268,-0.6534620103992067,1.1975470695066792,-0.7098930089325312,-0.039317592014215016,0.5894390268976324,2.0734053398076533,2.1608035776975654,1.5624699192614655,1.9732529571739637,2.9483774073966305,4.430999319527562,3.276927847754672,-0.5909977841263998,-0.7891203536750976,-0.48954776878612405,-0.28677339026539117,-0.37596156606629527,0.005521181255677797,-0.42391721518895614,1.0692078304026722,-0.21367830213163466,-0.07114286758214285,-0.24763221389597376,-0.08602139992103093,3.7168545359651066,-0.9389764127948049,-0.6917957491948777,-0.5707395878336089,0.06019276869806104,0.13054451537482312,0.312308221106758,0.1223919683683287,0.20940181689516674,0.17079024806384438,0.6259295147224382,-0.3036665508045653,0.13788061476802932,0.28557651586926613,1.089179574762209,0.04750660025410388,-0.5944776153984553,-0.588328603623195,-0.8700227880212664,1.417345516069396,0.39537349010517286,-0.07104384507597519,0.5371516351336583
34009,Cape May,New Jersey,-0.05134779447865865,-1.3010508501760978,-1.0217748884941265,1.7074948166436301,-0.5868583596507925,0.4556396907195654,-0.31725676378382456,-0.3138505231484685,-0.16853643426095521,-0.08033415246825945,-0.12039996861977365,-0.8083389644099845,0.744298563898868,-0.5138049031466021,2.100960357655251,-0.7453555564899867,2.2351346298910277,2.9695465653196824,1.834360106139681,0.3862242825581668,0.07207735789550808,-0.011307122146588857,-0.457188955543704,-0.7603296605250618,-0.8234042848877601,-0.5101090868343815,-0.6951617701617782,-0.5997327161991739,-0.32836872520914445,-0.4413739706838562,0.6342641490940412,2.7118644161051293,0.30963661968816014,4.687355564183988,-0.08602139992103093,-0.025604014880449825,-1.1212178446966434,1.101125548761881,-0.2780838471323681,0.13189368756643183,0.01401019398502316,0.21394742019197363,0.2138103500409896,0.14004669233698652,0.0017731451283081073,-0.07072769204834312,-0.4729707144881718,0.13788061476802932,-0.07288550185603986,0.26459224788815006,-0.8113665253124961,-0.5944776153984553,0.6023411937060877,-0.59786040540054,0.13803131144409148,-0.039846594950146794,0.49369332554151146,-0.43651249545545245
34011,Cumberland,New Jersey,0.11702223972150824,0.42954722558258646,0.9593423645020743,-0.8735029107402994,0.40242083923992755,-0.7769406762187402,0.9109772866380553,-0.04430030618955556,-0.008257738447503257,0.47325142051433483,1.5836125485074324,-0.11999694658430474,-0.10591133924490731,0.0548506036325867,0.8881361861758866,0.7860280167872785,2.8124330423316586,2.360664694381594,2.67802220246337,-0.005164304502589712,0.022537103874656832,0.21079598899343818,0.09653814121321416,-0.27210794576552844,-0.8094338941040305,-0.4952754223656652,-0.45037707357518025,-0.4460577628431099,0.33393772048464077,-0.41411781136571446,0.9590249391663653,2.710510057838255,0.09447976034588641,2.1240813082214163,-0.08602139992103093,0.10449462310545626,-0.6341809309731775,0.5714502101936331,-0.2361301451117888,0.08409307498751778,0.08816839850580516,0.2631278206493658,0.14524656378649353,0.03734775789506558,-0.21161094732780666,0.03488257599935518,-0.5986662299502435,0.13232530377044627,-0.17905021093844725,1.3042893122076158,0.47694316303740386,0.6051264205596165,-0.29066115429087425,-0.59786040540054,0.1568029210648882,-0.024656437999944228,-0.15639056760229125,0.38214043026375
34013,Essex,New Jersey,2.0191162762374764,0.5005128122760558,1.5638044059073921,-1.2399148595459846,-0.8654312101971571,-2.272118249372456,2.228756703431184,-0.22954974133940906,1.6225281124401914,0.3156279870055717,1.0065973106796295,-0.11999694658430474,0.6040612934223031,0.03524179305399396,0.17471020295273174,3.4081352447631534,3.7632178106398215,3.781831394643796,1.781675445173145,6.003229774187582,5.475841733159829,4.40544241031035,5.678126928848576,-0.8216161121097298,-0.8069783219190286,-0.5216152089863523,-0.45159197625351405,-0.6382962738495003,-0.632214345404769,-0.45441243628011496,0.24652598960290678,-0.35899819447811926,-0.23954274097371922,-0.2253773927761092,-0.08602139992103093,5.967825816388749,-1.1741295461670949,-1.4349932383997919,-0.6434250840038034,-0.13100968161759458,-0.2084644195773213,0.09919315245805703,-0.07187209268607675,0.2894269606161439,0.6546017052168178,1.044664963472961,0.2298980862589226,-0.1009977581280544,0.7370887786138585,6.1237717630678,0.47694316303740386,-1.0743192297816841,-0.588328603623195,-0.59786040540054,1.8495042775388049,1.218514428401104,-0.843836928096074,0.1835323240241801
34015,Gloucester,New Jersey,0.5332290514065818,-0.013878996604127765,1.245435233378031,-0.6074622007434279,-0.6370401619702296,-0.08562266924913373,0.13539260530784863,-0.31602438701279323,0.632453464501378,-0.21424326317471984,-0.22171856683902305,-1.2041356246597503,2.2153827262010033,-1.2001132733973472,-0.32468798530347687,-1.051548106190356,1.0759228773898108,1.569140159120047,1.3218407307524978,0.8090123155150325,1.247238517024229,2.2812547861081622,2.6925099342368393,-0.047015120299414175,-0.759991474348498,-0.4648822186083028,-0.0915089098103195,-0.599520500196644,-0.2470699662098133,-0.4151001044288338,1.261082497555038,0.3699066599962756,-0.11801665345297455,-0.09019948452798977,-0.08602139992103093,2.062653296043418,-0.390176864178856,-0.5111771101983754,-0.48887997719956044,0.06019276869806104,0.13054451537482312,0.32870168792588794,0.1338192660774107,0.16138673066258047,0.03135113814202674,0.5017911294733894,-0.4857967874945056,0.14343592576561315,0.1356969265764554,-0.13489726451046238,-0.8113665253124961,-0.8343984225900698,0.007006295041446424,-1.4143475532627192,0.6704300939792901,0.11005813442594257,-0.3638547896760496,0.04951221981373896
34017,Hudson,New Jersey,1.6483788630522218,0.3123854951867979,2.8074986244839417,-1.685978401313644,-0.10194474845941157,-1.2338537112987402,0.3987295293163633,-0.17033690551177633,5.355924570943161,0.5347523770038788,2.3644505074161,-0.13720549702994866,1.511244732785143,0.32937395173288503,-0.6100583785927393,4.927188103643963,3.473025440171544,4.2428832662729326,0.9955062593467319,16.83087523848631,5.432589057081214,0.6051369843297897,-0.5202385630828583,-0.8208950842538348,-0.8293519684874565,-0.4727326911476447,-0.8017535190924303,-0.6381653385545423,-0.7103106043860405,-0.4451527688183575,-0.3395136376897465,0.2030216254240734,-0.1202152954933786,1.4078612331977154,-0.08602139992103093,5.234580856776096,-1.1835433384912413,-1.1092750030670233,-0.6968091964967984,-0.0035413814071578774,-0.1237121858392854,0.29591475428762803,0.11096467065924588,0.27075442708124914,0.584882150255909,0.783418510933918,0.0759852101829166,0.04344032780911275,0.582213203011288,3.4963599699846175,0.47694316303740386,-1.3142400369732985,-0.29066115429087425,-0.59786040540054,1.1602886285901908,2.3568649997389426,-1.3725395019531106,-0.2185279886071439
34019,Hunterdon,New Jersey,0.043345705830271836,-0.8766011983244542,1.196710610199135,0.2116127746313882,-0.32865474771353775,0.37888981689979156,-0.50384507193921,-0.3492573773414751,1.1264914778644433,0.24507929159672645,-0.1998793195122649,-1.8064348902572198,4.225175698439546,-1.298157326290311,-0.9667713702043169,-1.3866036640275885,0.5382894811819119,1.1516672471174694,0.7574979241557914,-0.12398275336415535,-0.05216680458174666,0.2432055198025019,2.479537734419266,-0.5627785396588814,1.3402695969856715,-0.5026952937213777,1.109433816137481,-0.6166767911564542,-0.3845013276677883,-0.4223984426055873,-0.11201652336756787,-0.38692324527925087,-0.18550750578600086,-0.2729432544369011,-0.08602139992103093,0.717266915367017,0.052325531453194934,-0.3605396793224047,-0.4141615806652165,-0.2505112130648794,-0.293216653315358,-0.21228271710543062,-0.25470885603139937,0.1760580070114262,1.028552045461692,0.5295833052754153,0.1349851460120524,-0.2621017770579723,0.5978256602292886,-0.07343733952606046,-1.6702396508790962,-1.7940816513565272,0.6023411937060877,-1.958672318504172,0.10376329826794115,-0.01142053508538182,-0.4824730103186895,-0.3686950933248674
34021,Mercer,New Jersey,0.7552134372291439,0.4076860942117991,0.9382097186199408,-0.8428382444543843,-0.5084009795198161,-1.344902633285111,0.8251971203298487,-0.2596321408848106,3.8446917817384993,0.815447439103825,0.6241374445805651,-0.44695940505150283,1.630477301956848,-0.43536966083223116,-0.6814009769150549,1.055929202577034,1.7273378779673227,1.462790638646326,1.3025611117262004,1.3387168405424859,2.1728905953343385,2.8878351203436217,4.424685176688504,-0.43410299358186755,-0.26808577683759127,-0.5087193738415022,0.06021393514836753,-0.6237768271977272,-0.42061977766286085,-0.43051213872352556,0.8034950678293961,-0.24566481941503546,-0.14466524556187027,-0.3152276741532952,-0.08602139992103093,3.1323609416173475,-0.5487335899643091,-0.8188528928718498,-0.5695034652678623,-0.059308762749223795,-0.08133606897026743,0.13198008609631925,0.008118991277502157,0.1507167114997835,0.6292491397764871,0.5129079997941999,-0.17027539153869295,-0.017668093164304725,0.387994235219354,1.422087501761053,-0.38192996252919614,-1.3142400369732985,-0.8859960529555155,-1.4143475532627192,0.8472912215132173,0.2649175842254271,-0.69034718524077,-0.1878486876433077
34023,Middlesex,New Jersey,2.0955195096458357,0.12881724990131221,1.4934631223827985,-0.8624477401949459,-0.309642245343294,-1.558545819542289,0.17068501611990142,-0.2525843464936751,8.36712860607423,-0.004856085767314539,0.8837305354906585,-1.0320501202033303,2.543083523682707,-0.5334137137251949,-0.6814009769150549,1.0004025810279833,2.023756825511498,2.2639065357647077,1.1164397246264348,3.1699247262285715,4.526551345570904,4.262545787951655,3.0302280235583092,-0.5991059178492146,-0.785698683822175,-0.465914419592676,-0.4237825568157932,-0.6165585645940885,-0.6143300065379831,-0.4361657400349386,1.064737802884258,0.28666059382463355,-0.06955806383968184,-0.10558501407247631,-0.08602139992103093,4.317061487155649,-0.9454116340366833,-0.9446683609034519,-0.49978913116834794,-0.04337522522291949,-0.09193009818752211,0.14837355291544918,0.042400884404749796,0.27208817947659897,0.6355872811365699,0.5907260920398723,-0.23184054196909545,-0.0037798156703455245,0.4579380435559989,0.6282301373791948,-0.38192996252919614,-1.7940816513565272,-0.8859960529555155,-1.6865099358834457,2.175864525362786,0.46427970100864513,-0.7563669154641123,-0.04091098302704058
34025,Monmouth,New Jersey,1.491407662923636,-0.3709461789344716,0.9979185997649009,-0.15523548403141693,-0.6302148578837931,0.0007977681184758461,-0.15291368117379756,-0.32481424875641124,1.5352135056821217,-0.30067011256376047,0.09822540995845973,-1.4278467804530963,3.2164008932884953,-0.9255899252970493,-0.6814009769150549,-0.26472188675695835,1.8094497483427465,2.269743230144813,1.4370944054856303,0.596682145382873,1.5816909911663748,2.486096001565902,2.2572150230537082,-0.5745403997420084,-0.6521979657965727,-0.49658748853390894,-0.2381849947053305,-0.5949869975632763,-0.39521999304470595,-0.4295896180612375,0.5875165256746865,-0.24044672976608994,0.13676576337967258,2.0804597281132877,-0.08602139992103093,2.0703776288051636,-0.8608167558290223,-0.05694600610253448,-0.24469364481424988,-0.02744168769661462,-0.11311815662203072,0.21394742019197363,0.09953737295016307,0.33344078966268137,0.441217612760703,0.5369945521559557,-0.3934490618489021,0.021219083818778982,0.3717572797126325,0.6845684019482298,-1.240803088095796,-1.3142400369732985,0.3046737443737671,-1.6865099358834457,1.9622087971165094,0.12374827491405906,-0.29944363289084863,-0.04252568307776905
34027,Morris,New Jersey,1.119598314160221,-0.3885884967217865,1.4771909535797882,-0.3776680202000215,-0.3888269142842067,-0.09988491861205816,-0.4115263567049467,-0.3368844487637591,3.4656187095958644,-0.35509436935710403,0.29336787749612003,-1.5827237344638743,4.160170952898036,-1.2001132733973472,-0.8954287718820013,-0.2886940149864894,1.0190996438223676,1.6504311732738715,0.36424719067617084,0.47925136176300687,0.7748796089027545,1.601613561901538,4.435351417402435,-0.7832202328924791,-0.48494485831247186,-0.5036377204127312,1.1295747651360786,-0.6368750504981167,-0.39755577745648885,-0.4332327258913967,1.0350693953055747,-0.3050918012232701,-0.08660143117093311,-0.21161319981482302,-0.08602139992103093,2.0923770242300277,-0.990608743254668,0.05974261833701305,-0.38133731397960874,-0.3461124382227075,-0.4309390331396665,-0.3434304516584772,-0.36898183312222593,0.3721196091278205,1.0855953177024356,0.9853749884286391,0.23759373006272322,-0.3815409635060149,0.8850948730405094,0.05460417085811019,-1.6702396508790962,-2.0340024585481418,0.3046737443737671,-1.958672318504172,1.3410238570129562,0.14276478780697738,-0.6826926804092498,-0.3331716922088469
34029,Ocean,New Jersey,1.4574073893529822,0.09468450292086239,-1.2470654604845735,0.5338295345122888,-0.7886072349849572,0.4880401203081459,-0.4312368064997892,-0.33828857982069377,0.16608256172598457,-0.4562320068917657,-0.017962683856085515,-0.9460073679751205,1.3663397509074982,-0.9059811147184565,-0.32468798530347687,-1.031488972166521,2.010612597246497,2.5857579218188627,2.222964821211546,0.7577606848797149,1.428462379126512,1.167640801437236,0.11919492738353628,-0.7847121207830161,-0.8191595722006975,-0.46005353762134465,-0.6144963819663625,0.2972306641078913,0.2122003417004292,-0.4135415523451222,0.9214150361270421,0.9979098765599919,0.7575183659479031,2.2309093936540227,-0.08602139992103093,1.0223286082562415,-1.1433047676262884,0.6701719605377565,-0.05794977912875291,0.02035892488229943,-0.10252412740477604,0.14837355291544918,0.09953737295016307,0.31343450373243703,0.22149537894450538,0.3368908863813696,-0.32931869681723286,0.029552050315154343,0.24560862539118275,-0.18099220824876383,-0.8113665253124961,-0.5944776153984553,0.007006295041446424,-1.1421851706419928,2.4979763630333065,0.06780153846687278,0.8623765320531107,0.5452251353872994
34031,Passaic,New Jersey,1.1488305245580757,0.6799712652669148,0.7441832546931034,-0.997060707516726,-0.5650005158656798,-0.5733534185684352,0.4114662342526761,-0.1152900735744636,1.5450661410110467,0.45316203454090276,2.3808626260787125,-0.20603969881251477,1.394620590572865,0.46663562578303364,0.10336760463041615,2.327242001755393,3.7512142911942306,3.969421677712714,2.035485431821176,1.8731919729073347,2.4988369793991647,1.828382245928381,2.36652552525682,-0.8218174097234802,-0.7908612018170769,-0.5075068986195642,1.3173325054081007,-0.6173697253242474,-0.32167358217528186,-0.4288604025979989,0.2746063448045638,-0.3252361394557409,-0.008791197835245507,0.0797947149201109,-0.08602139992103093,2.4175149329029417,-1.1670349972655045,0.09089519298414427,-0.59248343055638,-0.35407920698585993,-0.4521270915741759,-0.294250051201085,-0.36898183312222593,0.2854257034300951,0.9208036423402873,0.5999901506405476,0.16320250662598668,-0.3815409635060149,0.6477855233268921,1.9547401849592028,0.04750660025410388,-1.0743192297816841,-0.588328603623195,-0.8700227880212664,1.1696276447425114,0.45921490912031515,-0.9092173766119406,-0.28957479083918536
34033,Salem,New Jersey,-0.13819800659547865,-0.22734866802435083,0.5388108940388867,-0.058885377316835213,-0.4889149454167363,-0.20540726316975752,0.38774107096516947,-0.2647965164570204,-0.14996144978882234,-0.08637312448390572,-0.0009725738760571125,-0.5330021572797127,0.8528228539739777,-0.651066577196751,0.4600805962419936,0.06131507537928378,1.6573227201520226,1.5327289832032205,1.8513672218196395,0.0375868208939476,-0.028578481233012633,0.18389524655945935,0.34834792141003573,0.5193888619037542,-0.6809560228180244,-0.5089283508301753,-0.5137321145690376,-0.6021588430580109,-0.20424235023330767,-0.43385683013591386,1.2932707512984998,3.1159247652646034,-0.20831344376336888,0.4461875392587884,-0.08602139992103093,0.15745680416293462,0.20328124976733752,-0.2656135630484737,-0.46251184463746037,0.06019276869806104,0.11995048615756844,0.32870168792588794,0.14524656378649353,0.1093703872439452,-0.13766596479350954,0.24239748865448174,-0.7166661016085148,0.14343592576561315,-0.08225297618684045,0.5001886269950241,0.04750660025410388,-0.1146360010152266,-0.29066115429087425,-0.59786040540054,-0.11258745668361425,-0.035861256913070724,0.42027504752560446,0.4838665334596276
34035,Somerset,New Jersey,0.6424669016639891,-0.27988239745134724,1.7745951685145611,-0.6259293740606693,-0.5072854698866395,-1.0468608000698176,0.05611176921906724,-0.3227569210757045,6.260407347687697,-0.13137989724475138,0.3913548716288347,-1.5655151840182324,3.9126449630113527,-1.0236339781900128,-0.7527435752373701,-0.515881357670144,1.059222197465206,1.5942392483716208,0.7169008993122886,0.5211590381736243,1.2533401812045586,2.6193214645399356,5.151973516917369,-0.5324417917745118,-0.15184417377677334,-0.48220926376124296,0.4142235619494594,-0.5887084020001196,-0.29336577749318965,-0.3958226692749519,0.47882038332788834,-0.358396023728237,0.02542705804752142,-0.3922896883170349,-0.08602139992103093,2.790148646355072,-0.5929629161630777,-0.6281079205635451,-0.5130141533175402,-0.15490998790705188,-0.1978703903600674,-0.031954582094989546,-0.11758128352240721,0.23340936001145984,0.9440434939939243,0.6203710795620332,-0.10357981190575703,-0.1398849351111389,0.5722212303917665,0.15703737916544672,-1.240803088095796,-2.0340024585481418,0.6023411937060877,-2.2308347011248983,0.6779162792717315,0.15490410979013364,-0.9119437805884573,-0.4219801949988986
34037,Sussex,New Jersey,0.09054894548383588,-0.6851696334611215,1.4539377044230286,-0.09285303576179015,-0.16267347757647427,0.5400879769823681,-0.49609114961513295,-0.3272716298814766,0.27437467960309175,-0.3104908501002068,-0.04218759858507507,-1.5999322849095163,3.0586597050578805,-1.2001132733973472,-0.46737318194810806,-1.4223559672873263,1.0028659870153505,1.928639293865927,0.5465708376390388,-0.14862836860896658,-0.11436369076004066,0.05098420783160484,1.3760181755594734,-0.7569563452017519,0.14297646747616607,-0.49883929841477853,1.740349830075696,-0.6133271802285057,-0.09352345250131353,-0.42322067802449964,0.7071211798321497,-0.09701390246387652,-0.036812279398916674,-0.18872680364261862,-0.08602139992103093,0.3267328775224144,-0.6806238037973511,0.5206553841547652,-0.3416250149246301,-0.48951427595944935,-0.6216315590502485,-0.6221193875837026,-0.5746731918857134,0.2494143887556552,0.7961535289253292,0.5518170459170362,0.21450679865132233,-0.5787545039202242,0.5903316807646483,-0.1963571894948643,-1.240803088095796,-1.3142400369732985,0.6023411937060877,-1.6865099358834457,0.16754559695954155,-0.015946869135697685,0.1442022734168628,0.48063713335817126
34039,Union,New Jersey,1.3084932787749923,0.23758927033779978,1.623093475519089,-1.0272154918884335,-0.5306515670399666,-1.0934935516931978,0.9807100041774075,-0.23215597542295607,1.5626593439298995,0.2061316996811021,1.6554609962997835,-0.9287988175294786,1.6632885673938513,0.1528946565255504,-0.32468798530347687,1.6084158687495542,2.8927916115611456,3.1794757485739513,1.5575003326000036,6.41490129223683,5.7579929631133036,5.188824090055877,5.420069358814824,-0.8214801717597637,-0.8273520563139087,-0.5027441424200451,-0.47454871228695744,-0.638719302364993,-0.5758486069494007,-0.4512228350282686,-0.2221800402020729,-0.1842078402544997,-0.11989611566570683,-0.29862625387869624,-0.08602139992103093,6.338279018182029,-1.1832145007050077,-1.5860974787636235,-0.6616839546737466,-0.06727553151237622,-0.13430621505654008,0.16476701973457913,0.008118991277502157,0.26408566510450115,0.5954457191893797,1.0131671642306654,0.0759852101829166,-0.02877871515947161,0.6596509908125732,1.8420636558211327,0.04750660025410388,-1.3142400369732985,-0.588328603623195,-1.6865099358834457,1.2534542045546235,1.0363927389844896,-0.9817134969041048,-0.250821989621708
34041,Warren,New Jersey,-0.01260581680680004,-0.6179513135236231,1.2026304541087254,-0.02962454133213541,-0.47614424461320687,0.28033680307989056,-0.276551439718318,-0.31617008990561546,0.5252102348987738,-0.13372124799398954,0.027916169712857597,-1.2729698264423184,1.9409487529433889,-0.8275458724040856,-0.5387157802704237,-0.011168405595556909,1.171697045112912,1.4765728392852207,0.829848401137569,-0.061042292619176625,-0.06611071017861382,0.13830153707485004,1.474845438629412,-0.31326740548068766,0.20089382774124195,-0.5055026002523944,1.5007128246413755,-0.6338792709121263,-0.28108652296263137,-0.4359809841131306,0.1912882501531405,-0.3475512137206523,-0.115809695319638,-0.28396244530613174,-0.08602139992103093,0.41658300316710734,-0.21754965850906896,0.031653756232215995,-0.4698243287312142,-0.3779795132753167,-0.4521270915741759,-0.42539778575413156,-0.437545619376722,0.19873179773236976,1.5630686334953265,0.8538253562990507,0.3248110265057933,-0.4287611069854732,0.9219402720749923,-0.33976368112513544,-1.240803088095796,-0.8343984225900698,0.6023411937060877,-1.1421851706419928,0.04188997682591328,-0.0101834277279926,0.4447523275182903,0.7777419426921618
35001,Bernalillo,New Mexico,1.6680895910331417,0.2036514181084143,0.804047883662718,-0.5880500954052322,-0.4688282300355995,0.0228775876051492,-0.4028956142041581,0.6763117011374049,0.7213880459326991,0.658199190225568,2.91220361512776,0.1725484109916089,0.02924636294224703,-0.18045512331052588,0.388737997919678,1.0640840652042116,1.3254059613742994,0.8452654492152272,1.1412999906131902,0.33360291521285035,1.0483265758040343,0.50457404958559,-0.08998371202340781,-0.8216809892944485,-0.6957053103040277,-0.1664112317997943,-0.8194974043282484,0.6994570357451247,-0.6999313117269336,2.86097696422527,-0.603129448112311,-0.2490057716959149,-0.17266244317540944,-0.41343991774982297,-0.08602139992103093,0.5339670783477052,-1.1238440809467816,0.8620935976331319,0.12902492872263635,-0.06727553151237622,-0.16608830270830335,-0.08113498255238405,-0.3346999399949775,-1.316410923384799,-2.0898135036989562,-1.7530807339309749,-1.4887956965898121,-0.16210617910147188,-2.1874367074621124,0.47458032491818997,-0.38192996252919614,-1.3142400369732985,-0.8859960529555155,-0.0535356401590872,2.0243067041173104,0.05085561494286581,-0.6228492884110178,-0.2831159906362721
35003,Catron,New Mexico,-0.3105804772494138,-3.202971830195699,-3.897735387173359,4.891976692971194,1.435922267950281,0.531149468542636,-0.6169926278500092,0.4651818084872714,-0.49942182173760674,-0.3838029805297239,0.6627413120056889,1.0501844837193504,-1.2720841185529648,-0.5334137137251949,1.7442473660436733,-1.9675224189607878,-2.522847338560847,-1.8561714885001408,-3.290152566001592,-0.29568371911436314,-0.4836543125411241,-0.6904455803905248,-1.2093592558342119,-0.8221498007767825,-0.8335126638513624,0.36644013160090744,-0.8305099988458837,2.627696257014864,-0.7115240987013332,1.9021393292779358,-0.6223216356677375,-0.39535890991565437,-0.11542814599691893,-0.4272571443976862,-0.08602139992103093,-0.7742713554307864,-1.1866614156643256,1.487975456264045,4.420961621338416,-0.24254444430172756,-0.759353938874557,-1.2942515271680677,-0.7803645506492016,-1.2017082173847315,-2.06657365204532,-1.5418601978355782,-0.9885788493427923,-0.692638379370683,-1.9338904022417738,-0.1391928506652862,0.04750660025410388,-0.1146360010152266,0.007006295041446424,1.0351138903238184,-0.3495626521158456,-0.07078333721256692,-1.0411160894824496,-2.3418585553147397
35005,Chaves,New Mexico,-0.13166681441160774,1.0829453704972964,-0.40420856561489876,-0.7963936212707159,-0.16034072877788466,0.45848358078433277,-0.5172989669798755,0.061882921477190656,-0.1262813809517599,0.6017111113883172,3.4539390001475327,0.6199707225783005,-0.8261117513056606,0.2117210882613286,0.6741083912089404,0.335774282977856,0.2549698060840314,0.44195143804211856,-0.1249319117988885,-0.2803353341698343,-0.4418372678857754,-0.6389459767300051,-1.0909270512370286,-0.7424017131591155,-0.8330664254798453,0.688947517824869,-0.8315503616676112,-0.6193639016491683,-0.7127453779516705,4.093129963898047,-0.6120268981037842,-0.36366795197925267,-0.2129192440866294,-0.42177294768646784,-0.08602139992103093,-0.7085165711688174,-1.1079375031234842,1.3830499193217198,3.784261695199688,0.5461656632503528,0.5966818009340221,0.9844403606911231,0.4423563042226427,-1.456454924896509,-2.303197596155071,-1.6159726666409806,-0.5601880109312419,0.6211926715577814,-2.0438021010565017,-0.40122360610953733,0.47694316303740386,-0.8343984225900698,-0.8859960529555155,0.2186267424616392,-0.15308771911572203,-0.06866492771446858,-0.2795702005979302,0.31916712828535027
35006,Cibola,New Mexico,-0.2427849451093939,0.5395976787722199,0.13825511668502777,-0.5659743708294681,0.5266099035780049,-2.0853328230119423,-0.5825008632787463,6.122893574267101,-0.3494584558412374,0.09369655612365406,2.0616808095860737,1.8934034555558081,-1.049269541966117,0.13328584594695764,1.7442473660436733,0.35693252510087387,0.13601401014207556,0.49812291436339706,-0.4597345307469544,-0.2914928656874695,-0.47039227646491827,-0.6734019584108567,-1.1430583296830992,-0.8218661846508963,-0.8335894371126534,-0.1339405597224341,-0.8258817645414638,1.7206365758605326,-0.7077132706170054,3.0516309924190823,-0.6259795786294254,-0.39797468034387795,-0.20353987945634192,-0.42430455599086886,-0.08602139992103093,-0.7454875666596921,-1.1864168987422008,1.4753108241146282,2.6419057279343257,-0.40984658832792614,-0.7063837927882844,-0.9499887239663202,-0.7917918483582836,-1.2603933227801147,-2.0750245071920967,-1.8531325668182677,-1.3810566833366078,-0.6815277573755169,-2.1643302707794705,1.3196542934537163,1.335816288604004,0.1252848061763878,-0.8859960529555155,1.8516010381859975,-0.2888496893941461,-0.0696610485789891,-0.6123480023110811,-0.011846382113932855
35007,Colfax,New Mexico,-0.2859376740946649,-1.2982658882275637,-1.0500183485274637,1.7189948249927895,0.3565485436718325,0.5526015063777656,-0.6273060179839605,0.18820441555778847,-0.283493480928518,0.37074791547214037,2.8334794588191023,0.43067666767623897,-0.8901554974410669,-0.3373256079392697,0.5314231945643092,0.06858105430536302,0.6318719357962523,1.1789933694579517,-0.08189610725180814,-0.29212519271404563,-0.471105852404661,-0.6814823609690563,-1.0918906303042568,-0.8016529134249905,-0.8190172002630626,2.294828099650317,-0.7657571464236738,1.474030566856658,-0.6903975167276482,0.9495226618210286,-0.582583259214821,-0.11641203993270907,-0.25812088469010547,-0.4077867392549739,-0.08602139992103093,-0.7346788113673045,-1.1599206820283616,1.4448841527775123,2.066311957063768,-0.44968043214368775,-0.9712345232196476,-1.4581861953593764,-0.9974832071217719,-1.3657597620127349,-1.3693781024362317,-1.0712460209212737,-1.7991866633430913,-0.9009625417800591,-1.8433381503773674,-0.38585862486343686,0.47694316303740386,-1.0743192297816841,-0.588328603623195,0.762951507703092,-0.3077897381840228,-0.07022693151129893,0.14405363726957537,-0.8450316082896892
35009,Curry,New Mexico,-0.17753452777107082,2.1405709111596907,-0.8320236195100333,-1.5577041273200447,0.8050403136908123,0.13863802154723032,-0.1629001587450057,0.0588027131388264,0.3164908528746484,1.0379660085354052,2.417449473183952,0.7232220252521526,-0.6932192620043245,-0.16084631273193314,0.17471020295273174,1.7984144367760995,1.1323028833471716,0.855698234470986,0.40090623563120364,-0.2134764571080796,-0.36932564789928435,-0.5324807745997829,-0.23415463327493946,0.5870474176005506,-0.8277106064772747,0.3374469454648973,-0.8315503616676112,-0.6393997489025706,-0.7127453779516705,2.1521092885243864,-0.626573143699855,-0.33786800432090436,-0.23764338704243915,-0.42435673927044015,-0.08602139992103093,-0.40272009147821625,0.20349536894242215,-0.023974956404194604,0.3082924868418107,0.32309613788208746,0.2152967491128598,0.5746036902128511,0.07668277753199744,-1.495133744361648,-1.6905105980137514,-0.9619301294333054,-0.45244899767803765,0.28509635620398954,-1.6341312236561525,-0.4831701727554066,0.47694316303740386,-0.8343984225900698,-0.588328603623195,0.4907891250823656,-0.23777519023646493,-0.06361469013711725,-0.987160686758897,-0.14586648632437457
35013,Dona Ana,New Mexico,0.3181360984130101,1.759979616316003,-1.47017176295962,-0.8892637388345888,-0.48120417816815225,0.46261272183985963,-0.5178451917378455,0.04355793195442419,-0.033538993196268255,0.3012080109310818,4.238306785319542,1.600858097979894,-0.8308481055214624,0.32937395173288503,1.31619177610978,1.0509675895301915,1.3263806038930575,0.7135995891863394,1.2769049137418802,-0.21926674748533287,-0.29310074309930495,-0.49572235330905745,-0.9271238950686435,-0.6806485484561388,-0.8333274972652349,0.8293547051361944,-0.8315503616676112,-0.6038583902498376,-0.7127453779516705,3.667292580489553,-0.6244571439690698,-0.40312661197032074,1.123086792661487,-0.4173919486038481,-0.08602139992103093,-0.5571364824115943,-1.0472518966977988,1.2586943428086337,2.101206356720928,0.6736339634607895,0.829750443713622,1.1811619625206942,0.7166114492406263,-1.4471186581290616,-2.4658765577305246,-1.701202005767193,-1.2758828846846704,0.8267391784683668,-2.2904789251009197,0.3004438707957178,0.9063797258207039,-1.3142400369732985,-0.588328603623195,0.762951507703092,0.3935348154751152,-0.05892614443809527,-1.2508889773519258,-1.221256720109362
35015,Eddy,New Mexico,-0.14969349059623804,1.155258829508096,0.0429095395457546,-1.0856872910494786,0.2426401324755964,0.5111040761587744,-0.5448694410905582,0.06744424342736573,-0.2557227568517292,0.23866105134630541,2.929423876023235,-0.5674192581709984,0.5456462580940815,-0.3961520396750457,-0.6100583785927393,0.2621141559249479,-0.9361154592829466,-1.0879131374325521,-0.8108406684152418,-0.266325953434861,-0.38944719786058035,-0.5515530521352437,-0.7927186514301393,-0.7430997058346867,-0.8335879504443957,0.7768103709787054,-0.8314051719376265,-0.5012224763908103,-0.7127453779516705,3.763394051314409,-0.5829563478951459,-0.26458404731496876,-0.0050057560969992134,-0.39643674591059225,-0.08602139992103093,-0.5785570492512521,-1.1088607465865385,1.3278397188067543,2.3851794533760207,0.7851687261449225,0.8403444729308768,1.2467358297972186,0.7051841515315435,-1.499135001547697,-2.3243247340220132,-1.6011501728799,-0.9911440639440592,0.8767369774466174,-2.169950755377951,-0.5958467018934768,0.04750660025410388,-1.0743192297816841,-0.29066115429087425,-0.59786040540054,-0.19428045368738062,-0.06797569484302744,-1.3866145336097395,-1.1389070175222233
35017,Grant,New Mexico,-0.24183894731773906,-0.9138384584367824,-1.8651047957978162,1.770756666023031,-0.37768272072349907,0.5506481749436635,-0.5941964129558139,0.16530180823380483,-0.2588780548835639,0.18656381420431928,2.9193485596817577,0.6199707225783005,-0.861256872443204,-0.592240145460973,0.6027657928866248,0.4377815799399398,0.4388847926440506,0.1432940052354892,0.5698419088995018,-0.28489389122181114,-0.45396827975868237,-0.6562809143385481,-1.0974114747736643,-0.8193905887605827,-0.8332346666241257,0.8671439801038202,-0.8251386307760087,1.3525747918445028,-0.7114653857915615,2.4290358837848514,-0.6114734264082017,-0.38427547012644786,0.17217410837655575,-0.42413005391798136,-0.08602139992103093,-0.7208468966766968,-1.1838188357817079,1.4621467458077873,2.2145573066955917,0.3549632129346966,0.0669803400712958,0.08279968563892474,0.1338192660774107,-1.1550268835474948,-2.218689044687303,-1.4177218125865294,-0.6474053073743122,0.1878784137462799,-1.8320971811804068,-0.3090337186329345,0.04750660025410388,-1.3142400369732985,-0.588328603623195,0.762951507703092,-0.2156535126973007,-0.06946628819030765,-0.3338726758959414,-1.366579724674901
35019,Guadalupe,New Mexico,-0.308316525878054,-0.14825246473203704,0.13981630046160523,0.06695114775685915,3.0845291641576567,0.37813621497500777,-0.5085440859122803,0.28795788251977544,0.02013638081076746,-0.18568879881111258,4.948912099435347,1.5492324466429679,-1.315740948716007,-0.807937061825493,0.9594787844982022,1.0849180637051568,-1.9101607058733663,-1.0669867879700716,-2.9980143395296093,-0.29193779991629637,-0.4622625917753659,-0.6746596999868606,-1.1812868630049165,-0.8177642971903465,-0.8333364735411307,-0.11967893453546963,-0.8308972512517979,-0.5987341204124766,-0.7127453779516705,4.919288084967334,-0.6190844703304704,-0.35738205304775494,-0.25304807868028134,-0.4125773801506307,-0.08602139992103093,-0.7539843864495875,-1.1822636137975684,1.4749412699470292,1.5179277756825953,0.15579399385588857,-0.06014801053575808,0.14837355291544918,-0.03759019955882911,-1.4031048290825243,-1.956712535137221,-1.1879731592897822,-1.624752070456951,0.054550949804278846,-2.031312135282101,-0.09392398118752777,0.9063797258207039,-1.0743192297816841,-0.29066115429087425,0.2186267424616392,-0.3577600250110689,-0.07059312319092084,-2.8223675723768418,-3.583562894324733
35023,Hidalgo,New Mexico,-0.30861526202278716,-0.04758156403205239,-0.7537184569565916,0.4192010217439517,-0.16075687526316412,0.6004901845155883,-0.5629596997557377,-0.10740185261384853,-0.4045055545567967,0.1168914015347767,3.4636987940343897,1.4459811439691146,-1.2630232670096917,-0.2588903656248968,0.24605280127504683,0.13210381608951496,0.20060949937137212,1.175722278580404,-1.114954686969239,-0.2910537809756829,-0.4674766985158699,-0.68326525203553,-1.170524894407991,-0.7849011116867868,-0.8316751199742771,2.15195616545437,-0.8315503616676112,-0.5614646660278164,-0.6984953078294567,2.790893605195246,-0.6191144691255085,-0.3968615517785389,1.0855763972484977,-0.42706383819580496,-0.08602139992103093,-0.7553937511191907,-1.1491539478466624,1.4433598288260316,1.8254318802157556,0.5700659695398096,0.522523596413241,0.8041122256806844,0.5794838767316348,-1.2377195320591712,-2.3496772994623436,-1.728994181569219,-0.6294488051654448,0.6128597050614075,-2.0100791934656193,-0.1391928506652862,0.9063797258207039,-0.8343984225900698,-0.8859960529555155,1.0351138903238184,-0.35654351990104716,-0.07063487857567456,1.759350186065957,1.5544126670924305
35025,Lea,New Mexico,-0.11276150250717415,1.9964780544945029,-0.017671237618972206,-1.8305159785234792,0.6258097672856534,0.4085779869725736,-0.38442359197292253,-0.023584558659135578,-0.3929838132000351,-0.0710649817095923,3.615204558222455,0.10371420920904087,0.5004106431924387,0.29015633057569956,0.03202500630810057,0.5941130747825013,-0.6677710973462433,-1.1014327968781912,-0.4218769313952043,-0.25369898893127873,-0.37198760709499723,-0.5534059779047257,-0.7405422210702959,-0.7103558633586514,-0.8335888304708591,0.13757011389321847,-0.8315503616676112,-0.6393997489025706,-0.7127453779516705,4.440268180128852,-0.626365021964097,-0.4002862590906129,-0.158687142962632,-0.4211325696080555,-0.08602139992103093,-0.5570879305438318,-1.0766207242307628,1.2872263701435578,2.5322184665280187,0.5939662758292663,0.6072758301512768,0.9352599602337309,0.4880654950589732,-1.4751274584314038,-2.1278423518594516,-1.569652373637604,-0.9885788493427923,0.6434139155481159,-2.0893904761330653,-0.4165885873556378,0.9063797258207039,-0.8343984225900698,-0.588328603623195,-0.59786040540054,-0.20713797692714866,-0.0675063085284463,-1.4760691111510778,-0.5850649001224475
35027,Lincoln,New Mexico,-0.2635881101686025,-1.5598641243713158,-1.3015436073844266,2.085264216414232,-0.598732572564484,0.46219539912997243,-0.6122255414450887,0.36357811598403544,-0.3696644011763951,0.165633651646374,1.767370918514103,-0.13720549702994866,-0.5812628311931266,0.2509387094185141,0.5314231945643092,-1.1061738309606564,0.18017261595480452,0.9032999804391867,-0.2234195018556388,-0.2915242510645023,-0.4684581589567599,-0.6829470622595446,-1.1269049083420892,-0.8208463442274365,-0.8319233302122364,1.5441178053322828,-0.8280504342559444,0.24791567263779637,-0.7126577781128772,2.7985972487910633,-0.6215643561506606,-0.40064555874658314,-0.0924409264756679,-0.4278937398236714,-0.08602139992103093,-0.7437977225087137,-1.1846588498829895,1.4728720509585274,2.8576091156571026,0.17969430014534588,-0.03895995210124948,-0.09752844937151399,-0.08329939039515956,-1.295070885059205,-2.165871200019948,-1.4232802477469346,-1.080926574988396,0.015663772821195934,-1.9894707499378579,-0.10928896243362825,-0.38192996252919614,-1.3142400369732985,0.3046737443737671,-0.3256980227798136,-0.2624421707750592,-0.07004229523202583,-0.18323824905137676,-1.1792745187904285
35028,Los Alamos,New Mexico,-0.26418265367233607,-0.3821560932606821,1.3616067681905037,-0.3260311116593632,0.48531739483015995,0.25083997702298333,-0.5827847806356014,-0.07615883429538002,1.9844309675332619,-0.03097645459818049,0.6236445299478833,-1.89247764248543,4.549581640814607,-1.7687687801765382,-0.5387157802704237,-0.3060567382372521,-2.4738247269059817,-2.727639590505514,-1.8585442295581576,-0.11378357186265967,-0.016003952160926916,0.07650265591661098,-0.0888055567448912,-0.821853190311999,-0.829846705118901,0.38904682128241114,-0.8278327941552842,1.2829882565311208,-0.6946709666265419,2.444809907798806,-0.6219630836835389,-0.3955817246512903,-0.19401709548455123,-0.4187474583342919,-0.08602139992103093,-0.026583489289658445,-1.1847105748968636,1.1632773811638544,-0.6585862017378998,-0.6408828824593433,-0.9182643771333749,-1.3106449939872,-0.9632013139945235,-0.9683015481985481,-1.472901077984248,-1.3287868500200466,-1.5067521987986796,-0.9204061302716006,-1.7034505337040773,-0.7699831560159488,-2.099676213662396,-2.753764880122985,0.3046737443737671,-1.4143475532627192,-0.3120381483374833,-0.033807412422774324,-0.8306585062861881,-0.4042184944408878
35029,Luna,New Mexico,-0.2514717235925155,0.9102265074830939,-1.8161301558688583,0.06589070764861026,0.19226053395362389,0.5001807147127819,-0.555577017886914,0.07515707922582912,-0.20378340304023299,0.2780416733582789,4.17571582823031,1.600858097979894,-1.5909986357502826,0.46663562578303364,5.9534606670602885,1.3188136291453616,1.0588813743347036,0.960650769231963,0.41643462441848067,-0.28713899371734275,-0.44644057146946,-0.6359377827391033,-0.7792226398464316,-0.7235471291739686,-0.8331917754406627,2.922309940253807,-0.8315503616676112,-0.6171130486486817,-0.7127453779516705,2.083973856987984,-0.6255742528478857,-0.3990793061204844,-0.007322396334612321,-0.4275462579513535,-0.08602139992103093,-0.6253992968246261,-1.0894295188779592,1.3291716104548728,1.4681403330646334,0.6098998133555712,0.6814340346720589,1.0336207611485175,0.6137657698588825,-1.4364486389662647,-2.415171426849864,-1.6511760893235465,-0.960361488728858,0.7156329585166995,-2.1768202365538714,-0.36537198320196956,1.335816288604004,-0.354556808206841,-1.1836635022878363,2.123763420806724,-0.2539266350049072,-0.0692171283871988,0.09615618781607291,-0.5866796001731759
35031,McKinley,New Mexico,-0.11189165314456892,1.7062101917057775,-0.25811175315441104,-1.4433542124585659,-0.8396689596580651,-4.356153811576421,-0.6391597770822469,11.334782913132381,-0.20639239872938975,-0.14172051300723376,0.3195265475437998,2.6849967760553395,-1.3260373709242717,1.584337828762817,2.2436455542998814,0.08505558111832888,1.8558992941889627,3.103593544618345,0.1610542494581971,-0.28591565796557505,-0.4514406683125388,-0.668313557526023,-1.1111133788164953,-0.8221988482510404,-0.8335924675959844,-0.19607288921142596,-0.8281062534465609,0.9686134017126569,-0.7123833264529542,3.7074722602547476,-0.6249682707330475,-0.3940140691723576,-0.1859302818823498,-0.42391632556504477,-0.08602139992103093,-0.7281740006048324,-1.1867458190359994,1.4681557717784937,3.322123125604519,-0.48951427595944935,-0.6746017051365212,-0.7696605889558791,-0.7689372529401188,-1.1870369410358859,-2.0517846555384605,-2.0050631278693425,-1.7042737230962206,-0.6648618243827662,-2.253009027777717,0.27995722913425053,2.194689414170604,1.0849680349428452,-1.1836635022878363,2.668088186048177,-0.16802265877414255,-0.0681528663229438,-1.2296198647280043,-0.6900204034197809
35033,Mora,New Mexico,-0.3076692642311323,-1.4934481286977908,-1.2046781112877472,1.9758357251119438,0.5350317919780189,0.5490931684632353,-0.5982924905353925,0.19231395279503927,-0.42475637377213804,-0.3951002119168084,5.133551365972388,1.1534357863932023,-1.2873228234211964,-0.5726313348823804,1.5302195710767263,-1.705316315678609,0.5656129264622081,0.886886070506158,2.198596748756713,-0.29531933040850245,-0.47709544885444194,-0.6893838279252745,-1.09691023266864,-0.8194056249950923,-0.7763537390242559,1.4866224393414442,-0.8061571035674112,1.521065989125725,-0.6948712325808977,1.6544145181337528,-0.5898249612499098,-0.0933345264960532,-0.1734308194400153,-0.4147506578973045,-0.08602139992103093,-0.7412339834311191,-1.1580958864376405,1.445940131549912,0.699942284103503,-0.3381456694595551,-0.8335121433953391,-1.2778580603489378,-0.8146464437764492,-1.2603933227801147,-1.3757162437963144,-1.0545707154400583,-1.5221434864062804,-0.750969144845309,-1.7228099806543986,-0.022220735372392206,0.9063797258207039,-1.5541608441649128,-0.8859960529555155,0.762951507703092,-0.350367417034783,-0.07040067597585496,1.5597884796410846,0.4531872324957914
35035,Otero,New Mexico,-0.12324655543015978,0.8503091566523135,-0.49787905002975413,-0.5354208341792251,0.8016022585177244,-0.06010542815355965,-0.36889741347549126,0.9609961560764873,0.1759659495345469,0.9624164819360365,2.0694315378484536,0.9641417314911407,-0.8640025850320746,-0.10201988099615492,0.745450989531256,0.9133900966847553,0.4485965054588655,0.11191511650677238,0.308180095589163,-0.28525859239600865,-0.45958250414401763,-0.6683579429806195,-1.1066294537398471,-0.8168754472591446,-0.8334959118167449,0.8022121892970747,-0.8291290442360463,0.5861191384944036,-0.7126815143879736,2.967456144552514,-0.6211563501212092,-0.396928260627039,2.220616094072737,-0.42759049774956154,-0.08602139992103093,-0.7292747425554796,-1.1814605729303664,1.4634925713818747,4.194721405720872,0.4505644380925247,0.363613158154423,0.3614886215641502,0.2823741362954857,-1.3964360671057763,-2.254605179061104,-1.532596139234903,-1.0244918537605272,0.38231429866169764,-2.086267984689465,-0.40122360610953733,0.04750660025410388,-0.5944776153984553,-0.29066115429087425,1.0351138903238184,-0.13304345799521028,-0.06875922960168158,-0.5261077764181584,-0.2056103882013179
35037,Quay,New Mexico,-0.2967390358767797,-0.6954100676676043,-1.1923551697581312,1.2344816735235518,-0.6211166044378948,0.45187985676986625,-0.5036474064199473,0.1710687171201236,-0.1324370777841207,0.42512983655851433,2.60348228444821,1.2394785386214122,-1.450143579941222,-0.23928155504630408,0.9594787844982022,1.245706122323782,-0.17537147439888873,-0.4380424179147128,-0.4967894777570524,-0.2870158656173519,-0.4471638914379193,-0.6394503205606322,-0.9146335052488987,-0.5243623307946566,-0.8334934465177237,-0.07926818992405106,-0.8308278939028483,-0.612767823603519,-0.7127453779516705,4.362004821941979,-0.6111473328125911,-0.35118398773155024,-0.24863710479443232,-0.3935410714798209,-0.08602139992103093,-0.6636788891422916,-0.8934435991900949,1.1551565558300034,1.4058427343595994,0.2752955253031734,0.18351466146109574,0.6565710243085056,0.1338192660774107,-1.4617899344779075,-1.8891056939630066,-1.1935315944501874,-1.157883013026399,0.2878740117027811,-1.9270209210658533,-0.4831701727554066,0.47694316303740386,-0.8343984225900698,-0.588328603623195,0.762951507703092,-0.3287884879293208,-0.07029064549960377,-0.59206292028819,-1.5328938298999069
35039,Rio Arriba,New Mexico,-0.20691903502702466,0.03543901383691834,-0.3733324395643996,0.15327684415056128,-0.4991285757147691,-0.5042290988663001,-0.6364444710312896,2.5921399440625255,-0.32917533657994275,0.35693577635758833,4.405473042327894,1.3255212908496223,-0.7648823605738466,0.11367703536836492,1.0308213828205177,-0.6491664586123084,-0.7104039920355731,-0.63687876812084,-0.2717115929470751,-0.29060118600290247,-0.46909126773597104,-0.6593693626014364,-1.0671520874398996,-0.8068117884515584,-0.8114157217907686,-0.3240204034562357,-0.7035843712631965,1.9095256849867293,-0.5923730816616922,2.728662094067322,-0.5556617983520472,-0.28037942109176517,-0.17296210241004975,-0.3889272145880036,-0.08602139992103093,-0.719408451464212,-1.1615606882939546,1.4398858849141565,3.6505891881050094,-0.7683511826697806,-1.0559867569576835,-1.4909731289976387,-1.0889015887944329,-0.8709376233380258,-1.3461382507825956,-1.6178254783611155,-1.7427519421152222,-1.062066560709977,-1.7752678369068824,0.05460417085811019,0.9063797258207039,-0.8343984225900698,-0.29066115429087425,0.2186267424616392,-0.2085042057430192,-0.0695088406312792,0.14008338420548175,0.05920042011810801
35041,Roosevelt,New Mexico,-0.26672776847403284,2.3601846765635885,-1.9937796742058904,-1.1814550873635983,-0.14047698102007053,0.41993438986876047,-0.46654200271042245,0.07301630420783287,-0.001244922964127064,0.41901771776420077,2.4048709383060407,0.7404305756977946,-0.7409260182359508,0.2509387094185141,0.388737997919678,1.6208175374652312,1.3956217676908833,0.27554187375551037,1.3683321731628089,-0.2851047148826002,-0.45014253693380735,-0.6461445410503384,-0.8369998376038635,-0.11550196276936808,-0.8050497525573558,-0.0829512671197137,-0.8315503616676112,-0.6393997489025706,-0.7127453779516705,3.7516539905462314,-0.6265283249062364,-0.3605072053008897,-0.19972373159277695,-0.4244925562378486,-0.08602139992103093,-0.6453307548237521,-0.47799893751409195,0.7433310684760156,1.0881145558338476,0.4027638255136107,0.31064301206815037,0.6401775574893755,0.15667386149557633,-1.4964674967569978,-1.8510768458025106,-1.2639384398153197,-0.44218813927297057,0.3684260211677392,-1.781512819794083,-0.6214550039703108,0.47694316303740386,-0.5944776153984553,-0.588328603623195,1.0351138903238184,-0.3192810326079203,-0.06931329872779661,-0.5187450307962648,0.3740669300101094
35043,Sandoval,New Mexico,0.10888314417039734,-0.049774402277113355,0.5705238335099433,-0.23827471089441934,-0.43173022526936794,-0.3390316421452406,-0.47362275662495756,1.8225762828862666,0.22688432589111066,0.5609795337287867,2.1676250966624027,-0.7739218635187005,1.0568292993270618,-0.5530225243037876,0.6741083912089404,-0.8617725951374814,0.6973822308976888,0.9144069235743686,1.246987515469052,-0.27447879335411984,-0.4000832776316645,-0.5914589677387831,-0.7931465077289547,-0.8166387798084137,-0.8148729830855996,-0.14440846934438306,-0.7920853403942479,0.5708312755740437,-0.6752740095195269,3.766848956002792,-0.5813185752705258,-0.27859483172870725,-0.19645265843024295,-0.4169858428085354,-0.08602139992103093,-0.5973093190652268,-1.1728009521975535,1.3980996961019798,2.0270390027761334,-0.39391305080162153,-0.5474733545294665,-0.6549063212219648,-0.6546642758492923,-1.2483895512219683,-1.8595277009492877,-1.8383100730571873,-1.658099860273419,-0.5509779489323073,-2.1574607896035505,-0.14514058534119603,-0.38192996252919614,-1.5541608441649128,-0.29066115429087425,-0.59786040540054,0.1952257670783435,-0.06262791779303305,-0.4757598109832187,-0.388071493933606
35045,San Juan,New Mexico,0.04213611732267601,0.8938790406205894,-0.01992332539195478,-0.8135912818363358,-0.26815623039062697,-1.9004124325702254,-0.6267596427111448,5.887713125859628,-0.3288251843901158,-0.16559619181405116,0.7778871978164238,0.9297246305998548,-0.6535437150951446,0.5842884892545901,1.31619177610978,0.07290786544545158,0.617822376314282,0.7358198948265006,0.47802819978931216,-0.26175018593449345,-0.39192318289429134,-0.5427611641019567,-1.0646332580818292,-0.7423046801125777,-0.7686426683385543,0.34146508084021016,-0.8287725635085542,-0.1522836251002784,-0.7122359822201692,3.849100992831256,-0.5788199204784433,-0.30112336780039844,0.1328296425735691,-0.3992333648268211,-0.08602139992103093,-0.6493716749059485,-1.078691191895796,1.3290812477698626,3.3844877430028775,-0.4178133570910783,-0.37796888705339393,-0.21228271710543062,-0.5061094056312173,-1.1830356838498368,-1.937698111056973,-2.1106733959170407,-2.0300559774571005,-0.40376220749634867,-2.3323203104451626,-0.22196549157169843,0.47694316303740386,0.36520561336800217,-0.8859960529555155,1.0351138903238184,0.02010517762490891,-0.06620787647689434,-1.3082485758891804,-1.0727043154423668
35047,San Miguel,New Mexico,-0.24102181609832202,-0.5753368857208006,-0.3103955693179936,0.6846291831252888,-0.21888430079438667,0.41388987938714594,-0.5543464884817773,0.2555815313991015,-0.06439502288717494,0.1466588160729574,4.872082192201103,1.600858097979894,-1.2860872527562046,-0.35693441851786023,1.3875343744320952,0.15782669451149497,1.2263647930009534,1.9709527148691453,0.1910059167458794,-0.2925248264483353,-0.47241694657820243,-0.6822471355308749,-1.1487581535264835,-0.8202207493893401,-0.8227076214023493,0.04265519883124577,-0.8180714778175475,1.1229444859715652,-0.6984158798863034,3.324915504283124,-0.6022203304983986,-0.303124201492919,-0.259214539092272,-0.40270901683159926,-0.08602139992103093,-0.7509077480015773,-1.1798729052486145,1.4712886871206678,2.7862267607459787,-0.02744168769661462,-0.3461867994016306,-0.294250051201085,-0.3004180468677298,-1.305740904222002,-1.7433284426811064,-1.1990900296105926,-1.537534774013881,-0.22321460007488936,-1.905163480960652,-0.17587054783339698,1.335816288604004,-1.0743192297816841,-0.588328603623195,1.3072762729445448,-0.2463843033227725,-0.0696847439808551,0.598999752129187,0.22389982529238533
35049,Santa Fe,New Mexico,0.11945606066536328,-1.284824526417873,-0.0441300715397903,1.2056615047043417,-0.7574992950175625,0.3981889012291844,-0.6108154791445429,0.38024641755609834,0.053391751482131024,0.3299151997397433,2.9548510842606044,-0.3609166528232928,0.4165977664171642,0.46663562578303364,0.10336760463041615,0.08739726355537449,1.1848656953472152,1.5823698410869962,0.6506332326004926,-0.24839113311902425,-0.3393499115604282,-0.5013960502418918,-0.4642325466065967,-0.7731278515492037,-0.8320163629781288,0.898130605658983,-0.817840906290202,1.0383112486038546,-0.669490472678941,2.4070860322880807,-0.6174920111566714,-0.39908691092702625,-0.18023474453688307,-0.4232530438938203,-0.08602139992103093,-0.4530250387682443,-1.1377161035817687,1.3016972058541454,0.6832025038155615,-0.38594628203846915,-0.6534136467020117,-0.8516279230515335,-0.757509955231036,-1.2083769793614798,-1.8405132768690398,-1.3936352602247737,-1.4041436147480089,-0.6343076138960578,-1.921400436467373,0.8330965539938677,-0.8113665253124961,-2.0340024585481418,-0.29066115429087425,-0.59786040540054,0.374314034736772,-0.05443135999151865,-0.547140303671475,-1.166356918384603
35051,Sierra,New Mexico,-0.2893057776872441,-2.1925589467947373,-2.804468957233822,3.4166369612440453,0.06538791487731738,0.5466176526703418,-0.6152844594797681,0.3501360397852924,-0.19822811153298672,-0.5041963665460866,1.5230627785212938,2.25478301491429,-1.5143246117060716,0.01563298247540123,2.0296177593329356,-0.28280847432349865,0.8111700732462191,1.0087408586204307,0.8289721532004789,-0.28890095684385736,-0.45640700995610367,-0.6517022588890291,-1.2289265901701714,-0.814354010106187,-0.8332971581819781,0.9781598429441857,-0.8265407975642475,0.2939878675942417,-0.7113469496798076,3.146004200384366,-0.5951360727200531,-0.3749304842274088,0.4722447059036102,-0.37354160665742964,-0.08602139992103093,-0.7566648634294559,-1.1788879687489495,1.4728166471980324,2.4150474510339093,0.39479705675045823,0.4377713626752043,0.49263635611719675,0.23666494545915523,-1.3884335527336784,-2.415171426849864,-1.636353595562466,-1.1655786568301993,0.3934249206568645,-2.199302174947793,-0.17074888741803015,0.47694316303740386,-0.354556808206841,-0.8859960529555155,2.123763420806724,-0.2930419531579133,-0.07035698332625934,0.465019924233012,-1.3262122234066958
35053,Socorro,New Mexico,-0.27218409629401114,0.4700549182691564,-1.0661847888910638,0.09792628481112502,-0.04372044944320835,-0.327218149095026,-0.5846467371492542,1.919478446405857,0.36594907776134106,0.17402566770510175,2.8750092712734627,1.979446207784018,-1.107890505738504,0.09406822478977217,1.3875343744320952,-0.2141004407112831,-0.2732950766365793,-0.9636392413906479,1.0181231778079929,-0.2937453991054365,-0.47687226196668975,-0.6735732887915779,-1.1584513544568398,-0.8122261058226485,-0.8215142737985135,0.5020375153629101,-0.8308475359414187,0.17912166317507064,-0.7108988906564844,3.6779474103831014,-0.5414347673121274,-0.34011388691862954,-0.061149680984151314,-0.42262481469879776,-0.08602139992103093,-0.7521579865080729,-1.1714612041120882,1.4636504242879336,4.209569769552791,0.07612630622436535,-0.007177864449485444,-0.08113498255238405,-0.22042696290415092,-1.3657597620127349,-2.231365327407468,-1.634500783842331,-1.4734044089822116,-0.04266699265343002,-2.2086696492785935,-0.04270737703385951,0.9063797258207039,-0.354556808206841,-0.588328603623195,1.579438655565271,-0.3062176392726101,-0.0703661666337717,-1.3725765688259683,-1.7605665370525845
35055,Taos,New Mexico,-0.2250716489981601,-1.5225666098713544,-0.44617054924485366,1.6249119109944856,-0.5261411192484974,0.2533972176521721,-0.6362736170813863,0.9480953196497428,-0.21309173822403685,0.14203765301645577,3.3601079328324066,0.6371792730239426,-0.8710727949484164,0.5646796786759973,1.5302195710767263,-0.5935061955059187,0.32163117027615845,-0.04946127329084874,1.6081695696477392,-0.28818933984179795,-0.45960894750238096,-0.6295147222183799,-0.9777220483143153,-0.8079439329080969,-0.7915898314584439,-0.2659892545566339,-0.7125582808648866,2.508396261812432,-0.5582668325043014,2.1556226141721893,-0.5789792460000427,-0.2755052516249482,0.18464859746183718,-0.42320931737176143,-0.08602139992103093,-0.6814267506702798,-1.1537045127742798,1.4158499980378958,0.9016164253572041,-0.8719191765907609,-1.2678673413027741,-2.0319575340289573,-1.2831656498488382,-1.0163166344311343,-1.3102221164087942,-1.5677995619174692,-1.5939694952417498,-1.292611967109687,-1.7796393249279228,-0.06831567911069364,0.47694316303740386,-1.5541608441649128,-0.8859960529555155,0.2186267424616392,-0.19613328454725987,-0.06778446458110014,0.4158113588575848,-0.4655770963685602
35057,Torrance,New Mexico,-0.2756283483156399,-0.45401464487394033,-0.12968392229486653,0.4828597736314546,1.154771008448771,0.38769430461807475,-0.5120434245375195,0.4253722567248836,-0.2940871719977983,0.8479017245250464,2.4439823082257286,1.2222699881757704,-1.1113226464745922,0.07445941421117944,2.100960357655251,-1.4383226425900828,1.1309225490854953,2.0959992812079147,0.6401652947896708,-0.2919746557595558,-0.47553073371659554,-0.6872761358742264,-0.8822978689907877,-0.7742314772885309,-0.8321581676828858,2.699365680056445,-0.8220193024118327,0.015938079383112203,-0.7084024162543218,1.8393614159397644,-0.6265894179200343,-0.2540950480179025,-0.07606630058461936,-0.4256124586225286,-0.08602139992103093,-0.680885385829659,-1.1388669260409574,1.4011908606925176,1.7514357962650107,-0.21864413801227023,-0.44153306235692125,-0.6221193875837026,-0.5518185964675486,-1.2924033802685058,-1.9313599696968906,-1.3306396617401817,-1.5324043448113471,-0.4315387624842655,-1.9975892276912184,0.8894348185629029,0.47694316303740386,-0.354556808206841,-0.588328603623195,0.762951507703092,-0.3110649442494659,-0.0699230566821028,0.5466476595573878,0.6453365385324485
35059,Union,New Mexico,-0.30902236323962934,-0.5856262938633098,0.17778894767024878,0.4509841396936472,2.7726824297948447,0.4402096721404178,-0.5241705300994298,0.28773700103383754,-0.24822116088114995,-0.4434395649842648,2.392049470609037,0.9985588323824247,-1.2013133765748254,0.2509387094185141,-0.32468798530347687,0.8308285606168431,-1.7399079524894343,-0.7295743019421511,-3.03120043754536,-0.29291865570059616,-0.4716745320417286,-0.6874721747701947,-1.1008696405141156,-0.7264803879484846,-0.8258621992566827,2.996228684989424,-0.8286342042884746,-0.21341307830822734,-0.7121561606259175,1.7679256957615337,-0.6209616535342448,-0.3214948780470841,-0.26054625107215684,-0.4268871618277758,-0.08602139992103093,-0.7395224574227858,-1.0890011583941546,1.378025868867025,2.112606981107421,-0.13100968161759458,-0.4839091792259392,-0.35982391847760714,-0.48325481021305244,-1.4577886772918587,-1.6398054671330902,-1.0712460209212737,-1.9146213204000957,-0.35098675301930576,-1.994466736247618,-0.1963571894948643,0.47694316303740386,-0.354556808206841,-0.29066115429087425,0.4907891250823656,-0.35869579817262404,-0.07066813302691269,-1.3870335261339888,-1.8380721394875383
35061,Valencia,New Mexico,-0.09630758426099169,0.3232453203285432,0.012981593755004794,-0.30426471531900356,0.0342923643871326,0.2718808032447989,-0.5645919642040915,0.7131486156949227,-0.23569832328831505,0.43770911155187964,3.6894281681435808,0.5339279703500905,-0.05868508271633332,0.1528946565255504,1.0308213828205177,-1.2197155699340625,0.48962765703662325,1.3422851560127185,-0.07448503483209591,-0.2517652630002622,-0.36840897940886774,-0.47846768935789213,-0.6395069407029333,-0.7897886770723271,-0.5236629096101029,0.14111915594647859,-0.8314553308806201,-0.5441623655603419,-0.7127453779516705,4.168406352087111,-0.5908928539207339,-0.22198066355638377,-0.16648625164837916,-0.418615063652377,-0.08602139992103093,-0.502308591467799,-1.0145955297355886,1.2032741367923603,0.05581817604881406,0.04425923117175617,0.08816839850580516,0.23034088701110358,-0.14043587894057283,-1.3790972859662312,-2.1848856241001955,-1.7790200980128654,-1.6606650748746856,0.04344032780911275,-2.29547491141068,-0.1400189249258292,0.47694316303740386,-1.0743192297816841,-0.8859960529555155,-0.0535356401590872,-0.07624202708881143,-0.05587728783453591,-0.1463574193261721,0.04305341961082625
36001,Albany,New York,0.5738513095188195,0.5756305087047593,-0.09420876983484462,-0.4833996150254488,-0.7517233641974332,-0.5119033369783009,0.35047234768677,-0.3137967074040624,2.07216120138635,-0.07581657612581846,-0.2528897250084815,-0.4813765059427885,0.9394500861528445,-1.5334630532334235,-0.32468798530347687,1.8795795071270798,0.8820827406437907,-0.22993988950734645,0.7538634183407136,0.7059537479520287,0.8558206746333278,0.9109518514250269,1.2837104267720134,-0.7747481557656836,0.3062005375647561,-0.4438402997875329,0.07981555567716433,-0.04824674151564516,2.8101224723963507,-0.40761430013075794,0.05270949578553656,-0.1622742362826036,0.13274245831962822,-0.28725659477247867,-0.08602139992103093,1.0683469635348128,-0.6242856646680618,0.14570308985956887,-0.3428239048829747,-0.7842847201960852,-0.875888260264357,-0.900808323508928,-0.8375010391946149,-0.3654454655005197,-0.6214774219464829,0.007090400197329261,0.6172454910502047,-0.8592977092981838,-0.2021566476210892,1.294045991376882,-0.8113665253124961,-1.3142400369732985,0.6023411937060877,-0.8700227880212664,0.7612188061133728,0.04895010084698873,-0.468031910890845,-0.2298308889622414
36003,Allegany,New York,-0.18591964132372663,0.5340489749191045,-1.1160193914558412,0.06378830838869622,0.3451971674898004,0.6658038372649276,-0.5810019413577898,-0.3257741160553566,-0.08429891858790944,-0.36005841246015724,-0.5799195195148721,0.5855536216870165,-0.4332002798382805,-1.239330894554533,0.9594787844982022,-0.5684503923957017,-0.018624950628989813,-0.1202279742339597,0.7231809133840189,-0.27379511598574074,-0.4067646344260467,-0.4778377051467536,0.2581885088874678,-0.6879944664380678,0.6213984194599635,-0.5104220548920522,1.563714868310075,-0.1558251880443311,1.5098136645687064,-0.42721056255123685,-0.4954973443020984,-0.32079109412044293,-0.20319903712168197,-0.390123083949359,-0.08602139992103093,-0.27374627913903693,-0.396243528064326,0.5034215169721967,0.03022448172067564,-0.8002182577223899,-1.0559867569576835,-1.2614645935298054,-0.9289194208672759,-0.462809390361042,-0.6151392805864001,0.26277841757596726,0.014420059752514088,-0.9954028287389757,-0.30644786183733635,-0.6112116831395772,-0.8113665253124961,0.36520561336800217,1.197676092370729,0.2186267424616392,-0.1821154025871634,-0.06156714799153319,-0.2085859703612633,-0.2944188909913696
36005,Bronx,New York,3.8327141230548603,1.1620610927601822,0.7120061941097605,-1.4251759868012601,-1.2829839896110329,-2.474039389719304,2.4422435219167324,0.1763755722730694,1.073958917613104,1.7479841833192575,3.3487144144557925,2.013863308675302,-0.9782928715438125,-0.651066577196751,0.8881361861758866,6.407431894558775,5.653689144405299,3.9716892833619197,2.730176102357891,13.365358886977324,5.006297961156251,0.9480125206170146,0.6115393172991882,-0.8215409481813828,-0.8278810642547223,-0.491099310519174,-0.6254692471344837,-0.6331707177612388,-0.6758866128255695,-0.4511373253279165,-0.5744880917406796,-0.055611620899705574,-0.05353558050485889,1.8137369388612319,-0.08602139992103093,4.804540679669064,-1.1835137107617104,-0.92364132871355,-0.6972038621352596,-0.011508150170309747,-0.1978703903600674,0.2631278206493658,0.09953737295016307,0.28409195103474555,0.5067117401482232,0.37765274422434064,-0.11640588491209106,0.01288611732240362,0.381749252332153,11.445176934633931,1.7652528513873038,-0.8343984225900698,-0.29066115429087425,0.762951507703092,3.531631397287148,5.097003022530915,-0.6145712751514354,0.6663276391919152
36007,Broome,New York,0.23698823211771328,0.5310473384255748,-0.941433729933918,-0.020393072174864073,-0.35300730960900617,0.1454135811951554,-0.1669909678364692,-0.2999301131108339,1.1796198459303353,-0.05741482832194261,-0.38243102949321345,0.5683450712413746,-0.24319696868843635,-1.298157326290311,0.388737997919678,0.794525735365854,0.6976872773833559,-0.1639630547229649,1.1562428791585673,0.01359741962830297,0.08802152557397269,0.08805296864086878,0.555792177263232,-0.7705632111727404,0.6469646536914464,-0.500589301714641,0.9213597344998088,-0.3486658633838803,2.8508013698960384,-0.41118992266067955,-0.4780735113258288,-0.23742148221191892,-0.0549773998916932,-0.3157806228053344,-0.08602139992103093,0.21095345856078507,-0.4659744832592658,0.36195460305969357,-0.20724508828931312,-0.8081850264855422,-1.003016610871411,-1.179497259434151,-0.9517740162854414,-0.3321016556167792,-0.07217183740598941,-0.07443331548861315,0.7891148693350781,-0.975959240247435,-0.00981117469531499,0.2902005499649842,-0.8113665253124961,-0.354556808206841,0.3046737443737671,-0.0535356401590872,0.44457188370633416,-0.0151850465692362,-0.0633472945971858,-0.1878486876433077
36009,Cattaraugus,New York,-0.09797992091435057,-0.08028664260345886,-0.15984540725156005,0.153572353160234,-0.14279174757781732,0.4803581544283571,-0.5425257454696091,0.19719934244779982,-0.2571341589785434,-0.35916115689730527,-0.5478009162528866,0.03488000742647284,-0.33902233804001963,-0.9648075464542345,0.6741083912089404,-0.009166080000088027,0.036369442499157904,-0.2062273884711995,0.4638764402284114,-0.2476314570137641,-0.3281501489989603,-0.40382714432871947,0.01184858931636824,-0.665906454869858,0.34974687864786,-0.5073168836032581,1.6607854403684852,-0.3532306114263637,1.6655615138199331,-0.42626708548761255,-0.32637669401476105,-0.23023434396662365,-0.14467298005600104,-0.3393084785465427,-0.08602139992103093,-0.2862727073050717,-0.4974132993402468,0.6071889566936495,0.24493748208655883,-0.8241185640118468,-1.077174815392193,-1.32703846080633,-0.917492123158193,-0.2454077499190538,-0.36372633996978965,0.6463104436439241,0.30685452429692583,-1.0176240727293102,0.0701246062608504,-0.293668737386834,-0.38192996252919614,0.36520561336800217,0.6023411937060877,0.2186267424616392,-0.035479748171468206,-0.058850311511694765,1.2310511688378023,1.2169403564902348
36011,Cayuga,New York,-0.09663560826305158,-0.5607380072589656,0.683784254232702,0.17606048090829954,0.5692835680179915,0.498456238577824,-0.3189015071167567,-0.2877414896598596,-0.3300992500575975,-0.17866083091671722,-0.47685398310544735,-0.11999694658430474,0.16014821061665196,-1.3765925686046818,0.10336760463041615,0.04167044494843355,0.015652605823099866,-0.10697845255224883,0.2345409871461516,-0.19877136270615273,-0.28247768073317703,-0.17066566748269896,-0.14010761268497945,0.33575765708475447,0.08850920103296431,-0.516651952669348,0.08334580552982107,-0.5408450350660511,-0.465264244202044,-0.41365604558814123,0.29196346389945116,-0.21538487212600377,-0.2253317089101779,1.292097418543446,-0.08602139992103093,-0.22346288344719512,0.3706446003620996,-0.2638721659146483,-0.09688019342828946,-0.8081850264855422,-1.108956903043956,-1.1467103257958913,-0.8946375277400281,-0.3481066843609745,-0.5454197256254912,0.4721461419512285,0.38894139153746254,-0.9842922067438096,-0.07038750870115928,0.22874062498058229,-0.8113665253124961,0.1252848061763878,1.197676092370729,-0.59786040540054,-0.0623551533713327,-0.052339688808561366,0.09639651359565225,0.19160582427782127
36013,Chautauqua,New York,0.050761391305411394,-0.20223534269300728,-0.2774510115326518,0.3244909881975675,-0.333564726968209,0.589901032406593,-0.43310994260364466,-0.25091565841789093,-0.3349531296135668,-0.34877903584121034,-0.14365778468983717,0.31021681455674494,-0.3829537394619489,-1.2589397051331257,0.388737997919678,0.29066133710890757,0.29516506047858504,-0.44557996457046484,1.1022277099488496,-0.20764295942979086,-0.27040464225760297,-0.25828474905588383,-0.11750053157839059,-0.5747291759077217,0.28121938387314815,-0.5074500187624625,0.5933259801261628,-0.4966462681382252,0.48427811573031115,-0.4407908907171468,-0.1724291292227244,-0.23835613240230327,-0.2106498325568402,2.097859470658137,-0.08602139992103093,-0.24568829427437439,-0.43864547909982576,0.5325320268985083,0.37668134011781385,-0.7205505700908666,-0.992422581654157,-1.0483495248811046,-0.7118007643947055,-0.1867226445236706,-0.39330433298350864,0.2831593464974528,0.7301149335059428,-0.8620753647969762,0.06950010797213048,0.18264568124228084,-0.38192996252919614,0.36520561336800217,0.9000086430384084,0.2186267424616392,0.2013082926284521,-0.05318564186239854,1.6744628577174543,1.6561387702883081
36015,Chemung,New York,-0.07648556242223005,-0.23665231243361662,0.36903471618482936,0.03423741276714175,-0.23753028572321472,0.32465434404936766,-0.12492046511838736,-0.2921508192962868,0.025366404768231456,-0.2378901933972195,-0.4696840793592197,-0.0683712952473792,0.18382998169566073,-1.5138542426548327,0.03202500630810057,0.4062913212574575,0.12416634057703628,-0.5857614975692054,0.7916254409848393,-0.020606347163818765,-0.009523637470672648,0.1653925192738837,0.5361401528695061,-0.7031244132052138,0.7826839459923771,-0.5022139080110574,1.1702706214719467,-0.5016737883121288,2.1229569218803057,-0.4184960761331467,-0.48880324190463526,-0.20312907293103133,-0.10557178695174724,-0.37259875362996353,-0.08602139992103093,0.19573049535118256,-0.33816161157055247,0.2442645078438007,-0.43407357910380884,-0.704617032564562,-0.9182643771333749,-1.0155625912428423,-0.8146464437764492,-0.5615070676169138,-0.6257028495198712,0.23313343005380632,0.06315913717658256,-0.8565200537993923,-0.35390973178006013,0.46433700408745626,-0.8113665253124961,0.1252848061763878,0.9000086430384084,-0.3256980227798136,-0.0024282401053395907,-0.028386732137114706,0.6273649739144218,0.5000135339669094
36017,Chenango,New York,-0.1826511164460585,-0.5387951889569518,0.13177463803282466,0.4307554852455123,0.030698650581258015,0.732997750911425,-0.6104227074829809,-0.2801528883136258,-0.35804719306914184,-0.5328542297948355,-0.5366918616080454,-0.13720549702994866,-0.2627601708841392,-1.4158101897618671,0.24605280127504683,-0.3525482144271959,-0.0167195352727454,-0.31137982540011483,0.8170682793803749,-0.25844909963311574,-0.382061692692637,-0.4346923748705061,0.17264704774014936,-0.6914051488807996,0.8771766980107039,-0.5051710524889886,1.069710632512756,-0.18870306546670249,2.088671323270081,-0.4208904276668702,-0.23218749404196862,-0.2640660834115048,-0.19923091501304524,-0.3728634113843438,-0.08602139992103093,-0.27155829234129325,-0.28386599292971676,0.39322109960943924,-0.07075779607504262,-0.8878527141170655,-1.1407389906957202,-1.376218861263722,-1.0317651002490196,-0.2173989496167119,-0.13555325100681537,-0.06331644516780272,1.0943754068858238,-1.0926207711966853,0.10322301556301286,-0.25269545406389937,-0.8113665253124961,0.1252848061763878,1.4953435417030498,-0.0535356401590872,-0.15286313355694878,-0.05990056097244285,0.745213108611497,0.4128197312275862
36019,Clinton,New York,-0.08518698483401504,0.06265272964563624,0.5553329263123086,-0.3342863111810768,0.6061486249147708,0.4580850089706891,-0.37665450496930075,-0.29756808708546106,-0.03396451019733107,-0.3453136171672598,-0.4877061384795193,0.052088557872114846,0.2297520247445212,-1.3373749474474963,0.17471020295273174,0.6319833177774284,-0.13567343897895387,-0.4914045916265751,-0.035822914284376,-0.13563029650456665,-0.20187981616787307,-0.19527855406604439,-0.5140533240894654,-0.632145162746352,-0.1330046597229928,-0.4352424584205016,0.7630579830288945,0.6532380914413617,0.5077098018378208,-0.366970458718518,0.6023115043354982,-0.20179993388917375,-0.07595980593944185,0.17764507840142468,-0.08602139992103093,-0.2963067691849666,-0.6826087989324637,0.7915719315687472,0.09203061000800418,-1.4136594524851185,-1.4903419548651193,-1.2614645935298054,-1.317447542976086,-0.4401355996400985,-0.45457303279764044,-0.559869986163998,0.8352887321578804,-1.4176064645553126,-0.3258073087876579,0.4489720228413558,-0.38192996252919614,-0.1146360010152266,0.6023411937060877,-0.0535356401590872,-0.03587277289932138,-0.05581976106479031,0.3150303378115954,0.3498464292491859
36021,Columbia,New York,-0.1467617760778278,-1.4486551277422968,0.45445775257321797,1.1082899589811996,-0.016409554931569,0.36558103519818724,-0.26974015606854485,-0.3112007311280792,0.1990365271204087,-0.17757157606456803,-0.3409594875548645,-0.7567133130730604,1.087375351878247,-1.2001132733973472,-0.6100583785927393,-0.25883883211403574,0.7425640313984662,1.2960914914672683,0.1800031770396139,-0.15050872495048925,-0.06246130287338883,0.13274421238355558,-0.14599924914751888,-0.6387501774515365,0.7313511622434163,-0.4981505901777317,1.418295014390683,-0.3646936456077588,0.43291771714971694,-0.4292699241388061,0.12540927833676438,-0.19438177223585468,-0.1273069933546412,-0.2540816261065344,-0.08602139992103093,-0.04447902871947887,-0.2980044045923653,0.30892917755811644,-0.2570101913428332,-0.6727499575119529,-0.7805419973090664,-0.7204801884984869,-0.757509955231036,-0.20139392087251634,-0.41865689842383896,-0.25971448750211884,0.6198107056514718,-0.7454138338477251,-0.15469477767836545,1.1608828205773447,-1.240803088095796,-0.5944776153984553,0.6023411937060877,-0.8700227880212664,-0.08077116919073846,-0.05170972993633387,-0.11176585240487567,-0.6916351034705094
36023,Cortland,New York,-0.18155575058203707,1.2212013834778508,-1.0267595896480042,-0.6137248487284007,-0.4985962886109343,0.6325926588764383,-0.5129347725388422,-0.29162695234571584,-0.14145032502165572,-0.31602639470081095,-0.4976740589211876,0.4823023190131645,-0.03973966585312631,-1.494245432076238,0.5314231945643092,0.734836030797816,0.08675805000829612,-0.5573637207982413,0.41220433802818235,-0.20793648557759253,-0.2674194896545629,-0.250721935513134,0.017009846876622926,-0.5152998328353104,1.1818304736846614,-0.4968089056301775,1.3217095459775803,-0.36829285311059434,0.5992007841413004,-0.4196294753358859,-0.35678386509323345,-0.25966193009195376,-0.18189001067093746,-0.37922360026614893,-0.08602139992103093,-0.20561718405526502,0.02738298146910061,0.06214938893073246,-0.36650384319064994,-0.9356533266959792,-1.2360852536510107,-1.4253992617211142,-1.1117561842125985,-0.3027591029190875,-0.37217719511656666,0.1682850198490794,0.9327668870060173,-1.1620621586664774,0.032030210648927686,-0.32439869987903497,-0.8113665253124961,-0.1146360010152266,0.6023411937060877,-0.0535356401590872,-0.20214094824444404,-0.05104186123095166,-0.39421571462896526,-0.06674618383869196
36025,Delaware,New York,-0.1916483462168439,-1.125468906821631,-0.5782576304625849,1.3248551774510966,0.2660356148989862,0.6231901675041136,-0.5287574255466169,-0.3094982486987476,-0.17886968533680928,-0.20248487997810574,-0.4154525932062617,-0.3264995519320088,-0.32151842028596966,-1.2001132733973472,0.388737997919678,-0.277385592835381,0.4224592365541524,0.4128198322090926,0.7470468576661515,-0.25975352248187183,-0.3886145097346905,-0.43587136681356503,-0.1866455023260277,-0.8067820839656641,0.20703738175420425,-0.5017604287330006,2.184204294126128,-0.42174121776324097,1.4722747161700571,-0.41926228982546593,-0.5031005622812424,-0.35099342329719146,-0.16041749680179865,-0.30584852487713726,-0.08602139992103093,-0.37206084902776015,-0.7006969049849981,0.8418630929886417,0.3528301318160894,-0.9117530204065225,-1.1937091367819928,-1.5401535294550308,-1.1231834819216813,-0.17605262536087363,0.18769195835739805,0.088614115883272,0.8788973803794153,-1.164839814165269,0.21688170411006108,-0.26806043530999984,-0.8113665253124961,0.1252848061763878,0.9000086430384084,0.2186267424616392,-0.15228295419678456,-0.06459816449487117,-0.40631390690962943,-1.059786715036541
36027,Dutchess,New York,0.5407911761683553,-0.2679185588273346,0.9421753264193067,-0.22239170452773757,-0.15474058401328966,-0.1919444223046444,0.20177294913021065,-0.27180198888143564,0.8863649201981495,-0.03836162566612063,0.22486775888865967,-1.0148415697576887,1.9798005860759076,-1.2785485157117182,-0.32468798530347687,0.35197062755808345,1.9593214023409304,1.8725100770678678,1.8374817945955857,0.15339506437881095,0.5492026487866911,0.6789567870130913,0.7073095116899675,-0.7478357583587975,0.3161405337838121,-0.48052071524497625,1.703809179924693,-0.5651362428215748,-0.31056990753407354,-0.4241744472738257,0.23808394208467842,-0.20300877825573393,-0.027188544549682364,-0.17523577667723467,-0.08602139992103093,0.6233648993257029,-0.5932893362542319,0.3076811934953482,-0.1253482450478626,-0.529348119775211,-0.6004435006157391,-0.47457818621152376,-0.6089550850129618,-0.07868870050035129,-0.1989346646076417,-0.3449438266283316,0.35046317251846093,-0.5704215374238496,-0.1265923546859637,0.8023665915016668,-0.8113665253124961,-1.0743192297816841,1.4953435417030498,-1.1421851706419928,0.7443374582789175,0.00368416728824743,-0.5763190278627416,-0.45588889606419053
36029,Erie,New York,2.369771005653761,-0.04785658232859175,0.45438701185572683,-0.18220338141793155,-0.7456005690937114,-0.33047699617194426,0.30914482010299804,-0.2543116431256412,0.8759814490207578,-0.37109808836406183,-0.28787634348081387,-0.20603969881251477,0.33621703037797795,-1.5138542426548327,0.10336760463041615,0.8674683252601729,0.42058031351853425,-0.4060052477503395,0.8067459464867539,0.7073031675551836,0.8679768363242271,1.173416668949428,1.2434824620020528,-0.5025242880041603,0.2425296339431019,-0.49575860928741233,0.1858628806854125,-0.501562426736564,0.4240727077416784,-0.43389502935811064,0.27842146425897274,-0.2570552760806813,0.005853582850207492,0.8634628716912008,-0.08602139992103093,1.1516198708753644,-0.3850572322802888,-0.12283144991136537,0.17153711985424594,-0.7205505700908666,-1.108956903043956,-0.9663821907854501,-0.7460826575219532,-0.3160966268725836,-0.5686595772791277,-0.20598294761820235,0.745506221113543,-0.8870742642861007,-0.20403014248724985,0.5718918728101596,-0.8113665253124961,-0.5944776153984553,0.9000086430384084,-0.59786040540054,3.3373648889482945,0.08612367550600919,1.068588336129777,1.5221186660778665
36031,Essex,New York,-0.21288204277875614,-1.6029344151818152,0.7179054632667464,1.1192228849940156,0.7408121204023981,0.5967118419419634,-0.5004014926633537,-0.25855511051665386,-0.3027294335643713,-0.30583092079038837,-0.4855241683275639,-0.3609166528232928,-0.043309092218658064,-1.356983758026089,0.388737997919678,-0.46775113106713323,0.06471977689975393,0.095794362255785,0.47935057958021515,-0.26578003164903174,-0.3770060915846939,-0.4950923133222876,-0.7754564884438404,-0.8111809103523665,-0.6070627944555594,-0.4894045116218183,0.8418161961585264,1.5331847519143555,1.6538938647802928,-0.4025074720437661,-0.043000159382250644,-0.2544698201365012,-0.13188992895540932,0.1119989418581832,-0.08602139992103093,-0.5505810439887275,-1.0733960461253236,1.281282033807177,0.6870076762920463,-1.4375597587745756,-1.6492523931239371,-1.753268598103733,-1.545993497157739,-0.026672357081716013,0.3060039304122737,0.11270066824502756,1.8331572120506534,-1.6064870384731464,0.5622292577722461,-0.017099074957025378,-0.8113665253124961,-0.5944776153984553,1.4953435417030498,-0.59786040540054,-0.19343825784198096,-0.06686307144260785,-0.2086197715435789,-0.7885171065142021
36033,Franklin,New York,-0.1744065846085712,-0.1528890875814921,1.0742449655524795,-0.39413913179311955,2.2677059081236504,-0.06357839942799319,-0.25421808579840605,0.7671680637190683,-0.4206903610311497,-0.49392817894964636,-0.442009860075855,0.6199707225783005,-0.4653251171280663,-0.9451987358756418,0.6027657928866248,0.026539937201935256,-0.1971634777268679,-0.44483108202590577,0.2078908368908162,-0.2590657326505928,-0.3870362196426744,-0.5086526812968857,-0.6003411830970262,-0.727454032602009,-0.37756839147355503,-0.4685095634057674,1.1923367983243862,0.7956254933374343,0.26654708785063397,-0.3824442311743657,0.9556393828104227,-0.18687936789270018,-0.22292737746253938,-0.08804806218031724,-0.08602139992103093,-0.5091534621655691,-0.8871137056175455,1.0822887950438158,0.5246511684548627,-1.4773936025903371,-1.6386583639066825,-1.6221208635506852,-1.5117116040304914,-0.28808782657024173,-0.16724395780722853,-0.34123820318806125,1.6022878979366437,-1.5870434499816042,0.09073304978861223,1.1608828205773447,-0.38192996252919614,0.36520561336800217,1.197676092370729,0.2186267424616392,-0.16783550414183152,-0.06472781093707988,0.8304337264945121,1.063543851671055
36035,Fulton,New York,-0.16456293576104195,-0.6256883980289485,0.8069753786840712,0.17454667130580542,-0.16345999996964974,0.6503558183180163,-0.5113812522600939,-0.31745951235656,-0.32344393613251,-0.32775254269935816,-0.4516577010037514,0.32742536500238506,-0.3885824502691336,-1.3765925686046818,0.6027657928866248,0.11532093939080218,0.294296447991292,0.08019772364306174,0.5768658856114806,-0.19592227405450377,-0.24795309396690438,-0.2699627445912122,-0.2144562791030833,-0.7820081484659919,-0.08675584466414969,-0.49708636132287165,0.7091605227980022,0.8550602375442471,0.9575474877650032,-0.43030612651583994,0.6185627493330639,-0.15713584134871128,-0.041568705147953244,0.1566523848977821,-0.08602139992103093,-0.26690771198289026,-0.8092408231006182,0.9019936963942802,-0.34316644487107306,-1.0870219331958735,-1.2360852536510107,-1.3106449939872,-1.1688926727580118,0.14938295910443367,0.37149805779979417,0.42026741378744703,1.445809807259371,-1.2092823021459365,0.6733899531644141,-0.1963571894948643,-0.38192996252919614,0.6051264205596165,0.6023411937060877,-0.0535356401590872,-0.12435948305597828,-0.04993133611934543,1.242089080635952,0.9828088491346444
36037,Genesee,New York,-0.15314945776079755,-0.36626590644280865,0.5525180241673281,0.06226999212628991,-0.10119381723585506,0.5352707210262306,-0.4187605718441063,-0.1910779570872601,-0.3219704858134217,-0.3275007549251983,-0.45264292583729576,-0.6878791112904907,0.47007051908541875,-1.4550278109190526,-0.1106601903365306,-0.08124679410284905,-0.20758336642285305,-0.24304813919941146,-0.020204110521493495,-0.13362952385161422,-0.20556019766777092,-0.051893158264319034,0.06351832707134834,0.8161347150577885,0.03829178491953846,-0.5147534292214769,-0.11667417797037742,-0.6204855302353686,-0.4325175680632014,-0.4392796015521716,1.3256386072120059,0.11379677540494425,-0.08846647901218398,-0.38018166473026926,-0.08602139992103093,-0.09035805996703929,0.8209134592609568,-0.7590987011688541,-0.37108345390109654,-0.8161517952486944,-1.119550932261211,-0.9991691244237123,-0.8375010391946149,-0.557505810430865,-0.8116216627489615,-0.34679663834846663,0.5813324866324702,-0.9509603407583105,-0.47631139636918857,-0.0990456416028946,-0.8113665253124961,-0.354556808206841,0.9000086430384084,-0.59786040540054,-0.1322386930762728,-0.0466993741449546,-0.3894306776612032,-0.5560002992093397
36039,Greene,New York,-0.18270676337497935,-1.1212418634962338,0.6161696258592844,0.7261151025077224,0.9251420486920622,0.34813951680476773,-0.22179619028276343,-0.27305593343774204,-0.057540901999448196,-0.20114312854215907,-0.2523516852534618,-0.3264995519320088,-0.06699086329766682,-1.3373749474474963,0.24605280127504683,-0.39724394683920333,1.261589385937668,1.0662051589501116,2.054366729112164,-0.2053031201413576,-0.2686631280741941,-0.2826528294688982,0.16188789421583147,-0.7929273088562692,-0.27470574523821273,-0.4956648086388439,1.4531862179044286,0.02324711501528511,2.639580155471848,-0.4343501241365769,-0.22679409630307837,-0.2581850024538808,-0.0813656951077967,-0.2852904363437823,-0.08602139992103093,-0.1769640948279828,-0.9050365769948742,0.9562967173886096,-0.24992110289349137,-0.8400521015381515,-1.0242046693059201,-1.2286776598915456,-1.0317651002490196,-0.23073647357020807,-0.34259920210284767,-0.22265825309941784,0.627506349455272,-1.0204017282281017,-0.13158834099572395,1.2325860663924801,-0.8113665253124961,-0.1146360010152266,0.9000086430384084,-0.3256980227798136,-0.1579163086293467,-0.05588877520622594,0.023270381265928817,-0.3234834919044773
36041,Hamilton,New York,-0.30797678673306345,-2.579379852276813,-1.1641129904043954,2.9560814470471133,-0.020596102647930308,0.7208117108569602,-0.6029981743210164,-0.27359834100809544,-0.3630220231638367,-0.38454999518687577,-0.5605829624004316,-0.8083389644099845,0.3038176218293051,-0.8863723041398639,1.2448491777874646,-1.8481608910350864,-0.8754395649094062,-0.00354992280247202,-1.6529068506008966,-0.2912941302207479,-0.4655242419115217,-0.6650666549311564,-1.0801536361096193,-0.8219481496454745,-0.8280613081722678,-0.510601400641595,1.9051410642947668,0.6130050193157567,1.052053666326091,-0.41880977105151895,0.3107656293239724,-0.2607016905837693,-0.2527383031453832,0.0014700779051386463,-0.08602139992103093,-0.7239840602941896,-1.1839962093161776,1.4636736087163713,0.6063097230089405,-1.469426833827185,-1.7234105976447192,-1.9008097994759108,-1.5802753902849875,0.2547493983370538,0.707419549884173,0.3720943090639356,2.187156827025467,-1.6703731149453556,0.9862635958131566,0.7112010361081372,-0.8113665253124961,0.36520561336800217,0.9000086430384084,-0.0535356401590872,-0.34477149352868314,-0.07037880744501203,2.8311059705099613,0.6033543372135148
36043,Herkimer,New York,-0.14132009218651292,-0.43791089058932053,0.008004976151107178,0.39945220352883704,-0.21804480661328207,0.7060441269833052,-0.5594371632580601,-0.32507860548873657,-0.377468390331015,-0.4920382419596507,-0.5364512327703973,-0.13720549702994866,0.0038485214951941575,-1.3962013791832746,0.5314231945643092,-0.24841835830003756,-0.8325303888424899,-0.5356373512582,-1.0513573249728003,-0.2513159584808128,-0.3460721110346897,-0.5005345696084649,-0.5787518697349338,-0.6912730613393696,0.05350552726974617,-0.48773539452406783,1.6784097421843005,0.04255852806689416,0.6130103373706022,-0.4218972921964281,0.30902075195065926,-0.25538361281148975,-0.2004159910809104,-0.1558101634757472,-0.08602139992103093,-0.486551713879682,-0.6564346103362674,0.8482598332407507,0.34574848988822804,-1.2941579210378338,-1.5115300132996285,-1.5893339299124232,-1.3403021383942515,0.05735404382530993,0.563755012388967,0.4628820833505534,1.8382876412531868,-1.4426053640444372,0.7970406143309833,-0.4165885873556378,-0.8113665253124961,0.1252848061763878,0.6023411937060877,-0.0535356401590872,-0.09825141184858903,-0.062091495021140426,-0.4280238625046538,-0.7836730063620173
36045,Jefferson,New York,0.0007699476343383216,1.6629225285361056,-0.5545033220102407,-1.255865912372073,1.10481310643209,0.24582333266340206,-0.15333333232283958,-0.22837241100608419,0.2249513846663075,1.0862265150897858,-0.1421041128608407,0.017671456980830835,-0.1299363243975249,-1.3765925686046818,1.0308213828205177,1.8674189577824518,0.8136461433270223,-0.006139526046595563,0.4921774018803379,-0.15129088248527095,-0.16456125575304864,-0.23224922827498018,-0.610225028331125,-0.5685016971021088,0.7367453464782322,-0.4290012542541865,0.1281854073046832,-0.40713155413158364,-0.49777140844466533,-0.3362262782566321,0.269786942917092,-0.021996350206576837,-0.13863359930100366,2.2899322193377154,-0.08602139992103093,-0.32730379213985955,-0.22639517688060695,0.3614139339811035,0.6429466086925134,-1.1348225457747874,-1.3314315166063013,-1.1467103257958913,-1.0889015887944329,-0.03867612863986258,-0.12921510964673288,-0.15225140773428553,1.322679506398566,-1.2037269911483526,0.21438371095518094,0.04948251044274336,-0.38192996252919614,-0.1146360010152266,0.3046737443737671,0.2186267424616392,-0.001193019532086766,-0.05851720978910485,-0.32973942521382377,0.2868731272707856
36047,Kings,New York,7.176497078909886,0.5911667420590154,1.3498788285482326,-1.2168938692057616,-1.2186033055320704,-2.204401571253621,1.6775933012566449,-0.1988025694648857,4.1312045736836485,0.37221265953073457,0.6554207616891333,0.5511365207957325,0.7399054237566751,-0.9059811147184565,0.03202500630810057,5.121539242808439,4.436224436206517,4.654490877401886,1.8141657888022218,18.805651171405955,3.464050732519612,0.11919884466394004,-0.717419276638714,-0.8218090242960501,-0.8302144427199782,-0.4505678016136874,-0.7613247286331812,-0.6379233997320732,-0.7083774107602391,-0.4255542955244144,-0.6091396959289302,-0.02083356419829525,0.10136210662059113,1.949235780438853,-0.08602139992103093,4.837581538170503,-1.1848334835836956,-0.9366230425598586,-0.6678049953306363,0.028325693645451865,-0.1554942734910487,0.29591475428762803,0.15667386149557633,0.32010326570918524,0.6081220019095451,0.6259295147224382,-0.0958841681019569,0.05732860530307116,0.5172653809844029,5.473320890316213,0.04750660025410388,-1.5541608441649128,0.007006295041446424,0.2186267424616392,6.646726674788155,5.456320307084232,-0.6050587595168235,0.703465740358664
36049,Lewis,New York,-0.2438949549020787,-0.12276890934669303,0.18806600549309588,0.019444439978196545,0.3064353132250991,0.7638840504364773,-0.6370706239886945,-0.31745515112897954,-0.47101613778516926,-0.10646469657502919,-0.5756271425436336,-0.3609166528232928,0.060204272381762826,-1.3373749474474963,0.9594787844982022,-1.1372156501116382,-0.5154262970488231,-0.40961073004552456,0.4043629155609933,-0.2751344959789593,-0.4170656381034547,-0.5615715035204365,-0.45267844753450553,-0.6054305246300186,-0.08187467363834448,-0.44991261638570107,1.3989894288221767,0.3341954281112176,-0.19741832628907946,-0.3839701693630286,1.0320666486896601,-0.07264713252376209,-0.21324550551835866,-0.31539988225964327,-0.08602139992103093,-0.4995360289672018,-0.6331693455622284,0.8312466115139295,0.2205799103241672,-1.3180582273272907,-1.5327180717341373,-1.572940463093293,-1.3403021383942515,0.08402909173230248,0.2743132236118605,0.09046692760340702,1.6458965461581792,-1.453715986039604,0.5516127868640052,-0.6214550039703108,-0.8113665253124961,-0.1146360010152266,0.6023411937060877,-0.3256980227798136,-0.26526820572295584,-0.06662506737048486,0.9431825438234439,1.1426641541567368
36051,Livingston,New York,-0.13664867894289223,0.28502390623488555,-0.21915550705557157,-0.1534437076119724,0.09163232157028996,0.5532473288723234,-0.4740169357942248,-0.2930145188259292,-0.0115219679816211,-0.3286499114759436,-0.42222342592583445,-0.11999694658430474,0.31205475959591683,-1.4158101897618671,0.10336760463041615,-0.3799682681800683,0.23431124880729595,-0.23929710176789065,1.4076706310752265,-0.21522901623279647,-0.29654273588376795,-0.20197486407136617,0.28258342667056585,0.5935362592428806,0.22820625131797662,-0.5082593920293248,0.5400060273973352,-0.5183146759634117,0.11699202066248891,-0.41009427619833,-0.26450415001441896,-0.17843445298492439,-0.161896857993148,-0.28818830408228,-0.08602139992103093,-0.12679377945275389,0.6876707619232761,-0.6138268645778161,-0.26316101808564446,-0.680716726275105,-0.9818285524369023,-1.0155625912428423,-0.7803645506492016,-0.6868797927797782,-0.9130319245102831,-0.029965834205371744,-0.07792766589308943,-0.8565200537993916,-0.6205705010635191,0.1519157187500799,-0.8113665253124961,-0.354556808206841,0.9000086430384084,-0.8700227880212664,-0.12318040887241877,-0.05033411179796629,-0.2531307571888858,-0.19753688794767732
36053,Madison,New York,-0.11313931586668956,0.04846991227746559,-0.12512212889478733,0.017658629435232904,-0.3105721636898948,0.6199443281051542,-0.5309224456202218,-0.2563046750099794,-0.18031393975376228,-0.4542405423577599,-0.5346161073990048,-0.8083389644099845,0.41124362686886656,-1.4746366214976454,0.24605280127504683,-0.7092722645373162,-0.2590076525057448,0.12680118688497666,-0.31008197917029295,-0.21900503040149677,-0.281122660503597,-0.28878884606867444,0.352465847206083,-0.3101072022061089,0.9840493469409557,-0.452337706766233,0.8961686700165648,-0.31948247413983105,0.030900078647032665,-0.39059937282792323,0.29656913449044836,-0.2271434356685479,-0.2070909942238417,-0.33383187354894683,-0.08602139992103093,-0.133790721147679,0.13992791626245019,-0.07827899690331548,-0.24751587645532191,-0.9675204017485887,-1.1937091367819928,-1.3434319276254598,-1.0431923979581024,-0.248075254709753,-0.1545676750870632,0.10158379792421712,1.08154933387949,-1.131507948179769,0.1356969265764554,-0.5241434560783412,-1.240803088095796,-0.354556808206841,1.197676092370729,-0.8700227880212664,-0.10379118896499565,-0.04844786893052659,-0.38340988320466507,-0.21691328855641542
36055,Monroe,New York,1.8515750883996573,0.15397757973988305,0.4384914020878066,-0.36023299275064263,-0.8324984911424028,-0.4536639568391229,0.4961886434071231,-0.2860318354912312,0.8853966098599486,-0.2357372858804012,-0.04261873340903754,-0.3092910014863668,0.44185832223477356,-1.494245432076238,0.03202500630810057,0.9985706742665587,0.9392007078031263,-0.05416254791972769,1.3357175781412685,0.24176335859802162,0.3802934208807425,0.7612349095072755,0.6770976756528153,-0.45474959950012456,-0.30608873733489345,-0.5151621424914365,-0.4583418925075351,-0.6326952081966617,-0.4284259635121931,-0.4472100519979151,-0.12174745268791595,-0.2402440003331683,-0.17036165230217934,4.039709586321151,-0.08602139992103093,0.6112934922059808,-0.5862585250400094,0.30605731490635363,0.27683838010859696,-0.6727499575119529,-1.0242046693059201,-0.8680213898706658,-0.7460826575219532,-0.596184629896004,-0.9151446382969773,-0.4783462704780555,0.10933299999938478,-0.8315211543102671,-0.6842693265129635,0.9252864414704707,-0.8113665253124961,-0.5944776153984553,0.007006295041446424,-0.59786040540054,2.5748782014499105,0.04275555950433437,-0.13726242533562974,-0.003772881860291691
36057,Montgomery,New York,-0.1767525419804459,0.01913695958510525,0.19198322857733371,-0.11324153476111419,-0.32726587456646145,0.542915633095736,-0.4073734014169163,-0.26593159998554716,-0.2584924639503651,0.09041106691963469,0.3786516984128363,0.2413826127741769,-0.24916889356922986,-1.298157326290311,0.6741083912089404,0.39095664107681716,0.7107443574345266,0.2427604825296786,1.0728047699302097,-0.09510635320712726,-0.04913428348846397,-0.04134015574034989,0.0883948590294802,-0.3814946545640223,2.2761010818160776,-0.48356343053187345,-0.14429006073308526,-0.27634436890641384,1.0532607116717299,-0.4312307230081821,0.0678687346896069,-0.12613521491880914,-0.06151596735549956,-0.3116165423140212,-0.08602139992103093,-0.024886660834160686,0.6542717679383522,-0.6253523162349826,-0.4343863330059858,-0.9436200954591317,-0.9818285524369023,-1.0155625912428423,-0.9517740162854414,-0.26808154063999734,-0.25175250927499687,0.038588199439625215,0.7891148693350781,-0.9898475177413926,0.005176784233965771,0.08533413335031115,0.04750660025410388,0.1252848061763878,0.3046737443737671,0.2186267424616392,-0.16328764657667338,-0.04579651994434636,-0.3550790430001242,-0.5608443993615245
36059,Nassau,New York,3.6532293469991823,-0.12352617330319182,0.783744448257602,-0.27651624897225957,-0.5783367388118624,-0.7241583007692738,0.23092994220700597,-0.28169502726317425,3.4485691314436635,-0.0709521296296639,0.5539785622020981,-1.53109808312695,4.258947963282655,-1.3765925686046818,-0.46737318194810806,-1.1187202408515202,2.2717826618859642,3.276252655111559,1.6569120547143508,2.620379410219037,5.560503506174235,2.190959630902497,2.1081555231242075,-0.8217819419527598,-0.815281989359602,-0.5115298187880443,-0.6682262349901376,-0.628505228716317,-0.2854657834912215,-0.45119535018564794,-0.574233729068568,0.6358443376727779,0.3586116371881866,2.696961915256586,-0.08602139992103093,3.548230822693733,-1.178050109642779,-0.3865628983166332,-0.40264181193503606,-0.02744168769661462,-0.3038106825326127,0.0664062188197948,0.01954628898658416,0.28409195103474555,0.23628437545136488,0.3109515222994787,-0.44218813927297057,-0.07322120314013836,0.2000202503146201,0.3209305124571852,-0.8113665253124961,-2.0340024585481418,0.6023411937060877,-2.2308347011248983,4.634234198084374,0.5557787757179549,-0.5157839103627161,-0.2701983902304467
36061,New York,New York,4.449220590997752,-0.4079254038610972,2.2555374933581085,-0.7474835688842251,-1.2120767742049625,-1.2032245459610966,0.6197702599770398,-0.1416696130747057,4.263991485962653,0.48719944607750487,1.1363757995994648,-0.0683712952473792,2.5593518707717653,-1.219722083975942,-0.39603058362579246,5.867214131681112,2.656641735246176,0.8355145203750551,0.7578646661549528,17.80705093657068,3.2613373982059177,0.3209054915062979,0.12309144158541863,-0.8221988482510404,-0.8311737421683282,-0.5152527687402253,-0.7729090917504965,-0.6266923040287585,-0.7043905789944522,-0.45448494214981594,-0.6236974816815538,-0.33714688168159707,-0.173804355584362,2.188442258066378,-0.08602139992103093,4.8651775050289965,-1.185651382576318,-0.9477419499611269,-0.7148074389149276,0.004425387355994558,-0.14490024427379475,0.29591475428762803,0.1338192660774107,0.2827581986393957,0.5700931537490495,0.5647867279579813,-0.039449446874087815,0.046217983307904276,0.4816689785273603,8.59241208327461,-0.8113665253124961,-2.273923265739756,1.4953435417030498,-0.0535356401590872,5.012866734712827,10.018689452832945,-0.9387910602622676,-0.5640737994629809
36063,Niagara,New York,0.2920289023919225,-0.4560079144328546,0.5257092809096644,0.15829879171444053,-0.5639738303992721,0.2326473878939438,-0.09952213822004677,-0.16503090824485062,-0.12673806289399836,-0.30395226894129207,-0.46284309366823073,-0.3609166528232928,0.04455371062520051,-1.4746366214976454,0.6027657928866248,0.11721458507365062,0.036875149435652635,-0.2629788272246248,0.4366445957514979,-0.040269162944887554,-0.12368678672139018,-0.022856945598497585,-0.34287419842327793,-0.21023239988424536,-0.289000152403368,-0.5144402968967116,-0.4974978256406318,-0.6379529464522506,-0.6188214377611466,-0.4494994344793445,0.1202414894050304,-0.2743695921542789,-0.11550183277765995,4.2453245746464585,-0.08602139992103093,-0.14684889023623243,-0.33776834320943006,0.39178494479746095,0.10670770384587464,-0.728517338854019,-1.119550932261211,-0.8352344562324036,-0.7118007643947055,-0.6348634493611429,-0.6299282770932596,-0.3097404039457653,0.39407182073999597,-0.8620753647969762,-0.4919238535871897,-0.22708715198706525,-0.8113665253124961,0.1252848061763878,0.6023411937060877,-0.3256980227798136,0.5532525786893516,-0.03238325183273095,1.1139307131162444,1.1168289533450855
36065,Oneida,New York,0.34881805774854013,0.039832555238846025,0.11547674880779138,-0.09420641366681748,-0.12005658013876162,0.11087683309703732,-0.13764379528582102,-0.31235367800980024,0.9585335878040946,-0.20017243987978037,-0.2596398445733981,0.017671456980830835,0.054506918759856374,-1.2785485157117182,0.10336760463041615,0.5092261172134755,0.20690296248355575,-0.32898635956197736,0.5773214331072802,-0.0844698795180485,-0.10832702359860143,-0.13098253040224886,0.3765431725635371,-0.4716709382222958,0.3777167361628932,-0.4455074978308323,0.9179676679171961,0.13116153608461173,-0.13530725580511407,-0.3882777046438721,0.4933627744012934,-0.25849328213399164,-0.21794556231948886,-0.11242223951893034,-0.08602139992103093,0.007213676923553972,-0.2935081318027613,0.28224036698587457,0.19657977159283468,-1.0631216269064165,-1.2572733120855202,-1.2450711267106755,-1.066046993376268,0.01067270998807327,0.5151625952950002,0.5017911294733894,1.4304185196517702,-1.1703951251628528,0.674638949741854,0.48994530616429044,-0.38192996252919614,-0.1146360010152266,1.4953435417030498,-0.3256980227798136,0.6020625067960693,-0.03285314051534749,0.24639499832080936,0.220670425190929
36067,Onondaga,New York,1.0278775313699584,0.23613803094977748,0.35330239910238936,-0.3935002034120467,-0.8249277282573928,-0.22490549180656985,0.22941710608441826,-0.18776794412571665,0.9403794349238364,-0.2925801699535682,-0.33078623993632494,-0.11999694658430474,0.40328106036114186,-1.3765925686046818,-0.1106601903365306,0.8547217809742724,0.31272508057814863,-0.4502282650095672,0.6534286268021808,0.48544265111848817,0.7040699740509956,1.212417823615286,1.0887519072198308,-0.16561594248451506,0.35009839851610997,-0.4921874189752223,0.5203855238464361,-0.5081883825792313,-0.4150685909655748,-0.37358318905799326,0.3812561437567504,-0.21432977678071496,0.05962310910720261,-0.13244703320643988,-0.08602139992103093,1.02705739015649,-0.004655472256270948,-0.43888828517590706,-0.14003278540721337,-0.8480188703013039,-1.0665807861749381,-1.0811364585193668,-0.8717829323218625,-0.31209536968653484,-0.25597793684838516,0.44064834270893255,0.701897572892008,-0.9704039292498512,0.09760253096453268,0.5565268915640592,-0.8113665253124961,-0.8343984225900698,1.4953435417030498,-0.59786040540054,1.3953735622360806,0.04869512726654641,-0.20722313883691637,0.022062318951359114
36069,Ontario,New York,0.0006030068475757014,-0.4574962274570552,0.3039070016546252,0.2701313819105329,-0.5254584661041634,0.5678226847796277,-0.4610414560436666,-0.3096860888281949,-0.024837459635572486,-0.34177005620643186,-0.33469568163684044,-1.1008843219858984,0.7572720558812815,-1.5138542426548327,-0.1820027886588462,-0.2704216798030492,-0.08993669821832877,-0.44769172270398344,0.7547083671287305,-0.1289216622669726,-0.1501706594055548,0.01317609087817011,0.5615102270103707,0.42490692747162256,0.3282599636942788,-0.5094431548586053,0.5147914030935234,-0.5764644214743964,-0.07823134774964506,-0.4243888187403819,0.02732337807302894,-0.29925610602655417,-0.09051859331292027,-0.1783857637300703,-0.08602139992103093,0.08527959784831039,0.566906813370479,-0.5879766738163104,-0.24659250779175218,-0.728517338854019,-1.0559867569576835,-1.0483495248811046,-0.8375010391946149,-0.6562034876867369,-0.9468353450973905,0.07008599868192117,-0.09331895350069018,-0.912073163775226,-0.5862230951839168,-0.29879039780220085,-1.240803088095796,-0.8343984225900698,1.197676092370729,-1.1421851706419928,0.10947151455342768,-0.03622723569234728,-0.2921325986831704,-0.551156199057155
36071,Orange,New York,0.8064964754083278,1.0218853565816586,0.4079135963072232,-1.1445913336254252,0.045248555885409436,-0.24697911977711412,0.3055303871213503,-0.18901271529784605,0.6214321850343703,-0.0029263293435663495,0.847107638922167,-0.37812520326893484,1.8853480730187595,-1.356983758026089,-0.25334538698116177,0.5863381122601701,2.4904545410726127,2.649592335592355,1.8745112330395604,0.24032329873473177,0.4675125253259173,0.5958988533195534,1.3194821131952406,-0.7202880479662485,0.2657953695270155,-0.47300667005129793,1.4786178457376888,-0.6033280505278061,-0.18342088450862157,-0.41683778888699197,0.4597201389770109,-0.04205556324802091,-0.12221116080926654,-0.20537066152792358,-0.08602139992103093,0.7552567506588237,-0.5889455804981406,0.24651605598866203,-0.11540713887152722,-0.4974810447226015,-0.6110375298329939,-0.5401520534880482,-0.5632458941766305,0.13337793036023832,0.1137469758231009,-0.011437717004021242,0.4735934733792659,-0.562088570927475,0.20751422977926048,0.6692034207021293,-0.38192996252919614,-1.3142400369732985,0.007006295041446424,-1.1421851706419928,0.8201350843648862,0.025125986981532514,-0.7407069351225214,-0.031222782722671535
36073,Orleans,New York,-0.20272794264356309,-0.418145904344276,0.9149638092620093,-0.07043834641386819,-0.07892232424178211,0.3632840268484943,-0.20100801424805217,-0.2319013744386201,-0.3904679018353742,-0.32179624950152685,-0.33426884933692225,-0.22324824925815678,-0.17894729410886476,-1.160895652240162,0.388737997919678,-0.4906122939398243,0.7265285850615231,1.0182779077707023,0.7608958119243396,-0.2527462994864463,-0.39504177976051125,-0.42993215797010836,-0.6501028520874366,0.04442656482508642,-0.4627401403457737,-0.5204676862532173,-0.4670490496873965,-0.6370370140036355,-0.5952022163026226,-0.4523616492985641,0.23490604639831897,-0.29738740880464576,-0.21954257218450055,4.077860484914977,-0.08602139992103093,-0.49670006570750985,-0.165639347513792,0.37547978417387995,-0.1313426948395855,-0.8002182577223899,-1.119550932261211,-0.8680213898706658,-0.7689372529401188,-0.6535359828960378,-0.7250003974944991,-0.5135496931606215,0.27094151987919096,-0.9065178527776422,-0.6274399822394395,1.626953918375726,-0.38192996252919614,0.1252848061763878,0.6023411937060877,-0.3256980227798136,-0.2123970220950887,-0.060561241424536234,-0.7859221039657615,-0.9257666108260997
36075,Oswego,New York,0.022120795625557646,0.18622133794987908,0.5969959240695395,-0.4688765825207851,0.0323458842214154,0.7077695444056897,-0.5913772981602253,-0.2730515130694726,-0.30129679164035794,-0.4791381774832786,-0.5047266789274246,0.1897569614372509,0.1316614425071197,-1.2785485157117182,0.8881361861758866,-0.2595278977448424,0.24216122879465957,-0.05743275456146701,0.9971029042001581,-0.21079111997599898,-0.3217590701546158,-0.3547923698787134,-0.15539539458805746,-0.6986160620805923,-0.10802766733986435,-0.4995422172291788,0.7439573638717092,-0.1749622754740668,-0.3631999284211999,-0.39504323625230736,0.6941914346641576,-0.16588759042501292,-0.20721585501392728,1.9295716224004462,-0.08602139992103093,-0.30529243400662087,-0.7367560288666631,0.8480944085742768,0.23706650888177516,-0.9356533266959792,-1.1725210783474835,-1.130316858976759,-0.917492123158193,-0.013334833128219857,0.00599857270169643,0.29983465197866827,0.9815059644300858,-1.0481782832160185,0.33553637896686955,-0.45756187067857246,-0.8113665253124961,0.1252848061763878,0.9000086430384084,-0.0535356401590872,0.08924009880060489,-0.05221495718122441,0.5359570607318894,0.8972297464460491
36077,Otsego,New York,-0.14666805493438212,0.17635609311183745,-1.275368809247294,0.4726826457054289,-0.7201342927930369,0.5821751462357196,-0.49838473695822405,-0.30640916524151485,-0.020274752736966554,-0.2925705491995498,-0.4260548288012249,0.2930082641111029,-0.22706590722882167,-1.3177661368689038,0.10336760463041615,-0.0696082633327018,0.6789428487810084,0.5531259070771384,0.9981980236026108,-0.24395959652765065,-0.3327857357814005,-0.34993153791677817,0.10403508927652524,-0.6874014573642128,0.9783700842156748,-0.5008274700252631,1.1419124941629921,-0.23909152745794363,1.2395957790396859,-0.4338478673903129,0.07280533123052436,-0.21754786920639543,-0.2442289231719469,-0.29996874276898117,-0.08602139992103093,-0.2432439211834036,-0.23413538858635816,0.33264772061369713,0.016403737853051374,-0.9914207080380457,-1.2360852536510107,-1.523760062635901,-1.1460380773398462,-0.18805639691902018,-0.048931985752352886,-0.028113022485236727,1.1482449135124257,-1.206504646647144,0.16754633930117757,-0.3500070019558691,-0.8113665253124961,-0.1146360010152266,1.197676092370729,-0.3256980227798136,-0.11159553713236577,-0.05863649276745989,0.23976171956797387,0.06565922032102128
36079,Putnam,New York,-0.03295209129171097,-0.6561021625137526,1.6176878792816167,-0.2011828009879321,-0.06617028539534803,0.42532073001729487,-0.3951500803543632,-0.2824730601440649,0.34930124349761804,-0.14919117385711103,0.47630852728261613,-1.5999322849095163,3.423770836562946,-1.494245432076238,-0.25334538698116177,-1.2594605921185902,1.865703416775221,2.8636466407746766,1.3075547279941064,-0.027533705883184555,0.3780972059994529,0.6679063350481615,1.6523115168496028,-0.8208186444790989,-0.6670867991061553,-0.4942331457440073,2.3850959848787716,-0.613264070633743,-0.4504106610738986,-0.4370558702505246,0.04391663711707863,-0.27951130251199613,-0.16518861191214315,0.07128014865929581,-0.08602139992103093,0.7875409845459185,-1.1100455533564633,0.7392021905345297,-0.556553964413445,-0.4576472009068399,-0.5474733545294665,-0.42539778575413156,-0.46040021479488685,0.19739804533702016,0.25741151331830686,-0.39126411963170804,0.3402023141133936,-0.4870918724600991,0.1194599710697339,-0.12977560409509556,-1.240803088095796,-1.5541608441649128,1.197676092370729,-1.958672318504172,-0.021237280652598514,0.012623667669710573,-0.7210021477100648,-0.49787109738312424
36081,Queens,New York,6.280156849352586,-0.24599386676867466,1.8358432582497308,-0.6876528470050827,-0.6840932388887995,-2.3365706155256136,0.800176029096516,-0.12809833452869093,9.2790670966577,1.02653183644424,1.3219367882453303,-0.6018363590622807,1.1842990062653787,-0.2981079867820823,-0.39603058362579246,3.312169767956416,4.0097608734038035,4.306411952155967,1.8789003017658772,11.319987917060937,5.180200202139601,0.6344211516213399,-0.6133959748987313,-0.8194375696604002,-0.8317587173004455,-0.5104324338659514,-0.7741538799610604,-0.6393997489025706,-0.7087787043381122,-0.44900416357690426,-0.5851963561852189,0.04985565375829001,0.41259992351392905,2.881597032367942,-0.08602139992103093,3.985443665870754,-1.1831972497560317,-0.5703178957231483,-0.6075402969897508,-0.0035413814071578774,-0.219058448794576,0.21394742019197363,0.08811007524108025,0.3614495899650235,0.5827694364692148,0.3943280497055561,-0.26775354638683035,-0.0010021601715547901,0.40922717703583483,3.3785617804311805,0.47694316303740386,-2.0340024585481418,-0.8859960529555155,-0.8700227880212664,6.447275983134286,2.5807062615715064,-0.7717884680402687,0.009144718545533712
36083,Rensselaer,New York,0.14392899424761688,-0.07482320489207277,0.8922962145901833,-0.37544603942826293,-0.29978170599567705,0.14108293557419566,-0.06933860848241,-0.3086428170982753,0.5204253699355846,-0.31049261344506723,-0.3282058072107576,-0.5157936068340706,1.0273128889967031,-1.494245432076238,-0.25334538698116177,1.0850416342889309,0.3647037800242797,-0.30146132264795583,0.4422021953585628,0.09682116541733618,0.34059647128725923,0.22570234826013152,0.03948301408314692,-0.6629525487240001,0.251557731649074,-0.4747364401521441,0.5363974514921327,-0.16078926815827702,3.1165579681238493,-0.4168169068721067,-0.035605967976531455,-0.2023442800552177,-0.06528404059780368,-0.27090298617463965,-0.08602139992103093,0.21101916654928737,-0.5389339034339651,0.4328589099839198,-0.2445447143846419,-0.8002182577223899,-0.8970763186988656,-0.900808323508928,-0.8717829323218625,-0.2600790262678996,-0.6151392805864001,0.3294796395008292,0.7762887963287445,-0.8787412977897253,-0.0035661918081148956,0.28507888954961735,-1.240803088095796,-0.5944776153984553,1.197676092370729,-0.59786040540054,0.2199301785434,-0.02098231659610861,-0.379342735450169,-0.13456358596927706
36085,Richmond,New York,1.0736105205857183,0.02622053014804638,1.121170055866609,-0.5825188740949967,-0.661428854470285,-0.643630257292355,0.1531415083874146,-0.25660568409456497,3.441182150327456,-0.01894956428294886,0.635404148887256,-0.9287988175294786,2.1212047844027424,-1.356983758026089,-0.1820027886588462,0.2803731537980443,2.550739259108077,3.3797670223989393,1.316604783337852,3.37033144570455,5.446308666839292,1.1164120070856642,0.10081195101213554,-0.8199879189047544,-0.821579852096061,-0.4262796390739474,-0.5511604485301123,-0.6387019758726703,-0.7086164770621309,-0.4340503221351045,-0.27056237927899857,0.3138652634993429,0.11804668000649242,3.3330329322580887,-0.08602139992103093,2.755149768592669,-1.1791333559742947,-0.04311058545523808,-0.6636274967801313,0.02035892488229943,-0.09193009818752211,0.29591475428762803,0.15667386149557633,0.3161020085231362,0.5912202916159914,0.933496260264858,0.11959385840445164,0.07121688279702958,0.6665204719884936,1.9137669016362682,-0.38192996252919614,-1.0743192297816841,-0.588328603623195,-1.1421851706419928,1.2959383060892282,0.9009058693503104,-0.1430598883827919,0.46287543280016047
36087,Rockland,New York,0.6332558705347182,1.340191006942052,-0.6858776684687792,-0.8931128766829456,-0.4184158484784366,-0.4288424987561358,0.25510618632198967,-0.27454723529662567,1.741226611124455,0.16607982282360192,0.6197161277512488,-0.3437081023776508,3.0277704384330866,-1.219722083975942,-0.39603058362579246,0.4087235048500041,3.455612752839387,3.8368842109982078,2.656891030731078,0.7851777009600491,2.0897516740812456,2.687782429935095,4.04592812314436,-0.8221988482510404,-0.7548767556803646,-0.497110573515753,1.0134856055396242,-0.6329430999223519,-0.5995434878728227,-0.42992183014297947,-0.196427422089327,-0.21750659681020656,0.05724247809185679,0.6609128024474455,-0.08602139992103093,2.8190958749985953,-1.1511281569048704,-0.09794546201757695,-0.5914781501565258,-0.3062785944069459,-0.39915694548790326,-0.16310231664803845,-0.2775634514495642,0.2480806363603056,0.43276675761392597,0.16272658468867401,0.2350285154614565,-0.3065442650386398,0.35614482249463136,0.413120399933788,-0.38192996252919614,-1.7940816513565272,-0.588328603623195,-1.1421851706419928,0.6907363715850373,0.27092783493857275,-0.5390103024579287,0.11410022184286712
36089,St Lawrence,New York,-0.005362929689888464,0.4806932928865986,-0.22497489507380797,-0.33081196640352134,0.4318473385020896,0.5592681471478144,-0.5096483937621812,-0.1881881306033166,-0.15230349660069117,-0.35843940595799,-0.5291459810729581,0.7576391261434348,-0.2731938787218474,-1.2001132733973472,1.0308213828205177,-0.1683550629771214,0.07410888224252896,-0.06766303910639665,0.49477490061638546,-0.24626267689774195,-0.3586555261486586,-0.5016321125936937,-0.38861863522986845,-0.6981347570478017,0.0680069880513239,-0.4557870798989387,1.2629312616461272,0.003941601060992413,-0.11516544462798192,-0.35700845650552004,1.2495312141620643,0.043520240693333316,-0.16690240539345316,0.007702336152978859,-0.08602139992103093,-0.43786207512219627,-0.6566291201531663,0.8274280223689678,1.3602104507277013,-1.373825608669357,-1.4797479256478647,-1.32703846080633,-1.317447542976086,-0.38678550382611365,-0.3869661916234258,-0.44499565951562453,1.0841145484807566,-1.4120511535577287,-0.18154820409332736,0.1519157187500799,-0.38192996252919614,0.1252848061763878,0.9000086430384084,0.2186267424616392,0.06311331212998454,-0.06289811197680271,0.8620415952170948,1.2072521561858656
36091,Saratoga,New York,0.35230917034189174,-0.6098117670359813,1.397984152366149,-0.13441292557635082,-0.3036468771872849,0.5328231763143102,-0.531321476730076,-0.3276484345111935,0.5877828691748157,-0.45656816923364923,-0.45923201474846315,-1.4622638813443802,2.2891737520269,-1.6118982955477943,-0.5387157802704237,-0.07260211073632059,-0.338716915491207,-0.25562020108329786,-0.3308476420037672,-0.02363738937238285,0.09912593882632634,0.4269894459539306,0.6947798933302269,-0.7062264110466563,-0.09561540175319477,-0.4762101331007862,0.33913704698075003,0.6284871044267871,1.1385745666682008,-0.4098994240587682,0.8351343734095059,-0.1161840675107224,-0.028788640517730224,-0.10680993187257555,-0.08602139992103093,0.36092127883994535,-0.7386330107750033,0.5622928926662332,-0.11158707335208158,-0.9276865579328271,-1.034798698523175,-0.9499887239663202,-0.9974832071217719,0.02000897675552065,-0.05949555468582407,0.27760091133704773,1.0635928316706225,-0.998180484237768,0.3442793550089502,-0.293668737386834,-1.6702396508790962,-1.3142400369732985,1.4953435417030498,-1.4143475532627192,0.5401704698908104,-0.013903509096650607,-0.5003436811142621,-0.4946416972816679
36093,Schenectady,New York,0.13392719097052305,0.06152882379593063,0.8080534026538007,-0.4591101206724334,-0.56895024453404,-0.3522995578676966,0.30799202118151003,-0.21315196435387923,1.475464835822016,0.7319143117047787,-0.1682331074551545,-0.41254230416021886,0.6341268462704359,-1.3765925686046818,-0.1820027886588462,0.7346534985728375,0.5077655009216875,-0.1078257084612175,0.7700224205353845,0.5964140580297405,1.008798973197152,1.1744350573806872,1.6135386792814468,-0.7805347446610432,0.366202735051932,-0.44483786319234525,-0.09902421865898162,-0.0034536545345460012,2.800382551696329,-0.41282443508700883,0.09588118403738523,-0.1429459891472451,-0.09784010097695135,-0.2956549415162315,-0.08602139992103093,1.2717397961963335,-0.6028332058062882,0.03703518939516749,-0.5840167356331639,-0.855985639064456,-0.9076703479161203,-0.900808323508928,-0.8832102300309453,-0.2960903409423395,-0.520067160185161,0.12752316200610803,0.6531584954679396,-0.9037401972788515,-0.09037145394020119,0.7204200248557976,-0.8113665253124961,-0.8343984225900698,0.9000086430384084,-0.8700227880212664,0.2162058013604104,0.08425337167955903,-0.07172586941865475,0.24004682579966768
36095,Schoharie,New York,-0.23012087560129618,-0.7537385262438502,-0.06576211365814186,0.727155395775247,0.015175958545730974,0.6864095159667324,-0.5634045532169443,-0.2782217254523441,-0.28942056460092835,-0.2952274445781611,-0.4552885323653293,-0.41254230416021886,0.22000474505403061,-1.3177661368689038,0.388737997919678,-0.5220784304204501,0.28862215467534935,0.7246749247747011,0.06880209398686328,-0.23887729575892352,-0.31542638221428343,-0.3535025435371152,0.0586662098719011,-0.7255319491284012,0.7976307489308695,-0.45604158981292625,0.5231494053527772,0.20995868695517894,2.908340848753711,-0.41232088695632646,-0.2521397190948635,-0.24276226480097585,-0.12849502838960697,-0.360357456369853,-0.08602139992103093,-0.250548377448932,-0.3534614407163781,0.4518125796589632,-0.27355636207228434,-0.9914207080380457,-1.1407389906957202,-1.4253992617211142,-1.1346107796307632,-0.40545803736100816,-0.3911916191968145,-0.17819077181617643,0.5095064777970003,-1.1620621586664774,-0.24150003981045176,-0.4370752290171051,-0.8113665253124961,-0.354556808206841,0.9000086430384084,-0.3256980227798136,-0.23637153049413218,-0.06053585307261085,-0.8793917831285007,-1.3019917226457725
36097,Schuyler,New York,-0.2687574169867784,-1.073233933605715,0.5888156782841059,0.6955090734791706,-0.10066159153657489,0.7220080292441022,-0.6005390618182104,-0.29672560477439175,-0.3263237351218772,-0.4107286809994963,-0.555667344651704,0.20696551188289292,-0.24072582735845283,-1.3765925686046818,0.3173953995973624,-0.4378532687099857,-0.24248437326186315,-0.0937943301340054,-0.07317035479531826,-0.24491432605664482,-0.3562016721996655,-0.30808765457988724,0.1599846362573081,-0.5606808316342635,1.071949713490627,-0.5047158082266103,0.8680488538874918,-0.4642990611720493,1.8466327699295373,-0.4097599493262086,-0.3384741839369252,-0.13265721779024264,-0.20130791346828605,-0.07561043770758702,-0.08602139992103093,-0.22084204796243354,-0.06701967714604447,0.16050270349994447,-0.485067358201595,-0.7603844139066283,-1.034798698523175,-1.130316858976759,-0.8832102300309453,-0.6348634493611429,-0.7904945248820192,0.025618517398679763,-0.008666871658886792,-0.9426273742619343,-0.5243977646006323,0.7112010361081372,-0.8113665253124961,0.1252848061763878,0.9000086430384084,0.2186267424616392,-0.28851281105598625,-0.06000656493225847,0.07731091119698429,-0.4671917964192881
36099,Seneca,New York,-0.221284729045808,-0.2367766718847433,0.17712548067914566,0.12992615739214836,1.1090697785652115,0.4311681811975653,-0.28541825703117035,-0.2778584725083615,-0.28670024632729463,-0.4849748441005792,-0.43662741112604136,-0.13720549702994866,-0.31973370710320376,-1.239330894554533,-0.1820027886588462,-0.28355373473485274,-0.13921597555849352,-0.17324279047488722,0.21074854015288078,-0.1808171503546134,-0.23393280333574837,-0.060326148445269165,0.17133362708626249,0.6460826768216408,0.05418443395648547,-0.492701889757622,-0.2090733302075736,-0.6133911790283161,-0.43998950918054036,-0.4029654108322485,0.20526034481458005,-0.04090982424927082,-0.13200689568640886,1.0039334118357843,-0.08602139992103093,-0.0823306772379415,0.6606670769087085,-0.606769499503909,-0.44917512466606213,-0.728517338854019,-1.034798698523175,-0.9827756576045824,-0.8146464437764492,-0.5815133535471582,-0.8602140798429281,0.13678722060678344,0.034941776562648255,-0.889851919784893,-0.4719399083481482,0.530918589487225,-0.8113665253124961,0.1252848061763878,0.6023411937060877,-0.3256980227798136,-0.2325722914582182,-0.05266617493107273,-1.015264416992745,-1.3165240231023267
36101,Steuben,New York,-0.041565650131515634,-0.38437220123241833,0.38149456357061706,0.16412366226772943,-0.09818338801411662,0.6289805376075275,-0.5510667581777823,-0.3099503799215234,-0.004360411829735326,-0.47705985485270647,-0.5796468547761765,0.08650565876339886,-0.175377867743333,-1.298157326290311,0.3173953995973624,-0.1402173700564531,-0.47547490744206883,-0.5448684769864223,-0.1981950347769711,-0.2351218185940561,-0.3265187977383734,-0.3721902138734988,0.36260018250001136,-0.49804061146608664,1.0159778610493282,-0.5033492022640453,0.9599310992381542,-0.40769204311319335,1.956060811095039,-0.42833746099840125,-0.4662264045186189,-0.2342217962794274,-0.1835959097568115,-0.3401115868778243,-0.08602139992103093,-0.17674103706361693,-0.030668934048515898,0.10612189437466327,0.30564897171626854,-0.7524176451434761,-1.034798698523175,-1.2286776598915456,-0.9060648254491102,-0.564174572407613,-0.6679571252537553,0.1071422330846225,-0.011232086260153505,-0.9620709627534766,-0.4282250281377453,-0.36025032278660274,-0.8113665253124961,0.1252848061763878,0.3046737443737671,-0.3256980227798136,0.039232381047096594,-0.05667958290128376,0.020352280265386966,-0.12326068561417954
36103,Suffolk,New York,4.003737637128833,-0.11426001125139963,1.083352081293819,-0.4342628555032538,-0.36897428815865246,-0.027988164041062857,-0.04444749599812705,-0.2602373421448543,1.0339087086404324,-0.16225916167219234,0.749982653131779,-1.3245954777792441,3.3991280660778327,-1.298157326290311,-0.25334538698116177,-1.10652152445682,2.5478657503737914,3.489493979042864,2.1233783534730963,0.375120748366959,1.019130845887131,1.2276687957080235,1.1136388081576132,-0.7934378316143123,-0.7038307982282486,-0.48977965392302536,-0.5380586113863514,-0.4853866901268373,-0.4715657182552005,-0.4480369958758424,-0.5499249795834077,0.007694242044778712,0.39450588607612264,4.874573903591272,-0.08602139992103093,1.110503324421694,-1.0997118088459008,0.5897220505754471,1.0271200983878832,-0.11507614409129027,-0.49450320844319384,-0.294250051201085,-0.16329047435873767,0.2867594558254447,0.4158650473203723,-0.13372329053293502,-0.02149294466522036,-0.2593241215591807,0.20688973149054057,0.31580885204181836,-1.240803088095796,-1.5541608441649128,0.9000086430384084,-1.958672318504172,5.085538878439202,0.05928388031851702,-0.4239877740063788,-0.1442517862736461
36105,Sullivan,New York,-0.09998613914123469,-0.3194056408685791,0.6260941659168638,-0.017543675683860362,0.5728294372993353,0.03331199085430517,0.0813912603063886,-0.20791014621833678,0.21723566767551436,0.09197002926640842,0.503358372874811,0.2757997136654609,0.21478789113517652,-1.0824604099257908,-0.1106601903365306,0.4060111067770837,1.477608108391293,1.740671101427585,0.913281334614493,-0.22057220066854158,-0.2900845938771627,-0.32181369118526737,0.31985502443880803,-0.8175756464391768,-0.33339738360405824,-0.4889596015373999,1.378055488772162,-0.16062677841178283,3.156616510654566,-0.41939752402983077,-0.18446426369192534,-0.2607813708928177,-0.13920971193614468,-0.21197815186705157,-0.08602139992103093,-0.1570542951175717,-0.9558630308984957,0.9971155446615223,0.002240453997328632,-0.7444508763803236,-0.9288584063506297,-1.1467103257958913,-0.8832102300309453,0.07069156777880609,0.5595295848155782,0.14049284404705348,0.48385433178433274,-0.912073163775226,0.3636388019592713,1.4067225205149525,-0.38192996252919614,-0.354556808206841,0.3046737443737671,-0.3256980227798136,-0.06140066474654643,-0.0550571863679038,0.008566279860583535,0.012374118646990064
36107,Tioga,New York,-0.17973404585631164,-0.6593145324978902,0.32012759943985325,0.4479845347221222,-0.17317865026912502,0.7232364857995138,-0.6072654478151012,-0.32003677538538206,-0.2813686674892216,-0.28115617780050206,-0.5523329319046321,-0.8771731661925526,0.34163981274099736,-1.4746366214976454,0.03202500630810057,-0.6576736557596506,-0.39030504249688963,-0.5958025777899563,0.6070769672647073,-0.21228122660240464,-0.31426747165630414,-0.2810126703339518,0.3467183462242052,-0.6899740736245192,1.179220359256597,-0.5024936668269769,0.7640197969281037,-0.35303369209216684,2.752089433734887,-0.4162130201416561,-0.4678277084575114,-0.24831409189279158,-0.08897815454778785,-0.35400179714919117,-0.08602139992103093,-0.14122038735979045,-0.14578675812425304,0.2027064202078078,-0.3506948780877585,-0.7603844139066283,-1.003016610871411,-1.113923392157629,-0.9289194208672759,-0.4641431427563916,-0.3510500572496243,0.17013783156921441,0.42998482515773084,-0.9426273742619343,-0.1590662656994058,-0.42683190818637146,-1.240803088095796,-0.1146360010152266,1.197676092370729,-0.59786040540054,-0.16573937225994792,-0.051599020422095805,-0.8215243525002947,-1.1550540180295057
36109,Tompkins,New York,-0.021646978363575632,2.1675264751762877,-1.8963122986894614,-1.0525032849600429,-0.43165839765611047,-0.13101414677170414,-0.319675561869268,-0.26151834593382844,3.516003194270959,0.09960867413663364,-0.31405699684448213,0.41346811723059507,0.23709680591975,-1.3962013791832746,-0.32468798530347687,2.0608025100086125,1.7020799321645188,-0.27117218461165377,1.9161984727570662,-0.14614061978681464,-0.16022074791641527,0.016655472371514487,0.3361639855486968,-0.4386658893930809,1.1313674280007258,-0.5072395514249257,0.5868799364057988,-0.4692935275129348,1.5621361206791193,-0.41343470752169637,-0.12487237862551133,-0.20266340719364334,-0.14207202606431593,-0.15442053119609672,-0.08602139992103093,0.01846623100585702,0.08000495186067198,-0.0857549674546206,-0.37395036467105097,-0.8241185640118468,-1.108956903043956,-1.1958907262532834,-0.9860559094126891,-0.5508370484541169,-0.5095035912516898,0.2220165597329959,0.2914632366893251,-1.0204017282281017,-0.2627329816269335,-0.05807235827995999,-0.8113665253124961,-1.3142400369732985,0.3046737443737671,-0.3256980227798136,-0.06323478014319456,-0.027399242885580675,-1.4462512679694253,-1.2018803195006236
36111,Ulster,New York,0.19916296438018274,-0.7655165003123133,0.9379326405021022,0.2381485741553685,-0.20653657464821165,0.22372523968246902,-0.11832547696875405,-0.25830585503950043,0.30359764748684415,-0.0728833558464266,0.060087905497382604,-0.4297508546058609,0.5744075974625008,-1.160895652240162,-0.25334538698116177,0.4125961453931905,1.8645328792700073,1.8314423424237705,1.6330453002083012,-0.15810748004111044,-0.2003185969144644,-0.17674696387501052,0.34622601184255825,-0.78549067380877,-0.30844893421685954,-0.5017808721981691,1.6104757287374516,-0.3632661860395144,2.2667295966437164,-0.4346326741618794,0.07651790663180914,-0.3029474238416991,-0.11526681560081022,-0.17878939463140656,-0.08602139992103093,-0.059884331288768425,-0.9129825565565682,0.9134747829086984,0.12431128062554274,-0.6886834950382574,-0.8547002018298476,-0.9499887239663202,-0.8375010391946149,0.15471796868583226,0.09261983795615891,-0.06702206860807308,0.7608975087211438,-0.8287434988114756,0.2624700791866246,0.8689481769014356,-0.8113665253124961,-0.8343984225900698,1.197676092370729,-0.59786040540054,0.3836343354258615,-0.03888282913545345,-0.4615117888745899,-0.6577264024052167
36113,Warren,New York,-0.13363202963823437,-1.0635061750991583,0.4336399375141821,0.7638273261721764,-0.41910145576462104,0.683599877846147,-0.5657066323932404,-0.29179005328242463,-0.2030321793024952,-0.3494161424171892,-0.49954351061918384,-0.7567133130730604,0.516061204949001,-1.4746366214976454,0.3173953995973624,0.10592560731523638,0.584821184117941,0.24492057878155152,1.0407783340851964,-0.1874872089036761,-0.2531929589263402,-0.31377762540658605,-0.31570117481604826,-0.8200906472292174,-0.7399160183469121,-0.4850436928563863,0.9994681488311176,1.34537025341177,1.3782857360667986,-0.41995163516153416,-0.03214432691245747,-0.22525218814575743,-0.14588937728708423,0.15504551365008387,-0.08602139992103093,-0.3093567216892569,-1.1422828624860484,1.2441107698513598,-0.04622150779712129,-1.1826231583537015,-1.384401662692574,-1.4253992617211142,-1.294592947557921,0.013340214778772454,0.2257208065178937,0.07379162212219154,1.5843313957277767,-1.33149914409277,0.48354247339352047,-0.20147884991023113,-1.240803088095796,-0.8343984225900698,1.197676092370729,-0.59786040540054,-0.045698391095650666,-0.0565308577525368,0.6867831771507209,0.015603518748446414
36115,Washington,New York,-0.14165690254577085,-0.8039266482566766,1.0890470957230507,0.19827744299263447,0.7418417044151537,0.5760231228427656,-0.4411054304676635,-0.30459788539119576,-0.3768849990039993,-0.3668378965065654,-0.49070865007134623,-0.44695940505150283,0.08065983116884866,-1.3177661368689038,-0.039317592014215016,-0.30261692596860823,0.40406951623908327,0.491821437031169,0.5982027651097473,-0.19390100996062296,-0.17198592485386052,-0.16107649653438955,-0.41284810853669657,-0.5376196322847023,0.8263251432485548,-0.4690488468906567,0.8264688220176061,0.433206436237823,0.37717416932188563,-0.42047463291613757,0.007342579179547791,-0.02408523272209655,-0.0950018543885529,-0.29469777203988123,-0.08602139992103093,-0.2602451664998225,-0.15545441473534108,0.26349242756507846,-0.11009776905600129,-0.9276865579328271,-1.0559867569576835,-1.0155625912428423,-1.0431923979581024,-0.19472515889576814,-0.20527280596772418,-0.10222549129063907,0.7788540109300113,-1.0259570392256847,0.0033032893678055643,0.24922726664204958,-0.8113665253124961,-0.1146360010152266,0.9000086430384084,-0.59786040540054,-0.10659850844966115,-0.055752338979869885,0.2626606817857528,0.128632522299421
36117,Wayne,New York,-0.05755974901766773,-0.44394693893570153,0.6179834866127737,0.10123307117270852,-0.15448993209827766,0.5848780954068804,-0.4120297575929046,-0.2947960138052021,-0.2890072156929303,-0.3435422209940278,-0.36493274870113873,-0.5330021572797127,0.43018904373207356,-1.4746366214976454,-0.039317592014215016,-0.5970423562579323,-0.017165654607195255,0.1483712794155095,0.2733580248409099,-0.24575559564522245,-0.38966647414803546,-0.4657903020656015,-0.44827733944770354,-0.3321824029294962,-0.33783962984539123,-0.5184748840364527,-0.2730808596643401,-0.6228125722213155,-0.488925425966478,-0.447205083678479,0.07547915157879638,-0.2313093237246766,-0.22366043647454126,4.446706882559924,-0.08602139992103093,-0.4509849892156204,-0.479942540085852,0.661315224787637,0.2907261426695448,-0.7444508763803236,-1.1513330199129748,-1.0811364585193668,-0.8375010391946149,-0.5268295053378238,-1.0081040449115224,-0.015143340444291277,-0.05227551988042184,-0.9481826852595182,-0.5624921602125549,-0.19123552907949748,-0.8113665253124961,-0.354556808206841,0.9000086430384084,-0.59786040540054,0.029200892755225166,-0.05729923580955922,0.5912014225953027,0.4305814317855964
36119,Westchester,New York,2.5127074645513563,-0.11016551561717598,1.1622632378902138,-0.477334178943974,-0.7175900679657354,-0.7008091548537345,0.5121056815934739,-0.1968041855841119,1.8855731836316487,0.1298778263214632,1.1334140113144129,-1.0492586706489724,3.1588782145516565,-1.2001132733973472,-0.25334538698116177,1.2594626568682588,2.667433620378289,2.68586181805412,1.757518183437397,1.1319304094194877,1.9824336589361617,2.2394455206145865,4.589186743861074,-0.821821215794892,-0.6827353897380251,-0.49524024156562296,0.877814494128855,-0.6040743701017574,-0.26591357539226673,-0.4421182375092544,-0.31477554164726174,-0.33275369595295096,-0.1861628151200186,0.7133353074508187,-0.08602139992103093,2.853456132398779,-1.118113459784244,-0.1448774939805627,-0.36756124924086686,-0.2505112130648794,-0.3885629162706486,-0.14670884982890617,-0.23185426061323375,0.1707229974300276,0.3271310682792157,0.060821940081246084,0.2683763052779242,-0.2704347435543476,0.2624700791866246,1.242829387223214,-0.8113665253124961,-2.273923265739756,0.007006295041446424,-1.4143475532627192,2.9306965883996487,0.33384161758941533,-0.7579878291355465,-0.3799979936799649
36121,Wyoming,New York,-0.2041718340097731,-0.749779943279632,1.6385309398997903,-0.12525948661817501,1.887664494493193,0.4421060056750474,-0.3074025323025764,-0.29650126041184405,-0.4201537315861767,-0.4663853416263406,-0.4640119379379425,-0.7911304139643425,0.17106241815741252,-1.4550278109190526,0.17471020295273174,-0.6544619975941651,-0.6972291447005936,-0.3981687093176819,-0.67103675247284,-0.24669087936739575,-0.3694101013310404,-0.4033464325754786,0.20017104994870646,0.560602105548463,-0.032733515877070296,-0.5121103782914196,0.6271855087728643,-0.4717341392445629,0.3463204119667049,-0.4219312283444161,0.044815561205105776,-0.2007860146828788,-0.2501162517490265,-0.36894470059634965,-0.08602139992103093,-0.24700828850369813,0.5371716811496364,-0.41560795375741705,-0.2958810334705265,-0.8639524078276085,-1.1725210783474835,-1.2450711267106755,-0.9403467185763587,-0.47881441910523737,-0.6869715493340031,-0.09666705613023369,0.4453761127653311,-1.0481782832160185,-0.35141173862518,0.6589600998713957,-0.8113665253124961,-0.1146360010152266,1.197676092370729,-0.8700227880212664,-0.21290233960232852,-0.05690724204165514,0.4241277542590398,0.6146572375686123
36123,Yates,New York,-0.24794546557037175,0.4143297687349225,-1.7014334082819378,0.4656297713502092,-0.6101374068662263,0.7310864262001958,-0.6116966357466633,-0.3339621905174273,-0.33816108317162874,-0.5328320556654766,-0.5383221582665385,-0.10278839613866274,0.33566788786020385,-0.6902841983539365,-0.25334538698116177,-1.0415533230365426,0.28361796613450124,0.4497056067509158,1.1070873411433995,-0.25583783781215536,-0.36052672004520714,-0.34125781263758664,0.3420689632346333,0.3251869628132772,0.04706094190243592,-0.5101455046083087,0.5516394928179471,-0.5131949990038541,0.37270328495814636,-0.40319882485309466,-0.293240573356056,-0.2765876927038681,-0.226746729951176,0.445051837555555,-0.08602139992103093,-0.18625607195655774,0.34148171908383335,-0.25158280583853654,-0.46016619037113404,-0.7444508763803236,-1.0242046693059201,-1.0483495248811046,-0.8375010391946149,-0.7522336601519095,-1.0672600309389604,-0.3004763453450902,-0.072797236690556,-0.9092955082764345,-0.7866870458630513,-0.6316983248010445,-0.8113665253124961,-0.1146360010152266,0.6023411937060877,-0.8700227880212664,-0.2669713128769863,-0.05701867744639661,-1.7085674156529076,-2.2385177520681343
37001,Alamance,North Carolina,0.17554523623187102,0.4210649486149061,0.382277352327097,-0.5782998274945697,-1.1477925116866596,-0.6887005064222625,0.7915242450865683,-0.11977028580982274,0.09537189154532164,-0.04117978057576514,0.23588632125461095,0.017671456980830835,0.15383307166224963,0.5842884892545901,-0.1106601903365306,0.7944680680230374,0.4986130954718711,-0.18420351204025773,0.7871118626323799,0.16600497700114353,0.24014686237564623,0.8550087946433775,1.8621262481557483,-0.6707258719790096,1.10623974543783,-0.43297648637757175,0.7688081156177726,-0.17862744302303132,0.4080438280116222,-0.3062639526442984,-0.5915351163453505,-0.3961925530551083,-0.1970819858188397,-0.28361375382159587,-0.08602139992103093,0.9083012084391894,-0.15985710645437406,-0.2367270613413709,-0.4163136253730524,0.578032738302962,0.6708400054548042,0.4762428892980668,0.5566292813134692,0.6908864316163799,-0.4228823259972273,0.13678722060678344,-0.42679685166537007,0.5934161165698653,0.14069291288621566,0.7101767040250639,0.47694316303740386,-0.354556808206841,-0.588328603623195,0.2186267424616392,0.24338065397197256,0.010701617881752258,0.2996344865563833,0.9456707479678955
37003,Alexander,North Carolina,-0.2110896259103575,-0.5840933494872601,0.7864885330719845,0.14642876810576416,0.414549211335488,0.38058848403875567,-0.24806714401440866,-0.2824876373247495,-0.24928281341097241,-0.41082662232392436,-0.35952847486454714,-0.4813765059427885,-0.052301300947209216,0.34898276231147773,-0.46737318194810806,-0.5081773969975064,-0.2795729504832837,-0.3976945354857179,0.40684072840029484,-0.19335972279573632,-0.2882750302365956,0.1930550035481687,1.052167855166364,-0.7203460811558157,1.285804257596776,-0.4190561943019862,0.9001863778033843,-0.34941744093495036,1.4515241611828427,-0.2947415514285399,-0.6089521567874925,-0.4040486448687627,-0.1972314440656911,-0.329469571628866,-0.08602139992103093,0.22578642256513076,-0.12746421710801042,0.026443959715253134,-0.5436193566019883,0.5142985881977431,0.5331176256304956,0.14837355291544918,0.49949279276805597,0.6041925259186542,-0.4228823259972273,1.1576864784011993,0.004159201347447234,0.4656439636254481,0.5491147937091255,-0.27318209572536667,-0.38192996252919614,0.36520561336800217,-0.29066115429087425,0.2186267424616392,-0.21919073524797925,-0.041137968156133374,-0.7242018682637076,-0.928996010927556
37005,Alleghany,North Carolina,-0.28829241782373766,-1.5989064881205906,-0.6031137141058861,1.7734028188359747,-0.22176579142075514,0.6570181982509408,-0.5590972005120866,-0.2405799684129194,-0.35171101420444606,-0.47856762519958873,0.005586801793735824,0.41346811723059507,-0.9817250122799008,1.505902586448448,0.4600805962419936,-0.5694147099033371,0.20696844409420917,0.5827755605162761,0.11672787273925227,-0.2557163429376258,-0.3950729056186082,-0.48354405911268966,1.382595172866358,-0.7971348271561025,1.530386075005149,-0.4466443496298711,0.7403382650575743,-0.2119440910616242,2.055721731237225,-0.3277141815380352,-0.6109873501173261,-0.401329128690002,-0.19608496826113206,-0.3961492672664206,-0.08602139992103093,0.037838383504378174,-0.09240281898228425,0.07349988062992775,-0.5637770902494339,0.1239269188032794,-0.07074203975301276,-0.9172017903280579,-0.16329047435873767,1.018989520872386,-0.1799202405273939,1.0650458923944466,0.9815059644300858,-0.17043914559784723,1.0218599982701992,-0.6624282872932454,0.47694316303740386,0.845047227751231,-0.588328603623195,1.579438655565271,-0.3145460204104511,-0.06104213418580695,0.4287878820242005,-0.4784946967743856
37007,Anson,North Carolina,-0.24931320850753216,-0.1813316115042851,0.43813906763433913,-0.05114366006043418,0.5515095473013312,-2.392404440889724,2.623690670322726,-0.20991577030117445,-0.08810204733874268,-0.3464563403035004,-0.406459760770924,1.1878528872844862,-1.022498844224629,0.29015633057569956,0.10336760463041615,0.6766225908290651,1.1545260189112874,1.322035653312209,0.5645004196324859,-0.23900417538974866,-0.34642621660757733,-0.31329122979957014,-0.04414524977568945,-0.4834956975510286,-0.24532871658448896,-0.1344420890971103,-0.35682184453617855,1.8621630121973334,1.3232654568370985,-0.11548396427610376,-0.06863267904330053,-0.360085695203024,0.12998859949335706,-0.31504569113079944,-0.08602139992103093,-0.27405081837878137,-0.5870696796596037,0.6890781748510934,-0.3400389058493047,0.9365373326448165,1.031036998841458,0.918866493414601,0.9337301057131965,0.32677202768593316,-0.4292204673573101,-0.30232915706522523,-0.17797103534249356,0.9795102309019085,-0.11909837522132287,0.6589600998713957,1.335816288604004,0.845047227751231,-0.8859960529555155,0.4907891250823656,-0.2738773188092634,-0.0613672216454492,1.220760432942875,1.5301921663315077
37009,Ashe,North Carolina,-0.24123854624254015,-1.5781336126568732,-0.03188216956682064,1.4697818147132131,-0.4706619234148216,0.7383011564708863,-0.6190322760750807,-0.2844925378212601,-0.4615243284463944,-0.4553503050264455,-0.3350027160672688,0.017671456980830835,-0.9733505888838455,0.9176382690906666,-0.25334538698116177,-0.5274362432638985,-0.9845380244849472,-0.41131492352481314,-1.5416862153210718,-0.26179971597191987,-0.40245532804428275,-0.5743976727420935,1.3520908006978767,-0.8206153830734861,0.4403388350987465,-0.41278072077312544,1.843262181438921,-0.423177057012328,1.417034052594633,-0.33819891412920333,-0.6171209915073645,-0.3940304062550615,-0.1927805067594631,-0.4077343342945157,-0.08602139992103093,-0.0052210032075245645,-0.6087521649129143,0.5940956736661206,-0.4202379421932237,0.052225999934908604,-0.24024650722908536,-1.1958907262532834,-0.3232726422858955,0.9469668915235067,-0.1756948129540052,1.3411148386945704,0.5120716923982671,-0.3259878535301813,0.9681531454402753,-0.6009683623088435,-0.38192996252919614,0.36520561336800217,0.007006295041446424,0.4907891250823656,-0.22845488954737544,-0.05763519502303812,0.043376139012345084,-0.7885171065142021
37011,Avery,North Carolina,-0.26948961341994776,-1.1961214300870493,1.0188014289343346,0.594582477402023,1.8729115110838923,0.4823531737468752,-0.37497724069390936,-0.266904947726927,-0.4048958712921838,-0.31322692461863805,-0.3391422945302455,0.32742536500238506,-0.6794906990599716,1.44707615471267,-0.25334538698116177,-0.45187327117069226,0.2274374502829553,0.2945338558955617,0.5768658856114806,-0.24779410663005336,-0.3201470754068382,-0.42441963874672767,1.4677295931360097,-0.8221988482510404,-0.377924336243822,-0.4585231345496129,1.8169692969807805,-0.541638722451206,3.078161026565698,-0.3495198269655571,-0.6160183392579722,-0.4003625258778001,-0.11094768769009768,-0.4208937021744912,-0.08602139992103093,0.10552862437178,-0.9805629217280012,0.9077636185167429,-0.5558167587868853,0.06815953746121348,-0.2826226240981033,-1.2778580603489378,-0.3004180468677298,0.5561774396860679,0.18135381699731556,1.2725608050495731,0.4017674645437961,-0.33987613102413966,0.8407554945413862,-0.11441062284899507,0.04750660025410388,0.6051264205596165,0.007006295041446424,0.762951507703092,-0.2897106007027769,-0.05603650631417411,0.9953796129974962,0.5177752345249196
37013,Beaufort,North Carolina,-0.1832749478071188,-0.8918052344620435,-0.5323963380868302,1.0867456312548531,-1.1522692704836544,-0.8293622880803878,1.024805659734216,-0.2100473630692616,-0.4317690733205626,-0.16436129984523984,-0.125888908777356,0.5339279703500905,-0.43326892265300226,0.5058532469402192,0.388737997919678,0.21388692962212788,0.8959423514146109,1.1184209173986455,0.5208723054622806,-0.2354511625679963,-0.36514212835390286,-0.4059630058661916,-0.17162981893230436,0.06314303105794249,-0.8207479297744668,-0.2982871245372924,-0.8021546075461076,0.8580439255449893,-0.3088199253259205,-0.20325306088793343,1.6057795954855738,0.5362254310570668,0.1310735001177814,0.808150739719162,-0.08602139992103093,-0.3455269193401135,-0.3092037168766666,0.4497896525925112,-0.02606377414967567,0.9923047139868824,1.031036998841458,0.7877187588615544,0.9223028080041145,0.2547493983370538,-0.9214827796570602,0.8019466281352688,0.33507188491086015,0.9739549199043263,0.19877125373717983,0.37726877702622025,0.47694316303740386,0.1252848061763878,-0.8859960529555155,0.762951507703092,-0.1322386930762728,-0.060635035762626084,0.7614844938014838,0.07534742062539034
37015,Bertie,North Carolina,-0.265418601251526,-0.9532932014573678,-0.16072687781189038,0.9582953760925408,0.31503440814186245,-3.1541256942401668,3.4641931678905054,-0.2519975446395424,-0.3684007040051711,-0.22473467355928958,-0.5330052604601404,1.669692299762462,-1.2234163629152337,0.1528946565255504,0.5314231945643092,-0.3525821434316023,0.9864512646503775,1.9053689749661786,-0.09106822658313467,-0.27571320155602524,-0.41483090442656106,-0.5066218735011516,-0.493879236452414,-0.004684420086705143,-0.8225196204118453,-0.30808358089624915,-0.7657196573520653,1.135111197163868,-0.104309243158751,-0.26756651541620835,2.6505360239391393,-0.008338875127152668,-0.24245143235247832,0.06711771696269118,-0.08602139992103093,-0.49130359983776306,-0.3767900143805461,0.5784350498737629,-0.18798093721951567,0.8011022636712268,0.8827205897998948,0.7057514247659,0.7394660446587918,0.19739804533702016,-0.5834485737859872,0.9761109298279644,0.6095498472464045,0.8100732454756168,0.3973617095501541,1.53988569131449,1.7652528513873038,1.0849680349428452,-1.1836635022878363,0.762951507703092,-0.27739582589671086,-0.06554246670009894,2.595333865512247,1.9161054784555498
37017,Bladen,North Carolina,-0.22507457778389278,-0.6292604657887996,-0.32258057488894015,0.7403762801898794,-1.1658876651518428,-1.5444998797861191,1.6457167159948434,0.12562651495317187,-0.48581069656059833,-0.2625452943412245,-0.1448516554309826,1.1534357863932023,-0.9240650479136185,0.8392030267762957,0.5314231945643092,0.03030903248520612,0.6353668424361921,1.5018409620469235,-0.5124350866738917,-0.2637988146684824,-0.3938852903411152,-0.4075138403502594,-0.20915277165363014,-0.07972392365093345,-0.8096121864541697,-0.2289678491567671,-0.8205607136456443,1.3201053776311025,-0.5732854629399594,-0.16952174420102178,2.957743888912972,0.2156327435931539,-0.23139931950580217,-0.30236977383949243,-0.08602139992103093,-0.37086775824578105,-0.4448354016620826,0.5925940881642475,-0.07935108186342539,1.032138557802644,1.0522250572759673,0.8368991593189465,0.9223028080041145,-0.09069247205849784,-0.6257028495198712,0.4350899075485275,0.7429410065122763,1.001731474892243,0.10010052411941281,0.6231084769638279,1.335816288604004,0.845047227751231,-1.1836635022878363,1.0351138903238184,-0.2282303039886022,-0.06317341205476512,1.3652188364900062,1.321895859787568
37019,Brunswick,North Carolina,0.09737887381243993,-2.3760397917160105,-1.5139328558630682,2.9429646331481507,-1.048970455819088,0.10913574493249603,0.017790141332393653,-0.20192424074357346,-0.3198940049272715,-0.1112395010058117,-0.347867265309183,-0.7395047626274167,0.5484606134976738,0.32937395173288503,0.8881361861758866,-1.1188078637953183,0.46849821058804614,0.9651121973548373,0.659064564627368,-0.1811415846499617,-0.04701217786648348,0.1949414478280868,0.1923884343189518,-0.6306903922911917,-0.8167786455229296,-0.31764323129474287,-0.8305831929420826,0.9991660600783902,-0.6911149369665334,-0.21810010538845948,2.423450334722033,1.462854425269484,0.14471220281057243,1.1895329931168355,-0.08602139992103093,0.06728205042404567,-0.9905737211683212,0.9340086303079957,0.04194530653082686,1.143673320486777,1.1051952033622392,0.9024730265954687,1.0708576782221886,-0.10002873882594522,-0.7989453800287962,1.0298424697118809,2.223069831443202,1.1017270728487427,0.6053196396939294,-0.13489726451046238,-0.38192996252919614,-0.354556808206841,0.007006295041446424,0.2186267424616392,0.5197331840424455,-0.04243517320414723,0.8544255518218152,-0.4752652966729292
37021,Buncombe,North Carolina,0.44406216977521396,-0.7795070109510694,1.1164430247280999,0.162136449582979,-0.9521033170692758,0.32528393957968826,-0.21952142313395742,-0.23644308719464444,-0.0368856691889045,0.09203859307517423,-0.21055896121158615,-0.39533375371457685,-0.018803607362988133,0.5450708680974046,-0.6814009769150549,1.0130904563639604,1.004338934206885,0.20564914731375003,1.194373022300854,0.0328905145175958,0.17091361392687057,0.3329812514555154,3.408844702438423,-0.8128151287923976,0.05899233997013483,-0.4876611060559163,1.6684315669768277,-0.5363606031206564,1.2305013629100394,-0.42444813237587276,-0.6205319593617044,-0.4053777835372484,-0.18879952193959953,-0.38851303632173617,-0.08602139992103093,1.1012041113632667,-0.7736253236299226,0.2767087210832882,-0.2484020125114896,0.3310629066452399,0.17292063224384108,-0.6549063212219648,0.07668277753199744,0.8682755001978791,0.1538885377702907,0.6981891718077059,0.30685452429692583,0.06843922729823726,0.7620687101626606,0.6179868165484611,-0.8113665253124961,-0.8343984225900698,0.007006295041446424,0.2186267424616392,0.752048229130132,0.011885987673471937,-0.47217823649947044,-0.6980939036734221
37023,Burke,North Carolina,-0.055899127507239556,-0.684894828410097,0.749817668613739,0.25755795389218994,-0.0033389925798482456,0.08635190598129823,-0.18778345916737865,-0.21009510860444755,0.7052192086005568,2.1452242618687225,-0.23721877102921501,0.6715963739152266,-0.5376060010300844,0.7215501633047392,-0.1820027886588462,-0.2868012471540233,-0.33857094965610024,-0.49409109312669536,0.19396143991165854,-0.1506948672131214,-0.20611509648327855,0.1931749112098812,1.659543596145615,-0.8014484946077494,-0.14194342177745986,-0.4140457511199853,0.7786523252902922,0.06773683913786795,3.374067900118064,-0.3447334221623246,-0.5787075782841762,-0.396066981548004,-0.20733660545611288,-0.2809401898690538,-0.08602139992103093,0.4248855613437109,-0.8533538216912533,0.6462113828295061,-0.3563691274558241,0.530232125724048,0.5119295671959863,0.08279968563892474,0.49949279276805597,1.132358474477104,-0.2348507989814432,0.937201883705128,0.48128911718306605,0.4545333416302812,0.8938378490825901,-0.2834254165561003,0.04750660025410388,0.6051264205596165,-0.588328603623195,0.762951507703092,0.02575724752070214,-0.034142146606543536,-0.20580525979393996,-0.46073299621637537
37025,Cabarrus,North Carolina,0.3130341536666858,0.5727672552454726,1.7165453846600993,-1.3825491723951424,-0.5737802438692882,-0.7544181534303291,0.713217883555622,-0.23629136242667684,1.1473522148647033,-0.07700710809085475,0.09565128146812996,-1.1353014228771825,1.1222459017569035,-0.12162869157474956,-0.32468798530347687,0.01677799585813218,0.08540908218323337,-0.33914975056627356,0.7452036156967117,0.3938992700264241,0.8388507092066911,1.6286717738293806,2.5844250218745133,-0.6732661264947644,0.7128378309209463,-0.37696525165937256,0.36643949256194414,0.06790847208758737,0.496167299836099,-0.3515351309411073,-0.5092697858265407,-0.36223048147921544,-0.04852209893397208,-0.3413976981821373,-0.08602139992103093,1.598849239742697,-0.34036668714675233,-0.35936415130556876,-0.46858075964398727,0.7453348823291609,0.8191564144963674,0.6073906238511133,0.7394660446587918,0.6442050977791429,-0.4461221776508638,0.23683905349407636,-0.20362318135516116,0.7572977909985747,0.2000202503146201,0.1724023604115472,-0.38192996252919614,-0.8343984225900698,-0.29066115429087425,-0.59786040540054,0.24880813830899254,0.053364352758681344,-0.9601002162069838,-0.16362818688238479
37027,Caldwell,North Carolina,-0.08022855058859195,-0.5997962941098671,0.7446640218624544,0.1817249290778805,-0.26568859505207854,0.4373435922120473,-0.29554735154890155,-0.2501647846566129,-0.3459763997734618,-0.26760199726055983,-0.27774155562655134,-0.4297508546058609,-0.4949101702731468,0.6823325421475538,0.03202500630810057,-0.10766089770782915,-0.01546053483073492,-0.11785553350502628,0.29249092796020826,-0.09698382642296553,-0.19180296591605447,0.19195334696599786,1.438833626750253,-0.8032441403253163,-0.08459001497981788,-0.46322411102143163,1.0165622609904563,-0.18395295627080335,3.5754493930345514,-0.37442329776341815,-0.6062666516318037,-0.40134025759615394,-0.2263032621297015,-0.3818609742416026,-0.08602139992103093,0.3799381328856964,-0.8291703161073417,0.6421049547781758,-0.3868030607462231,0.49836505067143877,0.46955345032696827,0.017225818362402626,0.41950170880447707,0.9216255960118637,-0.16513124402053436,1.4911925880255097,0.3171153827019927,0.40175788715323907,0.9625326608417947,-0.293668737386834,0.04750660025410388,0.845047227751231,-0.29066115429087425,0.762951507703092,-0.0075188461041997175,-0.03463966228187705,0.11818217630030779,-0.10872838515762567
37029,Camden,North Carolina,-0.2890831899715606,-0.43136800347523546,1.7997728971146263,-0.49890757074428366,-0.051833666803281914,-0.06472057682958292,0.17628993712762525,-0.2133535545401603,0.2910892325316709,-0.13734140654121735,-0.48593123193714344,-1.1869270742141085,0.953315934726641,-0.12162869157474956,-0.1106601903365306,-1.277534935501091,0.6133171318543671,1.565173075954297,-0.10650027122067106,-0.279196669759675,-0.42160287575796984,-0.5633892515347204,-0.6444720041012051,0.21869812033691985,-0.8314567597738426,-0.5166386527219862,-0.8245743135799535,-0.4461546683474604,-0.6472190594938055,-0.44877987006846787,3.958211515315929,-0.009256598657760521,-0.2504264437446269,1.455242557880162,-0.08602139992103093,-0.5546133967831632,-0.16088580012782036,0.395861374446162,-0.5123067337769021,0.7931354949080743,0.7979683560618588,0.7057514247659,0.81945712862237,0.23340936001145984,-0.4461221776508638,1.1873314659233603,0.4992456193919335,0.8045179344780345,0.4991549306115216,-0.42171024777100463,-0.38192996252919614,0.1252848061763878,0.3046737443737671,-0.3256980227798136,-0.34042950605906713,-0.06345342120465225,0.872593213705144,2.3375421916956127
37031,Carteret,North Carolina,-0.1174387733222602,-1.6007870254033187,0.06348750697907532,1.4431561888198925,-0.4847846063722482,0.3657071975899463,-0.26975471191832984,-0.2319084719101713,-0.05019656832422408,0.17758221781043446,-0.38494284715263083,-0.7050876617361327,0.2976397685043463,0.30976514115429227,0.10336760463041615,-0.11764756653827299,0.24975620274781465,0.5692616511091096,-0.05155421334554348,-0.22657463097801034,-0.2907508306267691,-0.36250546986541043,-0.7584357272704445,-0.5904189084457366,-0.8249623685509124,-0.4831833947461661,-0.8292775642252475,-0.2246688685127228,-0.6679135621489267,-0.41545687779849033,0.7157764028784644,1.7203642219707422,0.4136382052835176,4.880761088584102,-0.08602139992103093,-0.4661929799716508,-0.9546244035314576,1.1293766562593457,0.25823696945055513,1.127739782960472,1.1051952033622392,0.9680468938719932,1.1622760598948496,0.5428399157325718,-0.8581013660562339,0.6407520084835187,1.6202444001455112,1.1295036278366595,0.6109401242924096,-0.3704936436173364,-0.8113665253124961,-0.354556808206841,0.3046737443737671,0.2186267424616392,-0.022678371321393477,-0.06004760592411766,-0.11160944840726554,-0.7594525056010945
37033,Caswell,North Carolina,-0.2547080318271242,-0.9078550862760035,0.4312334274919043,0.621627476863464,0.3498388810723399,-1.2946138050288611,1.5372862125233957,-0.2286136409796038,-0.37674768563194827,-0.37733131803862796,-0.37314724975156016,0.2930082641111029,-0.3076525717121732,0.29015633057569956,0.3173953995973624,-0.596037112315069,0.1578171738177251,0.023274143419379743,1.0055688447556508,-0.2765951832107548,-0.41067795303181065,-0.338607360830703,0.04958806444752452,-0.7268297543475163,0.5657122883383745,-0.3634782708897788,1.2320642374665813,0.1870461677538196,1.0807897469598218,-0.16387227622582484,-0.5375550777875947,-0.39672114644620515,-0.22062831761485233,-0.33900931301323767,-0.08602139992103093,-0.28442390867315553,-0.459678867978489,0.5697045656641391,-0.42115386433531304,0.4903982819082863,0.6072758301512768,0.3614886215641502,0.49949279276805597,0.5321698965697749,-0.6552808425335903,0.45732364819014804,-0.23953618577289607,0.5128641071049064,0.15130938379445652,0.6384734582099284,0.47694316303740386,0.6051264205596165,-0.29066115429087425,0.4907891250823656,-0.2657922386934267,-0.05984440520128196,0.5782931174704298,0.10279732148776961
37035,Catawba,North Carolina,0.146380387905868,-0.010247304045320905,0.599791623522182,-0.2892661351728009,-0.5276709688213082,-0.04199793344712454,-0.028041269446173855,-0.2797630040237316,1.0095989547221438,-0.159874549003892,0.02626328209723375,-0.20603969881251477,-0.13961496127329368,0.7019413527261464,-0.32468798530347687,0.27328459627521073,-0.28079608427749986,-0.35652578642868765,-0.27785035685145776,0.2754844376993495,0.3489861257740166,1.648259916802915,2.345919825064038,-0.6426808294978296,1.0325116746069216,-0.40468609712002573,0.3633619510450732,-0.245660856840011,0.6951302960439494,-0.3243574006136145,-0.5850468064935248,-0.3843855174187797,-0.1755653948675319,-0.17089869639058933,-0.08602139992103093,1.3686535913626463,-0.1656040743659891,-0.4298889934696303,-0.43209280439002223,0.6098998133555712,0.6496519470202948,0.3614886215641502,0.6251930675679653,0.5908550019651583,-0.5221798739718552,0.937201883705128,0.02981134736011483,0.5961937720686569,0.4454480777815978,0.013630887535175579,0.04750660025410388,-0.1146360010152266,-0.588328603623195,0.2186267424616392,0.2583904554833175,0.009844664513753347,0.31563522027996427,0.6001249371120585
37037,Chatham,North Carolina,-0.10280363101607048,-1.2341820161649777,0.18692393714265426,1.0439365805958332,-1.0039791749474654,-0.16386165545173345,0.18804934892909717,-0.17308465615231464,0.24725713481714268,-0.03069274288355024,0.168704378158998,-0.9976330193120466,0.9977964786663444,0.4274180046258487,-0.46737318194810806,-0.5862756637296196,-0.24641172159010635,-0.08655221365471502,0.025981224089124358,-0.2186666282560834,-0.2772121868655268,-0.2894705597259534,0.6419945522730679,-0.7749497136688622,0.3908066223361917,-0.3653704232303025,0.45074073165185524,0.7538559521465049,1.7561174871856056,-0.19137158737657783,-0.47827619955177464,-0.34872119686323105,-0.133712726801656,-0.08099744635524878,-0.08602139992103093,-0.0539252713680731,-0.5862011574711958,0.5931983456540045,-0.21136301466797489,0.7134678072765511,0.7873743268446042,0.6073906238511133,0.6823295561133786,0.405463419011561,-0.367951767543178,0.3035402754189383,-0.3472751990261003,0.7239659250130749,0.09885152754197253,0.13655073750397942,-0.8113665253124961,-1.0743192297816841,-0.29066115429087425,-0.3256980227798136,-0.010026718177167574,-0.04894274720629376,-0.026335634338067956,-0.5689178996151651
37039,Cherokee,North Carolina,-0.2371118871451975,-1.8812275298667733,-1.0851725869061406,2.27357352419554,-0.5932416905261461,0.6103938122246105,-0.5645546531642375,0.038515062478599205,-0.3674815285567696,-0.34803374205854815,-0.46683797833455576,0.5511365207957325,-0.8894690692938493,0.9372470796692594,0.3173953995973624,-0.9162564945655779,0.08390374097859754,0.22053287359438034,0.7725736191509333,-0.24661676423984147,-0.3907938935206845,-0.5106580490654202,1.161885167224272,-0.8081173255027916,-0.4514634154352824,-0.48048338610178176,1.152171802947109,-0.1850234853779984,4.419436877167221,-0.3998062097605994,-0.6215846553770513,-0.40126074804134526,-0.11154064262542625,-0.25162546361413446,-0.08602139992103093,-0.02840409038475988,-0.9999732106651319,0.9844578627206099,-0.39241773794244555,0.5222653569608955,0.3953952458061863,-0.3434304516584772,0.2823741362954857,2.154012809314913,0.7877026737785525,0.3128043340196137,0.8301583029553464,0.29620697819915565,1.548936553949917,-0.1963571894948643,-0.38192996252919614,0.6051264205596165,-0.29066115429087425,1.0351138903238184,-0.19731235873081937,-0.05806464667177921,2.7679136407327105,1.1539670545118343
37041,Chowan,North Carolina,-0.28007424505784445,-0.9220301944842006,-0.7931369458200098,1.244444710233035,-1.1226659392213265,-1.4357116123408933,1.6612969130223465,-0.288507402287094,-0.2963869797229163,0.3697213696896837,-0.4331431236658829,0.6888049243608686,-0.5900491114775125,-0.003975828103191509,0.388737997919678,0.5995791118440555,0.35754949893435356,1.3427622537645074,-1.045646911411835,-0.23465011859947843,-0.3256248330860532,-0.36663397002641923,-0.05872570805788934,0.38920757137056583,-0.8138801627141538,-0.4440894017237424,-0.8030396694172622,0.2137355220963761,-0.44125774177537,-0.40628545855967557,1.310996983105077,-0.15991584802824949,-0.22088288498147496,1.8268759062621542,-0.08602139992103093,-0.28921228771801916,0.014955287192351882,0.11032260726095126,-0.5662195492950054,0.8489028762501408,0.9356907358861674,0.7877187588615544,0.81945712862237,0.24541313156960642,-0.5834485737859872,1.0983965033568774,0.6557237100692063,0.873959321947825,0.4723015041965597,-0.1963571894948643,0.47694316303740386,0.1252848061763878,-0.588328603623195,0.4907891250823656,-0.30047199206066133,-0.058387660784806436,1.282079201293173,0.41443443127831464
37043,Clay,North Carolina,-0.28801711196486596,-1.952040970139075,-1.567417413627478,2.578978980923916,-0.6512941397989812,0.700313275833335,-0.5905762692895855,-0.21128733694045945,-0.44801005021957985,-0.3744139338795659,-0.424485973778464,-0.08557984569302073,-0.5907355396247301,1.0548999431408153,0.3173953995973624,-0.7864520401638317,-0.4240145549681163,0.2680016985132434,-1.0424480910014935,-0.27445995431234926,-0.41864980560234044,-0.5840778512355552,1.079840742965597,-0.8091835534520014,-0.27350637532042305,-0.4804901481357689,1.786860520992104,-0.3887250647421999,2.859597893383004,-0.41844862761312057,-0.619085581886819,-0.40229322809916446,-0.20825471612034654,-0.21401096393011615,-0.08602139992103093,-0.09022316252815657,-0.9205001924647125,0.933881856496367,-0.5757213107039971,0.4664979756188296,0.26826689519913244,-0.5729389871263104,0.15667386149557633,2.4167620311987883,1.1447513037298738,0.36838868562366556,1.08924497768329,0.1739901362523215,1.8593122034437792,-0.3551286623712359,-0.38192996252919614,0.1252848061763878,0.007006295041446424,0.4907891250823656,-0.3052818661110549,-0.06023677789013127,2.1817218853220455,0.6081984373656997
37045,Cleveland,North Carolina,-0.034044528369999695,0.10107311527455552,0.11962405330769867,-0.15269158616294803,-0.8895720665142408,-0.5657106454773099,0.7729818696313582,-0.3035917747871928,-0.2252359714761661,-0.3923332126967364,-0.43145254361017404,0.7748476765890786,-0.6665172070775581,0.34898276231147773,-0.039317592014215016,0.4711148436473526,0.28154580523422673,-0.045148303542420304,0.4338632569497772,-0.05697302236193385,-0.09566586323757294,0.5965878168863997,1.7377758189434531,-0.6115810273712836,1.3924842445898906,-0.39929604751545433,0.35408169321276894,-0.13792428201845205,1.179325828219961,-0.2936435634489215,-0.5408479048461412,-0.39193058054022123,-0.17614624857821598,-0.36266914911299986,-0.08602139992103093,0.6378377092408446,0.027899693838795845,-0.302500169828188,-0.39128586667742454,0.6497336571713328,0.6708400054548042,0.44345595565980456,0.6594749606952129,0.7442365274303644,-0.47781288445127695,-0.035524269365776795,-0.3344491260197663,0.6378586045505321,0.11383948647125373,0.42336372076452167,0.47694316303740386,0.6051264205596165,-0.588328603623195,0.762951507703092,0.0579478442782,-0.027128185766276774,0.4470916374982988,0.3272406285389909
37047,Columbus,North Carolina,-0.15833926607910215,-0.21411091992419057,0.07252139570804374,0.1611393132213327,-0.18856822340721496,-1.3854628998499325,1.4145542026746785,0.2537301965321169,-0.4061224966244473,-0.1810764120013644,-0.30164725052648006,1.3427298412952644,-1.1113912892893139,0.9372470796692594,0.6741083912089404,-0.1043313352838354,1.0602739988442813,1.4335833034683703,0.6830747344848948,-0.2468248693558357,-0.37851481404448756,-0.30908969935680225,-0.0653335426701422,0.09582963205987362,-0.8212815735144754,-0.3302559809059611,-0.8251600614839971,1.0401819093388984,-0.6182070057403972,-0.2467126378214911,3.0926516711848926,0.23230321995368866,-0.24459812394693975,-0.2700850253287667,-0.08602139992103093,-0.2896548665758297,-0.2772611234083399,0.3946125931276762,-0.029913625755043055,1.0879059391447106,1.0840071449277306,0.8532926261380765,0.9565847011313622,-0.10269624361664441,-0.7524656767215235,0.8482669211386452,1.1148971236959582,1.040618651875326,0.2868255124467064,0.8996781393936365,1.335816288604004,1.0849680349428452,-0.8859960529555155,1.0351138903238184,-0.1287389014520565,-0.05871148422730786,1.3431763325203188,1.3687221612586866
37049,Craven,North Carolina,-0.02176705857861541,0.7413748866362464,-1.249342363550792,-0.06081985373001538,0.20074876468418662,-0.7620502556656612,0.8392786766380472,-0.2189007424337409,0.667898487823724,0.6734767615645418,-0.15555502759663895,-0.11999694658430474,-0.16130609072537128,0.2117210882613286,0.03202500630810057,1.0702024720209038,0.8212133511230977,0.531050531847449,0.5055297713412944,-0.12111510264924338,-0.15819870052602536,-0.00020491866489148248,0.13843448859802202,-0.31187197813362405,-0.8004838666713386,-0.3477225891870477,-0.7959348718261873,0.6762727686363592,-0.05181776546318751,-0.2512870291923682,3.18403558428761,0.3380396198482007,-0.13764171859341523,0.33191805256543583,-0.08602139992103093,-0.03532088371177395,-0.6692838578867488,0.6659409601497112,-0.1634744350275159,1.0401053265657965,1.062819086493222,0.8368991593189465,0.9794392965495278,0.2934282178021927,-0.9658497691776385,0.4999383177532544,0.9327668870060173,1.0211750633837844,0.2474821202573434,0.7921232706709331,0.04750660025410388,-0.354556808206841,-0.29066115429087425,0.4907891250823656,0.06640723365865873,-0.04328895930824055,0.33701699378590383,0.2820290271186014
37051,Cumberland,North Carolina,0.661723667856344,2.0689567979330117,-0.47591989847359095,-1.6690733481549636,-0.19806091026026623,-1.9986698405209664,2.131293920033409,0.05326566715877318,0.7536363560803783,2.2535474501793313,0.16671804348208474,0.6027621721326586,-0.6262238748358824,0.13328584594695764,0.745450989531256,2.57740668370067,1.920471058814442,1.1017609473286072,1.0503593951044832,0.29769222081184815,0.8538672815392829,1.4487056244896457,1.209327421116454,-0.1347927858920599,-0.7553333308297505,-0.35122103613561023,-0.7882049931829563,1.1168132305313663,-0.6023932121119995,-0.25275017111429826,1.814176006227903,-0.05041371857629165,0.062191091751375396,-0.34624305189310944,-0.08602139992103093,1.1467128169472045,-0.47449724837558444,-0.03375745795498867,-0.24970515377055977,0.9604376389342733,1.0734131157104758,0.9352599602337309,0.9223028080041145,0.08402909173230248,-0.6088011392263176,0.5203192466747403,0.191419867239921,0.9989538193934507,0.08136557545781119,1.7652387495906303,0.9063797258207039,-0.1146360010152266,-0.588328603623195,0.762951507703092,0.6145644362344465,0.035721235750664035,-0.40018772399077485,0.7664390423370643
37053,Currituck,North Carolina,-0.23959842623224073,-0.40663892553187103,1.5462131803304646,-0.39541279263830087,-0.09314305665430034,0.38506202556000396,-0.260800694754579,-0.2275634747442487,-0.21019308515145127,-0.13071097395690875,-0.3884736917315382,-0.9804244688664046,1.0280679599586424,0.17250346710414313,-0.32468798530347687,-1.2812245861529485,0.08145303023416853,0.4607761587077157,0.6575350535087513,-0.25576429229804337,-0.25999913782014394,-0.41392968743470643,-0.5196642206590758,-0.30072978835854797,-0.8284224947827552,-0.516474629897195,-0.8245611869201532,-0.48968115278445185,-0.6601563355754769,-0.4402884250460525,1.5301634378294828,1.603852784442742,0.16055529613618605,3.96704271790769,-0.08602139992103093,-0.41575374051711156,-0.6709547784791613,0.8318108325000149,-0.35043424983594446,0.8011022636712268,0.7873743268446042,0.7385383584041599,0.8994482125859489,0.20940181689516674,-0.43978403629078094,1.1039549385172829,0.45307175656913173,0.8295168339671583,0.450444064091358,-0.4626835310939393,-0.8113665253124961,-0.354556808206841,0.3046737443737671,-0.3256980227798136,-0.27896792480812355,-0.059786516290839066,-1.019078211561545,-0.8579492086955152
37055,Dare,North Carolina,-0.21251887334790412,-1.4070239586595372,0.7918906109703574,0.9018884707705784,-0.45047244372239276,0.5872720822675692,-0.47007664381311665,-0.2361017386790865,-0.26903106769874163,-0.3292981424703131,-0.14669801431945892,-0.9632159184207626,0.5018521423015957,0.34898276231147773,0.4600805962419936,-0.3414094633176941,1.4375114633672608,1.9839094272452709,0.9709762774294585,-0.24637790494248551,-0.3238868618959695,-0.5141103307846075,-1.030647639474473,-0.8029701285029345,-0.832607525337121,-0.5216292902268233,-0.8314853283996915,-0.6088505630640584,-0.7112999620995962,-0.45188331352032857,1.1993883136632613,0.5157476803268238,0.17705796178768976,6.109718805043885,-0.08602139992103093,-0.6065990536009696,-1.1673670608589954,1.3968274369544467,0.4228795593822218,0.9046702575922073,0.9568787943206767,0.8368991593189465,1.0822849759312707,0.22674059803471167,-0.8158470903223499,0.46844051851095847,0.6865062852844077,0.9711772644055339,0.19002827769509914,-0.4165885873556378,-0.8113665253124961,-0.8343984225900698,0.3046737443737671,-0.3256980227798136,-0.20880365315471686,-0.06593182166324328,-0.7201227531088468,-1.1211453169642132
37057,Davidson,North Carolina,0.16998054333978366,-0.2504382137303458,0.8359793453188461,-0.18560854150987705,-0.510313789763221,0.058234213553007244,0.024809988080079597,-0.22388157957837163,0.00757491857977463,-0.29065665759536274,-0.16843607574942465,0.12092275965468287,-0.12341525699895725,0.5450708680974046,-0.25334538698116177,0.22109229833391783,-0.059778673682455805,-0.4965464805711215,0.43581076580511147,0.009563587868031886,0.10001854519377282,0.8723800400743863,1.7096562119999834,-0.6744702114239606,0.6766045503644686,-0.40395893594929483,1.008442684722984,-0.11056671436935694,0.3651619568887123,-0.3330726509688689,-0.5499720662786531,-0.38619702844640624,-0.2110860582867038,-0.20534901566318878,-0.08602139992103093,0.7978002525078258,-0.3579472680400872,0.0035672341052568335,-0.3176770018436603,0.6098998133555712,0.6920280638893135,0.3614886215641502,0.5909111744407168,0.7322327558722179,-0.41865689842383896,0.3980336731458265,-0.1266667433171579,0.5989714275674491,0.32242191490374855,0.24410560622668276,0.04750660025410388,0.36520561336800217,-0.29066115429087425,0.4907891250823656,0.315491333801414,-0.009057638017548875,1.1283693667943997,1.4930540651647588
37059,Davie,North Carolina,-0.19542355102626527,-0.670751575337884,0.39860603963065466,0.4194376172580506,-0.5498365247729962,0.3471518701812947,-0.19899983729085813,-0.25068762160302505,-0.2942457711724086,-0.4455296526991062,-0.18111391969013135,-0.6190449095079227,0.5564231800053985,0.23132989883992133,-0.46737318194810806,-1.0066766587158407,-0.664849273175573,-0.21506169163303968,-0.6863577153225524,-0.14231155262844183,-0.20704107586620707,0.14854028670274874,0.8400101085228777,-0.5229713302627368,1.2756391378400727,-0.4200684531689841,0.9691760246534473,-0.26576274029331365,0.44980388783832664,-0.3475190000745395,-0.5000723503787176,-0.36252749934726497,-0.20644945196662898,-0.35520003052019344,-0.08602139992103093,0.18780933886934162,0.06227642328970991,-0.14162990659456748,-0.5412513627712208,0.5700659695398096,0.6284638885857862,0.32870168792588794,0.5452019836043864,0.7068914603605749,-0.809508948962267,0.2516615472551568,-0.05484073448168855,0.5517512840879901,0.16317485128013723,-0.38073696444807004,-0.38192996252919614,-0.1146360010152266,0.007006295041446424,0.2186267424616392,-0.18303246028548747,-0.037298966100437876,1.730466529250583,1.7675530737885543
37061,Duplin,North Carolina,-0.14887050180535563,0.1903562277303732,-0.1754449605018247,-0.08799682982698193,-0.5441648201819196,-0.9297097061942177,1.0616964780506335,-0.13672988184719356,-0.3555007874574073,1.0872638275534308,0.9512077356588144,0.5511365207957325,-0.7408573754212291,1.917687608598895,-0.039317592014215016,0.15251126576008928,0.5714430700515593,0.5639525978677015,0.545514763141151,-0.2481275036809989,-0.33478111492568496,-0.28448213464980704,0.16233922815492696,0.484530918908218,-0.6332583860482803,-0.33914115276823825,-0.8263594802868522,0.8842746064642442,-0.2505728544732646,-0.24357855815529839,1.8657333479040963,-0.07747413797592922,-0.2480873243364431,-0.39170380742020194,-0.08602139992103093,-0.20632299651994734,0.1905416870516464,-0.09617219685827204,-0.12808111843116976,0.9923047139868824,0.9780668527551853,0.7549318252232922,0.8651663194587013,-0.003998566360772477,-0.5179544463984668,0.8241803687768897,1.4663315240695052,0.9406230539188264,0.47979548366120006,0.47458032491818997,1.335816288604004,0.6051264205596165,-1.1836635022878363,0.762951507703092,-0.17509710387549962,-0.05593451185952633,-0.35208654182748805,0.24004682579966768
37063,Durham,North Carolina,0.620659163098472,0.5770767955098327,1.5613826229186527,-1.309245683955097,-1.051152773640242,-1.9329502565472085,1.8785301999309114,-0.16538680518815418,1.5099543849750225,-0.03138166004850752,0.2796145408433157,-0.08557984569302073,0.6740083216237811,0.4274180046258487,-0.39603058362579246,2.129474750245786,1.1022354643665915,-0.14573493492988168,0.8810102161188453,0.6201553549748027,1.7051645146269803,1.745391100953226,4.062959789360416,-0.7854341301302555,-0.3127699616676812,-0.4267326110697855,0.09066662546509044,0.2802785948313499,0.9923393070208932,-0.39131065386943215,-0.04999766924844157,-0.29462604325063624,-0.11407495533692662,-0.13190941477665039,-0.08602139992103093,2.3493661243703206,-0.9148820813970375,-0.12483106843276146,-0.5181001274886541,0.6019330445924187,0.6920280638893135,0.5418167565745913,0.568056579022552,0.37612086631386926,-0.20949823354111252,0.25536717069542686,-0.44218813927297057,0.6211926715577829,0.09260654465477199,2.3132564140348806,0.04750660025410388,-1.3142400369732985,-0.8859960529555155,-0.3256980227798136,0.5065574979277486,0.15485198388372626,-1.0332299842345458,-0.12810478576636436
37065,Edgecombe,North Carolina,-0.17015984529618874,0.024911234415107744,-0.5445038470225778,0.24822225499648307,-1.760800714991752,-2.913967502600852,3.2421649601400335,-0.24605753497690197,-0.5084516290233648,-0.0515561829698733,-0.34576234356819696,1.1190186855019182,-1.025381842442943,0.0548506036325867,1.31619177610978,1.581275895292084,1.7229733372256142,1.9690174525515762,0.5928813987770469,-0.1797226301358448,-0.2635951452475482,-0.10400869845498192,0.023939713414125933,0.7278020675915274,-0.7992153697292502,-0.38868353491459295,-0.7598890159909155,0.5587230818382698,-0.271124752045748,-0.32458771642091444,1.831140430685794,-0.013521033204521072,-0.22566679073703533,-0.35334356359375435,-0.08602139992103093,-0.14617901966824473,0.35497964031999685,-0.28200834808375264,-0.36269122419268457,0.7931354949080743,0.8509385021481315,0.6729644911276378,0.7051841515315435,0.117372901616043,-0.744014821574747,0.27760091133704773,0.714723645898342,0.7850743459864915,0.10259851727429294,2.1954582244814436,1.7652528513873038,1.0849680349428452,-1.1836635022878363,1.0351138903238184,-0.14266320609599742,-0.04963575564729201,1.0384809718834604,0.9262943473591568
37067,Forsyth,North Carolina,0.7987498371453957,0.4875873764230355,0.4992969345077712,-0.6978634620105034,-1.241763291862268,-1.1334696068468333,1.2399341147095995,-0.19299184889682106,0.3935703842184046,0.0018074854345330304,0.25314009448943925,0.12092275965468287,-0.1831345058068924,0.46663562578303364,-0.1820027886588462,1.23818564221892,0.6781287609695594,-0.18772092117739997,0.7998864841278851,0.6531508780771412,1.157452732439419,2.209977574567416,5.368705181575849,-0.7432138063101102,0.13928685553924075,-0.43298711394826417,0.6774472078205362,-0.3683422844669169,0.11758544877535408,-0.36899509716370515,-0.5373366853187996,-0.39424329489195825,-0.144490294614372,-0.3517571559874187,-0.08602139992103093,2.7072948658862668,-0.6687620435608926,-0.5186437222748645,-0.4326512935010523,0.530232125724048,0.6390579178030409,0.312308221106758,0.5337746858953036,0.5815187351977109,-0.6933096906940859,0.9149681430635072,0.12472428760698506,0.5350853510952401,0.4061046855922348,1.6628055412832938,0.04750660025410388,-0.5944776153984553,-0.588328603623195,-0.0535356401590872,0.9715057509780506,0.12290700765231702,0.05511399730302726,0.7454479416775972
37069,Franklin,North Carolina,-0.11681787074693256,-0.09732264989989639,1.0154040540784757,-0.416027605834362,-0.23266132196204392,-0.9205057159483716,1.122178678428664,-0.18194526686671977,-0.2942095044072521,0.05934209557145985,-0.057411746811131655,-0.49858505638843054,0.11319652534696503,0.38820038346866326,0.03202500630810057,-0.27057424400602226,-0.18436372008309682,-0.13445894531438835,0.018165310917665246,-0.2348909628132337,-0.32858037848997945,-0.11718185188777024,0.7356375994062103,-0.46755091578743185,0.2924877034223466,-0.2998311633660092,-0.26039787200057785,0.8934981509426575,2.0685582906452216,-0.20805107738265233,-0.0001528904641355278,-0.3537503165545739,-0.21565011097024256,-0.33093136816717567,-0.08602139992103093,0.012017378149231053,-0.3280162935852293,0.3137160083661049,-0.37173874779137184,0.6816007322239419,0.7344041807583315,0.5746036902128511,0.6137657698588825,0.20273305491841853,-0.22851265762136033,0.7741544523332425,-0.28314483399443113,0.6767457815336158,0.2193796972649412,0.27995722913425053,0.47694316303740386,0.1252848061763878,-0.29066115429087425,-0.0535356401590872,-0.13008641480469593,-0.04140813482066386,-0.8619293340984587,-0.641579401897935
37071,Gaston,North Carolina,0.3366870272437897,0.10354072152232106,1.2319842865522157,-0.7089399048761669,-0.8052565181040662,-0.4315356062119443,0.5809365584114505,-0.2474693538194585,0.019077073428463317,-0.3098983595448534,-0.15768464449935382,-0.49858505638843054,0.056291631942622246,0.40780919404725596,-0.1106601903365306,0.7818488889252215,0.4234836202338642,-0.0368298133640119,0.49481391762757854,0.305997492111145,0.509357884914439,2.0098046743664177,3.763767595943862,-0.7568312116118348,0.37364879691286257,-0.4178642893615225,0.38648052718899745,-0.1558686483451639,1.2489608204646654,-0.353177105345157,-0.5318592796552245,-0.38061469511733836,-0.19878755939912043,-0.2685944333373031,-0.08602139992103093,1.9337608988347743,-0.576124874253506,-0.27474747887663264,-0.46888606702468366,0.7692351886186176,0.8403444729308768,0.6401775574893755,0.81945712862237,0.68955267922103,-0.12287696828665003,0.09231973932354204,-0.1292319579184251,0.7961849679816584,0.28620101415798604,0.9355297623012043,0.04750660025410388,0.1252848061763878,-0.8859960529555155,0.2186267424616392,0.45600703174053836,0.058145525197875574,0.3149829800485561,0.9053032466996903
37073,Gates,North Carolina,-0.2870476838873497,-0.7731401187203246,0.5373112796039601,0.44468855019050524,-0.23981633146494713,-1.2155595600995655,1.4882251166112874,-0.2124753413369857,-0.40342110205376186,0.028694227527217328,-0.530620173742125,0.03488000742647284,-0.10419526887686319,-0.003975828103191509,0.03202500630810057,-0.7380979860702,0.24196456746540734,1.1461073049122512,-0.7140768727244943,-0.2869219794212392,-0.4373790963669032,-0.5183879937685978,-0.3488393267897513,0.0022899566367515648,-0.803416276476738,-0.3607265078170489,-0.7886643553169106,1.3407756851818617,-0.115786619051883,-0.3241431471698118,2.9828504234075326,-0.032427474454627014,-0.25835974737807144,-0.304784530719338,-0.08602139992103093,-0.46497510911456846,-0.36127889306804145,0.5519879382976269,-0.4825057548123371,0.7134678072765511,0.7979683560618588,0.6237840906702457,0.6823295561133786,0.2560831507324034,-0.4207696122105331,1.00019748218972,0.3299414557083267,0.7295212360106579,0.41297416676815524,-0.15026224575656286,0.47694316303740386,0.36520561336800217,-0.29066115429087425,0.2186267424616392,-0.33019214767165356,-0.06389367783341583,-0.2371192396408375,-0.15232528652728727
37075,Graham,North Carolina,-0.2961884241590363,-0.8968617336633613,-0.3083366984948495,0.9798184446569632,-0.023277132618125175,0.27807633258653586,-0.6375288004689733,0.9223685038151518,-0.426747365770661,-0.22091658544649803,-0.4331561880027293,0.396259566784955,-0.6801771272071893,1.4078585335554845,0.9594787844982022,-1.4141076334869398,-1.2921953857998392,-0.43222921364891503,-2.243535615510663,-0.26706457829166264,-0.4253002648848424,-0.6065609475341962,-0.10327591716628705,-0.8221988482510404,-0.7305678233293186,-0.504628217792676,1.8337076713957186,-0.43682085542535093,4.2000044284317335,-0.4256906361155834,-0.6165465625584327,-0.40335883102993825,-0.2154069214897457,-0.16487790589456425,-0.08602139992103093,-0.42062890976599954,-1.1401287348304545,1.2900563427579503,-0.5154342727986705,0.37886351922415396,0.16232660302658714,-0.7532671221367492,0.07668277753199744,2.2887218012452246,1.148976731303262,0.7574791468520271,1.0251146126516208,0.06566157179944573,1.916141547717304,0.40026398705439753,0.04750660025410388,1.0849680349428452,-0.29066115429087425,1.3072762729445448,-0.3348148670897361,-0.0650330905682366,-0.4123442879090045,-0.9887399128044999
37077,Granville,North Carolina,-0.14388570848833845,-0.37374714238712686,1.3731002720095211,-0.3395020822973847,0.3317254252988499,-1.2934717914345264,1.5157992361605765,-0.206304776502871,-0.3214359151005329,-0.11529952238319975,-0.09030271151358729,0.017671456980830835,-0.0976055586635738,0.2705475199971068,-0.46737318194810806,-0.06708052164843456,0.25918548326498725,0.11352873371227341,0.599169368711179,-0.2003022035418333,-0.31246072886990106,-0.2225093041349348,0.47209694087348725,-0.6803173832464869,0.21105178807779557,-0.326658447500175,0.2725802880610828,1.005809503597828,2.026038587688219,-0.23993481959777777,-0.35813614447780984,-0.35078437607362395,-0.20673573990027874,-0.30864277117539746,-0.08602139992103093,-0.08388624249357676,-0.5743600846429796,0.5946213428294133,-0.3405154832240503,0.5461656632503528,0.6496519470202948,0.45984942247893684,0.5109200904771388,0.33344078966268137,-0.46513660173111165,0.47399895367136385,-0.42166642246283637,0.562861906083157,0.07574509085933102,1.8727936183133336,0.47694316303740386,0.1252848061763878,-0.588328603623195,-0.3256980227798136,-0.1556330221151521,-0.047317031783815,0.3764083726130241,1.0619291516203264
37079,Greene,North Carolina,-0.25920371792678426,-0.2016684112914142,1.2753402179503759,-0.4493486582233805,2.1394534616688263,-1.6875427388000352,1.8171706807596728,-0.022251270991078667,-0.41387383908560793,0.3989439382235653,0.4259597533359244,0.9813502819367808,-0.760146006358045,1.7412083133915603,-0.1820027886588462,0.11295527678243007,0.8415760399161902,1.0446832821772958,0.5578760628580229,-0.2587427572984265,-0.3520952677224777,-0.32519040300475727,0.08406743386875576,1.0283758776157177,-0.7854769390368309,-0.3942447470909616,-0.7762726698431818,0.2549239913514186,-0.1598796745472251,-0.3678859316475235,1.6296461407266272,-0.03936881631802971,-0.2514319741135787,-0.3783773703436492,-0.08602139992103093,-0.24907519396533775,0.6571486934382953,-0.5313597650162212,-0.5415864562378389,0.9046702575922073,0.98866088197244,0.7713252920424222,0.8308844263314528,0.12004040640674217,-0.43978403629078094,0.4721461419512285,0.8712017365756147,0.9072911879333265,0.2974419833549468,1.3094109726229826,1.335816288604004,0.845047227751231,-0.8859960529555155,0.762951507703092,-0.30309215691301583,-0.054344012083251514,-0.17444754413835245,0.4531872324957914
37081,Guilford,North Carolina,1.2523572426367617,0.6868571647873161,0.5621448253284489,-0.9127462137845684,-1.2318032755181567,-1.81154533287451,1.7881050687143751,-0.1972930622119595,1.3774071699815877,-0.03218208943943956,-0.09768384768223225,0.2585911632198189,0.006731519713508267,0.2509387094185141,0.10336760463041615,1.583188288012921,1.0653669700716255,0.17999570901064782,0.9238702580998761,0.9092271336715354,1.3880590968646211,2.242553081340322,3.3835777019937963,-0.700380379833121,0.5621659552710772,-0.4382493839877965,0.6369012848389585,-0.4186200840558662,-0.040234054496015276,-0.3582620165951352,-0.5189074773534007,-0.3862976211574426,-0.14286944961486558,-0.27536067123178115,-0.08602139992103093,2.300898323026439,-0.4352408025205097,-0.5702232150287879,-0.2502561963601094,0.5541324320135047,0.6602459762375494,0.39427555520241236,0.5337746858953036,0.6548751169419397,-0.4735874568778883,1.0168727876709354,-0.04201466147535453,0.562861906083157,0.4991549306115216,1.9393752037131025,0.04750660025410388,-0.354556808206841,-0.588328603623195,-0.0535356401590872,1.4091668586374038,0.09999419722232036,-0.03371041483515778,0.8665504454822129
37083,Halifax,North Carolina,-0.17444173003736332,-0.3550830140082283,-0.1207019249545031,0.3872427854760122,-0.8405641100241656,-2.8998062366888226,2.974236971246018,0.2301444794392405,-0.3030578527531756,-0.2932833531281797,-0.4782960177774808,1.600858097979894,-1.1665801123256125,0.6235061104117755,1.173506579465149,1.108855922185307,1.508287220472273,1.532891970666806,0.8036316875560096,-0.2258312838440305,-0.3421072838827882,-0.31138489298685207,-0.044843699589842155,0.2364595502371379,-0.7125444059792008,-0.3547683622486626,-0.5583471427596917,0.9342995026614622,0.4919620810135599,-0.23987558385665161,1.5431819279240424,-0.1963774970636723,-0.2534632672665985,-0.33730946207859597,-0.08602139992103093,-0.2695202105876611,-0.08959141319666486,0.20346338044322826,-0.19548703087175984,0.6895675009870944,0.7661862684100947,0.6237840906702457,0.6366203652770481,0.27475568426729813,-0.6764079804005323,0.20719406597191542,0.3017240950943924,0.701744681022741,0.07199810112701105,1.2325860663924801,2.194689414170604,1.3248888421344598,-1.1836635022878363,1.3072762729445448,-0.12624974484231974,-0.05658110775367722,1.290307453041537,0.7777419426921618
37085,Harnett,North Carolina,0.07733426425799478,1.056555497149812,1.0913548938382505,-1.5168980495271207,-0.2632519894259448,-0.7688055011895374,0.9079722480001291,-0.014735396109118743,0.0782677683357765,0.7633379771839469,0.258388263480516,0.1897569614372509,-0.007065686045566401,0.6431149209903683,0.388737997919678,0.7704352712691587,0.48818152046668717,0.270759287392553,0.30602248225877343,-0.16358543654222704,-0.08790690128248889,0.48803422239864475,0.4718365717951865,-0.14712583504472185,-0.4109680605730727,-0.08057621257897743,-0.5717904247042789,0.8963269850806808,0.9931297309555852,-0.24971122509557306,0.762997075325385,-0.10300638056239661,0.040604282958350515,-0.3059170156037111,-0.08602139992103093,0.23563328149890927,-0.33082063649306537,0.21990011393016948,-0.29220245185920846,0.88076995130275,0.98866088197244,0.8205056924998143,0.8423117240405356,0.26808692229055,-0.6721825528271439,0.6277823264425733,0.1991155110437216,0.9100688434321172,0.18690578625149912,0.5975001748869938,0.47694316303740386,-0.1146360010152266,-0.8859960529555155,0.2186267424616392,0.011159186200441483,-0.023581242045334197,-0.48065284710223455,0.7745125425907049
37087,Haywood,North Carolina,-0.13839716402530072,-1.2639015960041848,0.11713125642504034,1.106074636464057,-0.7886636277910666,0.690525429645881,-0.596020105122701,-0.2185106047589032,-0.39254969280949076,-0.5104680303762937,-0.3940612770315857,-0.6706705608448487,-0.28211744463567684,0.11367703536836492,-0.39603058362579246,-0.1752206620502488,0.16748072140002723,-0.0496550840798097,0.7090551246671862,-0.2221356612613962,-0.2815323958559685,-0.31578199808452834,1.5027693522312484,-0.8119842869063041,-0.20042572669020334,-0.4967305573287735,1.9047400460962631,-0.41838062917297275,2.370133787538494,-0.40412892643247017,-0.6228113160759847,-0.4052097117306574,-0.22481375035053427,-0.41158392068741145,-0.08602139992103093,0.1694331425436808,-0.8901899841744689,0.7923114763466383,-0.32693302804379876,0.15579399385588857,-0.16608830270830335,-1.2286776598915456,-0.25470885603139937,1.424450249058671,0.8362950908725194,0.8779119086608062,1.0995058360883574,-0.2593241215591807,1.4777437490358318,-0.18611386866413065,-0.38192996252919614,-0.1146360010152266,0.007006295041446424,0.4907891250823656,-0.03868009238398689,-0.04738541131619863,0.09100652926961829,-0.7320026047387146
37089,Henderson,North Carolina,0.022978929845232168,-1.2626897295543873,-0.30649219870593575,1.3159300989167217,-0.9108472690573292,0.5029398972544468,-0.428569718440011,-0.21883699622843678,-0.1180591178464727,0.28535413054898756,0.040549769408012935,-0.6706705608448487,0.40698777235611716,0.5646796786759973,-0.46737318194810806,-0.21452762099278044,-0.024511613581559392,-0.05677642261211725,0.26582069432200534,-0.016760632220080156,0.11620203089649664,0.33866801302747385,3.6435298245167558,-0.7225284607655333,0.05475223823504771,-0.47496371357730177,0.9393487845333381,-0.48192839381006974,2.6779018840175786,-0.41320872228505284,-0.5807795760962017,-0.397707349246499,-0.22069055916203664,-0.40592497976521413,-0.08602139992103093,1.140216209153516,-0.6866453542409614,0.17530216961722875,-0.4605906420955169,0.4107305942767631,0.3000489828508957,-0.49097165303065604,0.2138103500409896,1.7565545955007262,0.5827694364692148,0.7037476069681106,1.035375471056688,0.19065606924507142,1.4839887319230327,-0.1400189249258292,-0.8113665253124961,-0.5944776153984553,0.007006295041446424,-0.0535356401590872,0.24418541889091,-0.005414743763694686,0.6286959140148689,-0.12003128551272318
37091,Hertford,North Carolina,-0.2515654447359612,-0.1661017041263236,-0.18171464574599902,0.24352337277122973,-0.13051357561822363,-3.1765159247757753,3.452531793411367,-0.14614204600646866,-0.31694472875577234,-0.26268563012551077,-0.4041395802316631,1.4631896944147584,-0.9162397670353374,0.34898276231147773,0.745450989531256,0.7166197807014845,0.6108883253164042,0.16524268246675228,0.6977102122243886,-0.22280490227196745,-0.31167589167893905,-0.33456157883041454,-0.17058552600577143,0.15119724108466567,-0.8058788612371489,-0.2885728914119095,-0.7304629220051951,1.3402357423883968,0.3866351635160917,-0.2379658359798276,1.586790380643597,-0.18337092028825444,-0.2271270669750466,-0.2731752420862222,-0.08602139992103093,-0.3019664388540125,-0.2157752736069833,0.34015007355654286,-0.472884849059659,0.6895675009870944,0.7873743268446042,0.6237840906702457,0.6823295561133786,0.257416903127753,-0.4123187570637565,0.783418510933918,0.45820218577166516,0.718410614015491,0.3742552728675126,1.6320755787910928,1.7652528513873038,0.845047227751231,-1.1836635022878363,0.762951507703092,-0.27644133727192455,-0.05707904909019842,0.8737007699772102,1.0603144515695986
37093,Hoke,North Carolina,-0.1591417533698558,1.3512916162825281,1.3921487963430512,-1.9382333818590216,-0.32952634090197713,-2.146192346871527,1.8609737402562263,1.1435637899881064,0.22446419905128423,1.7615999308944075,0.29884676383819403,0.41346811723059507,-0.5012253092275492,0.9176382690906666,0.6741083912089404,0.5622561675952443,1.2932762594426548,1.5874684788907625,0.6142627232589537,-0.23518624979803798,-0.18531678090430936,0.2172223599596378,0.5143606344033899,-0.129133435379328,-0.7881412785244998,-0.2226405185888423,-0.7468934398551211,1.7788141823070287,-0.6418989106272539,-0.14398469829503682,1.4846935345629138,-0.09686147335257189,2.211138757785442,-0.39480985672927765,-0.08602139992103093,0.10975218733755306,-0.48377000506481305,0.422947696870592,-0.44784964384255077,0.9524708701711208,1.0522250572759673,0.9024730265954687,0.8994482125859489,0.13071042556953916,-0.3827407640500375,0.2220165597329959,-0.11640588491209106,0.9795102309019093,-0.005439686674275102,1.0482062914392745,1.335816288604004,0.1252848061763878,-0.8859960529555155,0.762951507703092,-0.24393257763949797,-0.04143318517053923,-0.13282209798787775,2.3649920925579924
37095,Hyde,North Carolina,-0.30645088936633846,-1.4106830162511201,0.854407359018695,0.8741250495626102,1.5333363621449034,-0.9413833305756852,1.1366259635166915,-0.21085037263413164,-0.3618678398351403,-0.43248813584421175,0.0036993326664488116,0.8092647774803626,-0.8655813697706752,0.9764647008264448,3.2424419308122996,0.4615713364523395,2.766088967271304,4.045357376735412,0.9065292086114951,-0.28942741541127326,-0.4631334939159373,-0.6447775707292152,-1.1115947786977713,-0.42118554149892473,-0.818486713857591,-0.5113034413301148,-0.8285909360679369,-0.4863720624578939,-0.7074952190015911,-0.44475885039697055,1.7985491158117664,1.2359519171342692,-0.13885433670965636,4.5088570081161485,-0.08602139992103093,-0.7244570434422483,-0.7850627886174063,1.0760263904197183,0.3205047820696685,1.032138557802644,1.062819086493222,0.8860795597763388,1.048003082804023,0.4228022001511059,-0.6827461217606148,0.6388991967633837,0.891723453385749,1.0433963073741184,0.4285866239861564,0.48994530616429044,0.9063797258207039,0.845047227751231,-0.588328603623195,1.579438655565271,-0.35476555089409234,-0.07016455508678478,-0.5986198609840451,-0.8918579097608071
37097,Iredell,North Carolina,0.2115605143866068,0.013549647742456313,1.3814045347444066,-0.7004467831394338,-0.3728645886104973,-0.14324232473166804,0.1956627533047235,-0.2618428467922629,0.4295059927679081,-0.3555291461949523,-0.12502561060416967,-1.083675771540258,0.8639429899589035,0.19211227768273587,-0.25334538698116177,-0.08183771481735047,-0.05020809054392972,0.1551027753657405,-0.20965635752681389,0.04544379607040736,0.10989771842955995,0.7371850222182342,1.8459522664784869,-0.4757020948655666,1.0608640030182348,-0.42199597687309476,0.6057025310739339,-0.30019982112990296,0.43924803755895153,-0.3310253512545439,-0.5907334399535747,-0.3964935523720833,-0.20993239009610692,-0.14058607955757746,-0.08602139992103093,0.7989164929497653,0.011636434241332452,-0.35623169376000613,-0.29513638132248643,0.6019330445924187,0.6496519470202948,0.3450951547450202,0.5794838767316348,0.7375677654536162,-0.7017605458408626,0.7204229124493261,-0.04714509067788841,0.5795278390759069,0.3692592865577519,-0.2834254165561003,-0.38192996252919614,-0.354556808206841,0.007006295041446424,-0.3256980227798136,0.2661573727242254,-0.0072189318794511756,-0.386603772877177,0.07211802052393398
37099,Jackson,North Carolina,-0.1922253170061814,0.8168363617782664,-1.4711508050878555,-0.019876544154389972,-0.3831962228355425,0.05807717646942962,-0.5114176293589099,1.0689375452745797,-0.1805697686168575,-0.44617283534380237,-0.25309537138225746,0.8264733279260047,-0.5465982097586355,1.44707615471267,0.10336760463041615,0.9027170960582813,0.34330042822472384,-0.6060909669259309,0.8320713499943347,-0.24134748884467977,-0.31281583511516886,-0.4505070123546079,1.637466510095032,-0.820824170205944,-0.6963375410498353,-0.5031108022089147,2.0751886698099287,-0.5320940068509252,2.864512501585749,-0.3605891767605015,-0.619927952399,-0.4033121280980312,-0.2171752587067513,-0.36197519456067156,-0.08602139992103093,0.14633861007744114,-1.123286509862527,1.0289034657118126,-0.37167917561952857,0.28326229406632586,-0.0283659228839948,-0.9991691244237123,-0.10615398581332439,2.283386791663826,1.1109478831427664,1.100249315077013,1.2303317807529626,-0.10377541362684592,2.0678946318762756,-0.4473185498478388,-0.38192996252919614,0.1252848061763878,0.007006295041446424,0.762951507703092,-0.21516691065329202,-0.05230393656432018,-0.8820624815539171,-0.7788289062098325
37101,Johnston,North Carolina,0.29219877196441774,0.4739325331992566,1.758003737840492,-1.3121416461860596,-0.47301515547449996,-0.3584307183593353,0.5143525230082916,-0.18048476801807523,-0.1899209420623709,-0.08944915660672323,0.3095089814253624,-0.3437081023776508,0.48826086498668636,0.5254620575188118,-0.25334538698116177,-0.17059929013764502,0.1361277530705423,-0.012719268390882006,0.5704442064194896,-0.12130157897617438,-0.054508467910346636,0.4321190967675294,0.9871252825860398,0.1596323512177544,-0.28798721378844533,-0.33905054327315465,-0.6115897547002801,0.19278778646831868,0.5309119229830173,-0.3554719417477634,1.7320140138219642,-0.1513692311463812,-0.1702434466416847,-0.33436548653552506,-0.08602139992103093,0.3756525732565003,0.02686824221199304,-0.18830343024336169,-0.1475835581883401,0.8568696450132933,0.9674728235379306,0.7877187588615544,0.81945712862237,0.16405423545327966,-0.3510500572496243,1.0761627627152572,0.8147670153477462,0.8850699439429919,0.5341268347798438,0.33629549370328565,0.04750660025410388,-0.354556808206841,-0.588328603623195,-0.3256980227798136,0.2551526803443366,-0.015838016927691597,-0.6945199301085807,0.1576971232125293
37103,Jones,North Carolina,-0.29332407171247765,-1.220056089200966,-0.022255265939554875,1.1350975599382944,-0.6717146447596306,-1.1183827538903262,1.334145980689349,-0.16053873783058376,-0.4204284495372551,-0.412859996768111,-0.33293207140857156,0.7404305756977946,-0.648464146805734,1.1137263748765933,-0.1106601903365306,-0.2091218596754458,0.779084823076167,0.8634031551778197,0.9091877837969792,-0.2843551563594223,-0.433987393764656,-0.5237148050952832,-0.432604032851163,-0.06750025617842452,-0.8028706041619647,-0.25772420711475585,-0.8016176063859428,1.0754656722748228,0.0035027686043526663,-0.19940162540424752,3.095296625052953,0.3809218082927676,-0.19927192283941542,-0.38850646349563894,-0.08602139992103093,-0.4880636177975566,-0.4297492041787579,0.6285242758114203,-0.3875179268083416,1.0241717890394921,1.0416310280587127,0.8041122256806844,0.9337301057131965,0.16272048305793005,-0.9447226313106963,0.46473489507068844,1.0379406856579547,0.9933985083958676,0.2062652332018202,0.013630887535175579,1.335816288604004,1.0849680349428452,-0.8859960529555155,1.3072762729445448,-0.32747840550314355,-0.0667264876140343,1.8149630113078392,1.152352354461106
37105,Lee,North Carolina,-0.13997285074948126,0.34514024321906617,0.5401039435219394,-0.5869522851956489,-0.5689696477957191,-0.6086056197996863,0.7318948325056508,-0.12133510068120767,-0.02911890818507705,0.28468212931060277,0.705687383703775,-0.051162744801737194,-0.17901593692358653,0.7999854056191101,0.3173953995973624,0.6077591057919582,0.6170537252431573,0.6320980052857478,0.26982687344283685,-0.002315232744280948,0.017798420616247177,0.3218482174433086,1.2941583699932055,-0.6195417040810246,-0.09471091382932517,-0.25345718761378644,-0.21060322038562995,1.083902472186426,2.2169265069876185,-0.2008269694720213,-0.2968183152598255,-0.3319331206629835,-0.028039312657058963,-0.3117428898217356,-0.08602139992103093,0.4680537510873592,-0.6528717753527484,0.432661415229741,-0.5470447564829728,0.8090690324343792,0.9039086482344041,0.6893579579467677,0.7737479377860395,0.2987632273835913,-0.5728850048525161,0.42212022550758205,-0.20362318135516116,0.8239615229695753,0.06325512508493038,0.915043120639737,0.47694316303740386,-0.1146360010152266,-0.588328603623195,0.2186267424616392,-0.14575125752912949,-0.021001128110472805,-0.23116796099452266,0.09795322133558537
37107,Lenoir,North Carolina,-0.15704767157099137,-0.054228907772742516,-0.35372484961544914,0.22612123906224144,-1.0216983671490607,-1.892236211114424,2.1480764104729513,-0.2590098892204786,-0.3120128517752284,0.22248017245584792,-0.13426269956801443,1.4803982448604005,-1.08283587836506,0.6038972998331827,-0.1820027886588462,1.5124390289306455,1.1678179018834116,0.7842034116530965,0.650322798281602,-0.07945998268598753,-0.13229384180068804,0.08301454236192282,0.5698141004447402,0.7009243882583693,-0.777289828508051,-0.35280011041906,-0.8011689336594212,0.5115818790694773,-0.3344925841284752,-0.31133156916165544,1.6290256200418147,0.002982158473050449,-0.2217090687534615,-0.3393923449367544,-0.08602139992103093,0.1273294067111123,0.3384361671228787,-0.38400701457689895,-0.4400159032451688,0.9684044076974256,1.0098489404069493,0.7877187588615544,0.8651663194587013,0.08536284412765208,-0.5369688704787147,0.5481114224767658,0.9455929600123513,0.9461783649164094,0.296192986777507,1.534764030899123,1.335816288604004,0.845047227751231,-1.1836635022878363,1.3072762729445448,-0.11307405872762294,-0.04183117336893305,0.5244328467942138,0.1883764241763649
37109,Lincoln,North Carolina,-0.06870963630197115,-0.5698812610451852,1.5396439585675248,-0.2417492024757778,-0.1806455684868347,0.40888342954331347,-0.27161017520120667,-0.27904610196478596,-0.30957347898386894,-0.4521024453261631,-0.1614545375710767,-0.9460073679751205,1.0129665407198543,0.23132989883992133,-0.32468798530347687,-0.5928994485546315,-0.5494415140857596,-0.40173624001444247,-0.27706435276723607,-0.04952066350194699,-0.03582351085540753,1.0327867477857222,1.6622630614670275,-0.5952316810906536,1.1494472576206607,-0.4082829523714492,0.4316395882663927,-0.2124077895167463,1.1292660170067073,-0.3420192937018123,-0.5722995667946167,-0.39580913088862313,-0.15270206601676395,-0.20302572500602684,-0.08602139992103093,0.7868714831757815,-0.06597286301699876,-0.27557808410617113,-0.511323792941489,0.6816007322239419,0.7238101515410768,0.49263635611719675,0.7166114492406263,0.7495715370117628,-0.22639994383466616,0.17569626672961947,-0.29084047779823125,0.6850787480299911,0.27246205180614513,-0.30391205821756767,-0.38192996252919614,-0.354556808206841,-0.29066115429087425,-0.0535356401590872,-0.033739210090975594,-0.012216671170504859,-0.04237337579790605,0.12217372209650829
37111,McDowell,North Carolina,-0.1869007845441736,-0.6080096082580829,0.5425835596767132,0.2899313207888881,-0.09973090106881807,0.47098228304099554,-0.3823296010801168,-0.2177392181137734,-0.25044624964347945,-0.5143834422051705,-0.24361402487210873,-0.15441404747558876,-0.6419430794071664,0.5842884892545901,-0.1106601903365306,-0.13283147811246152,-0.5890860661533928,-0.49493877284607907,-0.5596549263099224,-0.21928682566350002,-0.2674259121572141,-0.29885659367914247,0.8480665857465421,-0.8156771338703457,-0.3606798088099854,-0.44184167542963027,1.921725246626342,-0.4519106049028845,2.6145687633447525,-0.37262674173395344,-0.6018266771513036,-0.39971934670595066,-0.20043069705083008,-0.3381276489860279,-0.08602139992103093,0.0017786797289535649,-0.9663385894658008,0.938726686161805,-0.4078841630572384,0.5142985881977431,0.46955345032696827,-0.06474151573325176,0.43092900651355986,1.5151454119424452,0.20881909622434003,1.5078678935067253,0.9276364578034838,0.39620257615565607,1.5052216737395137,-0.5446300977398085,0.04750660025410388,0.6051264205596165,-0.29066115429087425,1.0351138903238184,-0.15707411278394703,-0.049424692716474955,0.4067148036779967,-0.010231682063204966
37113,Macon,North Carolina,-0.21588990572621597,-1.3642119510023174,-1.2204731616233844,1.8646391504055846,-0.6908417818569038,0.6273643305626834,-0.5674163232463152,-0.2158718829910541,-0.2585121343541455,-0.5367173137318152,-0.172951061448518,-0.03395419435609518,-0.648189575546847,1.2509880489267426,-0.1106601903365306,-0.15917919920846527,-0.15365082613244063,0.03953500562280381,-0.2487403133568958,-0.24320895159166883,-0.3502212663950121,-0.46107615252694234,1.5182706734554956,-0.8187088927879724,-0.5165460866885278,-0.5026111689916738,1.7886409467422177,-0.4689525543441864,3.457896504835111,-0.41371982155527914,-0.6165393065900185,-0.4028920022655077,-0.22224867132640316,-0.38274380588365714,-0.08602139992103093,0.0986159274355472,-1.0398508559765058,0.9683890274730818,-0.35312244409036925,0.38683028798730634,0.13054451537482312,-0.7532671221367492,0.03097358669566698,2.506123441687213,1.4637710855206985,0.7648903937325678,1.3893750860315024,0.0489956388066958,2.2021617639510844,-0.0017340937109248996,-0.38192996252919614,-0.1146360010152266,0.007006295041446424,0.762951507703092,-0.1589082281805952,-0.05644941796726896,0.8020059191688482,-0.41390669474525743
37115,Madison,North Carolina,-0.2571945709141674,-0.7929295859557454,0.04307821900078995,0.709056960072875,-0.34411292670155624,0.6953929844512587,-0.5859791894576716,-0.230816435682105,-0.44182098943682435,-0.4515314821832051,-0.5264324551401199,0.017671456980830835,-0.38851380745441183,0.30976514115429227,-0.25334538698116177,-0.3105982310116646,-0.25031722958413843,0.0901583545904924,-0.4773966879425141,-0.27848662513625133,-0.40911706759059896,-0.5265539766756637,0.34546432675612276,-0.821529478179504,-0.0246612390207927,-0.4994943631493611,2.2810509702518686,-0.4991796918040918,1.9304762178501524,-0.4009908606435863,-0.6233089335777658,-0.4056154197473677,-0.22113643264520313,-0.39727653585442163,-0.08602139992103093,-0.26842829884598257,-0.8200576656582086,0.9131665444362548,-0.4038109158074591,0.3549632129346966,0.2364848075473684,-0.5073651198497859,0.16810115920465915,0.7922516136629507,0.20881909622434003,0.750067899971487,0.4120283229488634,0.14065827026682162,0.785799645134022,-0.36025032278660274,-0.8113665253124961,0.1252848061763878,0.007006295041446424,0.762951507703092,-0.2688990055897899,-0.060807737679691096,0.0852842800743214,-0.4623476962671038
37117,Martin,North Carolina,-0.2551883526872833,-0.7356186050662462,-0.7475896928585335,1.0500239900681152,-1.3840780999213382,-1.914687349181596,2.1855618663089853,-0.2760637217670061,-0.4477748107320141,0.019378971513547113,-0.4088448934854864,1.0501844837193504,-1.119491141426482,0.23132989883992133,0.6741083912089404,0.4495462645473082,0.9298380946466663,0.9667880833758714,0.634372503600319,-0.23483011737215526,-0.33711337134030533,-0.26206823926261286,-0.18641506142668904,0.34472843745505105,-0.822743726063735,-0.3077535964781033,-0.7885289870413598,0.8580173327824939,-0.342560292564165,-0.2428094470932247,2.5440813802811353,0.07610203664991497,-0.24643853874173977,-0.39365575449184126,-0.08602139992103093,-0.2915030351530618,-0.03285062752174641,0.15778950901061792,-0.39630482215521484,0.8648364137764457,0.9462847651034221,0.7385383584041599,0.7851752354951224,0.16672174024397884,-0.6869715493340031,1.0613402689541764,0.6326367786578053,0.8656263554514505,0.38674523864191324,0.7306633456865312,1.335816288604004,0.6051264205596165,-0.8859960529555155,0.762951507703092,-0.25753871940851014,-0.06071743293489011,0.6475306352667176,-0.10872838515762567
37119,Mecklenburg,North Carolina,2.931084506464344,0.8496284142571079,2.015031822715852,-1.7862674922727777,-0.8973210181303879,-1.7225901554352983,1.6173212745951167,-0.20156520734034625,1.7686559038493002,-0.06159245488613045,0.2874207939498149,-0.7222962121817748,0.9426762984447674,0.2705475199971068,-0.25334538698116177,1.879123036342732,0.9928308072753925,0.18330145392918307,0.629869852307548,2.1386354327378982,3.2032208675349807,4.536578348394698,6.45488428527662,-0.8040015863825877,-0.45960980841133603,-0.44100661883361647,-0.2709235950962232,-0.38102636549645036,0.3041695499537581,-0.4007316950845849,-0.5414754370439884,-0.39343468899896183,0.03427013564349176,-0.11583500228196165,-0.08602139992103093,4.729985673711381,-0.9996068680813667,-1.0702515635035565,-0.33346362738211055,0.7931354949080743,0.87212656058264,0.7057514247659,0.81945712862237,0.5575111920814178,-0.23062537140805486,0.1794018901698895,-0.26005790258303024,0.823961522969576,0.19002827769509914,2.456662905665152,-0.38192996252919614,-1.3142400369732985,0.3046737443737671,-0.59786040540054,2.2194528392280257,0.354636573543185,-1.495833333311524,-0.57376199976735
37121,Mitchell,North Carolina,-0.27708395482478065,-1.2210403803979526,-0.18885666402181964,1.2189747948634642,-0.29281631890792037,0.6960665393602696,-0.6284500748415531,-0.1879754809036566,-0.37455706594821714,-0.007661734839922748,-0.2589567559820919,0.052088557872114846,-0.5523642061952637,0.5450708680974046,0.388737997919678,-0.7909207904999754,-0.6158098513961432,-0.244096699298755,-0.62378097234903,-0.24591942855321092,-0.3526290737210776,-0.49077578455852194,0.8923055626455036,-0.8221988482510404,-0.3545591730719037,-0.4917787340183885,2.4663018459449613,-0.5289849712505895,1.720341445635397,-0.40614366101974836,-0.6259114229022691,-0.40494860107707253,-0.06002435149732521,-0.40920217786747287,-0.08602139992103093,-0.08337905867791899,-0.9699905408494774,0.9790425843683866,-0.5745075277026919,0.13986045632958427,-0.14490024427379475,-1.064742991700237,-0.17471777206782046,0.8335979379187892,-0.023579420312022578,0.9724053063876937,0.6172454910502047,-0.21210397807972245,0.8613639380691476,-0.45244021026320563,-0.38192996252919614,0.1252848061763878,0.007006295041446424,0.762951507703092,-0.29437075104732163,-0.05680002071841577,0.8688028843476676,-0.011846382113932855
37123,Montgomery,North Carolina,-0.2413264098145205,-0.1778113918990676,-0.377650529938478,0.35189079787363353,-0.5028064707891547,-0.5397975967027661,0.6410763270826276,-0.1791234142128217,-0.011778232311008604,-0.20392506432299573,0.41660570619239373,0.2757997136654609,-0.6332254419375023,1.074508753719408,-0.039317592014215016,-0.3931713276480339,-0.24699471728741848,-0.19922060517465345,0.05446103398914048,-0.20877992196080902,-0.33257316508788737,-0.3024011518992329,0.057956209505987094,-0.7368419683592,-0.3858003457678678,-0.196622248942498,0.18391518960694328,1.5211185310369164,2.1745120696506213,-0.08109610282264534,-0.5307604019418922,-0.38940053222858834,-0.038350646746548124,-0.23270254665612344,-0.08602139992103093,-0.2319854553451496,-0.9000821401491423,0.9752344399801857,-0.36629534058919866,0.8568696450132933,0.9568787943206767,0.7221448915850299,0.808029830913288,0.5148311154302296,-0.12287696828665003,0.05341069320070568,-0.3344491260197663,0.8684040109502412,0.14131741117493601,-0.037585716618492686,0.47694316303740386,0.1252848061763878,-0.588328603623195,0.2186267424616392,-0.26167483678258396,-0.059561179009430996,0.3007214713890096,0.34015822894481684
37125,Moore,North Carolina,-0.025454399816056444,-0.7104517056251641,-0.2182431901562231,0.7632143442827934,-0.772107034722532,-0.08939910023299824,0.1686553156571882,-0.17479252863926947,0.04231847258170085,0.1355640003382273,-0.19246438282395165,-0.5502107077253546,0.5642484608836796,0.03524179305399396,-0.1106601903365306,-0.5041350706013616,-0.1239049201652965,0.1645480608124871,-0.1365276106999516,-0.19564744568485487,-0.15828162665543724,0.21363049726758837,0.8549242866646729,-0.7001476949660048,-0.23559719760204978,-0.0600305923016674,-0.3617442880197888,1.569031922726886,1.6019281905125025,-0.14450412033374208,0.07846262528651268,-0.254988304155806,-0.11065943568607713,-0.3189083877387119,-0.08602139992103093,0.21769734713315483,-0.7959873852965292,0.6798884947286273,-0.2143192836956942,0.88076995130275,0.9568787943206767,0.7549318252232922,0.81945712862237,0.246746883964956,-0.5264053015452435,0.08490849244300164,-0.2780144047918972,0.8850699439429919,-0.0791304847432404,-0.07855899994142729,-0.38192996252919614,-0.8343984225900698,0.007006295041446424,-0.0535356401590872,0.1068700651643043,-0.04099224784431091,0.833532736332342,0.4644901328508889
37127,Nash,North Carolina,-0.04473166750854007,0.0411101676890834,0.16687194628863883,-0.12097916558182664,-0.9834358532406865,-1.9212303413165712,2.157940059242336,-0.1761562716970729,-0.23961942356029753,-0.0772310118630533,-0.17334734802176385,0.32742536500238506,-0.33085384308812965,0.1528946565255504,0.5314231945643092,0.774159347332845,0.9541308754897638,0.8298109117603198,0.6354042714181227,-0.07732457499739137,-0.0699037797586531,0.19341482647830296,0.7338156642586812,0.1960626934856107,-0.400355530178189,-0.35926004746398493,-0.5589241948018485,0.36053931854316806,0.6193616152904909,-0.28409172033922836,1.4928387514837123,-0.27724921391297325,-0.21430258074828656,-0.34021710747200146,-0.08602139992103093,0.22915972107884605,0.011893530579045656,-0.11049892297214887,-0.3358018351269565,0.7214345760397035,0.7873743268446042,0.6237840906702457,0.6366203652770481,0.12804292077883997,-0.40809332949036814,0.4369427192686625,0.36841967472732834,0.718410614015491,0.17628931534325823,1.1301528580851437,0.9063797258207039,0.1252848061763878,-0.8859960529555155,0.2186267424616392,0.023623684712356353,-0.03454250595896897,0.2303456162542693,0.23358802559675496
37129,New Hanover,North Carolina,0.36581087256953526,0.18830690977152284,0.25893092700541426,-0.30243566486552725,-1.115771764378961,-0.14649907471880777,0.26180149085614207,-0.243640897887366,0.08835018771962781,-0.0020892581899323373,-0.28508343018714655,-0.2576653501494408,0.10502803039507505,0.07445941421117944,-0.25334538698116177,1.672372083308636,1.7607881560903496,1.3429230062775965,1.1035772476115804,0.5898563986687586,1.3634396337166927,1.8134022385970496,1.218027592366166,-0.7727848369473479,-0.8265894606790348,-0.47431619264043995,-0.8312406588512348,-0.09171569534169718,-0.7024202926251387,-0.3524873863854853,0.6955871409089804,1.2993488703527527,0.8359117436586703,3.137832739046898,-0.08602139992103093,1.4889541985090016,-1.1349227719455952,0.46056520451518507,-0.4957754560904118,1.1516400892499288,1.1263832617967486,0.9516534270528632,1.11656686905852,-0.1093650055933926,-0.7080986872009454,0.18125470189002485,2.7591996831079566,1.1295036278366595,0.4723015041965597,0.6128651561330942,-0.38192996252919614,-0.8343984225900698,0.3046737443737671,0.2186267424616392,0.4870185543144767,0.07869918050019917,-0.6118682342019325,-0.3993743942887036
37131,Northampton,North Carolina,-0.2638487720988108,-1.3495567909494777,-0.8832620185196616,1.6832005549836233,-0.49567205384493385,-2.862137973127767,3.2094554570441285,-0.25237296690039396,-0.51371186419761,-0.6122942958025503,-0.5129499061977058,1.2222699881757704,-1.09450515686776,0.23132989883992133,0.745450989531256,0.4026070094116407,1.0957725477219555,1.345459408263706,0.5670375115431483,-0.2592347811221194,-0.4015952785191545,-0.474289947842723,-0.09984038302322316,0.3713696275779855,-0.8128617409147582,-0.30772972926480835,-0.6430763789019495,1.0361684767841102,0.17695248705816982,-0.22142637227854303,1.3899061477674406,-0.1387120051097901,-0.23953233246360275,-0.2106096103492615,-0.08602139992103093,-0.36542487906938464,-0.0021475858279533973,0.1598538589961406,-0.329889297071518,0.6497336571713328,0.7449982099755862,0.6237840906702457,0.6366203652770481,0.3294395324766326,-0.5433070118387971,0.36653587390353054,0.2555502322715902,0.6823010925311996,0.17941180678685872,1.1711261414080782,1.7652528513873038,1.0849680349428452,-1.1836635022878363,0.762951507703092,-0.2716501786847621,-0.06348832956184575,2.8584297833758106,2.0210609817528833
37133,Onslow,North Carolina,0.25880768582616104,3.6424573874641313,-2.07945945463769,-2.3201180644148223,2.211843284950731,-0.3911956412627001,0.5172502594480779,-0.13621591726562854,0.6722515689960034,1.6218679248927501,0.22425225573841379,-0.3437081023776508,-0.3484950464716231,-0.23928155504630408,0.388737997919678,2.2895447832643936,1.3667990730855841,0.9532045022345168,0.4805502585443181,-0.10051286895334564,0.042240988313508955,0.23480345631607216,0.10470906222167109,-0.44968230542603194,-0.8046603625675465,-0.3293930494788959,-0.8224966545322691,0.9743400609941404,-0.23157348317551277,-0.26102644522648333,2.2253821902942343,0.5821153311052638,0.18666308327188216,0.9573845621612636,-0.08602139992103093,0.1008593205604838,-0.8068652139375465,0.7409069637027496,-0.06338573980944563,1.1038394766710153,1.0840071449277306,0.8696860929572088,1.0251484873858574,0.02801149112761844,-1.0482456068587125,0.418414602067312,1.3868098714302353,1.0656175513644521,0.18190979994173842,0.0750908125195775,0.04750660025410388,-0.354556808206841,0.007006295041446424,0.4907891250823656,0.09378795636576302,-0.02531421883387341,-1.0854847058646433,0.2949466275244268
37135,Orange,North Carolina,0.11394408591646414,1.4710601632409974,-0.4958655891282219,-1.1083094533614009,-1.0506441841299148,-0.45422834634467796,0.14743613984618098,-0.22480404740903112,2.5059443513839574,-0.211913474963653,-0.08195112697412378,-0.18883114836687276,1.2762117351778213,-0.2588903656248968,-0.46737318194810806,1.106418358453503,0.8528287379435213,-0.021140523215034873,1.0585159787689982,-0.11948689111721517,-0.040912358078330484,0.05149554020024157,2.0219633327049586,-0.7215564884318675,0.5100817004707191,-0.44222303092279425,1.0430732237608829,0.08426000704840596,1.1611253826178858,-0.34453514391248247,-0.5717726098236149,-0.39463702447873755,-0.21223854045896956,-0.3427699373173876,-0.08602139992103093,0.5310145141111081,-0.47965867086186714,0.23707777916243816,-0.44093182538725817,0.5700659695398096,0.6496519470202948,0.45984942247893684,0.5337746858953036,0.5548436872907181,-0.42499503978392184,0.27018966445650733,-0.39857949105143553,0.5767501835771154,0.12820294711181457,0.24410560622668276,-0.8113665253124961,-1.5541608441649128,-0.29066115429087425,-0.3256980227798136,0.04786020959663526,0.006461432786384985,-1.3549747395485896,-0.859563908746243
37137,Pamlico,North Carolina,-0.28363857729451303,-2.14714682120124,-0.845994057509051,2.399444702799896,0.3919681880162181,-0.4511701855788722,0.6354820969060907,-0.22644914273210365,-0.3909451048967959,0.23308380980908036,-0.3961274685693488,0.2413826127741769,-0.2196524832388711,0.5450708680974046,-0.1820027886588462,-0.7465471263751126,0.04100174830869832,0.6813040880610043,-0.43932504272434053,-0.2869941058557055,-0.4374687510975349,-0.5727642724178982,-0.5666794792545682,-0.44332444122464987,-0.82257621138262,-0.4606410327248955,-0.8241970473993897,0.10507098686101807,-0.4940039517282802,-0.37238514542083084,1.9626005116868013,1.6912915052734483,-0.21498578638765223,3.0969505448864614,-0.08602139992103093,-0.5430541045463901,-0.8087117480854952,1.0207007926633216,-0.31830250964801404,1.095872707907863,1.0734131157104758,0.8368991593189465,1.036575785094941,0.48015355315113956,-1.0081040449115224,0.783418510933918,0.8635060927718147,1.0572845848680767,0.40110869928247456,-0.02734239578775903,0.04750660025410388,0.36520561336800217,-0.29066115429087425,0.2186267424616392,-0.30148262707514095,-0.06618812190759597,1.5340934978263934,0.34177292899554473
37139,Pasquotank,North Carolina,-0.20427434151041682,0.32536399069908256,0.3554687068385009,-0.47678121143793756,-0.5036211097203398,-1.6366259134645307,1.8650420394742888,-0.2242350956664176,0.08627412548209269,0.0376638046679696,-0.2871738527373088,-0.03395419435609518,-0.3073093576385644,0.07445941421117944,0.388737997919678,1.4803411778268636,1.2230555451506853,0.9748106826439862,0.6015030608771278,-0.1735954135760622,-0.15960441085691462,-0.13545621919714795,0.33357864965428213,0.787755270117209,-0.8250884628585712,-0.5068049737327752,-0.818567871707462,-0.3690588073696889,-0.6167258093604776,-0.4431302610195185,1.5101406285660584,-0.16433707442977,-0.2186191286040619,1.4843366165596321,-0.08602139992103093,-0.0401529795177635,0.4023039081615237,-0.3737929181089636,-0.524429670746995,0.8170358011975316,0.8403444729308768,0.7385383584041599,0.8308844263314528,0.257416903127753,-0.48415102581135944,1.1965955245240358,0.6198107056514718,0.8322944894659497,0.5316288416249637,0.7409066665172649,0.47694316303740386,0.1252848061763878,-0.29066115429087425,0.2186267424616392,-0.21799294560118865,-0.04210502952077088,-0.23843963257002027,-0.1377929860707334
37141,Pender,North Carolina,-0.1362210762259213,-0.48013423251889803,1.1321254695004868,-0.12148002653866478,-0.11390325828363566,-0.19227779382997842,0.3497935987579761,-0.166246132375098,-0.31000703026218207,-0.13260088466067652,-0.16183883241913186,-0.5157936068340706,0.32145882521279856,0.30976514115429227,-0.039317592014215016,-1.1853312949805728,0.36298781461680135,0.932301424605743,0.4288057008629849,-0.2636675455237451,-0.35602159047935655,-0.34317918763487665,-0.3879604573120103,-0.4504233373503505,-0.82126986272279,-0.33437370213310097,-0.8292636588370376,1.0927570991524318,-0.5631480008478732,-0.24414327286094217,3.947084621226663,0.47778497725717056,-0.06554313455751877,0.20848936232026286,-0.08602139992103093,-0.3860369838209857,-0.8151103989658349,0.9591322430946408,-0.04546940912760079,1.0879059391447106,1.062819086493222,0.8532926261380765,0.9908665942586098,-0.09202622445384744,-0.5771104324259044,0.3461549449820447,2.2487219774558693,1.0433963073741184,0.45044406409135845,0.0955774541810448,-0.38192996252919614,-0.354556808206841,0.007006295041446424,-0.0535356401590872,-0.13766617741329282,-0.056744699490370025,-0.28240485579625263,-0.02476398251975883
37143,Perquimans,North Carolina,-0.28148006220952965,-1.418169833581061,-0.7226029884694268,1.6664013996151052,-0.9837780746921275,-0.6540140734520311,0.8836797662655532,-0.2642550876502285,-0.41760232424043775,-0.6302085625658027,-0.5046722464009387,0.08650565876339886,-0.33758083893086255,0.19211227768273587,0.6741083912089404,-0.45788982362833275,0.8439450619836354,0.5805361461175561,1.7927330352867519,-0.27433503176373364,-0.39917114181922886,-0.45606173630250374,-0.2050373523220796,0.6073972218496357,-0.8233629362755082,-0.48825223254278827,-0.8028373148242898,0.07183849945535913,-0.5064551479061994,-0.414778498251135,1.2962945556008627,-0.15347526930787855,-0.25129296114562216,1.7356005483266004,-0.08602139992103093,-0.3902500499852334,0.2254995586846266,-0.050751616964339656,-0.4950159108994109,0.8329693387238359,0.8933146190171494,0.7549318252232922,0.808029830913288,0.261418160313802,-0.5306307291186322,1.1595392901213348,0.6736802122780737,0.8489604224587005,0.5203878724280033,-0.09392398118752777,0.04750660025410388,0.1252848061763878,-0.29066115429087425,0.4907891250823656,-0.30329802700855796,-0.06232731478727946,0.9561533093379591,0.10764142163995442
37145,Person,North Carolina,-0.20525255594513112,-0.5189743463383498,0.43726159286829364,0.2603570502573099,-0.7678806928695427,-0.9402028917109057,1.1841806504429089,-0.23312125905968697,-0.4539871738805688,-0.3409895987070567,-0.3773650971844558,0.15533986054596688,-0.08023892653896737,0.17250346710414313,0.10336760463041615,-0.5965210964550863,-0.10833039858647305,-0.29953001507276045,0.8182318570572897,-0.17677023944973178,-0.31628654110927457,-0.2416774518603625,0.6565631486708359,-0.6042516004275096,0.4199012973395412,-0.3561462349988306,0.8594768606051855,0.18619152978477013,1.1035461578986379,-0.1732038182026428,-0.4917938454286969,-0.3824282200483152,-0.18095423104732428,-0.14245835737694024,-0.08602139992103093,-0.03644409344327897,-0.4049625534965797,0.40944718274110015,-0.439144660231962,0.47446474438198144,0.5860877717167683,0.3450951547450202,0.4423563042226427,0.3987946570348128,-0.6531681287468961,0.3924752379854211,-0.44218813927297057,0.48508755211698956,0.018291248297086768,0.42336372076452167,0.47694316303740386,0.36520561336800217,-0.29066115429087425,0.2186267424616392,-0.19925876690685412,-0.05043900417329784,2.2763740601845877,2.445727095094403
37147,Pitt,North Carolina,0.2084442863670379,1.8184533736876487,-0.7799673049740574,-1.28686843875092,-1.4206861659792067,-1.6218201719454677,1.804780011841861,-0.26853813932459786,0.27091549524292796,0.13788344121003782,-0.23583724527985364,0.8092647774803626,-0.1895182875760165,0.03524179305399396,0.17471020295273174,2.4050072051471565,1.6567684846815272,0.14472487603276793,1.3381634477024975,-0.021022670918702382,0.04468505328346746,0.18759750206174824,0.6923642667952381,0.5983816464334804,-0.8091296624817654,-0.37309283869634247,-0.780210782711586,0.4016115377446846,-0.3188891174587571,-0.31166850129927687,1.8889936235204658,0.13557757116467614,-0.21111971351949166,-0.34592276289234264,-0.08602139992103093,0.2621079904143429,0.2230629335643797,-0.33002708682457393,-0.25239334802498453,0.9126370263553591,0.98866088197244,0.7549318252232922,0.8308844263314528,0.19206303575562156,-0.6806334079739206,0.6648385608452746,0.6993323582907413,0.9072911879333256,0.283078522714386,1.2581943684693144,0.47694316303740386,-0.354556808206841,-0.588328603623195,0.4907891250823656,0.18364089533829048,-0.013140728651536739,-0.1539811797566097,0.9844235491853723
37149,Polk,North Carolina,-0.26021414900455797,-2.043525826716714,-1.2870323000733395,2.523625489400525,-0.9793706612778864,0.4937897807658999,-0.3768395974369026,-0.2516988059739141,-0.31811879893049166,-0.5871398839553563,-0.2781237923040781,-0.41254230416021886,-0.15904087783955304,0.4470268152044409,-0.1820027886588462,-0.29982761866903856,0.4276371468090325,0.8026255014294537,0.16199268787671806,-0.23765436186615901,-0.29406425797402896,-0.29751908738314103,1.3847091684833321,-0.8109539931146231,0.17480192674218917,-0.33239412814217706,1.753945531573037,0.020694766268790882,0.5561108110042182,-0.29014754385797975,-0.5435486344175309,-0.3830175587259168,-0.17458343450260214,-0.3924269510122688,-0.08602139992103093,0.13653773999746596,-0.7193907258896232,0.6404588893636437,-0.5623696976896382,0.6497336571713328,0.6602459762375494,0.21394742019197363,0.6137657698588825,1.733880804779783,0.14755039641020823,0.6926307366473005,0.768593152524944,0.5850831500734908,1.2760308017792579,-0.23220881240243207,-0.8113665253124961,-0.354556808206841,0.007006295041446424,0.2186267424616392,-0.2562847833720262,-0.052710252629356025,-0.3011311909068796,-1.2761565218341215
37151,Randolph,North Carolina,0.09985955532801781,-0.048724305344253975,0.6780731327598852,-0.2928035875151722,-0.3288647605565364,0.2598824357879076,-0.2060562979624677,-0.16224762835864906,-0.062140464083649045,-0.22164773631462223,0.15925749054953514,-0.0683712952473792,-0.3839147388680536,1.0941175642980008,-0.1820027886588462,-0.024874011659464287,0.032854374332655825,-0.09749344738669295,0.3145942746219209,-0.09317794021328314,-0.15853834501528413,0.18629596779108662,1.1645287159670612,-0.6869264541517625,0.7586551999759356,-0.3778736354253526,1.0896947243349684,-0.20991052172920316,0.9650772160205724,-0.21553334795461201,-0.5781592839696917,-0.39480369867279663,-0.2227673086881956,-0.33057501285606383,-0.08602139992103093,0.3140716622839681,-0.33308533090772946,0.18823747013277597,-0.1521706154202672,0.6577004259344852,0.7555922391928401,0.5254232897554589,0.6366203652770481,0.5415061633372222,-0.20527280596772418,0.3646830621833952,-0.08562330969688958,0.6711904705360328,0.2949439902000667,0.018752547950542407,0.04750660025410388,0.36520561336800217,-0.29066115429087425,0.4907891250823656,0.19844482675409328,-0.03281353470520609,0.5381053820723365,0.8713945456343978
37153,Richmond,North Carolina,-0.1896157689183657,0.38195070493618277,-0.05415479036872071,-0.32491374908677984,-0.4693810469208284,-1.4692058668464347,1.5194259095817455,0.20080070008798254,-0.20626811961032523,0.23514716877324016,-0.21297623197933788,1.9450291068927341,-1.0436408311589325,0.5646796786759973,0.816793587853571,0.6723127694475703,1.226738362877944,0.8098577580354106,1.270360779252602,-0.132559974208192,-0.12616363372440917,0.195970288610895,0.3661349990192235,-0.6238026353898208,-0.6262252047002128,0.32571791886150875,-0.583556757452304,1.851954118605621,0.6916722340748456,-0.09568985966934641,0.48056878022980354,-0.3327069575722724,0.4519388545020285,-0.30014222429239745,-0.08602139992103093,0.10139870767678186,-0.8975693273842429,0.8288585299468211,-0.382565990023875,0.9684044076974256,1.0522250572759673,0.918866493414601,0.9223028080041145,0.3934596474534142,-0.31935935044921154,-0.1503985960141505,-0.26775354638683035,0.9933985083958676,-0.02604813020203648,0.9765030456241389,1.335816288604004,1.0849680349428452,-1.1836635022878363,1.3072762729445448,-0.18131063766822594,-0.05134939558729341,0.5583682000911405,0.5371516351336583
37155,Robeson,North Carolina,0.06166233180243722,0.9437496606168073,-0.1032243800789012,-0.8180507278188834,-0.8485502694830592,-3.431096065202362,0.9707754517816036,5.926416189140458,-0.3356341242391411,0.20547094841568708,-0.03944128449792862,2.9259164822943275,-1.3286457978836987,1.3098144806625207,0.8881361861758866,0.7417744309022704,0.7367407483181256,0.8081580042531191,0.2458059693178261,-0.1700094399887721,-0.1840868092070822,0.06208397855214178,0.4037548943949522,0.6925267019249775,-0.8171875047039988,-0.46758553596651997,-0.8031992479145976,0.1036207103678631,-0.6798150673966256,-0.36043371991896556,2.917378174859322,0.3005450268571626,-0.25480978023602485,-0.38171234347399896,-0.08602139992103093,0.040321590907510425,0.3121144999470159,-0.3208524050141259,-0.03176780960366292,1.0480720953289488,1.1263832617967486,0.9844403606911231,0.9680119988404441,-0.09335997684919703,-0.5665468634924337,0.18125470189002485,-0.016362515462686935,1.0628398958656597,-0.15407027938964554,1.1711261414080782,2.624125976953904,2.044651263709303,-1.481330951620157,1.579438655565271,0.08358802890481166,-0.042155969678708105,0.24020003186456843,1.0296351506057624
37157,Rockingham,North Carolina,-0.05436151499758384,-0.6390401639151269,0.4273316690097926,0.37591663940090725,-0.8063626532664039,-0.4433978948376196,0.6552444322206366,-0.2426024330057585,-0.349168766466371,-0.06735010390433614,-0.24740062851759662,0.6715963739152266,-0.7575375793986179,0.36859157289006833,0.24605280127504683,0.252030194434434,0.12849576684217356,-0.01322323549740782,0.21650980269328637,-0.11519939882088898,-0.18623742099844476,0.17769060562452638,1.0464331007709593,-0.6970132346786955,0.5816851005758035,-0.3902556347337727,1.3444307120350785,-0.09884954978558952,0.3948320753710989,-0.24202782439791584,-0.48788016454061617,-0.3818069138845591,-0.2233834719165319,-0.3115429851969852,-0.08602139992103093,0.2660023676853195,-0.4230933094121659,0.29649820498734336,-0.31352928937907704,0.49836505067143877,0.6178698593685316,0.3614886215641502,0.5109200904771388,0.6121950402907522,-0.7862690973086309,0.5981373389204127,0.11959385840445164,0.5211970736012818,0.28495201758054617,0.27995722913425053,0.47694316303740386,0.6051264205596165,-0.588328603623195,0.4907891250823656,0.062476986380127025,-0.0376421247867401,1.618157423973956,1.3009047591281016
37159,Rowan,North Carolina,0.09523500265611996,0.10417110346245548,0.5201450146656822,-0.3550121859876408,-0.3012325487233551,-0.34473887448831586,0.4914846710220932,-0.24466303517280197,-0.14902971902019038,-0.1752584298526581,-0.024537830161314073,-0.10278839613866274,-0.2519832489728222,0.5254620575188118,0.03202500630810057,0.2838233279492192,-0.23457949404948988,-0.3174988179039758,-0.22996742823222713,0.014410910441210787,-0.0066548935364414245,0.6630432171841707,1.7013277045341029,-0.5135201095808282,0.9562255879516126,-0.4053783857180891,0.6632181822358185,-0.0972289852053602,0.40056006645484776,-0.33585636862764984,-0.5298366837252803,-0.37951500463973903,-0.19389693278387582,-0.22338597831897403,-0.08602139992103093,0.6925015580198125,-0.07294743636737128,-0.22805465947970874,-0.3500693702834048,0.6577004259344852,0.7132161223238221,0.39427555520241236,0.6137657698588825,0.6575426217326393,-0.7038732596275568,-0.04849395140672225,-0.23953618577289607,0.632303293552949,0.02516072947300767,0.6231084769638279,0.04750660025410388,0.1252848061763878,-0.588328603623195,0.2186267424616392,0.20937465728105767,-0.014117592570910078,0.2208991088188085,0.33208472869117567
37161,Rutherford,North Carolina,-0.12459672565292412,-0.6438958090792546,0.09851793268963205,0.5441450752680981,-0.8048957841567524,0.16009004702121465,0.03928137041545324,-0.2844546228997924,-0.3793778343765438,-0.21631663760706063,-0.35644118534340746,0.6888049243608686,-0.7670789306449431,0.38820038346866326,0.6027657928866248,0.008358272201741254,0.12290741270809329,-0.0643282250293945,0.45785132826262503,-0.14613778277114065,-0.24818022356106068,-0.015177415685373744,1.4996775792393238,-0.8024424773525978,0.27775945981560907,-0.3544566606604051,1.5095957856976956,0.08227603627627299,0.6753019549684862,-0.2999836310494198,-0.5296891304212811,-0.3877015190173559,-0.14599115030968446,-0.3886058022578336,-0.08602139992103093,0.29799262405513577,-0.6644233534610482,0.5173130793460274,-0.3185631378998281,0.6497336571713328,0.6602459762375494,0.3450951547450202,0.6366203652770481,1.203047351430634,-0.1334405372201212,0.38506399110488104,0.12985471680951896,0.6128597050614075,0.6852554206500948,-0.36537198320196956,0.04750660025410388,0.6051264205596165,-0.588328603623195,1.0351138903238184,-0.06720245834818848,-0.046110321646445206,-0.3116589568972999,-0.6964792036226941
37163,Sampson,North Carolina,-0.13484161814583018,0.3711281679246771,-0.043761016989205793,-0.3201194372924977,-0.3914139319207044,-1.1407722310300046,1.1642702457194276,0.2443211045107033,-0.33374223784469237,0.7904825890737419,0.7745288694766195,0.396259566784955,-0.6675468492983846,1.6431642604985952,-0.1820027886588462,0.2854616822686529,0.26631479278106096,0.2556451338817323,0.15996136243579331,-0.24352224941997558,-0.3314699287242665,-0.22365679070715216,0.0005896230189393619,0.5323823767580571,-0.5876538470772692,-0.30126895737812576,-0.821788482702863,0.842801320133005,-0.3044449435160923,-0.19795502197966824,1.6211448716017862,-0.033671943521845334,-0.23574698184473022,-0.385688096561945,-0.08602139992103093,-0.2274886709570663,0.25829281025329454,-0.15290333943237475,-0.0349995999261569,0.9604376389342733,0.9992549111896947,0.8041122256806844,0.8537390217496176,0.050685281848561976,-0.46936202930449994,0.9112625196232371,1.1225927674997582,0.9406230539188255,0.46543202302063924,0.6435951186252952,1.335816288604004,0.36520561336800217,-1.1836635022878363,0.4907891250823656,-0.13298731160551697,-0.05685069718478194,0.7512002318104785,1.3638780611065018
37165,Scotland,North Carolina,-0.21892119895953724,0.47627768163108863,-0.3560258809643281,-0.261478253311819,-0.21620827757549502,-2.5231513447617275,1.9975411442845028,1.648405409953621,-0.2427333263781715,0.0022388070035772,-0.46485742133034214,2.4096599689250673,-1.1343179894063833,0.36859157289006833,1.8155899643659887,1.3722828550483257,1.1332166635924068,0.3087607655653967,1.0716056360933195,-0.15553150659675855,-0.09197086481109984,0.1930665923629462,0.7409016057097392,-0.030050414664872484,-0.7830524872613788,-0.040768404633550755,-0.7518020411715403,1.154952345464539,-0.5660673566860295,-0.1990832797965835,2.026476830390539,0.036461636330061935,-0.021333654092774434,-0.38137815859902335,-0.08602139992103093,0.20790932015801128,-0.38390774081329276,0.283481853126185,-0.5014645985014382,1.0002714827500347,1.1051952033622392,1.0008338275102553,0.9565847011313622,0.1760580070114262,-0.3151339228758228,-0.002173658403345826,-0.3626664866337006,1.040618651875326,-0.09973892827100134,1.3042893122076158,1.7652528513873038,1.5648096493260741,-1.1836635022878363,1.8516010381859975,-0.22257823409280897,-0.04814346853515851,1.7924579327754846,1.958087679774483
37167,Stanly,North Carolina,-0.1369649878020214,-0.07673757088075275,0.3602133274609014,-0.10869573480566529,-0.05518730574839487,-0.038439946358039496,0.11645406498360956,-0.3042785289205103,0.09774444798676396,0.362130730063468,-0.38341839971805103,-0.6534620103992067,0.17717162866764957,0.5450708680974046,-0.25334538698116177,-0.34350959923763774,-0.2609921036968444,0.06154999280497864,-0.44540633006207003,-0.10715037670267355,-0.18578757717210476,0.0007779592918127115,1.2111905704056944,-0.3282319510248,0.9710745883047109,-0.4165047749580147,0.42888414534190744,0.016338345835094876,0.8806467694919942,-0.3159597133308967,-0.5796519940478077,-0.3947320618396897,-0.24416422606860097,-0.20570228068469298,-0.08602139992103093,0.2518383593403908,0.11621094644758345,-0.22170961142380352,-0.43846702677724547,0.8250025699606841,0.9250967066689126,0.7057514247659,0.81945712862237,0.528168639383726,-0.23907622655483152,0.12752316200610803,-0.2728839755893638,0.8489604224587005,0.15318287866061672,0.018752547950542407,-0.38192996252919614,0.36520561336800217,0.007006295041446424,0.2186267424616392,-0.11376653086717375,-0.038437388696083846,0.33068058846182385,0.41604913132904253
37169,Stokes,North Carolina,-0.1873840341900654,-1.0537842665182406,0.8141518953470757,0.5653690724585527,-0.4916630830939494,0.5439279742594821,-0.39964309560902783,-0.27842186973776073,-0.4922055039252502,-0.5924099944817973,-0.4646374262453911,-0.2576653501494408,-0.23104719048268402,0.09406822478977217,-0.32468798530347687,-0.7340767315727514,0.06963862133016852,0.22789079202767168,0.513350437494116,-0.23842507209896044,-0.37620227998461675,-0.332775374853445,1.0419979785237539,-0.759871771085106,0.5192284904307164,-0.40889716398346443,1.6645845496841358,-0.0922869574808332,0.681215088371281,-0.32202142301609554,-0.5893993033330401,-0.39537812466614236,-0.21658790462580702,-0.3347621159106011,-0.08602139992103093,0.006243638822591609,-0.5132460898887394,0.49629300594683584,-0.4006089115708867,0.47446474438198144,0.5966818009340221,0.24673435383023354,0.4652108996408083,0.7429027750350147,-0.6700698390404494,0.7482150882513523,0.18372422343612085,0.47675458562061496,0.44669707435903805,-0.34488534154050227,-0.38192996252919614,0.6051264205596165,0.007006295041446424,0.2186267424616392,-0.16650670625242317,-0.049960630192553444,-0.41328745201628464,-0.8078935071229403
37171,Surry,North Carolina,-0.11067327827977506,-0.39190261323606673,0.28167275396952773,0.22077430189863287,-0.6110850075636992,0.49350411720914966,-0.38702747318066066,-0.2567009299430123,-0.32960727809897056,-0.25754288655238994,0.09490336794855839,0.2585911632198189,-0.4863298184329263,0.9568558902478499,-0.25334538698116177,-0.2299826480655247,-0.2155983186233065,-0.22430965768264582,0.0466975309108928,-0.143794819989358,-0.19851207590294542,0.02593198963769963,1.6159452263079779,-0.6363279209499142,0.8657797577800298,-0.43104390656859676,1.0662789192150295,-0.30050307551636074,1.2378752848077796,-0.3013430589310249,-0.6240740213379745,-0.4040855392556618,-0.15353787413013162,-0.3962236508941288,-0.08602139992103093,0.3592078687873532,-0.23479249479676628,0.07318833385948612,-0.34062718104625633,0.4107305942767631,0.46955345032696827,0.03361928518153257,0.3737925179681466,1.0056519969188902,-0.46936202930449994,0.9242322016641826,0.13241993141078567,0.36287071017015615,0.6758879463192943,-0.2783037561407335,0.04750660025410388,0.6051264205596165,-0.588328603623195,0.762951507703092,-0.03604121206840131,-0.04288660159019413,1.0761129945007648,0.7777419426921618
37173,Swain,North Carolina,-0.2791136033375262,0.03368334781911031,0.018983591683131035,-0.040485978548340726,-0.954616709002468,-1.1969907602791214,-0.5736463097860699,4.457544582374836,-0.2710536376866926,-0.07975410395656264,-0.2882860169188065,0.2757997136654609,-0.6621927097500869,2.0549492826490443,-0.039317592014215016,0.009354095686654408,-0.29391725873593866,-0.16380652356379025,-0.4034837140357397,-0.27254594351065853,-0.4205957080261035,-0.5900878710740598,-0.33464988990228417,-0.8221289593792179,-0.777793788839942,-0.5122508901821252,2.1826926885589857,-0.23138851572492272,3.1581326311195754,-0.4226949063569265,-0.6258845486874115,-0.40410233091550873,-0.16271258598191765,-0.2532217245254509,-0.08602139992103093,-0.47771681232877805,-1.1614289514085596,1.3354115830021511,-0.33752198158892904,0.23546168148741178,-0.09193009818752211,-1.130316858976759,-0.14043587894057283,2.1913578763847026,1.417291382213426,0.9686996829474237,1.058462402468089,-0.1676614900990557,2.0291757379756326,-0.411466926940271,0.47694316303740386,1.3248888421344598,-0.588328603623195,1.0351138903238184,-0.305843330007988,-0.06536551011511617,-0.23824894486456874,-0.8111229072243966
37175,Transylvania,North Carolina,-0.22020400711045002,-1.7856571722840038,-1.484238315545508,2.384268156489676,-0.8492101098843061,0.558654613031112,-0.4156060828727462,-0.2517471928150746,-0.3571642827880749,-0.2787479255008294,-0.4580737553245802,-0.2404567997037988,-0.0064479007130705205,0.7999854056191101,-0.25334538698116177,-0.5428300224592768,-0.2240016670266347,-0.20318303251327646,0.25738045559623757,-0.21864337618466895,-0.3430809557615692,-0.41691595638071455,1.0779633539017899,-0.7617516924777151,-0.6031504456811129,-0.5066033562807015,1.1859052412830418,-0.38415964458238006,5.0660666073330205,-0.4191721841822766,-0.6090942747370113,-0.4039616405371081,-0.21536656134259227,-0.3765614110620189,-0.08602139992103093,0.001194536938005131,-1.022956502049147,0.9940239993438745,-0.4565918600605416,0.39479705675045823,0.17292063224384108,-0.704086721679357,0.1223919683683287,2.4941196701290664,1.2102454311173938,1.1428639846401192,1.704896481987315,0.09343812678736334,2.325812425117654,-0.40634526652490416,-0.38192996252919614,-0.1146360010152266,0.007006295041446424,0.2186267424616392,-0.1826768664840965,-0.05198632827242487,0.309253888052125,-0.6351206016950217
37177,Tyrrell,North Carolina,-0.30914830102613444,-0.684883530484041,0.9931762104230945,0.13635071120688416,2.898387293970159,-1.7622885684832645,1.9537078304212583,-0.2223384697260909,0.16607044835295215,-0.43920624261821606,-0.029439797450932444,1.876194905110166,-1.2384491393393,0.8784206479334811,1.3875343744320952,0.4032861958812487,0.9971440717912762,2.13418491671091,-0.594486547596811,-0.2921603662027863,-0.47054634119606337,-0.6539423331536672,-1.027127475637911,-0.1778386051130467,-0.8307323033752138,-0.5143376977784336,-0.8300277778253653,-0.38407135876562104,-0.7040502158224872,-0.4498063322045865,3.7991430929832335,-0.11270755299772432,-0.2451978514264529,2.6422250789930106,-0.08602139992103093,-0.7074050472048959,-0.5509981454177386,0.8411019384451198,-0.2929471040072486,0.928570563881664,0.98866088197244,0.8368991593189465,0.9680119988404441,0.2494143887556552,-0.7989453800287962,1.0224312228313408,0.7352453627084762,0.9600666424103678,0.404231190726075,0.40026398705439753,1.335816288604004,1.0849680349428452,-0.8859960529555155,1.3072762729445448,-0.36052991356927216,-0.0694902309098543,-1.4076665177125156,-1.6846756346683585
37179,Union,North Carolina,0.3815853125257365,0.7018707693442384,1.6387511779881863,-1.4627468563735544,-0.3554424375754911,-0.21666332551470496,0.20067300426108214,-0.2524597642314706,0.7705520324383756,-0.23832453458802996,0.12207447432148019,-1.2385527255510345,2.087844376447965,-0.10201988099615492,-0.32468798530347687,-1.1999483891385416,-0.3059448951597051,-0.10843482907415196,0.5218480196193536,-0.0007471301482272175,0.20045295432092924,0.5340998653312699,1.677044350783652,-0.06861712121086312,0.899267838976196,-0.3988669278163953,0.02750901686389701,-0.20355211485681257,1.1387410562933982,-0.3618600956554247,-0.5549847676850073,-0.39759346335342893,-0.2028471623903007,-0.37429116544533353,-0.08602139992103093,0.7005310737602262,0.33934285279146337,-0.6323585130629688,-0.26375673980407655,0.8489028762501408,0.9250967066689126,0.7877187588615544,0.8537390217496176,0.19473054054632097,-0.11442611313987339,-0.47464064703778547,-0.5884053715451765,0.8795146329454089,-0.24587152783149208,-0.17074888741803015,-0.38192996252919614,-0.5944776153984553,-0.29066115429087425,-1.1421851706419928,0.2490327238677658,0.0075765926716424474,-1.128521043493046,-0.1377929860707334
37181,Vance,North Carolina,-0.1904768319237729,0.38319644740601055,-0.5040675591453652,-0.10199695537101033,-1.5323499498642899,-2.5545160761212626,2.83578358343713,-0.21102183856784607,-0.32332245946070365,-0.08207778012720973,-0.10923679010148067,0.6888049243608686,-1.0483085425600123,0.5450708680974046,1.2448491777874646,1.867651291833541,1.3531860354307776,0.9674066488615978,0.6347790278412208,-0.08639892910956891,-0.15741725569752452,0.08766385537349398,1.105016466282507,-0.6155772127794018,0.015060067251992009,-0.2600249633011809,-0.15630095271579414,0.7663293334145902,2.2748326924071463,-0.24834445954221024,-0.32669020643799007,-0.3770660797500733,-0.14030941645333,0.15650388390896527,-0.08602139992103093,0.26569206253362093,-0.5992985373489326,0.4679425842256427,-0.5390397458915417,0.5700659695398096,0.6708400054548042,0.509029822936329,0.5566292813134692,0.34277705643012873,-0.45034760522425216,0.45732364819014804,-0.3549708428299005,0.5961937720686569,0.09510453780965256,1.714022145436962,1.7652528513873038,0.845047227751231,-1.1836635022878363,1.0351138903238184,-0.1826955819473276,-0.03635914246517677,1.5905865677682263,1.7982323747523898
37183,Wake,North Carolina,2.935199450418756,0.6393154816335266,2.1705755355604697,-1.6699737653649276,-0.6359665662110717,-1.040181553381123,0.796140159176676,-0.20909745000011426,2.336682376038524,-0.11742734857068901,0.044504979425589855,-1.1180928724315404,1.9669643797229375,-0.3373256079392697,-0.39603058362579246,0.9512238721577196,0.03260073567161748,-0.716986664324786,0.3146245372354249,0.6279997600505259,2.020041162621424,2.4708577528797826,4.132460894554871,-0.6485282862579823,-0.3033579682308841,-0.3640746999916887,-0.3727651364209572,0.3240843164151879,1.1856736226313411,-0.3909267219643229,-0.19059250784309573,-0.33581758719015614,-0.04296899524859474,-0.1774235686125326,-0.08602139992103093,2.714073760014927,-0.7758223197497203,-0.4174841525613581,-0.1015566089179813,0.7373681135660084,0.7979683560618588,0.6401775574893755,0.6823295561133786,0.2854257034300951,-0.14611681994028655,0.5703451631183867,-0.183101464545027,0.7406318580058248,0.2381146459265428,0.9662597247934053,-0.8113665253124961,-1.7940816513565272,0.6023411937060877,-0.8700227880212664,2.3192998355659626,0.2004009384046279,-1.3092638994082604,-0.273427790331903
37185,Warren,North Carolina,-0.2631224332371068,-1.2075219141801758,-0.7698416600177261,1.4958612403917833,-0.2557219282814402,-2.839508848641263,2.8408924239273614,0.5328347244756768,-0.42189391447299657,-0.4118043451558791,-0.4206500145405616,1.2394785386214122,-1.2832728973526124,1.0156823219836302,1.173506579465149,-0.19892153226634918,0.3871802024012868,1.2925604798460963,-0.7524217071305132,-0.2826744311285174,-0.43164435251915695,-0.41591489095443007,0.2104329753816679,-0.6242512117862611,-0.20379062597633774,-0.2161833654388856,-0.33100780385560985,1.7021144184539199,1.7830587039801138,-0.04286048038834891,-0.05979660357254758,-0.37996719155862935,-0.2457910598950803,-0.12985646655356267,-0.08602139992103093,-0.27478609659045344,-0.7068657867900241,0.8058639011231576,-0.4094628256110834,0.6098998133555712,0.7026220931065674,0.5909971570319834,0.5909111744407168,0.328105780081283,-0.5559832945589624,0.43879553098879753,-0.2780144047918972,0.6406362600493244,0.06950010797213092,1.0943012351775758,1.7652528513873038,1.0849680349428452,-0.8859960529555155,0.4907891250823656,-0.27634775995576905,-0.06158935568165256,1.5460233987293104,0.9860382492361007
37187,Washington,North Carolina,-0.2869949657441615,-0.688962024454224,-1.3956488022368223,1.3297850207886093,-1.2791530665597064,-2.354577858154816,2.6792411313554885,-0.20283413105677667,-0.4643082637763194,-0.5269953199184975,-0.29697261487134946,1.1706443368388444,-1.0684208872734893,0.4470268152044409,1.2448491777874646,0.6261774021139611,1.423384081469072,0.5333823135851528,2.0139335534406637,-0.2773628770848349,-0.41525579307629074,-0.5194737463501086,-0.4792656436960562,0.5066943705563722,-0.8252801687314898,-0.44366399903708414,-0.8189876398198381,-0.0020406445058391066,-0.5934135915215213,-0.35658310521781134,2.3253666813011433,0.28049440482010013,-0.24501726621193579,1.1442309811508604,-0.08602139992103093,-0.49221917088808237,0.12547745013535994,0.09051539129953068,-0.42392397032602225,0.9206037951185116,0.9674728235379306,0.7713252920424222,0.8537390217496176,0.18139301659282459,-0.8623267936296222,1.3207339097730848,0.7172888604996087,0.9128464989309087,0.4498195658026381,1.1352745185005104,1.335816288604004,0.845047227751231,-0.8859960529555155,1.0351138903238184,-0.3128054823299585,-0.06518165910178818,0.40744369051078994,-0.4639623963178317
37189,Watauga,North Carolina,-0.15637990842394087,1.9639492239733887,-2.1806647462916096,-0.7233389858928635,-0.0983450172897547,0.6387578855276228,-0.5534244022929902,-0.2571225452103007,-0.12103541181824351,-0.37459580121857744,-0.41295594996774226,1.1878528872844862,-0.28088187397068504,0.2509387094185141,-0.39603058362579246,1.4266100794136647,1.3583402475257835,-0.43001476321707444,2.037187765999063,-0.18172593973241455,-0.23641675703517673,-0.3457070068474539,2.1971457864721105,-0.821716903080707,-0.01874242084417847,-0.4907434522948711,1.914649626979434,-0.5558953619665394,1.9769957679165664,-0.3975024361401164,-0.6227663892969869,-0.4016083065781916,-0.1836949555952789,-0.42078974034851924,-0.08602139992103093,0.37029378811196495,-0.8175640338041552,0.6349848648512562,-0.5065207865866305,0.10002661251382265,-0.2084644195773213,-1.1467103257958913,-0.2661361537404822,0.734900260662917,0.07783084144929941,1.298500169131464,0.5172021216008009,-0.278767710050723,0.9306832481170725,-0.5907250414781099,-0.38192996252919614,-0.354556808206841,-0.29066115429087425,0.4907891250823656,-0.20335745335446578,-0.03340025777022897,-0.9751554087400367,-0.4026037943901599
37191,Wayne,North Carolina,0.03971401152175168,0.7385449968579956,-0.22843765579938186,-0.5666412316933679,-0.6063433090314104,-1.3708438533168472,1.5655708593469215,-0.20189054329185824,0.05985614016231642,0.38632885539380013,0.19222800201428572,0.7060134748065106,-0.6924641910423851,0.7019413527261464,0.10336760463041615,1.1700192347895724,0.611689330892627,0.2776862696757684,0.3038936655836326,-0.052827878885802,-0.012420462400882912,0.3212699983162532,1.0404665950719927,0.7702890930260072,-0.6938436016173559,-0.4034397120000826,-0.7908840055371122,0.11320376419619599,-0.23979893073040903,-0.33196985391861594,1.656173635629048,-0.11078579267986778,-0.20879391280935497,-0.3340935787466021,-0.08602139992103093,0.37907195172652886,0.4444925687944015,-0.5958027988570513,-0.32526500723218904,0.9126370263553591,0.9992549111896947,0.8041122256806844,0.8423117240405356,0.06802406298810691,-0.304570353942352,0.8556781680191853,1.137984055107359,0.9211794654272841,0.5072734083648819,0.6845684019482298,0.9063797258207039,0.1252848061763878,-0.588328603623195,0.4907891250823656,0.07589597351682817,-0.02463472202471607,0.5455814586454737,1.279913658468635
37193,Wilkes,North Carolina,-0.12054621498463108,-0.6440808584384172,0.12389554068956452,0.5316770625216336,-0.41358449483578563,0.49176780869866954,-0.34073976855819393,-0.29367357994923227,-0.39942835375721075,-0.21130725687051058,-0.2055775116204983,0.12092275965468287,-0.7188230318955426,0.8980294585120717,0.03202500630810057,-0.5042062132163523,-0.5863823894444247,-0.7021553112809454,0.06911225576582637,-0.21716019389059607,-0.33932764541752863,-0.29596498702932705,0.7233672064297364,-0.7726944714111215,0.4001094945960186,-0.4545747564701317,1.3259794364511444,-0.40532827069795724,2.7706885659189813,-0.3031598201195416,-0.6142468817169146,-0.4035634011904808,-0.20717097712151625,-0.39336035328006685,-0.08602139992103093,-0.0523322646930882,-0.5797711803817404,0.5862592340174194,-0.17635691718860966,0.4664979756188296,0.4589594211097136,-0.015561115275859598,0.3737925179681466,0.9402981295467585,-0.14611681994028655,1.111366185397823,0.20937636944878846,0.37120367666653153,0.8226450441685049,-0.3500070019558691,0.04750660025410388,0.6051264205596165,-0.588328603623195,0.762951507703092,-0.05047083421958204,-0.05198038130515666,0.8424439237000952,0.496784133865453
37195,Wilson,North Carolina,-0.08133270280981139,0.19014178160965337,0.03974763751470288,-0.19496896348938256,-1.1922257990890721,-1.86165806879769,2.087906570077406,-0.2606453730750659,-0.12534718880058848,0.08816456474345234,0.07247813701299348,1.2050614377301283,-0.9134940544464668,0.8392030267762957,1.2448491777874646,1.5438818140199462,1.2457647800716014,0.5627691219597819,0.9423057736505172,-0.02206777734066669,0.10065147930146473,0.4267957632090076,0.6898812022057299,0.6519142829804138,-0.7192420960660748,-0.4009167208463935,-0.7738025339045002,0.16289919540444012,-0.3031606931081917,-0.38265113917749366,2.027690941556793,-0.12208355544552996,-0.15425153427079955,-0.29741305679911284,-0.08602139992103093,0.36030837706620167,0.31644528611979666,-0.4632116989041071,-0.4616778342316555,0.8170358011975316,0.914502677451658,0.7385383584041599,0.7394660446587918,0.10536913005789643,-0.26231607820846764,0.38691680282501606,0.8583756635692812,0.8295168339671575,0.3111809457067877,1.5808589746374246,1.335816288604004,0.6051264205596165,-1.1836635022878363,0.762951507703092,-0.04315308809622061,-0.025097026775008188,0.2295624910964412,0.3902139305173911
37197,Yadkin,North Carolina,-0.2105917323358023,-0.47788334637744345,0.5657148285919826,0.15852873711981505,-0.2362855936679339,0.5610075435592623,-0.43785422128064316,-0.24672459675903807,-0.4714667466538649,-0.16777719297559193,0.1253356874380815,-0.10278839613866274,-0.329000487090642,0.6823325421475538,-0.39603058362579246,-0.5719273988244707,-0.1467142062683414,0.0753519240009323,0.00924376210773738,-0.2063847509456233,-0.2890088910422218,-0.05415033341983078,1.1374784863583172,-0.3509687598619489,1.3290215855422227,-0.40760005098170954,0.8357468285579499,-0.41324490108484585,0.5523096880396494,-0.3340155008507232,-0.607459971373444,-0.3993449201047127,-0.20709792258206036,-0.3732866666112653,-0.08602139992103093,0.16101801337891689,0.2557892766324982,-0.31820045674786684,-0.4886789211195896,0.49836505067143877,0.5648997132822589,0.24673435383023354,0.49949279276805597,0.7188952319187215,-0.8876793590699529,0.8149163101762142,-0.039449446874087815,0.48508755211698956,0.3392833686991904,-0.36537198320196956,0.04750660025410388,0.36520561336800217,-0.29066115429087425,0.4907891250823656,-0.2107500613307516,-0.047537701729703064,2.1696821164576665,2.437653594840761
37199,Yancey,North Carolina,-0.2679900751248169,-1.2012327703349257,-0.31822354150881,1.265153407681473,-0.3825550311863977,0.7025887561562555,-0.6086705349752556,-0.24507881065260997,-0.5194452763500541,0.40461271235180335,-0.30528997808845765,-0.051162744801737194,-0.5531192771572031,0.7607677844619247,-0.1820027886588462,-0.20935547961021536,-0.3108952081382719,-0.3668564400597402,0.0033827096903707534,-0.2719680485726288,-0.39203130410782394,-0.5443585741157596,0.4133734561790574,-0.8202694057428677,-0.26181805062326124,-0.49179350873464084,2.322638968938347,-0.4172144779836201,2.0856095870221063,-0.4212524112265496,-0.6231058055247951,-0.4053302432814259,-0.2267584006751146,-0.41445271957622215,-0.08602139992103093,-0.24955799584884303,-0.926126815629009,1.008142261867924,-0.5067218426666013,0.13986045632958427,-0.14490024427379475,-1.130316858976759,-0.1975723674859861,1.0576683403375253,0.1686775342771502,1.2799720519301132,0.727549718904676,-0.2287699110724724,1.1536291371901286,-0.5343867769090749,-0.38192996252919614,0.36520561336800217,0.007006295041446424,0.762951507703092,-0.2731661312064815,-0.058821114875210474,1.4908069170272231,0.4208932314812273
38003,Barnes,North Dakota,-0.2904070011227308,-0.39186794674270575,-0.8499638754718374,0.7843173095454494,0.1640989322215026,0.6079269861388936,-0.5568638579326733,-0.12781979745482722,-0.2175114909723743,-0.10689831566670852,-0.543465205114265,-0.7911304139643425,0.3409533845937797,-0.9648075464542345,-0.8954287718820013,0.28942414189480803,-1.0569441799750867,-1.3904648005149438,-0.7140768727244943,-0.27139212841539445,-0.41522852949502875,-0.5329825013105713,-0.4811191300052294,1.8806310287226706,-0.20015511196658742,-0.16084840811531922,-0.8118568743916551,-0.6263572192754939,-0.6938242156073829,-0.4535159616554241,-0.5984180841103806,1.6094770359418384,-0.20071688701288523,-0.1099233730883989,-0.08602139992103093,-0.4961085035715319,1.7611500252575962,-1.4980405655971905,0.3870841306259341,-2.1784692537477417,-1.734004626861974,-1.1958907262532834,-1.7288302605030617,-1.2844008658964081,-1.658819891213338,-0.15780984289469058,-0.07792766589308943,-1.8370324448728563,-1.1638840122499585,-0.6989201177527341,-0.8113665253124961,-0.5944776153984553,1.4953435417030498,-1.6865099358834457,-0.3270292343855971,-0.06945022028838528,0.1285972790785664,-0.2815012905855442
38005,Benson,North Dakota,-0.3009008404029145,2.4077630709297746,-2.3311975482959544,-1.057248104678754,0.39014616511016126,-2.7294192814653337,-0.6650454930560962,7.8045329848844,-0.4728052287596897,-0.5451907224148062,-0.40977245494634906,1.5148153457516844,-0.6873159799382528,-0.14123750215334038,-0.1106601903365306,0.5547829136664431,-0.5467784703860549,-0.6743915073847392,-0.617696613271528,-0.2834085899146837,-0.4322083370030495,-0.5659949738868894,-0.5362190313750981,1.2600324959993523,0.6718796286742097,-0.27237000644662324,-0.778392391826963,-0.63567339051162,-0.712549379618359,-0.45289200623468545,-0.5590471811954305,1.4508388908662981,-0.1834535813828386,0.5472397498404612,-0.08602139992103093,-0.5300961927962965,1.5446753709707997,-1.2729057736687803,0.33197987167096654,-2.369671704063397,-1.7763807437309918,-1.32703846080633,-1.934521619266549,-1.3911010575243776,-2.110940641565898,-0.5746924799250784,-0.293405692399498,-1.9870258418076074,-1.5404564803481458,-0.6989201177527341,1.335816288604004,2.044651263709303,0.007006295041446424,0.4907891250823656,-0.3563750807319672,-0.06989692391026862,0.08282900375265935,1.6739004708463183
38009,Bottineau,North Dakota,-0.3025116725558871,-0.4843756114023301,-1.2654735655039344,1.0764739632082017,0.6854835693942635,0.5637541101535135,-0.6191044689216403,0.2530714814133543,-0.38711547308624894,-0.2001551238503089,-0.5408675022698096,-0.8255475148556282,0.4929972192024881,-0.6706753877753437,-0.6814009769150549,-0.9658442771233765,-1.3638652949104697,-1.3672492497019542,-0.5578918155097339,-0.287925369664835,-0.4392321125643482,-0.5168516724872004,-0.40717097668235647,1.7350523072427193,-0.40242968132743506,0.1310891249776094,-0.5834737307564717,-0.6392733288283946,-0.7107505518048551,-0.4536016617079033,-0.5964357515824964,1.4840934049121068,-0.2211349240786075,-0.27690018501664404,-0.08602139992103093,-0.48110076208414226,1.5262833460474887,-1.2761775999456655,0.5238990697853422,-2.433405854168616,-1.7234105976447192,-1.376218861263722,-1.9802308101028803,-1.31240966619875,-2.2461543239143276,-0.6432465135700757,-0.3472751990261003,-2.0148023967955244,-1.5797998725375084,-0.6989201177527341,-1.240803088095796,-0.5944776153984553,1.4953435417030498,-1.6865099358834457,-0.3458757058593182,-0.07011548676201532,-0.26196470851572534,-0.7885171065142021
38011,Bowman,North Dakota,-0.3120536564729506,-0.14593609819944378,-1.3633568448883346,0.8134237890277523,0.08417507317805654,0.6670223958774882,-0.6732588455598706,-0.011867491490489733,-0.5490750150986974,-0.1754451780667252,-0.31009834002878695,-1.1180928724315404,0.6650847557099517,-0.35693441851786023,-1.7515399517497876,-0.44175366864702437,-1.9094579315251776,-1.7371632000037416,-1.8833081666274334,-0.287263459517813,-0.4473281807336906,-0.6085124620907975,-0.7723860681301619,0.38396429653502934,-0.4856438543520995,1.2499689307035515,-0.8306364977538971,-0.6319216657722926,-0.7125035761803882,1.5279952664814818,-0.6150025889672436,-0.2557392591835375,-0.23632988267913332,-0.3852887243628366,-0.08602139992103093,-0.6143948977767986,0.1583145613996429,0.11133774147750392,0.12892812394339123,-1.6367289778533836,-1.7657867145137371,-1.32703846080633,-1.7174029627939789,-1.3070746566173514,-1.3144475439821823,-0.8767007903070928,-0.7679703936338503,-1.6759284259429386,-1.4830026377859014,-0.9236329684769536,-1.240803088095796,-0.5944776153984553,1.4953435417030498,-2.502997083745625,-0.36279448462023567,-0.07034762877575727,-0.4405559316723262,-0.7755995061083761
38015,Burleigh,North Dakota,-0.04084224005554428,0.4802078656040306,0.4043939207617314,-0.6438014915683928,0.012535894476051093,0.3670474641239893,-0.5196806541530649,0.34234246513558236,-0.2165669254293183,-0.17171856861276907,-0.5042262080190764,-1.3073869273336023,1.2247982669512196,-1.219722083975942,-1.252141763493579,0.36334158139486933,-0.5063713914219438,-1.2177904997466966,0.22682731110914556,-0.20608615151423623,-0.289597852693326,-0.46623078053690536,-0.174942660132103,0.4347876756341896,-0.5626044470327464,2.668641557626318,-0.8209890627250326,-0.6387995653070547,-0.7101240774942247,-0.45537171335245286,-0.5616543269414898,1.23984706045051,-0.22446336090010824,-0.07259448115614871,-0.08602139992103093,-0.33830844419085826,0.17353305641596586,-0.022653594321895655,0.5023711761855028,-2.0510009535373044,-1.70222253921021,-1.1958907262532834,-1.7745394513393922,-1.3004058946406034,-1.6292418981996193,-0.6395408901298056,0.027246132758848116,-1.7953676123909812,-1.299400140902208,-0.5497517581551753,-1.240803088095796,-0.8343984225900698,0.9000086430384084,-2.2308347011248983,-0.05509355363766458,-0.05889879762858822,-0.7644551030276685,-0.3347863922595748
38017,Cass,North Dakota,0.2119031823173301,1.7222443934413736,0.06500244923910121,-1.619042767857585,0.19324138172124256,0.14462749130005614,-0.24070152904696052,-0.1011487410265542,0.7340877514793196,-0.24998303373748562,-0.4993302569965772,-0.5330021572797127,0.5666509593989414,-1.1020692205043836,-1.5375121567828411,2.4034896921833777,0.06549879707622747,-1.4570673605410316,0.041196487957841886,-0.03509351658084721,-0.08637696728472188,-0.24228123276038527,-0.15570159884830737,2.4657615371545827,-0.7212387220803103,-0.49171185340305557,-0.8077967355176594,-0.6373769037639908,-0.7099524502068154,-0.4560777441203935,-0.5397451069632647,0.010277943485622998,-0.24699359142195054,-0.37335426336597044,-0.08602139992103093,-0.15906903204899472,2.101502007756477,-1.9744489037240598,0.5764789579584538,-2.1784692537477417,-1.659846422341192,-1.0319560580619747,-1.614557283412235,-1.2217145033149759,-1.4982536434245783,-0.050346763126857264,-0.2574926879817635,-1.7620357464054806,-1.0945647022020335,-0.293668737386834,-1.240803088095796,-1.0743192297816841,0.9000086430384084,-1.958672318504172,0.09287089866743896,-0.04936180232535063,-0.6159000479119742,0.9537442482215367
38019,Cavalier,North Dakota,-0.30989221260223454,-0.5222994801897417,-2.1343672959674675,1.5441368493275625,0.6290854469715974,0.6830297828273727,-0.6649328612142599,-0.016596584257490294,-0.4739871571775674,-0.4122259371591054,-0.5990010312086185,-0.9287988175294786,0.5328100517411115,-1.0824604099257908,-1.0381139685266323,-1.1213840824369363,-1.7136674284631959,-1.4859234798446768,-1.3476251068657341,-0.2813610816177827,-0.41726219606470943,-0.5031923883630147,-0.629834743114615,2.2397184560246877,-0.656459762946608,-0.32508223407570874,-0.6393006788254681,-0.6209711958366404,-0.7084470604503724,-0.4523519207027979,-0.5949313669892642,1.0407826874537573,-0.23933669074073058,-0.3302264840592717,-0.08602139992103093,-0.5290688443603333,1.9082457313389791,-1.626820027075282,0.3842618989848622,-2.5449406168527484,-1.9035090943380457,-1.4909731289976387,-2.083076489484624,-1.2617270751754643,-2.159533058659865,-0.7933242629010153,-0.06766680748802258,-2.145352205238733,-1.5129785556444637,-0.9236329684769536,-1.240803088095796,-0.5944776153984553,1.4953435417030498,-2.2308347011248983,-0.3567681054598204,-0.07036850365491473,0.7074800580985584,0.0043006183933488994
38021,Dickey,North Dakota,-0.3066412604389625,0.5749331416851144,-1.6399961849877591,0.287072176481492,0.12804477734164982,0.6954263080658623,-0.62112125260334,-0.14276244546368308,-0.3287836919208748,-0.3447181382277113,-0.45437739702248664,-0.6706705608448487,0.12136502029885501,-0.7687194406683074,-1.6088547551051564,-0.3315688422747327,-2.2088066541204294,-1.7160061709377161,-2.764646044767476,-0.28043572038549164,-0.44520707603045634,-0.5924216332581097,-0.3946770188029556,1.4171739998254478,0.2926510632940356,0.27000054707524773,-0.8049986728004637,-0.6391491691160599,-0.7118804436758113,-0.42305256549360576,-0.6084373812445995,1.5348270078073305,-0.16935561214921024,-0.11386857736729156,-0.08602139992103093,-0.5039164625566256,1.527805737924209,-1.2678074133872914,0.11021501546314354,-2.090834797353066,-1.70222253921021,-0.9991691244237123,-1.705975665084896,-1.2403870368498704,-1.1834592892071416,-0.30232915706522523,-0.08305809509562287,-1.759258090906689,-1.05272331685779,-0.6989201177527341,-1.240803088095796,-0.8343984225900698,1.197676092370729,-2.7751594663663512,-0.3556826085924164,-0.06999707599910937,-1.4592794926810375,-1.8832837409079284
38025,Dunn,North Dakota,-0.307953356447202,0.33712894767992774,0.181004118274214,-0.40073360478185793,1.6163351073639058,0.03387789717877195,-0.5619348726430994,1.2698901612183089,-0.015532340098804645,-0.2039951504784154,-0.2977372528997255,-0.8083389644099845,1.3729294611207874,-0.06280225983896945,-1.7515399517497876,-0.6562516627229648,-1.2782251802958962,-1.0436828028395428,-1.2125597200027414,-0.28351198644210823,-0.4315448342116007,-0.553953130406833,-0.8711370030434719,0.04961984496964661,-0.4625842265204152,0.5430792799261802,-0.5339762004626063,-0.6112346887221376,-0.640661609438273,2.0585387669449737,-0.5981444973227791,-0.20001881858326048,-0.24431959761073294,-0.12967096437692982,-0.08602139992103093,-0.616992611960958,-0.16045536309286162,0.4223740520296969,0.8106273793881839,-1.8518317344584962,-1.6280643346894286,-1.3106449939872,-1.7745394513393922,-1.3657597620127349,-1.7179758772407758,-0.7673848988191244,-0.3113621946083654,-1.725926224921189,-1.4817536412084613,0.21849730414984864,-0.8113665253124961,-0.5944776153984553,1.197676092370729,-2.502997083745625,-0.3628693464731601,-0.07044533624237023,0.43634781100505066,2.0678872832240014
38029,Emmons,North Dakota,-0.3114181099689596,-1.0293322547709718,-1.7001852007454918,1.79502600478985,0.307585624283708,0.7101582125466177,-0.6598581375359812,-0.17333358366047946,-0.3208090177650797,-0.467441281371672,-0.6201092449477541,-0.13720549702994866,-0.18183029232717887,-0.04319344926037889,-0.1820027886588462,-1.7524243769280847,-1.7319841305926833,-0.7753739926455916,-3.145139374066102,-0.2889675464218758,-0.45878643856394685,-0.5940582792448318,-0.49943570470495624,0.827535264375946,-0.5968151343396196,2.4137802022552037,-0.8212641474033862,-0.6393537536257407,-0.7125639340997977,-0.45486120386872897,-0.6177597500013131,0.23015775926175616,-0.24049940532299094,-0.054765940877169544,-0.08602139992103093,-0.5388814726324616,0.544762511222209,-0.2969766707187528,0.4179648552051572,-1.9952335721952381,-1.7551926852964825,-1.1467103257958913,-1.705975665084896,-1.3270809425475958,-1.3862798127297855,-0.424614730594139,-0.09331895350069018,-1.764813401904273,-1.196982421552121,-0.9236329684769536,-0.8113665253124961,-0.354556808206841,1.4953435417030498,-1.6865099358834457,-0.3589765301210906,-0.07045376967745368,-0.34301385300916154,-1.1372923174714953
38031,Foster,North Dakota,-0.31150890232667255,-0.5216420904718959,-0.7033366079480594,0.8308527566419615,0.021704035629478802,0.7106063715603527,-0.6782171499677312,-0.13039816950805555,-0.4153874526581946,-0.7138264005358124,-0.5364999272195532,-0.9804244688664046,-0.05525294198024509,-1.0628515993471983,-1.0381139685266323,-0.3431105013972597,-1.9811779031640793,-1.8294118575428153,-1.9542433663219048,-0.2825897677340896,-0.4416366361404571,-0.5631395865719026,-0.2723521606503983,1.8302931723419686,0.23100048452427682,-0.4585534291841645,-0.8149875041697389,-0.6356405097831153,-0.7123092137134382,-0.45539923077831845,-0.6213984181636549,1.975572827535029,-0.14667913592003265,-0.17046801660487731,-0.08602139992103093,-0.4599073222508809,1.9066774390822558,-1.6551546028224589,-0.2582612069515406,-2.2422034038529604,-1.8505389482517731,-1.3434319276254598,-1.8773851307211358,-1.355089742849938,-1.956712535137221,-0.3875584961914377,0.2683763052779242,-1.9509163203233153,-1.2781671990857266,-0.6989201177527341,-1.240803088095796,-0.5944776153984553,1.4953435417030498,-2.2308347011248983,-0.36243889081884473,-0.06985167444302927,-0.03534104334437727,-0.18461928754185136
38035,Grand Forks,North Dakota,-0.11750320660837911,2.495808541133336,-1.7172314731518064,-1.4441285953382481,0.5832030302947238,0.1974384974425387,-0.35502060535313706,0.17751093460396322,0.6600254641808017,0.22989535893292662,-0.366117285496704,-0.22324824925815678,0.11436345319723502,-1.0628515993471983,-1.4661695584605254,2.8508337743599528,1.203642336252841,-0.7665424849942505,0.9577505826722235,-0.1829140042713285,-0.257451976916621,-0.37930893724269527,-0.2239458024615828,2.0587396886302316,0.0894889914175636,-0.42739063269336297,-0.7720443057664681,-0.6265316594356048,-0.6715865857229689,-0.45507673241087815,-0.4956214068768069,0.07305197032208362,-0.24288982865472633,-0.3773112528792765,-0.08602139992103093,-0.30722918422612056,2.067579894635959,-1.8775035079758673,0.3320022112354077,-2.3776384728265496,-1.7869747729482466,-1.113923392157629,-1.785966749048475,-1.2710633419429118,-1.6081147603326773,-0.5506059275633228,0.5762020574299362,-1.9203621098366068,-1.1157976440185151,-0.47292685192467293,-0.8113665253124961,-1.0743192297816841,1.197676092370729,-1.4143475532627192,-0.17840974086740494,-0.060796893917602665,-0.6224860857623197,0.509701734271279
38045,La Moure,North Dakota,-0.3090604374541541,-0.881923492162615,-1.8164899990854637,1.7171430018716332,0.7065355377855275,0.7987463891807844,-0.6606127491458016,-0.2952319506414685,-0.6274048695188544,-0.8388121841029915,-0.579603008169144,-0.39533375371457685,0.023137152432009988,-0.18045512331052588,-1.4661695584605254,-0.6562516627229648,-1.7928707562785804,-1.7160061709377161,-1.4645400603851528,-0.27778979647657076,-0.42567497688857436,-0.5897566952797337,-0.35946975288013233,1.8372149473149915,-0.01680086880218895,-0.15062212179298196,-0.8105038173352722,-0.6389647094099015,-0.7106614697239072,-0.44300123495026883,-0.6016762814929161,1.4329954103541453,-0.20596387953994205,-0.16257990098410716,-0.08602139992103093,-0.48698980195971786,1.8013664523120292,-1.5410766608476572,0.11700624305326919,-2.1067683348793707,-1.7234105976447192,-1.113923392157629,-1.705975665084896,-1.245722046431269,-1.4095196643834218,-0.16151546633496094,-0.026623373867754246,-1.7898123013933973,-1.0608417946111508,-0.6989201177527341,-0.8113665253124961,-0.354556808206841,0.6023411937060877,-1.6865099358834457,-0.35654351990104716,-0.0701543036540838,2.0330666373317436,1.6642122705419489
38049,McHenry,North Dakota,-0.304084430494335,-0.3487542487751821,-0.1441414669816069,0.3930855208315903,0.771178548293958,0.7597203517409751,-0.6588904186375766,-0.2136426530637295,-0.5173829735658045,-0.6991413868007434,-0.5595608668251872,-0.41254230416021886,0.2703885710598058,-0.651066577196751,-0.5387157802704237,-1.3879798714535485,-1.705787425772757,-1.0739149399804009,-2.186260009414012,-0.28968079980533096,-0.4572704816699721,-0.5998782525864218,-0.35824166091368853,0.6667459671789548,0.5269821529267296,1.056210200311011,-0.7813197032255019,-0.6383147143597434,-0.7125977819521385,-0.4539245395003911,-0.4818423820382649,3.2122767344238348,-0.22775871948387139,-0.23632106240331857,-0.08602139992103093,-0.5021234564454724,0.8949464535367265,-0.6533024720028701,0.6835078111962578,-2.2661037101424175,-1.70222253921021,-1.2122841930724133,-1.854530535302971,-1.3364172093150433,-2.1553076310864765,-0.6803027479727767,-0.17284060613996013,-1.8925855548486892,-1.534211497460945,-0.6989201177527341,-1.240803088095796,-0.5944776153984553,1.7930109910353704,-1.958672318504172,-0.35225767882112446,-0.07026107648706863,0.24782860356669442,0.2917172274229704
38053,McKenzie,North Dakota,-0.27690822768082,2.4812527806201436,0.09461280908763937,-2.333048975199263,1.5971645771188556,0.07141420645049698,-0.5302333253615429,1.2449686711233972,-0.24768915895287505,0.5231035925069532,-0.004872799288736794,-1.2213441751053924,2.139463773118732,-0.5726313348823804,-1.822882550072103,2.178752705795792,0.021381902946036615,-0.32889845279635654,-0.6315773805176045,-0.26967186414778005,-0.36739396775923017,-0.5198696306163237,-0.843994056789746,-0.06919326092224923,-0.7460573225330881,1.809739510981699,-0.5604818623895609,-0.5706889549170735,-0.5634591709441321,1.2570457542160112,-0.5635256150168807,-0.13893052907840006,-0.21652272884226773,-0.1316503311842602,-0.08602139992103093,-0.5757032954702195,-0.40570903410201586,0.6429888487381916,1.3900635553426293,-1.8358981969321917,-1.58568821782041,-1.3434319276254598,-1.7631121536303092,-1.3390847141057427,-2.003192238444494,-0.717358982375478,-0.5319706503173076,-1.71203794742723,-1.590416343445749,-0.293668737386834,-0.8113665253124961,-0.354556808206841,0.6023411937060877,-1.958672318504172,-0.35485912821024784,-0.0697910026450491,-1.760895611204036,0.3433876290462732
38055,McLean,North Dakota,-0.2932332793547647,-0.8318379659061634,-0.8805760475611197,1.2048985673905084,0.31467165999523466,0.3277369364819146,-0.6573337417230886,0.8729955691875678,-0.5287060492744285,-0.28689083508083046,-0.5173784326078784,-0.8771731661925526,0.8052533833717949,-0.5334137137251949,-0.8240861735596857,-1.184070766643453,-1.9343808875618296,-1.607937028151591,-1.804434587276018,-0.28364656073786,-0.4449514218252282,-0.5657038724947637,-0.5660094136341944,1.1478160108037758,-0.4648765494947274,0.9548448026419054,-0.7967382053777745,-0.6393690257157337,-0.711775794334274,-0.45295726085584315,-0.5537412730024309,0.9596646880375606,-0.01929419016589307,0.6011385631581075,-0.08602139992103093,-0.5419860149340608,0.9198192869801068,-0.6602743845214657,0.9935511795542352,-2.0510009535373044,-1.659846422341192,-1.2286776598915456,-1.785966749048475,-1.2897358754778065,-1.9778396730041632,-0.9081985895493887,-0.13949281632349195,-1.7925899568921897,-1.5285910128624647,-0.6989201177527341,-1.240803088095796,-0.354556808206841,0.9000086430384084,-2.2308347011248983,-0.3318391084359907,-0.07004057653749114,0.4231454547393335,0.06727392037174917
38057,Mercer,North Dakota,-0.2969323357351364,-0.4270788262163481,-0.08879352943085113,0.43768019072458364,0.6345212825828038,0.6006368078587425,-0.6406767077059716,0.137092137187307,-0.4271930241534908,-0.4467717636796465,-0.4853659211060291,-1.1697185237684664,1.8958504236711895,-1.3177661368689038,-0.1820027886588462,-1.3587181392789407,-2.24422477642574,-2.383608802624744,-0.8451627019729779,-0.26784109438223364,-0.4220111034468388,-0.5363696628327598,-0.7666631408305355,0.27311202653003197,-0.4206668413168757,1.666224416248862,-0.7209485465808122,-0.6389496840437487,-0.7098285962643013,0.6675229400611916,-0.5124489710749478,-0.1686435573088941,0.4349167672573741,0.13907375437254513,-0.08602139992103093,-0.5763336000723138,0.0785677053237134,0.17243699071304022,0.08839670752556857,-1.9314994220900195,-1.6280643346894286,-1.2286776598915456,-1.7631121536303092,-1.3457534760824905,-1.813047997642015,-0.9841638700749261,-0.1984927521526277,-1.737036846916356,-1.5460769649466262,-0.6989201177527341,-1.240803088095796,-0.5944776153984553,1.7930109910353704,-2.2308347011248983,-0.34344269563927476,-0.0693501375170486,-0.19626343412825917,-0.12326068561417954
38059,Morton,North Dakota,-0.22905186880886888,0.22829106852999817,0.6352855618842843,-0.5267035236244535,0.22472959409548982,0.49793701331976004,-0.5891929578942975,0.3051700383412028,-0.3978327693507393,-0.0329240636210352,-0.40615943997711174,-1.1353014228771825,0.8463017865754101,-1.0824604099257908,-0.8954287718820013,0.11679033063453789,-0.9658215988707305,-1.4369143863672007,-0.3215722109905201,-0.26705321778434005,-0.39300462605186026,-0.5493570349884623,-0.6901993405298189,0.40111680149906137,-0.638332490175999,3.2236475115041676,-0.7564813059990262,-0.6389585630867649,-0.7113675565686494,-0.31900596592355057,-0.5351608877675537,-0.13226004571993583,-0.22489311499527703,-0.3308093282961445,-0.08602139992103093,-0.5511009083434568,0.10611406943595968,0.13476205665049518,0.7086547142355724,-1.8836988095111058,-1.6704404515584466,-1.2122841930724133,-1.7745394513393922,-1.3484209808731897,-1.5721986259588756,-0.6969780534539921,-0.1292319579184251,-1.731481535918772,-1.3624744680629328,-0.6265766643856777,-0.8113665253124961,-0.5944776153984553,1.4953435417030498,-2.2308347011248983,-0.2651933438700314,-0.06751696378974112,-0.31507150483678736,0.16738532351689833
38061,Mountrail,North Dakota,-0.29002625897748274,1.6651956374161416,0.16181685721812097,-1.6147001317896226,1.7155949213953712,-1.205293876624798,-0.5646781293476202,4.289860144467553,-0.4589516262874531,-0.3061558433244167,-0.059611050581056244,-0.8599646157469105,0.9141895303352352,0.5058532469402192,-1.965567746716734,0.4259710913457793,-1.4158342491737608,-1.5914199102585167,-1.3301027637894172,-0.27253864732652855,-0.3725648999030023,-0.4449809485875647,-0.578350395609257,0.8012027588576444,-0.7660891273234753,2.232745118959295,-0.7680254189387324,-0.6384788223384401,-0.7031545092156342,-0.43179295076439855,-0.6197966813015489,0.2323667934702156,-0.10498915366797357,0.20682018581154363,-0.08602139992103093,-0.47974509384647207,0.4422409495480958,-0.22283418126136192,0.7058399291159805,-2.114735103642523,-1.7128165684274645,-1.5073665958167686,-1.9688035123937975,-1.344419723687141,-2.140518634579617,-0.495021575959271,-0.0984493827032236,-1.9203621098366062,-1.4530267199273392,-0.6989201177527341,-0.38192996252919614,0.1252848061763878,1.4953435417030498,-1.958672318504172,-0.34945035933645896,-0.06975359851172425,-1.9580264526479312,-1.7896311379656922
38063,Nelson,North Dakota,-0.3124783304041888,-1.2258142680094712,-1.105032522441501,1.6796445766859407,0.4117351126395804,0.6701211976582224,-0.6120475298281663,0.009054323817840508,-0.5177680773521212,-0.142034891204885,-0.37021406596231177,-0.5674192581709984,0.025814222206158803,-0.7295018195111219,-0.8240861735596857,-0.09243385028589828,-2.1081128115254697,-2.650807544812572,-1.1955175713778443,-0.2827128549799463,-0.4315292425388489,-0.5446208562708097,-0.5074259592361341,1.2212028952157454,0.5143380641669806,-0.34913475229155766,-0.8070895490000984,-0.634011887331781,-0.7119063950476732,-0.4552281606905306,-0.601005104959973,3.71377085846212,-0.16376073958736367,0.2954723613015695,-0.08602139992103093,-0.5145508201828537,1.435157596676252,-1.1731417497644272,0.011302870638976652,-2.3935720103528544,-1.8717270066862823,-1.3434319276254598,-1.9802308101028803,-1.3097421614080509,-1.7961462873484617,-0.4338787891948141,0.2888980220880584,-2.0342459852870656,-1.2200888582347624,0.31580885204181836,-0.8113665253124961,-0.5944776153984553,1.7930109910353704,-1.4143475532627192,-0.35923854660632604,-0.07029280781916565,3.2257216857679345,1.7982323747523898
38067,Pembina,North Dakota,-0.3009916327606275,-1.0590718992647694,-0.3657936731894852,1.1578741126673224,1.4535024523347524,0.6575417673472509,-0.6409154058572628,0.20115276787589162,-0.4409488631563,-0.6618362841247227,-0.4570367489340641,-0.9804244688664046,0.291599200808831,-0.6902841983539365,-0.6100583785927393,-0.6727763318038305,-2.0560753419009052,-1.9167367491752627,-1.8525217838825077,-0.27197317813894367,-0.40188403692781316,-0.47737364086540074,-0.3107651537937068,2.2744595825775265,-0.3673167208775786,-0.5022218184518629,-0.7308290172366314,-0.6262589376946298,-0.7038120695250952,-0.45449538619808133,-0.24403365844379193,-0.08724033075170015,-0.19308545946650665,-0.3839261871986073,-0.08602139992103093,-0.42669577053563007,2.0732855563931443,-1.83147301979978,0.09494964642832143,-2.457306160458073,-1.7445986560792277,-1.1631037926150212,-1.8088213444666406,-1.2350520272684722,-2.0898135036989562,-0.9971335521158715,0.2991588804931257,-1.9509163203233153,-1.4592717028145399,-0.3909802852788037,-1.240803088095796,-0.354556808206841,2.0906784403676912,-2.2308347011248983,-0.3435549884186614,-0.0696208296746479,0.26052210699990347,-0.19753688794767732
38069,Pierce,North Dakota,-0.30926838124117423,-0.4713200384853917,-0.9250613757655871,0.8949148589096716,0.3608500499441963,0.4648742675478388,-0.6305814578980606,0.45540913441742764,-0.591105659844143,-0.4350845209575862,-0.557531520018284,-0.49858505638843054,0.07077526584891457,-1.00402516761142,-0.7527435752373701,-0.24119224495263783,-0.5875467414747343,-1.1133696561886908,0.47157577925567873,-0.2862013895807479,-0.4487732835608969,-0.574724140198484,-0.37764557956871664,1.149380156238159,0.4208694155784642,0.2217955055264212,-0.8179443074250381,-0.6348398888362567,-0.7126150308290554,-0.4548642222138792,-0.6190373706036055,2.1503710912462286,-0.22456095840429294,0.31290433512987115,-0.08602139992103093,-0.49547183956064167,1.3221459586244506,-1.0715064931143632,0.06596033830512019,-2.385605241589702,-1.8293508898172646,-1.3434319276254598,-1.9459489169756319,-1.3564234952452876,-2.1954491930336664,-0.685861183133182,-0.49092721669703926,-2.012024741296732,-1.6347557219448723,-0.6989201177527341,-0.8113665253124961,-0.1146360010152266,1.4953435417030498,-1.4143475532627192,-0.3567306745333582,-0.07012144215810766,0.0020055017306782577,-0.5560002992093397
38071,Ramsey,North Dakota,-0.28717362167385485,0.24052549668731835,-0.8831972230586043,0.21825626934579517,0.44895048827496914,0.026987245788592924,-0.5985712082025061,1.4667492510645694,-0.16537555174723706,-0.31636531555877434,-0.47134763571645283,-0.37812520326893484,0.34239488370293675,-0.8863723041398639,-0.9667713702043169,1.3890252597127777,-1.5926682076401293,-2.3991382846984854,-1.3355034710486724,-0.2645902387415304,-0.3912978323884249,-0.5003284129205305,-0.6716919262584816,1.556444022045712,-0.39117394725170324,-0.4099418998234462,-0.8160547138738788,-0.6358261911036976,-0.7124200602217733,-0.45558277281241055,-0.6034280965521162,2.6917374326673196,-0.10982037202525052,0.887601171905732,-0.08602139992103093,-0.5281629829267002,1.355514131723504,-1.089833888259672,0.22877853047408855,-2.433405854168616,-1.8081628313827551,-1.3434319276254598,-2.003085405521045,-1.3310821997336448,-1.965163390283998,-0.5783981033653487,-0.2472318295766962,-2.0370236407858573,-1.4592717028145399,-0.6989201177527341,-0.8113665253124961,-0.5944776153984553,1.4953435417030498,-1.1421851706419928,-0.3269169416062105,-0.06903743803509557,-0.03962197962923919,-0.14748118637510246
38073,Ransom,North Dakota,-0.3056279005754561,-0.3551326732252154,-0.07462490587699054,0.36434136962611874,0.8294599532679502,0.6812832249565152,-0.6226563945007733,-0.16439522751824415,-0.23187232333204685,-0.4543695190486306,-0.5217532143606654,-0.9976330193120466,0.7344826413936557,-1.0236339781900128,-1.6801973534274721,0.08886068855971706,-1.8527822939009468,-1.8054827730294514,-1.879426405324812,-0.2772258888982793,-0.4410569504628822,-0.5698303117029457,-0.4218813257803115,1.417757286307051,0.06676973109993724,0.43369536880611187,-0.7535960092230308,-0.6344313515818114,-0.7013123271626608,-0.454523817575756,-0.49529744321980657,1.7254949812205613,-0.15234714102743865,-0.2911736000585506,-0.08602139992103093,-0.5016329510609582,1.4261721901766924,-1.1699830182002668,-0.09678338864904425,-2.1227018724056754,-1.659846422341192,-1.0319560580619747,-1.6374118788304006,-1.2443882940359194,-1.3736035300096203,-0.23562793514036295,-0.2190144689627619,-1.7481474689115222,-1.121418128616995,-0.9236329684769536,-0.8113665253124961,-0.354556808206841,1.197676092370729,-2.2308347011248983,-0.35263198808574653,-0.06962595771785934,0.3779321814559745,0.14316482275597486
38077,Richland,North Dakota,-0.2735313377310428,0.8648306350892366,-1.3732355654025379,-0.11285625018943664,0.7082491123334308,0.5495864053348612,-0.6049779274979302,0.16270862924625806,-0.32882720891696915,-0.24359027855701246,-0.44586204645546795,-0.3609166528232928,0.4883981506161299,-0.9648075464542345,-1.3234843618158942,0.09347273977584597,-1.0136955234911853,-1.7345213233253622,-0.015424282293812612,-0.2586555377483224,-0.37168586312321206,-0.4635767824910491,-0.41481534927611036,2.1245797850568606,-0.5968388057590961,-0.1679672874303859,-0.7752165720332694,-0.6380146178698389,-0.6997681033874397,-0.4556052917107439,-0.5000522946921125,1.0627951029692873,-0.19885177339323332,-0.26000490431809925,-0.08602139992103093,-0.4384216323079755,1.8218548420075684,-1.5819643772813776,0.3366562871606583,-2.0589677223004568,-1.575094188603156,-0.9335952571471879,-1.5002843063214086,-1.211044484152179,-1.1707830064869764,-0.2560088640618488,-0.12153631411462448,-1.6537071819526055,-1.0289923818864286,-0.5446300977398085,-0.8113665253124961,-0.5944776153984553,2.0906784403676912,-1.958672318504172,-0.3157812409837039,-0.06854905348991731,-0.9447895164518756,-0.9257666108260997
38079,Rolette,North Dakota,-0.2793918379821306,2.294418789707625,-1.1543981658968276,-1.5388930040681965,-0.06848811868576846,-4.167777950771406,-0.6633023738634014,11.19844265809587,-0.5595771752943622,-0.5840972230944871,-0.5536304536059387,1.9622376573383762,-0.7156654624183415,0.34898276231147773,2.457673349266828,0.02955306141087826,-0.6396788365002815,-0.5421291838085497,-0.7071050846506725,-0.28384042244234214,-0.4231796314281228,-0.49118876855617966,-0.448692800556107,1.024989741356372,-0.5546769226133929,0.4977467486268512,-0.1505697644451384,-0.6356689878151679,-0.639759867161652,-0.4464138588147162,-0.5757630532611844,2.050749452264063,-0.2291453128867309,0.05644096579425968,-0.08602139992103093,-0.47790214409579623,0.7582481137541226,-0.5308586218291153,-0.040450453649810494,-2.457306160458073,-1.8611329774690277,-1.5401535294550308,-2.105931084902789,-1.3350834569196937,-2.311648451301848,-0.5950734088465642,-0.8064486126528517,-2.1175756502508163,-1.7053240285702373,-0.6989201177527341,2.194689414170604,2.5244928780925315,0.6023411937060877,0.762951507703092,-0.33511431450143375,-0.06773277091213496,-0.8666212642300867,-0.02153458241830248
38081,Sargent,North Dakota,-0.3094938977425904,-0.43417457604301957,-0.3964326178580798,0.5974270445528203,1.4772715439479438,0.5781262334609095,-0.5472133760588673,-0.038333369780210624,-0.2749504820305969,-0.015406611500155215,-0.4606698370609785,-1.2041356246597503,0.8119803792145278,-0.9059811147184565,-1.6801973534274721,-0.16245282609932069,-2.091600839199461,-1.9514659482924583,-2.1343543530504077,-0.2800641673524706,-0.43901016163368994,-0.575767623758014,-0.4745039331401188,1.68259674542891,-0.09885365003949159,-0.1605735027273109,-0.8063217921647712,-0.6392348515906986,-0.7080293040454997,-0.45553815241150664,-0.621429856625283,2.921328775711559,-0.189161524045275,-0.09469522031591365,-0.08602139992103093,-0.517989440928082,1.6119978008396574,-1.3435849316496424,-0.09399094309389387,-2.130668641168828,-1.70222253921021,-0.9827756576045824,-1.6259845811213178,-1.2297170176870738,-1.2299389925144142,-0.15595703117455556,0.1683329358285201,-1.7509251244103143,-0.9509300957964231,-0.6989201177527341,-1.240803088095796,-0.5944776153984553,2.0906784403676912,-2.502997083745625,-0.3592759775327883,-0.06994975362940083,1.4008804989089763,1.5156598658749532
38085,Sioux,North Dakota,-0.30852154087934147,3.086380902654064,-0.7457240190660102,-2.472039273810618,0.01150400228598723,-4.413415697585223,-0.6057399078249137,11.782683232870507,-0.5390284265393388,-0.17488061040203196,-0.33524323697456615,3.0291677849681795,-1.2759967589921053,0.09406822478977217,-0.39603058362579246,3.5006567381993334,0.6107098749830838,1.5857990455726763,-1.1322181621996548,-0.2936710099124496,-0.47707708736535825,-0.6725758801559188,-1.0559278076966956,-0.31446480334402616,-0.6500243715239695,4.7298306591685675,-0.7774060045233572,-0.6387024026300344,-0.7111198360260168,-0.44727899023394513,-0.5915542085335367,-0.24205009947347728,-0.150276422380312,-0.13287561213222107,-0.08602139992103093,-0.7239378950941503,-0.6037561869725933,0.8995321844263706,0.10015476494312159,-1.8518317344584962,-1.6810344807757012,-1.0975299253384967,-1.705975665084896,-1.3150771709894493,-1.3271238267023477,-0.5431946806827824,0.04776784956898228,-1.6870390479381054,-1.1794964694679595,-0.9236329684769536,3.0535625397372037,3.244255299667375,-0.588328603623195,1.3072762729445448,-0.3683529771998734,-0.07010543153550605,-2.0503744254747356,-1.4311677267040295
38089,Stark,North Dakota,-0.22868577059228418,1.2821926206517285,0.19059623831120195,-1.2761795080618688,0.7404880169855914,0.458846893708346,-0.4733028364922535,-0.032929827203226576,-0.014432222641173912,-0.16353410736859683,-0.2934758686476972,-1.0320501202033303,0.8949008993984193,-1.0432427887686055,-1.5375121567828411,1.2994343773058301,-0.5864115770402306,-1.1084714958736495,-0.6542589310511044,-0.2363713902935679,-0.2932010238833304,-0.38167659526826897,-0.5302444277824083,0.9953942847293165,-0.3265486815454471,0.7365077458896834,-0.8182513218769083,-0.6390261725020262,-0.7116927366223319,0.7784818174546767,-0.5913702832015343,-0.3056849429786346,-0.2094997043232695,-0.41097513904444516,-0.08602139992103093,-0.4134337146945288,0.83233223256905,-0.6307178925339623,0.2579986807631824,-1.7960643531164302,-1.70222253921021,-1.3106449939872,-1.7973940467575578,-1.4044385814778737,-1.5531842018786277,-0.8266748738634462,-0.32931869681723286,-1.731481535918772,-1.4755086583212609,-0.6368199852164114,-1.240803088095796,-0.354556808206841,0.9000086430384084,-2.2308347011248983,-0.28954216153369694,-0.06597434492820889,-1.5989704385064294,-1.2309449204137315
38093,Stutsman,North Dakota,-0.26027272471921153,-0.029312234522135577,-0.32977480048686436,0.19123844484881464,0.5193721906932762,0.5690062729553249,-0.5679434039721546,-0.023479737837398592,-0.27550208820151684,-0.14120026616313242,-0.5143899917288559,-0.6362534599535646,0.314045401222848,-1.00402516761142,-1.3234843618158942,0.7412352683778588,-0.9105529297089089,-1.3020674481493284,-0.7784436502184483,-0.2761990340620687,-0.41100845423753746,-0.5727173699019712,-0.5447772407244933,1.3327597040941013,-0.06218325653159143,0.5871639535191159,-0.8192421802109496,-0.6383415048496519,-0.7122542485538981,-0.4545367867331818,-0.6177160608475679,1.406533239237372,-0.16700516028913173,0.18551831308304476,-0.08602139992103093,-0.5268590147737665,1.2841321426172578,-1.0209977904456276,0.9711818290271106,-2.162535716221437,-1.8081628313827551,-1.2778580603489378,-1.7745394513393922,-1.299072142245254,-1.7433284426811064,-0.2912122867444148,-0.03431901767155439,-1.8759196218559402,-1.2300808308542832,-0.6060900227242104,-1.240803088095796,-0.354556808206841,1.197676092370729,-1.6865099358834457,-0.2855370524022408,-0.06900491526741079,-0.493806838222847,-0.7691407059054635
38097,Traill,North Dakota,-0.29737458238077075,0.13029262855315932,-0.4516875076955461,0.10491224802432687,0.41309085512654536,0.6623419549197254,-0.611364601211262,-0.06791713932488541,-0.2785748908723901,-0.039998116903914145,-0.43569388903363077,-1.1180928724315404,0.9418525846681063,-1.1412868416615691,-1.1807991651712635,0.014090277743433795,-1.2570165520517298,-1.375002072292938,-1.0210342258711238,-0.26841992009049426,-0.39862935455429993,-0.5346347560803217,-0.22530042432396352,2.669417196321166,-0.8011130366450933,-0.5240130567941891,-0.8096498805124257,-0.6379071213777406,-0.7094741714498125,-0.45614199416728113,-0.489631407704203,-0.29192914304296536,-0.25312960102250864,-0.3898330654610779,-0.08602139992103093,-0.42139451080581675,2.2658846401172896,-2.021010607867283,-0.0976918642696532,-2.2979707851950266,-1.7869747729482466,-1.1467103257958913,-1.7288302605030617,-1.2337182748731226,-1.4602247952640828,-0.04849395140672225,0.18628943803738757,-1.8842525883523147,-0.9802815153662652,-0.6989201177527341,-1.240803088095796,-0.8343984225900698,1.4953435417030498,-2.2308347011248983,-0.34482763991837645,-0.06894066249053506,-1.9158012792866,-2.35962025587275
38099,Walsh,North Dakota,-0.2897450955471457,-0.24106908230868962,-0.6182909440758829,0.5300120416681579,0.45791899416092624,0.6092868906489748,-0.6423767567515348,0.050360859895923336,-0.2571034806043084,-0.23555404633287158,0.15673761746295703,-0.4813765059427885,0.2355180211811494,-0.43536966083223116,-0.7527435752373701,-0.586733655863179,-1.4162705951714785,-1.4638607560412364,-0.8759395807923795,-0.2736613336132715,-0.40306645348549897,-0.48491387084821275,-0.2901542422253277,2.0214561487217897,0.0011013327560875092,-0.4146587744681857,-0.7591525895289629,-0.633541026494984,-0.6963927581630318,-0.4540942265752246,-0.5134844009258999,0.8197952363772606,-0.13162461523511665,-0.31395942482898315,-0.08602139992103093,-0.4243861325980089,1.9908755015719586,-1.7523493863976616,0.22364043065261213,-2.425439085405464,-1.7975688021655005,-1.179497259434151,-1.8659578330120539,-1.2617270751754643,-1.8743166974561472,-0.7488567816177739,0.191419867239921,-1.9703599088148567,-1.3506090005772518,-0.6368199852164114,-0.8113665253124961,-0.5944776153984553,0.9000086430384084,-1.958672318504172,-0.32871362607639637,-0.06916950415447859,0.36708901145558415,0.19160582427782127
38101,Ward,North Dakota,-0.12280430878452547,1.8493141456739153,-0.473541761577656,-1.4679051804661014,1.0235933887349433,0.2480936899107545,-0.30329067788288244,0.1236779816279253,0.29303980987191275,0.6203068982831593,-0.24548671011907103,-0.9460073679751205,0.8863205475581988,-0.8471546829826784,-1.252141763493579,1.4935784305310889,0.01812161695240673,-0.7304910086927481,-0.03843754159660391,-0.21550066973702015,-0.301934442756706,-0.38723841809218856,-0.44798610355717816,1.5864284104531836,-0.6416703765120302,0.8262024665016544,-0.7875611133901382,-0.6388083237824969,-0.7117846998189956,-0.45510469976596724,-0.6070230660505542,0.6806575814783666,-0.18311704363685685,-0.07487861751129574,-0.08602139992103093,-0.3911803001372441,1.2716917001695862,-1.0674798925461055,0.7909238835510427,-2.1705024849845893,-1.659846422341192,-1.3598253944445922,-1.8773851307211358,-1.3257471901522462,-2.1954491930336664,-0.7803545808600699,-0.026623373867754246,-1.8786972773547317,-1.5392074837707055,-0.5651167394012758,-0.8113665253124961,-0.5944776153984553,1.197676092370729,-1.958672318504172,-0.1897887425119158,-0.06400669638877414,-0.7429843070621092,0.41443443127831464
38103,Wells,North Dakota,-0.3096813400294818,-1.1898416572346269,-1.6097967468492653,1.897885168847458,0.0502351148118942,0.7848232364593918,-0.6589567464502428,-0.2540364904889236,-0.4962617554391008,-0.6295245652971979,-0.6178038845949745,-0.3609166528232928,0.030550576421960556,-0.9059811147184565,-0.8240861735596857,-0.8710298809051182,-1.3774974955388068,-1.3631124573658229,-0.7043751676338146,-0.28811390632503325,-0.4547007147732265,-0.5786070463874736,-0.34791300758079413,1.7656612750572973,0.0866822983909728,-0.04652547716629239,-0.8196667338065301,-0.6389563441827387,-0.7127453779516705,-0.4555325360674084,-0.616306397305729,1.3109051091073323,-0.23711060225204433,-0.14969377356835692,-0.08602139992103093,-0.49089158825360296,1.7777374445915481,-1.516419515635634,0.22095223639818726,-2.282037247668722,-1.8505389482517731,-1.3598253944445922,-1.9002397261393014,-1.3951023147104264,-2.0243193763114355,-0.46167096499684,0.12215907300571835,-1.973137564313649,-1.3774624269922138,-0.6989201177527341,-1.240803088095796,-0.5944776153984553,1.197676092370729,-1.958672318504172,-0.35433509523977696,-0.07026823501037374,0.5150602645566235,-0.5075592976874933
38105,Williams,North Dakota,-0.21082017762295113,2.177472462261117,0.4477599091808319,-2.2290555183936402,1.7452256398482002,0.190800966194296,-0.3312800504298231,0.5695357183007314,-0.18518232411596278,0.2819002145063755,-0.055299584228205995,-1.3934296795618122,1.9826835842942216,-0.651066577196751,-1.6801973534274721,2.3434961053084455,-1.3692256710935267,-1.9187598628896412,-1.7075104344138181,-0.22062734075727622,-0.20928573728415917,-0.35290266138934656,-0.5483218381040855,1.2398988436200897,-0.7695521047047343,1.5532129527947018,-0.8011251008974023,-0.6376349311806411,-0.6982304366290903,-0.35255135991076664,-0.6016727927724473,0.2473562573598545,-0.14145363082748205,-0.10744368248859824,-0.08602139992103093,-0.37995224501363356,0.8726253337886947,-0.6843467397453606,0.8594840068210952,-1.987266803432086,-1.6280643346894286,-1.4253992617211142,-1.9002397261393014,-1.3270809425475958,-2.21235090332722,-0.6506577604506157,-0.583274942342643,-1.823144167378898,-1.6366292168110326,-0.6573066268778787,-1.240803088095796,-0.5944776153984553,0.9000086430384084,-2.2308347011248983,-0.30604920010353015,-0.06722872808993836,-2.0988143500123035,-1.5328938298999069
39001,Adams,Ohio,-0.23978879730486477,0.055974492383486806,0.18251514191386445,-0.1424639666055029,-0.2199556250225761,0.7733950209913816,-0.6511608697033863,-0.22918000394406562,-0.49968656728599714,-0.6360227728274565,-0.6274261597418357,0.7920562270347207,-0.863316156884857,-0.43536966083223116,2.100960357655251,0.09705653039296828,0.2948094470655407,0.09056903320020857,0.5789995735613078,-0.2376514243137348,-0.3177993191736749,-0.35345280270377816,-0.05852471461100979,-0.4819816164923512,0.9263163785609216,-0.4757441877104161,1.7424557688350926,-0.4123659949125057,0.3343009978953581,-0.428081500109527,-0.6164288984944206,-0.3943118620438713,-0.0718549884823075,-0.38584225478734674,-0.08602139992103093,-0.28290375110105204,-0.055427295730488275,0.1760264247709697,-0.3036254158101437,-0.019474918933462183,-0.007177864449485444,-0.16310231664803845,-0.014735604140663477,0.5868537447791092,-0.09541168905962556,0.9260850133843173,-0.026623373867754246,-0.03988933715463771,0.5522372851527255,-0.5702383998166426,0.9063797258207039,2.2845720709009174,-0.588328603623195,1.579438655565271,-0.2553115792840088,-0.061000869630989045,0.8639338704625267,0.889156246192408
39003,Allen,Ohio,-0.021146156003287772,0.5111547664699411,-0.33616732608057,-0.30349974572043,0.19011934714179418,-0.01127676544186246,0.2857678696156153,-0.30397606211418354,-0.2803655068372005,-0.3645058442007296,-0.46205330708966647,-0.2748739005950828,0.1749750585965531,-0.8275458724040856,0.10336760463041615,0.5595397320457447,-0.17970983325263878,-0.96855739439585,0.46166427129839027,0.3218156007948692,0.46103058406457575,0.7951556126866733,1.037576226472834,1.741716391847875,-0.6023533185091396,-0.47473669499645227,-0.4247727523287947,-0.6346543641769384,-0.7023455071801097,-0.45506460357949197,-0.5867553685738514,-0.32524765160088237,-0.22765996300038638,-0.3405100110248016,-0.08602139992103093,0.7622066812117376,1.442382568970057,-1.7313841969561927,-0.43692559683080245,-0.4735807384331448,-0.4627211207914306,-0.21228271710543062,-0.2775634514495642,-0.3934542658028616,1.2060200035440054,0.09787817448394709,-0.570448869336309,-0.3898739300023903,0.06637761652853043,0.14167239791934624,0.47694316303740386,0.6051264205596165,-0.588328603623195,-0.0535356401590872,0.030174096843242543,-0.018273156718697878,0.21396699640368888,0.47094893305380164
39005,Ashland,Ohio,-0.16426712840204152,0.41518641382151095,-0.6583228728151166,-0.05464683255547595,-0.404796259188198,0.7404530361810084,-0.6196519879576173,-0.3184767900845211,-0.3326389136412839,-0.35872319719016205,-0.5938576098419154,-0.3264995519320088,-0.21745591316777466,-0.21967274446771134,0.17471020295273174,-0.2700204063611726,-0.4752617567753107,-0.015038613729933733,-0.927589511407729,-0.11594865294545385,-0.168036638192382,-0.012435525733844058,0.3035108280390808,0.5498575808067615,0.7947718584417693,-0.5060932678191865,0.4276226215033116,-0.5521025151454036,0.0354899431422114,-0.4454308506347965,-0.47085248447500355,-0.37003634457432755,-0.24863528650098293,-0.35389136751823075,-0.08602139992103093,0.0035624546439925377,0.9010259416164965,-0.8775343062908414,-0.422099572563324,-0.4815475071962969,-0.5580673837467212,-0.49097165303065604,-0.36898183312222593,-0.2840865693841929,-0.296119498795575,0.9019984610225618,-0.6012314445515102,-0.4870918724600991,-0.0628935292365189,-0.7751048164313157,-0.38192996252919614,0.845047227751231,0.3046737443737671,0.2186267424616392,-0.16326893111344226,-0.044677204112455626,-0.20460516839181808,-0.09904018485325662
39007,Ashtabula,Ohio,-0.036112251097270044,-0.21563659884763253,0.21592090976507516,0.09112941148748498,0.18955607907076286,0.5647571403701356,-0.3613308328516525,-0.29215128367156046,-0.4237835696974216,-0.4055951424093815,-0.3830856034201208,0.7232220252521526,-0.5720646940204102,-0.3961520396750457,0.6027657928866248,0.13329816167689668,0.4273358832774612,0.26873012639207866,0.6191884950664953,-0.20953351858338923,-0.2994022969872438,-0.1665742428352779,-0.41041960699931124,-0.5347125883053814,-0.07044228495814735,-0.4903547985494288,0.20012385889617657,-0.6344111548447354,-0.595395269888019,-0.4373099428923829,0.04073302732259957,-0.3443565785294689,-0.2009860758944513,3.7600261702162068,-0.08602139992103093,-0.303019750273015,-0.5583656838990737,0.6736783894940385,0.2742767767193391,-0.48951427595944935,-0.7063837927882844,-0.7532671221367492,-0.46040021479488685,-0.413460551733106,-0.21794908868788954,0.8390028625379699,0.1708981504297873,-0.5954204369129741,0.06637761652853043,-0.1963571894948643,0.47694316303740386,1.5648096493260741,-0.29066115429087425,0.762951507703092,0.059164349388221724,-0.05595403807157677,0.021913195077505932,-0.21529858850568753
39009,Athens,Ohio,-0.1295815189699413,2.346600982401294,-1.7232761504967755,-1.3036562055578325,-0.1879169230066483,0.45201622142962783,-0.4561710541786278,-0.24559058633245884,0.6379756427311568,-0.1448251148462808,-0.5630040383862323,2.08269751045787,-0.830642177077297,-0.5334137137251949,0.9594787844982022,1.6995072394754505,1.1604007892859736,-0.22913718379752382,1.3169897345671961,-0.18481377576194158,-0.17161566072685389,-0.1476865841462814,0.33174429560841195,-0.7871275146510381,0.3467136870697428,-0.5034444449211615,2.7069395514767383,-0.570737081772398,-0.2859141294391762,-0.4180572564369906,-0.5937009471529557,-0.3867473774235195,-0.19183139224242346,-0.37411366052993694,-0.08602139992103093,-0.05082423993790534,-0.6181431126315952,0.6229141657637017,-0.36143276206249675,-0.13100968161759458,-0.0495539813185034,-0.294250051201085,-0.09472668810424238,0.6055262783140041,-0.05104469953904705,-0.035524269365776795,-0.006101657057620078,-0.13155196861476354,0.2549760997219842,-0.4882918331707734,0.47694316303740386,1.0849680349428452,0.3046737443737671,1.579438655565271,-0.1815913696166925,-0.044004372005937695,-0.20801600630474062,1.0667732517725113
39011,Auglaize,Ohio,-0.18719366311744137,0.18281788502064616,-0.11479545452010846,-0.11125642139490322,-0.01563934472379931,0.7624848241445864,-0.6349120917259709,-0.33872228031076307,-0.37136935904825036,-0.3027716575501761,-0.57450605669724,-1.2385527255510345,0.5838116630793826,-1.160895652240162,-0.6814009769150549,-0.5087376381237069,-1.0872952800113072,-1.2654376200939799,-0.3566795993676293,-0.09683912166382377,0.03987640495646329,0.06413822641910996,0.14615026901981779,2.1301833195964472,-0.6708324223275038,-0.493628017062019,-0.46820544863794833,-0.6385099980122845,-0.7053745419936566,-0.4559197140441212,-0.5814434762293433,-0.35617508924113456,-0.21788569787597253,-0.3164637534578099,-0.08602139992103093,0.053494261254634086,1.793891238887528,-1.767153836674845,-0.4406637506139638,-0.48951427595944935,-0.4839091792259392,-0.2778565843819527,-0.3118453445768127,-0.30542660770978663,1.2123581449040883,-0.015143340444291277,-0.614057517557844,-0.4204281404890986,0.06075713193005026,-0.6521849664625118,-0.8113665253124961,0.36520561336800217,0.6023411937060877,-0.8700227880212664,-0.19319495681997662,-0.047125792465662904,-0.793445770717296,-0.9015461100651767
39013,Belmont,Ohio,-0.1246640877247757,-0.7761094107030779,0.4608430358050312,0.4855066317587981,0.46372236263943434,0.5466510951570512,-0.36371902488578345,-0.33159733898303,-0.4330693571402194,-0.5274575741719857,-0.6208551129487886,-0.49858505638843054,-0.3813749547233483,-0.8471546829826784,1.2448491777874646,-0.5950816405052692,-1.560676878971712,-1.5408157149072685,-1.1472919167584545,-0.08486067989630716,-0.11262164381349177,-0.16130491012027187,0.5861900895237326,-0.8187103433097777,1.4473751409487092,-0.45966885100887067,1.5345876395950075,-0.6182609704960615,0.7614162636501254,-0.3573426860752039,-0.600884357306093,-0.3383562479025454,0.031209692343320893,-0.33505444984318383,-0.08602139992103093,0.052508660901645306,-0.1512078060386321,0.12433767880800192,-0.3368369016127322,-0.2744115193543367,-0.26143456566359397,-0.49097165303065604,-0.25470885603139937,0.12404166359279095,-0.45457303279764044,0.43138428410825747,0.4633326149741986,-0.30932192053743135,0.18190979994173842,-0.15538390617192968,-0.38192996252919614,1.3248888421344598,-0.29066115429087425,0.2186267424616392,-0.07689706830190005,-0.04499592841499317,-0.6684760121354735,-1.027492714021977
39015,Brown,Ohio,-0.19370728258691622,-0.11130153321818795,0.48454274314510754,-0.1387708614816098,-0.18525030639582982,0.760813943473988,-0.6199948261074769,-0.29795087184066466,-0.5308229632614052,-0.48778607709598426,-0.6131330152896349,-0.41254230416021886,0.18664433709925307,-0.7098930089325312,0.745450989531256,-0.09181958651566803,0.02095914662567838,0.008127689966183151,0.18589894656971775,-0.19921713001018582,-0.20839429434641957,-0.0917092274018426,0.03769155019887801,0.5024319260813895,0.7801918218489607,-0.48825260765052575,0.6800373023051962,-0.6320069468883767,0.0580832072500756,-0.4471207535628692,-0.6027124129936406,-0.3902964314131103,-0.17904061259171114,-0.35972276351427895,-0.08602139992103093,-0.12572353627131913,0.8477321903538754,-0.7699039942964084,-0.37254297211125514,-0.0832090690386811,-0.07074203975301276,-0.21228271710543062,-0.03759019955882911,0.6548751169419397,0.08628169659607605,0.8037994398554035,-0.3447099844248336,-0.09266479163167982,0.5191388758505631,-0.5139001352476075,0.04750660025410388,0.845047227751231,-0.588328603623195,0.4907891250823656,-0.19109882493809305,-0.05247478280732547,0.399822858546661,0.4225079315319552
39017,Butler,Ohio,0.8012070883751122,0.9381291100512128,0.11033742121869339,-0.9192301567074029,-0.46489803739041846,0.0008447841297536228,0.006963622785421852,-0.31003129356577735,0.8807228376070844,-0.07019336120019984,-0.34370631073616903,-0.4813765059427885,0.8847417628195982,-0.807937061825493,-0.1106601903365306,0.4302737970661378,-0.05806070676516707,-0.6066430675628581,0.4039236215726686,0.9301804258316916,1.4424913477814458,2.2842723116120602,2.3393955286255568,-0.047861526466734895,1.06388612316153,-0.5104416782443029,0.03786221714135416,-0.6100251852236441,-0.3116759137778555,-0.44852562989683076,-0.6188777421274511,-0.37646080541453125,-0.06625708357539256,-0.3265807397175138,-0.08602139992103093,2.05161006574671,0.43426660879476175,-1.3079505834713234,-0.3900274045472367,-0.1947438317228135,-0.1237121858392854,-0.08113498255238405,-0.08329939039515956,0.5108298582441809,0.2616369408916952,0.1516097143678639,-0.9218832697098563,-0.13432962411355506,0.14319090604109577,-0.21172217074096478,0.04750660025410388,0.36520561336800217,0.007006295041446424,-0.3256980227798136,0.8754018472863346,0.09967452017616854,-0.5825733276936684,0.05274161991519531
39019,Carroll,Ohio,-0.24208496531928397,-0.6529005494854935,0.0760256515858081,0.5636425198033509,-0.01555101667518624,0.7717738145951066,-0.6365183892424889,-0.29207960599680016,-0.48900096607568194,-0.46613962962324446,-0.6105671498899521,-0.5502107077253546,0.08766139827046864,-0.6706753877753437,0.745450989531256,-0.8721810956103792,-1.2927205774318706,-0.9315411562487174,-1.3150247546810665,-0.18626232267500997,-0.30084957643607735,-0.3035371820915169,0.5120323472070416,-0.6449742630940623,1.5381686416259306,-0.48712008083963554,1.5836053534787002,-0.5594451317432343,0.04784026628473381,-0.4140222173598695,-0.5205258009224373,-0.32216464965136443,-0.2382461055585019,-0.31304161870727665,-0.08602139992103093,-0.09444871636141595,0.06093983751441256,-0.01847037020758663,-0.44286792097216254,-0.3620459757490121,-0.3885629162706486,-0.5073651198497859,-0.3004180468677298,-0.04401113822126118,-0.13132782343342705,0.974258118107829,0.15807207742345325,-0.38709627450359796,0.30743395597446777,-0.7443748539391147,-0.38192996252919614,0.845047227751231,0.007006295041446424,-0.0535356401590872,-0.25257912165226776,-0.0567770923324461,-0.22170289145930674,-0.5850649001224475
39021,Champaign,Ohio,-0.20702447131340104,0.00356440784878651,0.3661069222578278,-0.18561150646300173,-0.059589247988133545,0.6605253082489831,-0.4838185750124655,-0.27354545082892395,-0.3891450490020057,-0.2919732652836885,-0.5803679994421654,-1.1697185237684664,0.43622961142758887,-0.9844163570328273,-0.1820027886588462,-0.19093695845835087,-0.8921994796646299,-0.9267955695689928,-0.6397425377211803,-0.20806980699008495,-0.2792856018595476,-0.2483804686883989,0.11642529291568349,1.8830419312819733,-0.2349747697711177,-0.4897057602900637,-0.2366853792210087,-0.6287514341186935,-0.6989622044887861,-0.45499019495865844,-0.571403529740729,-0.35603822540804125,-0.23651275827498996,-0.3889076598541272,-0.08602139992103093,-0.18132641513088932,1.7477684958278803,-1.620932536493532,-0.4198507230762429,-0.4337468946173832,-0.42034500392241186,-0.35982391847760714,-0.2775634514495642,0.02801149112761844,0.7179831188176438,0.19237157221083495,-0.8269703294629859,-0.3898739300023903,0.08885955492245201,-0.45756187067857246,-0.38192996252919614,0.845047227751231,0.007006295041446424,-0.3256980227798136,-0.2183111084761174,-0.05196608449262835,-0.08111325371180099,-0.007002281961748616
39023,Clark,Ohio,0.07179007286603618,0.10905416579293405,-0.20166942113378958,-3.4572104272714975e-05,-0.7073632954923994,0.2139538401485895,0.027284978741274248,-0.2696204948981029,-0.28912440480096796,-0.14761189493195373,-0.4421893911568901,0.017671456980830835,-0.33565884011865316,-0.651066577196751,0.3173953995973624,0.6938842097954846,-0.011658109469631181,-0.4191204403605692,0.09530725217525177,0.11867189260932312,0.38893439698055454,0.8218492314232233,1.088812398458444,1.4576086409825961,-0.19802223664298907,-0.4777143355287591,-0.300252152772057,-0.6310491798514108,-0.6889152622723791,-0.45534146769504386,-0.5897868039438446,-0.31204328012579513,-0.20490505724821553,-0.29757858937309917,-0.08602139992103093,0.721007513180651,1.3455965110172128,-1.619499730854169,-0.44019461976069846,-0.35407920698585993,-0.3144047117498666,-0.2614631175628228,-0.17471777206782046,0.15338421629048268,0.7708009634849993,-0.23377512342022794,-0.8987963382984554,-0.2926559875446814,0.0020542927903657226,-0.22708715198706525,0.47694316303740386,1.0849680349428452,0.007006295041446424,0.4907891250823656,0.1990250061142575,-0.0012086492352890758,0.3861060585822087,0.38214043026375
39025,Clermont,Ohio,0.2836730766965934,0.00236418921991143,0.8799407535564038,-0.4404040538212234,-0.3126487751463026,0.6493638248531559,-0.5546084879492511,-0.31878647836725627,-0.06337282924392555,-0.4714801117466049,-0.5534078970066584,-1.083675771540258,0.8924984008831576,-0.9451987358756418,-0.1106601903365306,-0.3156614234854343,-0.33242103322259475,-0.35638867148412146,0.01725262714381398,0.053398251646762755,0.20923778441135205,0.6437190296623398,1.9739084683863637,-0.2190848814101439,0.4002673679550961,-0.4815452640273499,1.047347705829359,-0.6162067076403807,0.5291613572450851,-0.4389715705221422,-0.5387420368940699,-0.37006905572083,-0.2104326766953474,-0.30625961140738645,-0.08602139992103093,0.8331116501371283,-0.03460165473387592,-0.32604122925301143,-0.3978015729727754,-0.05134199398607136,-0.007177864449485444,-0.06474151573325176,0.01954628898658416,0.7455702798257142,0.3060039304122737,0.9686996829474237,-0.7628399644313166,-0.026001059660679296,0.5803397081451277,-0.4626835310939393,-0.38192996252919614,0.6051264205596165,0.3046737443737671,-0.3256980227798136,0.3788618923019301,0.023096254332572633,-0.5726120649240534,-0.3218687918537494
39027,Clinton,Ohio,-0.19799502489955617,0.26368899373470966,0.10235367722550548,-0.29390549454617065,-0.3031547369571368,0.6574829829101725,-0.47991506095094205,-0.2899991428040333,-0.38274281531807075,-0.3034651469784953,-0.5800682034547292,0.052088557872114846,-0.19576478371569705,-0.9255899252970493,0.5314231945643092,0.8597719897333735,0.011436087197510983,-0.35165995590216653,-0.032627826715045584,-0.01776918080605826,-0.030251843018829903,-0.012636472098324173,-0.13736437329027346,1.7869213882191894,-0.22861588498732804,-0.5193618459236348,-0.27588280189800773,-0.6345427030006675,-0.3298824756224581,-0.4545145139477964,-0.6089018611942753,-0.40060092063996366,-0.1862502812540204,-0.38409726232419805,-0.08602139992103093,-0.05457701434729798,1.6560030617166508,-1.5864381432686245,-0.43292681479582706,-0.21864413801227023,-0.17668233192555804,-0.2614631175628228,-0.14043587894057283,0.502827343872083,0.403188764600207,0.6944835483674352,-0.6910139555958473,-0.20099335608455557,0.4204681462327956,-0.40122360610953733,0.04750660025410388,1.3248888421344598,0.007006295041446424,0.4907891250823656,-0.21490489416805658,-0.049595868781333464,0.46686442689318836,0.9505148481200798
39029,Columbiana,Ohio,-0.022516827726180865,-0.6929006872084095,0.36023522038646183,0.458952507928388,0.2932639233770041,0.665667118551243,-0.48719047942213495,-0.31559768925679216,-0.4876893857294284,-0.4883396959811728,-0.5655339889375017,-0.22324824925815678,-0.2079145619214494,-0.7295018195111219,0.6741083912089404,-0.23577418183985813,-0.4371060791474946,-0.7593564751403666,0.3061745939985657,-0.04943368240978835,-0.03178753075415226,0.21839651430698556,1.0608646180443397,-0.29148697211367397,1.162979322361613,-0.47491813320503745,1.1611194393565043,-0.5998059025108802,-0.01991052165913255,-0.4274544024183632,-0.5400899215151254,-0.316230265276386,-0.14479549170048256,-0.36291586826337235,-0.08602139992103093,0.3441338697306976,0.2392249604484374,-0.3811534157417387,-0.34179628491867925,-0.40984658832792614,-0.4839091792259392,-0.6712997880410948,-0.4146910239585564,-0.0746874433143025,0.05036556222227456,1.2744136167697084,0.2606806614741241,-0.48431421696130683,0.4729260024852796,-0.442196889432472,0.04750660025410388,1.0849680349428452,0.007006295041446424,0.4907891250823656,0.08370032168419829,-0.031027615538103265,0.5745012470538948,0.40636093102467347
39031,Coshocton,Ohio,-0.21371674671256924,0.05376507548755315,-0.26342149579950297,0.08165581531405271,-0.21351247098850892,0.743090723272182,-0.5725924772654015,-0.31799536257807476,-0.49766690239616607,-0.48803241120616786,-0.6179172467638815,-0.3437081023776508,-0.4148040054928476,-0.23928155504630408,1.3875343744320952,-0.2941940615782184,-0.827181793995735,-0.6112082381075306,-0.8954128027641146,-0.19782106069695943,-0.3024170930092224,-0.3053748678899481,0.2700660697577282,-0.40060886418871994,0.8706885752228657,-0.5009508045905546,1.8765259285349718,-0.5865896703038325,-0.2538290479816241,-0.41741505033698406,-0.5346904643331137,-0.3548482289600144,-0.16483021656018337,-0.34420243793339245,-0.08602139992103093,-0.16388134525215983,-0.000476347809101377,0.07121607851981256,-0.3173940340274051,-0.3062785944069459,-0.293216653315358,-0.4581847193923938,-0.28899074915864703,0.03734775789506558,-0.05949555468582407,0.9409075071453981,-0.6294488051654448,-0.33154316452776433,0.1637993495688576,-0.5856033810627431,0.04750660025410388,1.5648096493260741,0.007006295041446424,0.4907891250823656,-0.22259694955604006,-0.05739683835338978,0.6609085305817652,0.8132653438081823
39033,Crawford,Ohio,-0.19938326933684533,-0.3015151628355405,-0.18381457808875995,0.3693229729588505,-0.5474465982171132,0.7349446801188197,-0.5943443351208595,-0.3253165467170379,-0.4273322062437585,-0.23933585871751104,-0.5731327982000907,0.03488000742647284,-0.42818935436359173,-0.807937061825493,0.5314231945643092,0.2370977343159174,-0.4148462230236377,-0.5824914441968755,-0.2678112953052774,-0.0873390833736168,-0.022809391542922983,0.16656836664027516,-0.10559377315294606,2.070296920853566,-0.6040117671855972,-0.5108230686078917,-0.3932756730495096,-0.6351374285471014,-0.5901421470780567,-0.4536064672888041,-0.5620622089132489,-0.38959934886074127,-0.13597588979035408,-0.39653294029351666,-0.08602139992103093,0.003342901876305086,1.7651608966215229,-1.7175696064193218,-0.4400680288955316,-0.46561396966999236,-0.49450320844319384,-0.3926108521158693,-0.3461272377040603,-0.41612805652380513,-0.2137236611145012,0.5944317154801423,-0.6833183117920469,-0.4426493844794316,-0.22401408772629086,-0.5753600602320095,0.04750660025410388,1.3248888421344598,0.007006295041446424,0.4907891250823656,-0.17814772438216947,-0.04933502241257934,0.7336814598962145,0.36437872970573976
39035,Cuyahoga,Ohio,3.2963509479009576,-0.006637373308433761,0.3098367347774878,-0.14818925998993632,-1.0686878993733524,-1.3321895092491758,1.447595788370057,-0.3007327981255882,0.6938171982775908,-0.3648663988363838,-0.2521964982914636,0.2930082641111029,-0.22095669671858464,-0.8863723041398639,0.24605280127504683,1.6496479328743394,0.9859482649928804,0.32456765941394594,0.6400335990666285,1.0694471427588501,1.7120862605970866,2.1052074120804285,0.5949797555774858,-0.8208003518708284,-0.7920614372037401,-0.5050136629093758,-0.5375989604821778,-0.6370393905831311,-0.613387763073775,-0.4547094208287138,-0.5828681003424461,-0.39663337015638545,-0.2264549099926934,5.015040550277757,-0.08602139992103093,1.6251231009439473,-1.1665766644752484,0.43255119050832674,0.18516425416337978,-0.37001274451216454,-0.5580673837467212,-0.3762173852967394,-0.1975723674859861,-0.568175829593662,-0.41020604327706234,0.3943280497055561,-0.5935358007477098,-0.38709627450359796,-0.39887360856790327,1.416965841345686,0.04750660025410388,0.36520561336800217,-0.29066115429087425,0.2186267424616392,4.434296904386496,0.13708453019030276,0.04344017681264794,0.31916712828535027
39037,Darke,Ohio,-0.17121127937421998,0.04677532813114399,-0.22255876175140094,0.06774497391373835,-0.1388118843910571,0.7730656059015835,-0.6278509011256485,-0.3298144425048621,-0.45035992695689403,-0.44634415713263315,-0.5808224503595161,-0.41254230416021886,0.07564890569415984,-0.7098930089325312,-0.1820027886588462,-0.14672494927527927,-0.8958006032897887,-0.9388110330736704,-0.6610697844574949,-0.14537915388812575,-0.13309484461371607,-0.16263871191598753,0.1116207398968086,2.304396561879753,-0.6829399594821467,-0.49686061075432186,-0.5266579311898599,-0.6385653981835419,-0.7082785088116664,-0.455530120197067,-0.6093347681954764,-0.37174073224921134,-0.24018784775909963,-0.4132732398741755,-0.08602139992103093,-0.09606650585612632,1.9599475541807205,-1.8640269627697483,-0.29312582052277814,-0.39391305080162153,-0.3461867994016306,-0.294250051201085,-0.2775634514495642,-0.04934614780265955,0.8067170978588004,-0.3338269563075212,-0.7807964666401841,-0.3454314420217227,-0.0872489624966007,-0.5395084373244416,0.04750660025410388,0.845047227751231,0.007006295041446424,-0.3256980227798136,-0.15771043853380456,-0.05306989526926997,0.2826124001653428,0.26588202661131904
39039,Defiance,Ohio,-0.20936164232807772,0.10599696646242865,-0.17952238328887116,-0.008247647949307955,-0.19350279069682927,0.6677118030346135,-0.5182423972387928,-0.2756319921649556,-0.4508819044665093,-0.4595920525876348,0.04245038102867119,-0.9804244688664046,0.3566725891650638,-0.9844163570328273,0.24605280127504683,-0.5752454748948871,-1.1583391868455417,-1.2812083748018874,-0.47228258634604386,-0.05845959625968451,-0.004675619890991197,0.0935930162556524,-0.275338059743255,1.9237101814688684,-0.49504732542077273,-0.5102417630169594,-0.41530257884906013,-0.6375001012116077,-0.692648369517129,-0.455084535559867,-0.21343987248208035,-0.21112701540413822,-0.1412855242117541,-0.3422450389050971,-0.08602139992103093,-0.0564796854822572,1.6701326149521878,-1.5993537449679731,-0.4315566548434333,-0.6010490386435817,-0.6534136467020117,-0.3926108521158693,-0.47182751250396965,-0.7068860787100224,0.32501835449252153,0.5962845272002772,-0.4627098560831047,-0.5620885709274742,-0.14657629992500515,-0.4626835310939393,0.04750660025410388,0.1252848061763878,0.3046737443737671,-0.59786040540054,-0.21271518497001748,-0.05165088639745228,0.5515872004571158,0.5807485365033198
39041,Delaware,Ohio,0.29172430867572396,0.24301236953372762,1.9877763218961866,-1.2138301598562304,-0.1548581979414444,0.11230264508216718,-0.39517281403176857,-0.3336725624090452,2.256047815045388,-0.38424292187806586,-0.50085113342767,-1.6687664866920842,3.7430972106485942,-1.4354190003404599,-0.5387157802704237,-1.2065569400871865,-0.7763974489774562,-0.4450539738157048,-0.37444699254040653,0.25543364753940073,0.8521618572651498,1.0715351142894658,1.1963249240086982,0.8254094425354629,0.17524753820691233,-0.5029354890869229,0.0012306352882975769,-0.6292350803445196,-0.5332299105113335,-0.4446218384677394,-0.5841325730312957,-0.37245290159516053,-0.11009136908118973,-0.12794515958732064,-0.08602139992103093,1.0040216850125863,0.8920159867948634,-1.3007057725731783,-0.39938023552662044,-0.3381456694595551,-0.2826226240981033,-0.22867618392456057,-0.22042696290415092,-0.2800853121981439,0.22783352030458823,0.35912462702299014,-0.8885354798933883,-0.28432302104830603,-0.1590662656994058,-0.5190217956629744,-1.240803088095796,-1.3142400369732985,0.007006295041446424,-1.4143475532627192,0.21856394972752943,0.02478932082036696,-1.004993851675148,-0.19430748784622098
39043,Erie,Ohio,-0.10340110330553672,-0.5516651659774786,-0.36421951970426275,0.6896261601508691,-0.527046079112578,0.21995936688147114,0.04346604512022184,-0.2826237332812284,-0.3227383509233799,-0.28237923200073484,-0.37629324587992025,-0.49858505638843054,0.3478863088806779,-0.8471546829826784,0.745450989531256,0.29103456049368215,-0.41756128792388386,-0.7544071983306173,-0.09332238455614618,0.06358626603914472,0.055399299276030205,-0.06393699924921616,-0.5948413018852247,-0.02913293915981862,-0.6833944125948364,-0.4950097769416501,-0.4903524352859269,-0.6307157665673266,-0.645583840812321,-0.45341824788362767,-0.5716193231929109,-0.136855541739883,0.07062548251101677,4.722801335829452,-0.08602139992103093,-0.15400746597639353,-0.33791060840598114,0.39501385043461024,-0.27384677641002,-0.42578012585423075,-0.6110375298329939,-0.2778565843819527,-0.23185426061323375,-0.5535045532448162,-0.45668574658433464,0.27018966445650733,-0.8859702652921216,-0.4120951739927233,-0.5187772800021521,-0.2578171144792662,0.04750660025410388,0.6051264205596165,0.007006295041446424,-0.0535356401590872,-0.016015666411120663,-0.04606882903979432,1.0862312001870102,0.6889334399021102
39045,Fairfield,Ohio,0.14059017851236447,0.24792074226585548,1.0622837463550585,-0.7574405679780458,-0.1435337149794187,0.15846896334773303,-0.04645660942774453,-0.29422290264780854,0.1775792979600339,-0.26593225352172334,-0.531554764666848,-1.1008843219858984,1.1024081283023135,-0.9844163570328273,-0.1106601903365306,-0.28745509327196456,0.012971194162192966,-0.352725029874788,0.8932336170812296,-0.05711826855356317,0.09754222508834193,0.420289601723598,0.9593277991907309,0.7541710662317047,0.5262721381234315,-0.5082419853857847,0.3160393561497844,-0.6102864237065981,-0.4067632908121203,-0.4318158966265222,-0.5994179641874422,-0.38503429235417447,-0.21842592168247071,-0.353962355350498,-0.08602139992103093,0.4231561507549333,0.9807061599267279,-1.1361534719671533,-0.3612763851114084,-0.2106773692491178,-0.13430621505654008,-0.19588925028629833,-0.15186317664965565,0.27208817947659897,0.2996657890521912,0.5166136232344699,-0.5961010153489769,-0.1787721120942218,0.24498412710246328,-0.12977560409509556,-0.38192996252919614,0.1252848061763878,-0.29066115429087425,-0.59786040540054,0.17428316372273878,-0.006066757875683535,-0.3617280662354038,0.151238323009616
39047,Fayette,Ohio,-0.23736669150394044,0.07411872239689474,0.4016284335144558,-0.2683021674002916,-0.38157458328520294,0.6268435272838492,-0.46069103816684864,-0.29769019177794565,-0.2524015390804242,-0.41686193142913236,-0.5384106250212001,-0.15441404747558876,-0.32254806250679613,-0.651066577196751,-0.039317592014215016,0.8245168848740606,-0.07312646478537754,-0.3897179882495789,-0.13444781413665666,-0.09928322489451245,-0.04679325991963709,-0.167899082379823,-0.45546413116559464,2.313779384584281,-0.4712488879854773,-0.517454903383572,-0.6126728985817083,-0.6358843899502337,-0.6420210428404736,-0.4553507687624406,-0.5988957946887357,-0.394789864606139,-0.24241273996549198,-0.4055455674210282,-0.08602139992103093,-0.2167242148938587,2.064973109558932,-1.9140431069533088,-0.43694793639524365,-0.2664447505911843,-0.22965247801183067,-0.21228271710543062,-0.16329047435873767,0.36945210433712106,0.6165728570563221,0.0626747518013811,-0.6858835263933136,-0.2287699110724724,0.2093877246454207,-0.4473185498478388,0.04750660025410388,1.5648096493260741,-0.588328603623195,0.762951507703092,-0.2552928638207777,-0.05622457462396187,0.5624592404848894,0.6453365385324485
39049,Franklin,Ohio,3.5355858816889905,1.0640067075448867,1.1747647399686294,-1.5653022757802464,-0.5548247384354337,-1.0591079223691175,1.0399654242547967,-0.26788953282715317,1.607297486485369,-0.22424942174556606,-0.2867650562548871,-0.17162259792123075,0.6127102880772454,-0.5726313348823804,-0.25334538698116177,2.248674541860818,0.8493521744279523,-0.10570400495928743,0.4149983570154232,3.5774139050680964,5.282380899642089,4.4248071332221945,2.589241438039967,-0.19290659855565825,-0.25084080015956667,-0.49515167609174754,-0.41788808060853705,-0.6340047620420721,-0.5746696978381899,-0.45203076799450115,-0.6053369097358501,-0.3762031162894499,0.23023959752252338,-0.30006043230304424,-0.08602139992103093,4.565363289399797,-0.3034423919531653,-1.6760043427206264,-0.3352061134085244,-0.23457767553857511,-0.1554942734910487,-0.06474151573325176,-0.10615398581332439,-0.09736123403524605,0.08628169659607605,0.12196472684570298,-0.6704922387857131,-0.15932852360267954,-0.14220481190396483,1.4528174642532539,0.04750660025410388,-0.1146360010152266,0.3046737443737671,-0.0535356401590872,3.0326397166194687,0.4359085790556694,-0.9080720825716818,0.3385435288940884
39051,Fulton,Ohio,-0.19753227675379312,0.09083905509477487,0.15415943461193177,-0.16046237203705235,-0.16241995324616337,0.749703289189259,-0.6153729743259349,-0.2990829175191655,-0.44204240441602227,-0.4102360924664203,-0.06765646488613673,-1.3073869273336023,0.5911564442546113,-0.8667634935612711,0.17471020295273174,-0.9208575284490162,-0.9849447574966133,-0.9449500005314189,-0.256103040086469,0.004179495277494375,0.0067707846026698265,0.05255013919928819,-0.11678213495477854,2.1966046817624094,-0.6744302131358896,-0.5109886524335215,-0.5749154106175618,-0.621492541981422,-0.6947388471570597,-0.4556376928927008,-0.36478485284990625,-0.3654413613253358,-0.16874676866991498,-0.3990122543126996,-0.08602139992103093,-0.010816104824481441,1.8576634567336903,-1.8013896227249198,-0.4365905033641844,-0.5771487323541248,-0.6428196174847571,-0.32703698483934723,-0.4261183216676392,-0.7442311457798119,0.027125710568638415,0.5314361169955504,-0.17284060613996013,-0.5287567049419744,-0.20340564419852905,-0.647063306047145,-0.38192996252919614,0.1252848061763878,0.007006295041446424,-0.8700227880212664,-0.2067823831257577,-0.049257569567704246,-0.6443348921982555,-0.7142409041807044
39053,Gallia,Ohio,-0.23334546869297418,0.03964516388654082,-0.10718382872395404,0.016855110225956756,-0.290061763772929,0.618560136289694,-0.4883220342156893,-0.268386391839329,-0.3648780703055967,0.8117375826319425,-0.5990389757440601,0.34463391544802896,-0.5236028668268444,-0.43536966083223116,1.0308213828205177,-0.35766441131935717,-0.07144470050762411,0.15949213451900984,-0.08440408438199914,-0.19550700905478302,-0.24495686975337932,-0.08279833053102562,-0.03874372356788771,-0.7647322788498282,0.9360973521200554,-0.4730202859945627,2.265085289511983,-0.5425703222918007,-0.25563114631336376,-0.3669819446054613,-0.5908631623857401,-0.39140332116095716,-0.03973729681720423,-0.3726019468077518,-0.08602139992103093,-0.15367456452389505,-0.3294050514790991,0.38660084548316487,-0.38903701719034345,-0.0035413814071578774,0.08816839850580516,-0.19588925028629833,-0.014735604140663477,0.2987632273835913,-0.4926018809581361,0.18310751361015987,-0.15231888932982596,-0.0148904376655132,0.01891574658580669,-0.5139001352476075,0.04750660025410388,1.5648096493260741,-0.29066115429087425,1.3072762729445448,-0.2484804352046561,-0.05761731542997999,1.3258452105271006,1.5592567672446154
39055,Geauga,Ohio,-0.0466324494490478,-0.285513821961426,-0.32359381031720813,0.4241937636629184,-0.16147987748178225,0.7348812227301176,-0.6084240927589254,-0.36143821840466067,-0.3430198108215598,-0.6374581368971239,-0.5842123842328029,-1.5483066335725904,1.657247999698336,-0.3961520396750457,-0.25334538698116177,-1.8157242404621197,-0.30082337541719745,0.288189157395224,0.25073632093254355,-0.1331717648522911,-0.1194089020620544,0.7427577763459298,2.0805303159351607,-0.6922539184952493,0.7935519139944158,-0.47077400348380927,1.4590120701882263,-0.6117283785630975,-0.20805756230536468,-0.4400946320344849,-0.011110232006265212,-0.2476625477743804,-0.0862743940163662,-0.3015545498024656,-0.08602139992103093,0.7583336471187859,-0.32254065566569345,-0.01381678471319402,-0.4358532977376247,-0.505447813485754,-0.685195734353775,-0.7368736553176192,-0.47182751250396965,-0.3774492370586663,-0.26654150578185637,0.6963363600875705,-0.08049288049435616,-0.5954204369129741,-0.04041159084259688,-0.6931582497854465,-0.8113665253124961,-0.354556808206841,0.9000086430384084,-1.1421851706419928,0.011308909906290309,-0.022916443058793208,-0.35479091667618223,-0.4219801949988986
39057,Greene,Ohio,0.17386997079277944,0.47941958738721513,-0.07010778008129723,-0.4067650733363601,-0.3682188227979454,0.16699422372284767,-0.11943144308248739,-0.26129211795120705,0.747896159072296,-0.07647710507655252,-0.48935494264095264,-0.7911304139643425,0.9601115733840957,-0.9451987358756418,-0.1106601903365306,0.6814420012322209,-0.32081999386369864,-0.8763763819829664,-0.022060321904855545,0.14139090071324298,0.6106327672225321,1.1427484050403793,1.6542284051402507,1.1881626390093933,-0.13938494770917487,-0.5004054729466987,-0.16295256282896314,-0.6292623770716922,-0.5558343816469832,-0.4546705082186962,-0.604427419637343,-0.31935179230804395,-0.06797835048889132,-0.38016671387901274,-0.08602139992103093,1.0567441542842868,1.1068256019053384,-1.5323101988901706,-0.4299854388110686,-0.25847798182803183,-0.2084644195773213,-0.21228271710543062,-0.11758128352240721,0.16138673066258047,0.2299462340912824,0.0552635049208407,-1.047578785171928,-0.20932632258093095,-0.09286944709508087,-0.23220881240243207,-0.38192996252919614,-0.354556808206841,0.3046737443737671,-0.3256980227798136,0.22344868563084744,0.014012904300295705,-0.12020158829365937,0.4531872324957914
39059,Guernsey,Ohio,-0.20705375917072782,-0.16226685466041985,0.04182715996769904,0.12866264922492252,-0.031656704720980554,0.7079525808754789,-0.531255294737006,-0.27944862483773786,-0.4304801203074252,-0.395036294565205,-0.6195189099184832,0.1725484109916089,-0.5106293748444309,-0.592240145460973,1.1021639811428334,0.0186424220517618,0.20993229255935383,-0.010601766321736742,0.5826079486470835,-0.1905329362935812,-0.2295182613584272,-0.20857633623204488,0.5298285933043696,-0.76514699454435,1.1080978074487176,-0.4896735745604778,1.976628915432873,-0.6052837591953534,0.03119403937537613,-0.40957870293769577,-0.4857679415727265,-0.24887189382357036,-0.19735289119454683,-0.3068072037636842,-0.08602139992103093,-0.03641114599055471,-0.2519858017308669,0.26070575860752626,-0.3465546121446556,-0.29034505688064105,-0.22965247801183067,-0.42539778575413156,-0.3232726422858955,0.15471796868583226,-0.31724663666251696,0.4962326943129844,-0.17027539153869295,-0.31209957603622285,0.10447201214045314,-0.5190217956629744,0.47694316303740386,1.3248888421344598,0.3046737443737671,1.0351138903238184,-0.20236553380321728,-0.05549580853680822,1.1923388765226768,1.173343455120573
39061,Hamilton,Ohio,2.0732929547205456,0.6522967844134199,0.34701694757666035,-0.7737689377894843,-0.7771604861273442,-1.0510995737958149,1.1944001105256408,-0.3042516054060337,0.5440014139613591,-0.1261908029147842,-0.44659651322675303,0.017671456980830835,0.3108878317456468,-0.807937061825493,-0.1106601903365306,1.6902359233693418,0.8216663099670797,-0.1033374508568964,0.6790406078001414,2.2421772105153743,2.994958809033226,4.113142828665761,4.649191324684245,-0.7048454270426683,-0.36789351634175066,-0.49575924411468614,0.48350864736674914,-0.63315951604265,-0.13527864645423024,-0.4435062335924744,-0.6034477963392605,-0.3822207815689473,0.0337859112589969,-0.26900533830617007,-0.08602139992103093,4.051744555151941,-0.8604749634366802,-0.9126995296507326,-0.432703419151415,-0.06727553151237622,0.01401019398502316,0.05001275200066485,0.06525547982291542,0.5828524875930603,0.462344750627645,0.5684923513982517,-0.7961877542477847,0.004553150826029048,0.40735368216967505,1.3759925580227514,0.04750660025410388,-0.1146360010152266,0.6023411937060877,-0.0535356401590872,2.385590006330531,0.3435820977001392,-0.7098328801727779,-0.2669689901289903
39063,Hancock,Ohio,-0.09895813534906488,0.24717728023831928,0.3055992410883784,-0.3799134382672058,-0.24068151787417882,0.5812098916550824,-0.502908580831889,-0.3076207915043333,0.1354585374523426,-0.5476355338147986,-0.2889544070668611,-0.8943817166381945,0.48036694129368346,-1.0628515993471983,-0.5387157802704237,0.34489533239620285,-0.9399557959512593,-1.2629954268516124,-0.6503228107000294,0.07877102248648463,0.13899283370950144,0.19379916397687935,0.1366639630692511,2.175792121480056,-0.7530540847558611,-0.4953523790973414,-0.5222922620991021,-0.63698718707924,-0.7074580656173269,-0.45533640317623914,-0.5693059931396574,-0.3302649599231379,-0.19519148031767178,-0.3736091553456603,-0.08602139992103093,0.16218225257594907,1.8015947744552918,-1.8215675533960434,-0.34259306271708223,-0.40984658832792614,-0.42034500392241186,-0.14670884982890617,-0.2661361537404822,-0.5268295053378238,0.259524227105001,0.31836276918001877,-0.7756660374376506,-0.3426537865229312,-0.2514920124299727,-0.45244021026320563,-0.38192996252919614,0.1252848061763878,0.007006295041446424,-0.3256980227798136,-0.09351639965111988,-0.041179904051987654,0.16836410223688353,0.6663276391919152
39065,Hardin,Ohio,-0.2290489400231362,1.4030107800241638,-1.1152373060742509,-0.7371588656827937,-0.08769775672070318,0.7294795298656924,-0.5932944561445606,-0.3038993389882849,-0.32196649240565395,-0.3015705663593064,-0.5626273668707122,-0.10278839613866274,-0.3134872109635232,-0.7883282512469002,0.17471020295273174,0.06719135289078572,-0.29260941727485607,-0.07986258983167215,-0.5459495218673333,-0.18181104126906483,-0.23749306688019295,-0.1988037476860003,-0.19051062320081397,2.2414952701030204,-0.5457699349992344,-0.4966626644147402,-0.4783740317428284,-0.6368159260821592,-0.7082485725754476,-0.455714467615623,-0.552917670763748,-0.35046217885370456,-0.22761351982215042,-0.4130091856121989,-0.08602139992103093,-0.22979905408399867,1.9600806909059652,-1.8064196644782704,-0.3895433806510107,-0.38594628203846915,-0.37796888705339393,-0.19588925028629833,-0.25470885603139937,-0.46681064754709084,0.31868021313243905,0.29983465197866827,-0.6858835263933136,-0.3287655090289728,-0.19029118013540805,-0.5702383998166426,0.04750660025410388,1.0849680349428452,0.3046737443737671,0.2186267424616392,-0.26148768215027296,-0.05694595621633378,-0.47138779601245406,-0.1797751873896671
39067,Harrison,Ohio,-0.2768613671090972,-0.761991027080574,-0.02243414267247299,0.7131801733458587,-0.21620611708900508,0.7003416724770529,-0.5115498475543245,-0.3207096951559526,-0.5320475249300781,-0.6254056068419646,-0.6156664679612568,0.00046290653518882833,-0.3833655963502795,-0.6118489560395658,0.9594787844982022,-0.8972282754632265,-0.9079706167120878,-0.6057361313658816,-0.7372587307874493,-0.16028898921353132,-0.3102753174496207,-0.3785661738744941,0.17785763377476804,-0.7597530638483102,1.2084636385260992,-0.4534572725389986,1.8067835244795756,-0.5645151734494247,0.3737356135063685,-0.38615662597673117,-0.5546886782183054,-0.30680679430069846,0.04796411456102889,-0.2537770083046846,-0.08602139992103093,-0.20864736041555984,-0.20126078861870583,0.28574987410419456,-0.4341331512756521,-0.3142453631700983,-0.3249987409671213,-0.47457818621152376,-0.2775634514495642,0.040015262685765,-0.25597793684838516,0.672249807725815,0.1401155752145858,-0.3426537865229312,0.20376724004694052,-0.5651167394012758,0.04750660025410388,1.8047304565176885,0.007006295041446424,0.4907891250823656,-0.3067229567798499,-0.06322862843585624,0.19982809364753254,-0.12326068561417954
39069,Henry,Ohio,-0.24181551703187765,-0.03453075602146545,0.10678762407544239,-0.021369598257342148,-0.23344383243083494,0.7444370733557051,-0.6285462787823898,-0.27756976776097997,-0.43913789218883836,-0.5862581513227967,-0.14396112497326108,-1.2041356246597503,0.3863949279395878,-0.9451987358756418,0.5314231945643092,-0.7137004833144636,-1.3553878217574444,-1.0014558106707228,-1.4665460275774196,-0.11288321985661626,-0.12737085945798152,-0.027830126609191767,-0.15896067628313024,2.3884032915055293,-0.7944427957995616,-0.5110854716174067,-0.6378582939550049,-0.6342875236352593,-0.7053508503763505,-0.45454439893171333,-0.514522582112753,-0.3993104769574291,-0.2358788057855847,-0.3386596565208991,-0.08602139992103093,-0.11483529506079052,1.9922093808117087,-1.8872894826171993,-0.4274163889003304,-0.529348119775211,-0.5474733545294665,-0.22867618392456057,-0.3346999399949775,-0.6855460403844285,0.20881909622434003,0.672249807725815,-0.5319706503173076,-0.4482046954770154,-0.1621887571430063,-0.7443748539391147,-0.38192996252919614,0.36520561336800217,0.007006295041446424,-0.59786040540054,-0.2622363006795171,-0.057428952602103504,0.7988020813810635,0.9602030484244494
39071,Highland,Ohio,-0.19450098352047185,0.0893432736808314,0.04921141633877089,-0.10681837861446362,-0.3640317495481644,0.7139601147670064,-0.5392733846638734,-0.29513165571024047,-0.47388693109361546,-0.48558204857491444,-0.6102436328324243,0.1897569614372509,-0.5900491114775125,-0.3961520396750457,0.8881361861758866,0.3925233178427754,0.09399081366607559,0.1321377217445689,-0.1310833139224998,-0.20043770919560377,-0.2612765650968468,-0.15454299522102063,-0.14394562268246056,0.731748134901471,0.7539384593576989,-0.49023403794497505,0.4314444899778528,-0.6064581441423657,0.017650300383640193,-0.4426410693070653,-0.6128251276861961,-0.39789595875081407,-0.17527444844179113,-0.3440126063714755,-0.08602139992103093,-0.21294557745153203,1.0616435179750126,-0.9402164418469874,-0.3244458898693449,-0.17084352543335618,-0.1554942734910487,-0.2614631175628228,-0.12900858123149003,0.5815187351977109,0.44966846790747966,0.8556781680191853,-0.29084047779823125,-0.17599445659543028,0.6228055917780904,-0.5548734185705422,0.47694316303740386,2.044651263709303,-0.588328603623195,1.0351138903238184,-0.1942991691506117,-0.05470801110634825,1.1526330659873152,1.4139337626790762
39073,Hocking,Ohio,-0.23813110458016928,-0.32451530406274254,0.43294367690181723,0.08335609880826944,-0.1807331956171757,0.7640264962735307,-0.6269832247656651,-0.26941798807625084,-0.47621546072445575,-0.4555501595569528,-0.6202791356144763,0.08650565876339886,-0.3230285622098485,-0.8275458724040856,0.5314231945643092,-0.43666998034273385,-0.5122780726105227,-0.11845088183889023,-0.773747176532791,-0.23970407072701932,-0.3361338276641375,-0.4134240616764907,0.2761979033547008,-0.74249903839631,-0.054142258816158695,-0.5000420309975754,2.6357426251920972,-0.3588296719354655,0.32946092088691836,-0.40933466529147755,-0.6126799373271552,-0.3986868215381202,-0.1918431015864458,-0.3921985967387929,-0.08602139992103093,-0.218308824464465,-0.7555819964714896,0.8288437250546912,-0.42446756639409156,-0.18677706295966107,-0.11311815662203072,-0.294250051201085,-0.16329047435873767,0.390792142662715,0.1644521067037619,0.1423456557671885,-0.30110133620329854,-0.18432742309180486,0.2062652332018202,-0.30391205821756767,0.04750660025410388,1.3248888421344598,-0.29066115429087425,0.4907891250823656,-0.25693982458511483,-0.05693359420758257,0.4855029663794926,0.5678309360974945
39075,Holmes,Ohio,-0.1921608837200625,2.1221113236022493,-1.321446578307963,-1.2969564251304475,-0.0010337320569458388,0.8167517889371251,-0.6713840301436031,-0.368480025942818,-0.5788854152844727,-0.5558882686622963,-0.6282580910288302,-0.9115902670838365,0.47185523226818465,2.309863820170749,-0.6814009769150549,-0.4789091186663691,-0.4008559765734031,0.495618437723399,-1.4972621929809864,-0.16172754740907663,-0.20796992382072788,-0.14321448408889292,0.28448892618478866,-0.33659928131901456,2.25212075987116,-0.5093138205274402,0.9495722885796624,-0.5985764553352443,-0.25990012083016706,-0.44796777344977406,-0.5194545155405866,-0.35602863677387553,-0.20959652322493577,-0.39669826478217673,-0.08602139992103093,-0.06822080884085638,0.6876261640504033,-0.6390713821867027,-0.4242367242281991,-0.39391305080162153,-0.42034500392241186,-0.5073651198497859,-0.3461272377040603,-0.08535746247709948,0.010224000275084752,1.174361783882415,-0.5140141481084401,-0.4176504849903071,0.23374315790550249,-0.31153499464974155,0.04750660025410388,2.044651263709303,0.007006295041446424,-0.8700227880212664,-0.2819998298515623,-0.04919909066533842,-1.7431234929735338,-0.9176931105724585
39077,Huron,Ohio,-0.15026167502837748,0.29196356091883624,0.18767993001741592,-0.36244828034566035,-0.26839595501857466,0.7260746699775987,-0.5575115936258319,-0.2917211945376196,-0.4891385308613912,-0.515182534448232,-0.20629309849051472,-0.7739218635187005,0.0674117679275481,-0.5726313348823804,1.31619177610978,0.08494378818499906,-0.578607851427332,-0.7440901080604365,-0.3279265688186027,-0.06741368148776954,-0.08633072498265319,0.09688737381202953,-0.1537790857211899,1.6862119657212196,-0.38116269968409633,-0.5125550097436383,-0.08235315916179177,-0.6328955391731387,-0.5739068474437934,-0.44950091473461634,-0.4215185992073781,-0.2794980401951527,-0.20809984747441423,-0.38152397747862365,-0.08602139992103093,-0.04863948136273034,1.487816888572275,-1.4254874540038716,-0.37147811953955784,-0.4974810447226015,-0.6216315590502485,-0.3926108521158693,-0.3461272377040603,-0.4761469143145382,-0.4144314708504506,0.5221720583948752,-0.7936225396465179,-0.4870918724600991,-0.3626527078221403,-0.49853515400150705,0.04750660025410388,0.845047227751231,0.007006295041446424,0.2186267424616392,-0.14167128654474895,-0.04625661198072372,-0.5806391882302807,-0.6318912015935654
39079,Jackson,Ohio,-0.22597957257529014,0.18750655429377147,0.41534458921589695,-0.37959506772183416,-0.43322897283095835,0.7679083269884877,-0.6239722938044252,-0.24329553413214158,-0.5108770985100914,-0.5788766128734024,-0.6234418682334747,0.46509376856752255,-0.34671033328885725,-0.6706753877753437,1.601562169399042,0.2957658138701459,0.0975468281404924,0.5640972566042145,-0.6054737775643717,-0.19685404798893807,-0.20033173960159145,-0.21490063870229167,0.04654016730598781,-0.7393906391369693,0.8706304239444992,-0.4621920832526783,2.043040226431729,-0.44474930236610144,-0.06370932816802484,-0.3191280138807125,-0.4869497545998229,-0.3370361864085416,0.009759153330473936,-0.4003955934497848,-0.08602139992103093,-0.16277743464758915,-0.33407581717765056,0.3950718698735207,-0.4261206941627406,-0.07524230027552867,0.01401019398502316,-0.22867618392456057,-0.07187209268607675,0.35077957080222655,-0.3109084953024345,0.3924752379854211,-0.183101464545027,-0.07877651413772141,0.16005235983653718,-0.3909802852788037,0.47694316303740386,1.3248888421344598,-0.588328603623195,1.3072762729445448,-0.23779390569969605,-0.05480059372072401,1.716752104052972,2.046896182564534
39081,Jefferson,Ohio,-0.12958737654140667,-0.44938543283602717,-0.423107523189826,0.6247250843523445,-0.6417460321281538,0.46295388044529145,-0.24535716652170736,-0.31521026244878053,-0.3959729303648812,-0.4825955260923853,-0.584117426151996,0.447885218121881,-0.5539429909338643,-0.7687194406683074,1.3875343744320952,0.32241314204042576,-0.4672929750224905,-1.0602948229600957,0.15486982442354608,0.03653838814459976,0.027669334485073055,-0.0617694750429742,0.5490803715326166,-0.8044578024752435,0.8214172342019966,-0.47522246519716077,2.0543871806756266,-0.6207747502279113,0.3196473223833371,-0.3778281556536384,-0.611454031555894,-0.38638042501852227,0.020414581683558794,-0.3409335207089762,-0.08602139992103093,0.14428092311607105,-0.4204108216770348,0.34644138264165725,-0.43398422084604404,-0.28237828811748916,-0.3249987409671213,-0.5401520534880482,-0.25470885603139937,-0.009333575942171083,-0.4376713225040868,0.7037476069681106,0.29402845129059185,-0.3370984755253474,0.17504031876581794,-0.32439869987903497,0.04750660025410388,1.3248888421344598,0.3046737443737671,0.762951507703092,-0.06611696148078448,-0.037630333340684975,1.8753167767440717,1.6625975704912208
39083,Knox,Ohio,-0.13838252009663735,0.5623598152820315,-0.7109937838513746,-0.16400379690625067,-0.5129913774261631,0.7413713940394306,-0.6029760557977218,-0.3239431211042679,-0.3701109641710757,-0.5104943729321869,-0.5893830723260604,-0.5502107077253546,0.2907068442174481,-0.592240145460973,0.03202500630810057,-0.04862455819308694,-0.3219677574423655,-0.41797693874975467,-0.07246353757124427,-0.19455665131093847,-0.29282583658830785,-0.2208477264917059,0.49400169592226995,0.5076438507224487,0.88385901060522,-0.505598936208415,0.6753456959893313,-0.6040176852746736,-0.2687111057239538,-0.4440033297405938,-0.5808368243853913,-0.3880827215974151,-0.23294215614399816,-0.3580572730975762,-0.08602139992103093,-0.07024555546155203,0.8997718097984632,-0.8444496692001274,-0.34557911783072304,-0.40984658832792614,-0.4309390331396665,-0.5729389871263104,-0.40326372624947354,-0.19472515889576814,0.08839441038277059,0.6815138663264897,-0.8577529046781871,-0.45098235097580774,-0.044158580574917734,-0.5702383998166426,-0.38192996252919614,0.36520561336800217,-0.29066115429087425,-0.0535356401590872,-0.1326878641938193,-0.046272147092219364,0.35956135740219636,0.7325303412717717
39085,Lake,Ohio,0.35314680306143753,-0.6021332088627475,0.44788824525157894,0.3316774399637943,-0.5662298225694471,0.44601938723726164,-0.32492962688324706,-0.33159921719111013,-0.011873742258433661,-0.4901646859598557,-0.3653470846075573,-1.0664672210946144,0.6396182714481771,-0.8667634935612711,-0.1106601903365306,-0.3221919358672036,-0.41011052051642655,-0.4227515211303754,-0.07667599184247174,-0.02124720548494427,0.093843603676102,0.5999104448037484,-0.17667279071787,-0.8155586826738425,-0.6074339213235934,-0.4877737202206557,-0.4594556681007644,-0.6385121805694332,-0.6244831366048549,-0.4512106244799206,-0.6063273026098314,-0.36492696175156,-0.21380446842248763,6.151730890791018,-0.08602139992103093,0.18198252441048413,-1.0778744414186734,0.9693642530011719,-0.019890607842423243,-0.37001274451216454,-0.6534136467020117,-0.523758586668916,-0.28899074915864703,-0.47881441910523737,-0.34893734346293015,0.34059650982163964,-0.24210140037416278,-0.4593153174721823,-0.27147595766901417,-0.42171024777100463,-0.38192996252919614,0.1252848061763878,0.007006295041446424,-0.59786040540054,0.6085754880004933,-0.02109854991241852,-0.2142011081472924,-0.35093339276685714
39087,Lawrence,Ohio,-0.14675591850636246,-0.2751090883431503,0.6192517845082508,-0.05494560534243695,-0.5880445294312219,0.6807402443579254,-0.5072576417975054,-0.3146041487484355,-0.4666554927632718,-0.6431455242931807,-0.6303609061722744,0.2930082641111029,-0.6376185820796952,-0.7883282512469002,0.8881361861758866,-0.07870988492604168,0.12475238255625865,0.3358788119247829,-0.04394957663109535,-0.14017528019037478,-0.060133396251123246,0.09056420349777411,0.09030261089771746,-0.7980031628281478,-0.11015314941396381,-0.5051548164591805,2.99523349787524,-0.5912369640104674,-0.31455923626009946,-0.4061682126635799,-0.604332125086389,-0.3992451104335225,-0.22167896318811428,-0.37788943476367826,-0.08602139992103093,0.008238349551115146,-0.8355768457299962,0.8088085304800257,-0.3993653424836597,0.10799338127697508,0.17292063224384108,-0.015561115275859598,0.08811007524108025,0.15738547347653145,-0.3447119158895418,0.4610292716304184,-0.11127545570955763,0.1017710932837387,0.10010052411941281,-0.3551286623712359,0.47694316303740386,1.5648096493260741,-0.588328603623195,1.3072762729445448,-0.10644878474381232,-0.043692168624925,1.4990077363069412,1.465604164302379
39089,Licking,Ohio,0.19708059772424902,0.1785669953032754,0.743404795119342,-0.5347389777731437,-0.43389434619530776,0.4255614870780215,-0.34443567800422026,-0.28309815466512617,0.2689970212416865,-0.40326787199446323,-0.5528794657577148,-0.8943817166381945,0.7275497171067574,-0.9059811147184565,-0.1106601903365306,-0.1613418294968167,-0.13363802538654276,-0.435545977028638,0.5155554172232657,0.007630605199979038,0.12887793685906676,0.36870047210426227,0.6826761077780171,0.2844477530827794,0.8022849740603049,-0.5027353054580967,0.7938115443972398,-0.605378936436674,-0.3480893640485342,-0.42571128790784096,-0.5853140453321872,-0.38758830474326633,-0.19719728336396766,-0.3811882723075054,-0.08602139992103093,0.3530759972620924,0.6430962417138306,-0.7776661381600408,-0.22804322278407316,-0.29831182564379344,-0.27202859488084863,-0.3762173852967394,-0.3004180468677298,-0.020003595104968054,0.13698682747673704,0.5036439411935244,-0.7833616812414508,-0.31209957603622285,0.010172770543726024,-0.2834254165561003,0.04750660025410388,0.36520561336800217,0.007006295041446424,-0.3256980227798136,0.2722211828111029,-0.01706841810242436,-0.045933104825545606,0.4321961318363248
39091,Logan,Ohio,-0.18714680254571853,-0.04128574999151698,0.3125035555055676,-0.1175965052173585,-0.18906683203706706,0.6760989263522027,-0.49232936738329985,-0.30176440402921983,-0.31630803295386634,-0.4435109834487094,-0.5545715991943397,-0.6878791112904907,0.33649160163686503,-0.8863723041398639,-0.1820027886588462,-0.31563071222512484,-0.5889957342423452,-0.4271224034866665,-0.5499291930029768,-0.10660745957050693,-0.1326943696467683,-0.10653191167479542,0.39469862596145744,1.569065062181973,-0.18460208978043582,-0.5010681034020554,-0.09369694314580726,-0.6204004232742758,-0.6465603677629627,-0.4547123412273695,-0.5311474948256708,-0.2862587257058144,-0.14050725763481736,-0.25534943539284827,-0.08602139992103093,0.00860131193879951,1.4614117519225518,-1.4245285593972787,-0.39235816577060223,-0.46561396966999236,-0.4733151500086845,-0.35982391847760714,-0.3232726422858955,-0.2827528169888431,0.6313618535631813,0.37950555594447566,-0.7628399644313166,-0.42598345148668165,-0.0035661918081148956,-0.559995078985909,-0.38192996252919614,0.845047227751231,0.3046737443737671,-0.3256980227798136,-0.18988231982807133,-0.050421115635565436,-0.19557634433471935,-0.17170168713602596
39093,Lorain,Ohio,0.5865241653841152,-0.1239413706212794,0.4763332324718157,-0.12303754337079688,-0.38456039997725167,0.17110686656414847,0.026067824283097955,-0.25535764423408025,-0.04896058524139615,-0.2716437030831465,0.044227799471033544,-0.10278839613866274,0.2388128762877941,-0.8275458724040856,0.3173953995973624,-0.08847987984091268,0.052052116128119934,-0.37721179580417724,0.8210411223077045,0.16474942701910691,0.4128712330717836,0.6911051574251801,0.31575186076649686,-0.22493258940469973,-0.25956024921387044,-0.5109580860420845,-0.3197336968292982,-0.6265969733772846,-0.5774535776271948,-0.4506494757000701,-0.2522131487187279,-0.38537172682787957,-0.18290806239059867,3.5962441199632402,-0.08602139992103093,0.4823509596249352,-0.3389214155751281,0.12125973010716248,-0.05356377797679671,-0.4417136633805353,-0.6216315590502485,-0.32703698483934723,-0.22042696290415092,-0.546835791268068,-0.4524603190109463,0.4091505434666366,-0.9013615528997222,-0.42598345148668165,-0.4713154100594283,-0.07855899994142729,0.04750660025410388,0.36520561336800217,0.007006295041446424,-0.3256980227798136,0.8668301651264892,-0.0005710339568446429,0.24471469435169207,0.47094893305380164
39095,Lucas,Ohio,0.9336292064923949,0.4679631130403268,0.23418328523560075,-0.5477527479402541,-0.7595074729872203,-0.581217518030772,0.8126249464900734,-0.2570797641513345,0.11543747156009854,-0.3358408987470485,-0.17202057188101086,0.6027621721326586,-0.3979865158860153,-0.7295018195111219,0.5314231945643092,1.4662841926501806,0.5657520294824332,-0.10974145065073354,0.3925101234220503,1.3411462996366803,1.6784211791428576,1.5865789008811868,0.5189640423596037,-0.1639086357444528,-0.7029317066421534,-0.4880183411596778,-0.5083630273657632,-0.6165846490783425,-0.6800604988438781,-0.45425394482800435,-0.5193910505165685,0.12471127833047535,-0.0421920277665803,3.2967809784100477,-0.08602139992103093,1.4729826357266567,-0.47945451731569677,-0.16979930197307702,-0.29642462953859583,-0.4337468946173832,-0.4839091792259392,-0.09752844937151399,-0.23185426061323375,-0.8602676041752289,-0.19048380946086468,0.06823318696178615,-0.4114055640577693,-0.35098675301930654,-0.5362632320863133,0.49506696657965726,0.47694316303740386,0.845047227751231,0.007006295041446424,0.4907891250823656,1.2245388138625686,0.07955905767769227,-0.1805975825123721,0.1657706234661699
39097,Madison,Ohio,-0.1899027899201681,-0.36277148468227505,2.22292109814005,-0.7728394616333857,1.9489736475915944,0.33633523480433186,-0.21410352394113066,-0.28911743250122834,-0.11132466526081977,-0.5787033872446427,-0.5402235419021024,-0.8427560653012686,0.6846479579056547,-0.7687194406683074,-0.32468798530347687,0.05067381062077737,-0.7179156083627116,-0.5224903426753461,-0.9368315465860495,-0.1304845451682753,-0.16789145730253682,-0.13824526455418476,-0.38113795679204293,2.3222699240662905,-0.5004201274441561,-0.5096150368071862,-0.5795731481949142,-0.6384802691112899,-0.7042819170209141,-0.45583515930487123,-0.6100765675862372,-0.37625583665675727,-0.24662043313000545,-0.40180040267214295,-0.08602139992103093,-0.22919838468813056,2.0601335687270246,-1.903952494970162,-0.39241773794244555,-0.33017890069640293,-0.27202859488084863,-0.19588925028629833,-0.17471777206782046,-0.13470630110503531,0.38839976809334786,-0.09110862096982864,-1.027057068361794,-0.2621017770579723,-0.22901007403605111,0.27995722913425053,0.04750660025410388,0.6051264205596165,0.6023411937060877,-0.3256980227798136,-0.22888534520169082,-0.05083940448206279,-0.10887225565636764,0.7809713427936182
39099,Mahoning,Ohio,0.34885320317733226,-0.34283150771675264,-0.2928832131666915,0.4617050199401486,-0.4913509922344513,-0.24900774155030006,0.47610185746008465,-0.2865987602502534,-0.22347871833560146,-0.29494423927226626,-0.23801549857323515,0.6715963739152266,-0.5288197207456985,-0.7883282512469002,1.31619177610978,0.3610431954658765,0.09068325435144377,-0.4395492886055389,0.5800985889012221,0.49313577421256155,0.9884783682422557,2.2817927678536067,1.9566871583541778,-0.31990125183413326,0.6296166638746348,-0.4703778863062668,0.5831442583320312,-0.611474056549866,-0.36201783502561097,-0.43155232835942475,-0.2688578423918978,-0.24774239911624413,0.13448884767307362,-0.2185468267573723,-0.08602139992103093,1.7183565742339593,-0.030090951300978448,-0.7126159595664413,-0.4233654812149922,-0.4337468946173832,-0.5474733545294665,-0.6712997880410948,-0.46040021479488685,-0.3027591029190875,-0.21161094732780666,0.7185701007291914,0.006724415948713947,-0.520423738445599,0.039524190113568516,0.46433700408745626,0.47694316303740386,0.845047227751231,0.007006295041446424,0.4907891250823656,0.6842046749173822,0.04163626238482595,0.4219589992638716,0.1270178222486931
39101,Marion,Ohio,-0.13026685483138786,-0.126276002642406,0.7897267481264252,-0.2769621750123518,1.3245207412904696,0.3876192721623327,-0.1873384505410948,-0.2988397924531203,-0.40192178728350203,-0.33340057378297466,-0.49760058763424186,0.052088557872114846,-0.2912469389936715,-0.8275458724040856,0.10336760463041615,0.647062109153423,0.20285460405156353,-0.6914235660215824,0.8604578900726625,0.058885257374065754,0.11431316260309057,0.3376427581209937,-0.18572135736349377,2.0553940939054454,-0.5671756164575437,-0.5033404286029322,-0.45949408963302374,-0.6369219475665313,-0.6952908754161449,-0.4534713044095043,-0.566538205945815,-0.21855225950596693,-0.16984137633407603,-0.38725534160011943,-0.08602139992103093,0.11227586794442644,1.767154991779185,-1.7665382493340385,-0.4390329624097559,-0.39391305080162153,-0.3461867994016306,-0.24506965074369283,-0.24328155832231657,-0.42413057089590295,-0.04681927196565872,0.4091505434666366,-0.9757527763364584,-0.3287655090289728,-0.312068346435817,0.1519157187500799,0.47694316303740386,1.8047304565176885,-0.29066115429087425,0.4907891250823656,-0.111820122691139,-0.03719242087661853,0.3290584925651782,0.5290781348800171
39103,Medina,Ohio,0.20552721577729108,-0.38494727299623194,1.0728610313779556,-0.17965919629835905,-0.23664577800625897,0.6734617981438905,-0.5754107655787871,-0.3318420182250759,-0.11668754285850363,-0.6267662153536506,-0.536846781475877,-1.5483066335725904,1.566296270191998,-1.1805044628187567,-0.32468798530347687,-1.02188844409029,-0.7395991586775015,-0.574927347900331,-0.13326866051113312,0.12971862077849894,0.6056775676430037,1.563310677250886,1.6235496176708388,-0.0691910404754011,1.051930253640942,-0.5036794961135973,0.48593029914592684,-0.6028771481744425,-0.27951777510046505,-0.4476731160142217,-0.38359318285171073,-0.3434958351730246,-0.20947223236941961,-0.3585121678674854,-0.08602139992103093,1.1891334815389696,0.4078551774446022,-0.9099133478098448,-0.4249739298547588,-0.4337468946173832,-0.5368793253122118,-0.3926108521158693,-0.2775634514495642,-0.5281632577331733,-0.48626373959805363,0.5684923513982517,-0.8038833980515849,-0.42598345148668165,-0.39512661883558287,-0.5753600602320095,-0.8113665253124961,-0.5944776153984553,0.3046737443737671,-1.1421851706419928,0.3134326328459926,0.018007907147088744,-0.08279778283206127,0.20290872463291879
39105,Meigs,Ohio,-0.2538206097501229,-0.6634377830419854,0.7051087084320207,0.26005584208731786,-0.2823982637462701,0.7641095585042413,-0.6079017834799527,-0.28923167268963845,-0.5672571890194257,-0.6811817965683538,-0.6484988668544924,0.2241740623285349,-0.8215126827193024,-0.592240145460973,2.100960357655251,-0.8640843166355467,-0.38213347508139883,-0.33443134322106155,0.36047023097906306,-0.2537949310189432,-0.32133280002486536,-0.27971702975414,0.2174994457670565,-0.772116830460247,0.6252885397468655,-0.4882350311493504,2.419024235983966,-0.5705033462817881,0.028960589323238233,-0.3697034310607607,-0.606778760991211,-0.3975002349903554,-0.11013340823951018,-0.35114456812684636,-0.08602139992103093,-0.1868132814130777,-0.4773123281444822,0.5447064686166707,-0.4176018735891618,-0.07524230027552867,-0.017771893666740122,-0.31064351802021495,-0.06044479497699393,0.4601472672208952,-0.3214720642359057,0.24610311209475177,-0.026623373867754246,-0.09822010262926366,0.19689775887101962,-0.6368199852164114,0.47694316303740386,1.8047304565176885,0.007006295041446424,1.579438655565271,-0.2740083270518811,-0.059819685217212884,2.046119740886989,2.193833887180802
39107,Mercer,Ohio,-0.2003263383427675,0.6154909156804014,-0.7307453326652736,-0.20311583200052571,0.1904730804792131,0.7179119053804859,-0.6426260236481874,-0.3231163618852931,-0.4006429431923005,2.795920844132887,-0.5600826671260227,-1.3418040282248862,0.7793063994069679,-0.9059811147184565,-0.9667713702043169,-0.6688247905596135,-1.2026680081951089,-1.0705602850085878,-0.9074458633886275,-0.09578861669162268,0.03671863702404725,-0.05017946436436308,-0.1762566232655356,2.236599399653968,-0.7737117549617262,-0.5041212698676254,-0.6016950395788601,-0.639248671114681,-0.7088715262267302,-0.4557174374341565,-0.5540420762079987,-0.295332113568819,-0.1992880009377397,-0.11918650357172833,-0.08602139992103093,-0.07437097159722088,1.8521198864443151,-1.7685613227589116,-0.38742856855057684,-0.5134145822489063,-0.5156912668777032,-0.32703698483934723,-0.3461272377040603,-0.304092855314437,1.1172860245028493,-0.24489199374103837,-0.7217965308110483,-0.45376000647459847,-0.07038750870115928,-0.7085232310315469,-0.38192996252919614,0.36520561336800217,0.9000086430384084,-1.1421851706419928,-0.2167390095647047,-0.05269589251026967,-0.6007320831340698,-0.5446973988542422
39109,Miami,Ohio,-0.007568305346594658,-0.14885626547288333,0.5455748028803161,-0.13456745318915941,-0.35417322102640775,0.5798277436475137,-0.4636438024507629,-0.322005067327489,0.04021477778271792,-0.5350598255425233,-0.5677526800497714,-0.9804244688664046,0.5355557643299821,-0.8471546829826784,-0.1820027886588462,0.06486140615414117,-0.8033643042187012,-1.1303172411973126,-0.3156717819667581,0.0443055265880749,0.2524353679121972,0.35600298452892415,0.7772470936851694,1.8014506202829497,-0.45206013180149623,-0.4798661475277457,-0.36865389870023757,-0.6334644800314124,-0.6993169519056566,-0.4547880508706603,-0.6093121481002352,-0.3129777290007804,-0.1436333790743729,-0.3690882177455734,-0.08602139992103093,0.41927232034992457,1.5692037909390513,-1.7066264079498703,-0.43486291038073144,-0.3142453631700983,-0.25084053644634,-0.11392191619064394,-0.12900858123149003,0.05335278663926116,0.6038965743361568,-0.37644162587062757,-0.914187625906056,-0.22599225557368088,-0.14595180163628524,-0.4831701727554066,-0.38192996252919614,0.6051264205596165,0.007006295041446424,-0.3256980227798136,0.05495337016122345,-0.016261727852593232,0.2397932299770773,0.44511373224215023
39111,Monroe,Ohio,-0.28092066413458827,-0.894174739647243,-0.19584946383241733,0.9213223477691725,0.1153133060403582,0.7972781010670537,-0.6412259823552475,-0.282397814113746,-0.5674851187689113,-0.5743593287304677,-0.6442505483465748,-0.08557984569302073,-0.5141988012099626,-0.5530225243037876,3.099756734167668,-0.8190325314027748,-0.4451239040944381,-0.44385448774180264,0.3322769685469539,-0.2203510973854009,-0.3802887936604403,-0.49811509355753775,0.4469857212381379,-0.8196393428670273,0.4146989803524179,-0.4844573467807788,2.4748697948817573,-0.5768616161130169,0.6626222619537823,-0.4064315824148207,-0.6249998501094991,-0.40179738942801596,-0.2348110086316265,-0.39240904458916426,-0.08602139992103093,-0.21012172066378534,-0.6193927750985607,0.692903071999356,-0.3993057703118165,-0.20271060048596592,-0.17668233192555804,-0.42539778575413156,-0.1975723674859861,0.34677831361617756,-0.025692134098716738,0.3276268277806942,0.34276752871466076,-0.23710287756884776,0.34865084302999055,-0.529265116493708,0.04750660025410388,1.8047304565176885,-0.29066115429087425,1.3072762729445448,-0.3085383567132669,-0.0646457227639757,0.3623814198178669,-0.18461928754185136
39113,Montgomery,Ohio,1.23628699532156,0.30394937591872084,0.015624691321291219,-0.28780404451626257,-0.874807300538386,-0.6869672495256188,0.8561078761131238,-0.28111553268196365,0.38247010540055615,-0.27890825751453174,-0.4679724388764671,0.13813131010032487,-0.06987386151598093,-0.592240145460973,0.17471020295273174,1.311589635933967,0.35167481596529565,-0.28790902900020204,0.26532952912433855,1.2254737914201461,2.6217309682017467,3.5372846255619788,2.9362160334061,0.3829580893568472,-0.268299302291039,-0.4961350803944862,-0.20641530017419088,-0.6102901853611232,-0.680543679474984,-0.4544537091264695,-0.6074473646774443,-0.33652344601127737,-0.11562751906836312,-0.3363192624702087,-0.08602139992103093,3.0613754743711317,0.25566892752775316,-1.5702630959218218,-0.3941602239688593,-0.2664447505911843,-0.16608830270830335,-0.06474151573325176,-0.07187209268607675,0.24007812198820805,0.1285359723299604,-0.14669297257388048,-1.0347527121655942,-0.1648838346002634,-0.1509477879460455,0.7921232706709331,0.47694316303740386,0.36520561336800217,-0.29066115429087425,0.2186267424616392,1.7041599900860558,0.16863655686362156,0.3104471180152877,0.6630982390904588
39115,Morgan,Ohio,-0.27841948111888165,-0.6376131547972025,0.12069300452162006,0.5273134117568175,-0.08299084755671092,0.6109237205204435,-0.34717095459245273,-0.15656834238352063,-0.4419001610831192,-0.09215393611774221,-0.6303244021407032,0.20696551188289292,-0.6067293154549013,-0.4941960925680094,1.8155899643659887,-0.6259511089731363,-0.3826961878313094,-0.4803859984935692,0.3809708719442397,-0.2687423283050973,-0.3956263573866834,-0.3809295184940139,0.10601261727440221,-0.7671261173382002,0.6592351106016507,-0.48629732311208784,2.4540837626830254,-0.5093386479063617,0.006355048441622744,-0.41892821930231167,-0.6179645871577728,-0.39242745392737205,-0.14348193663391678,-0.3425738706009795,-0.08602139992103093,-0.27744665914695704,-0.45703803812389004,0.5641247876617237,-0.42587495895388733,-0.17084352543335618,-0.08133606897026743,-0.32703698483934723,-0.15186317664965565,0.4414747336860007,-0.245414367914914,0.5444057990364958,-0.15744931853235938,-0.17321680109663876,0.2793315329820656,-0.38585862486343686,0.47694316303740386,2.044651263709303,-0.29066115429087425,1.3072762729445448,-0.3117948473154789,-0.06369393431660647,1.3839322254821875,1.426851363084902
39117,Morrow,Ohio,-0.21744216216453507,-0.29480041476418695,0.9296455827095103,-0.19138593852953933,-0.021877271917541515,0.7739639564848839,-0.625589775964167,-0.28749452085309535,-0.47397451733999885,-0.47540243297009893,-0.5890559282901873,-1.0320501202033303,0.25919979226015816,-0.6314577666181586,0.17471020295273174,-1.259557889526163,-0.534724693640022,0.06573793580483445,-0.6930280061782113,-0.21979138795501635,-0.28063260319591116,-0.1394919835841134,0.1067634417560348,1.1855610087614976,0.3251520520436199,-0.5078228092974614,0.16508856482924275,-0.6304404275216768,-0.19126200779738448,-0.43990210748976694,-0.5783310863876729,-0.38906323029276607,-0.2479539734543867,-0.3903119049492276,-0.08602139992103093,-0.14936471956056024,1.314459895894219,-1.2134597616511849,-0.4367841129226748,-0.4576472009068399,-0.4627211207914306,-0.5073651198497859,-0.39183642854039075,-0.3214316364539822,0.07783084144929941,0.6555745022445991,-0.814144256456652,-0.46209297297097385,-0.10473491458076248,-0.6316983248010445,-0.38192996252919614,1.0849680349428452,0.007006295041446424,-0.3256980227798136,-0.24410101680857788,-0.05273684245215449,-0.46376575928864483,-0.2427484893680668
39119,Muskingum,Ohio,-0.0684050425857727,0.24209324610821722,0.05270602548403851,-0.2492843467109704,-0.6524094943551922,0.5558246992235779,-0.31239965389578683,-0.2688413914281775,-0.3692962565918888,-0.48049012733439017,-0.6153798564992862,0.13813131010032487,-0.2482765369778469,-0.7687194406683074,0.6741083912089404,0.3224496648350497,0.3303214610648098,-0.09955302124742227,0.7204871533660892,-0.11308183627280885,-0.10054855015696569,0.02324361720330797,0.4217206792514808,-0.586157134607484,0.9887999902025952,-0.4228044318296654,1.854130079413403,-0.5897481203775982,-0.26187251063464484,-0.41474015769102346,-0.5797718736769532,-0.3706982005215985,-0.09981315954294782,-0.30762190305678505,-0.08602139992103093,0.06889941888229568,-0.12972827818648888,0.09637840334359217,-0.2390268419676646,-0.21864413801227023,-0.16608830270830335,-0.3434304516584772,-0.23185426061323375,0.261418160313802,-0.08273540633946022,0.43138428410825747,-0.4191012078615697,-0.23432522207005543,0.14131741117493557,-0.411466926940271,0.04750660025410388,1.3248888421344598,-0.588328603623195,0.4907891250823656,-0.0007812793410024911,-0.04407819316727552,0.4255764264677572,0.3708375299086525
39121,Noble,Ohio,-0.27866549912042654,-1.4751489233708686,-2.1075541902220296,2.408625189162064,3.857855011789012,0.6439546237518423,-0.5067626277744524,-0.2861276166009445,-0.5423736838828778,-0.6719218491401293,-0.6518236916024694,-0.051162744801737194,-0.33867912396641076,-0.7491106300897147,2.1723029559775666,-1.274825652403552,-1.344285135698051,-0.9620002435002905,-1.1446705049888062,-0.24985229885160046,-0.35861721943228514,-0.422334292533462,0.27491193681092596,-0.819025130380473,0.7221021077022014,-0.3778240185777435,2.157513994272647,-0.5899074078548571,0.6023300826938981,-0.3718657915466028,-0.6114808768178233,-0.3795835575978057,-0.11431632444421262,-0.3221125169702156,-0.08602139992103093,-0.23060812364915206,-0.47969276728550275,0.5659284542142148,-0.43864574329277506,-0.21864413801227023,-0.1237121858392854,-0.3762173852967394,-0.20899966519506893,0.2974294749882417,-0.47147474309119414,0.5536698576371712,-0.024058159266487533,-0.22321460007488936,0.18066080336429813,0.6333517977945615,0.04750660025410388,1.5648096493260741,0.3046737443737671,0.762951507703092,-0.32727253540760143,-0.0634323711874909,-0.17020988755230018,0.5468398354380273
39123,Ottawa,Ohio,-0.20222126271180987,-1.4148491154176845,-0.4118437322117913,1.5085785108884293,-0.1484776928035558,0.7615079147464514,-0.5997927978777567,-0.32287863130958483,-0.5005520740792685,-0.5022064242380925,-0.3361938491735585,-1.1008843219858984,0.5237492001978387,-0.9255899252970493,1.2448491777874646,-0.892422516197613,-0.790518524376907,-0.8049455454430541,0.051414507328650945,-0.06583477051509348,0.06876495140303232,0.012626797010296545,-0.7970505530810459,0.19173126583755573,-0.8250356240682326,-0.4761161913372356,-0.7552385217984752,-0.6387883265974416,-0.7076802596569011,-0.45531335046696747,-0.5883098718934093,1.268283973054862,0.2056634870540744,4.479499867393736,-0.08602139992103093,-0.20592317988793635,-0.18453258508847523,0.26831024626411304,-0.3044221936085466,-0.4178133570910783,-0.5262852960949571,-0.21228271710543062,-0.25470885603139937,-0.8709376233380258,-0.40809332949036814,-0.17077952493563603,-0.6756226679882466,-0.3815409635060149,-0.7504661451172888,-0.764861495600582,-0.38192996252919614,0.36520561336800217,0.3046737443737671,-0.0535356401590872,-0.15769172307057347,-0.05639481719494166,-0.10344985954918275,-0.9112343103695457
39125,Paulding,Ohio,-0.2662240173280123,0.007098914365186812,0.14304589675539833,-0.07777946486172597,-0.20482099793064576,0.7309062037572841,-0.5830042475825002,-0.25714902967788655,-0.48740046182441094,-0.47353400237300086,-0.3523528328636742,-0.8083389644099845,0.16323713727913136,-0.7687194406683074,-0.039317592014215016,-0.909470696590765,-1.0975601938093025,-0.9764141515819528,-0.5677984303607916,-0.1791081676932302,-0.08666772914949196,0.04507420776008998,-0.4980133721072845,2.3296032070920907,-0.7125333460931479,-0.5094410293034746,-0.629333337190458,-0.6392289874290609,-0.7080299951670824,-0.45620951754236083,-0.40939404639315785,-0.3198871462381053,-0.09963985790033776,-0.34938255505552407,-0.08602139992103093,-0.1837913235382122,1.9713761012715392,-1.8372643482936872,-0.4280642362691252,-0.5691819635909726,-0.6322255882675024,-0.31064351802021495,-0.4261183216676392,-0.6348634493611429,0.7137576912442555,0.20163563081151037,-0.7269269600135819,-0.520423738445599,-0.1952871664451683,-0.6931582497854465,0.04750660025410388,0.6051264205596165,-0.29066115429087425,-0.3256980227798136,-0.296972200436445,-0.06156361218691213,0.6777754408810829,0.7809713427936182
39127,Perry,Ohio,-0.21508156086399696,0.05785659083138417,0.7381078505043261,-0.42089284835710117,0.004455731058180454,0.7872369829164091,-0.6487152495935974,-0.2486549924981769,-0.5659170239298308,-0.2059276759031979,-0.6393002700638152,0.08650565876339886,-0.26406438436385277,-0.7883282512469002,0.9594787844982022,-0.25890291959868195,0.017760163514438362,0.049117321869842155,0.24735234149515567,-0.23816731996044788,-0.3103540395960574,-0.1674934532287706,0.09637579674822912,-0.3466391709789899,0.5830415620344092,-0.4642582461937909,1.9705346031632158,-0.5091679008540191,-0.33958025961115057,-0.420908073086045,-0.578956113316611,-0.37584446876089017,-0.027961344002830218,-0.37073372165346025,-0.08602139992103093,-0.17461319534478528,-0.07749231193769218,0.1507259030918815,-0.4328300100165819,-0.21864413801227023,-0.17668233192555804,-0.35982391847760714,-0.23185426061323375,0.4161334381743577,0.05036556222227456,0.42767866066798743,-0.38575341804510194,-0.2398805330676393,0.25997208603174404,-0.24245213323316572,0.04750660025410388,1.8047304565176885,0.3046737443737671,1.0351138903238184,-0.2349304398253372,-0.052561731162944804,0.4836866284222592,0.8956150463953206
39129,Pickaway,Ohio,-0.14970227695343608,0.033976875360986335,1.4203833373640404,-0.7386781216107332,1.1009252346677745,0.56068920849127,-0.4011562338470222,-0.2990801265453229,-0.39938603279044893,-0.55055614392765,-0.5979066029777245,-0.5157936068340706,0.5634933899217403,-0.9059811147184565,0.03202500630810057,-0.36723572639787055,-0.39122145427428295,-0.4962026975238346,0.1311167527159612,-0.13407574853402388,-0.1071987520273562,-0.07989725022062408,-0.12277863620709471,1.793579437623867,0.1523833414262106,-0.517122414000889,-0.45966178635395094,-0.6353052086084726,-0.5144620637548232,-0.4508059546528832,-0.6060969446972049,-0.34348364879974674,-0.19010357301299788,-0.33154944439764317,-0.08602139992103093,-0.1212897809902838,1.8349551003613707,-1.7316169663502576,-0.3627433498430474,-0.15490998790705188,-0.0495539813185034,0.03361928518153257,-0.026162901849746293,0.3214370181045348,0.5172753090816943,0.5054967529136598,-0.5524923671274418,-0.06766589214255453,0.33928336869918996,0.5462835707333256,-0.38192996252919614,0.845047227751231,0.3046737443737671,-0.0535356401590872,-0.17084869372203915,-0.046748143303820475,0.5225828794335272,1.4623747642009226
39131,Pike,Ohio,-0.23957206716064663,0.11453419722885795,0.2751809113374233,-0.24256307157120616,-0.284614033261718,0.7262763950425969,-0.5797490157032971,-0.19227429532878557,-0.5329527731535456,-0.30429679038711865,-0.6196051516872633,0.7920562270347207,-0.6498370031001693,-0.6314577666181586,1.601562169399042,0.8423724403174764,0.5793148277920002,0.09440974583191222,0.6216346387349158,-0.1434881329957075,-0.2028950338124263,-0.23051536895881494,-0.2211753787485746,-0.4894418844009719,0.39105375970577205,-0.4170553696245496,2.281036406704166,-0.5526989225718255,-0.399650317707998,-0.34309367678305175,-0.5997701429080591,-0.397058434386884,-0.09528561172492157,-0.36838649971899606,-0.08602139992103093,-0.2306184906393502,-0.30497105738279,0.3960648269599126,-0.4094702721325638,-0.059308762749223795,0.0034161647677692342,-0.13031538300977621,-0.03759019955882911,0.5961900115465567,-0.09752440284631972,0.6518688788043291,-0.2703187609880971,-0.05099995914980459,0.40423119072607455,-0.3961019456941705,0.9063797258207039,1.5648096493260741,-0.588328603623195,1.579438655565271,-0.2637709686644676,-0.05779883902378185,2.558931179110197,3.454914626799534
39133,Portage,Ohio,0.15491779831662303,0.7459297461095106,-0.4670053762725688,-0.4546337373215826,-0.4791526593240211,0.4078605553861469,-0.3180993154943611,-0.3104937505003018,0.204078508054876,-0.3498577916784718,-0.5612355716655515,-0.44695940505150283,0.11786423674804503,-0.8275458724040856,0.24605280127504683,0.2552289275040622,0.42349352087118414,-0.27600664918696133,1.2097423204989985,0.007474000660668674,0.24220044767512497,1.0277752135013722,1.3343191088165456,-0.4144796117661391,0.8837487372840735,-0.4603152697980485,0.9767445919055955,-0.6227978064752269,-0.45945386089878965,-0.4252436653288949,-0.0020234014667473814,-0.13710801139615278,-0.07062102481713935,-0.15541158018821402,-0.08602139992103093,0.7912898388821731,-0.008224314204141143,-0.33362998123186854,-0.36461987325610845,-0.4178133570910783,-0.5262852960949571,-0.5401520534880482,-0.38040913083130873,-0.33877041759352716,-0.41020604327706234,1.044664963472961,-0.2985361216020314,-0.4676482839685569,-0.0004437003645144042,-0.5241434560783412,-0.38192996252919614,0.36520561336800217,0.6023411937060877,-0.0535356401590872,0.2177779002718231,-0.003458906828000758,-0.03913755476837111,0.4531872324957914
39135,Preble,Ohio,-0.20117568620524398,-0.3003255934867626,0.3402450569411703,0.10723613010558912,-0.21766288842933518,0.7530796878977373,-0.6294859041629407,-0.28635254492860285,-0.4020291289336451,-0.6229104171758474,-0.6300773996862477,-0.9632159184207626,0.43973039497839883,-0.7687194406683074,-0.1106601903365306,-0.8309444552753036,-0.8498623417427126,-0.5616480966355707,-0.695775929030712,-0.2082938896809549,-0.24751436998946855,-0.1664502492737399,0.23007705254166516,1.745079946222998,-0.25500878520095266,-0.49830181538050033,-0.08732907594956564,-0.6055198844838285,-0.6469125676472035,-0.4538877730893296,-0.6175579823947176,-0.37821071784937427,-0.22750154045518606,-0.3851537616357124,-0.08602139992103093,-0.11269346754710871,1.602862527333996,-1.509683020569352,-0.42241232646550086,-0.3381456694595551,-0.3038106825326127,-0.32703698483934723,-0.2661361537404822,0.4081309238022602,0.2257208065178937,-0.16522108977523098,-0.7910573250452512,-0.3176548870338059,0.009548272255006547,-0.6265766643856777,-0.38192996252919614,0.6051264205596165,0.3046737443737671,-0.3256980227798136,-0.20053141840656916,-0.05083373046557238,-0.1339219927605206,-0.26858369017971817
39137,Putnam,Ohio,-0.22173869083437303,0.375831260853261,-0.24107780538923465,-0.22618507459933718,-0.01324439083308036,0.7843366257613261,-0.6487583016785728,-0.3415636738833873,-0.5442886190201573,-0.5899922534965591,-0.23107352924025365,-1.2557612759966765,1.2171789145171037,-0.9451987358756418,-0.6100583785927393,-1.230533377370104,-1.935389382005178,-1.7907610069710083,-1.3290780355501561,-0.11426431732609967,-0.08906952574425046,0.08586076306845103,-0.2917477633255738,2.4418972373811494,-0.8039057204842845,-0.5122772565199291,-0.7093911795783303,-0.6391043571191332,-0.7109974694697806,-0.4560892513348105,-0.47270994793505444,-0.30323760977703995,-0.23480413111765158,-0.39296571077839254,-0.08602139992103093,-0.10067699653432083,2.040599051754458,-1.9404475362592746,-0.3793565392658221,-0.4974810447226015,-0.5050972376604486,-0.21228271710543062,-0.3118453445768127,-0.5481695436634177,0.7750263910583876,0.17013783156921441,-0.7346226038173823,-0.4176504849903071,-0.1490742930798853,-0.7392531935237479,-0.8113665253124961,-0.354556808206841,1.197676092370729,-1.1421851706419928,-0.24975308670437113,-0.05626157600154796,-0.16613350173611166,0.1835323240241801
39139,Richland,Ohio,0.033923802128248165,-0.022893585044046046,0.01048151003517149,0.015871440168110755,0.3421535768185261,0.18039465280957884,0.028745975576117383,-0.3059500598009872,-0.29653737039849226,-0.35532969630560707,-0.5544073412202423,-0.17162259792123075,-0.26351524184607866,-0.6118489560395658,0.4600805962419936,0.524298353801882,-0.12248552892566517,-0.3997841840382893,-0.04259978359550565,0.186748960605584,0.16872286184024818,0.41055468827565217,0.8850267318436686,0.5278047281212616,0.39217168314303064,-0.49862386172092793,0.27906719978280037,-0.5839133085787909,0.5055072773895147,-0.44293449733818874,-0.4988684570157299,-0.3660105500616915,-0.23869118834861128,-0.3534047312150994,-0.08602139992103093,0.47219045955665906,0.6971416871475965,-0.8816358797352717,-0.3675314631549453,-0.4974810447226015,-0.5474733545294665,-0.523758586668916,-0.40326372624947354,-0.3027591029190875,-0.19259652324755885,0.7963881929748634,-0.48323157289323887,-0.5037578054528491,-0.047905570307238146,-0.10928896243362825,0.04750660025410388,1.0849680349428452,-0.29066115429087425,0.2186267424616392,0.15554898502840428,-0.020212171860557945,0.1501343770474354,0.00753001849480525
39141,Ross,Ohio,-0.0963720175471106,-0.24970971768097075,1.3013101646109235,-0.4180226232747277,0.9706316569784066,0.4420755907450286,-0.23221104893948064,-0.24308138233365803,-0.3761687675805605,-0.38876163481694703,-0.6027936772573339,0.12092275965468287,-0.06822643396265858,-0.8471546829826784,0.17471020295273174,0.08465649560543105,-0.06619062471645495,-0.3178662219951325,0.2951362764034764,-0.1569986589650984,-0.11317635678408197,-0.21048558633029216,-0.06669838808884293,0.16635486545773812,0.5866077160787377,-0.45793039279568365,1.3843899292404767,-0.6089592595333301,-0.45873981768792566,-0.4217595615281595,-0.5752704895535482,-0.3873201365591174,-0.194484721648771,-0.36192115365705774,-0.08602139992103093,-0.15755410717296225,0.42922830126166933,-0.3492834510087174,-0.2238210451046858,-0.12304291285444272,-0.03895995210124948,-0.08113498255238405,-0.03759019955882911,0.4641485244069442,0.24684794438483607,0.47399895367136385,-0.337014340621033,-0.07599885863892988,0.3680102899803121,-0.11441062284899507,0.47694316303740386,1.5648096493260741,0.007006295041446424,0.762951507703092,-0.07626074255204253,-0.04775020175853023,0.7754459094303237,1.2912165588237325
39143,Sandusky,Ohio,-0.14952362102374273,-0.20992533771999086,0.2647564477979764,0.06154678033834988,-0.2348436501382967,0.5857873279922643,-0.36901230132848173,-0.28169495416330137,-0.4331784987514768,-0.5988492191387784,0.02731282080638306,-0.8427560653012686,0.1848596239164872,-0.8863723041398639,0.24605280127504683,-0.13814968103043646,-0.8506512422080195,-1.1203454118058243,-0.28417343379293636,-0.007098181023720692,0.18941157743049128,0.31038293971379716,-0.07868381661420824,1.9427704531350125,-0.7558979835804113,-0.4933712106641804,-0.500100602275383,-0.6382013570866114,-0.7029527824292866,-0.45383964539475313,-0.5206860653207512,0.5658460521746863,0.17024888590090764,-0.20617604744627074,-0.08602139992103093,0.14073419392818473,1.5708688890051938,-1.587991186947947,-0.42886101406752813,-0.4337468946173832,-0.5368793253122118,-0.2778565843819527,-0.3004180468677298,-0.7468986505705111,-0.25597793684838516,0.18496032533029488,-0.6397096635705118,-0.4120951739927233,-0.5187772800021521,-0.42683190818637146,0.04750660025410388,0.36520561336800217,0.3046737443737671,-0.0535356401590872,-0.12658662318047958,-0.04158669370962779,0.872158965988301,1.0070293498955674
39145,Scioto,Ohio,-0.10033173585769065,0.022765841496400086,0.29360731848321925,-0.1671953375702889,-0.25857861042741165,0.6295321862445549,-0.4738809026174578,-0.22194520234119564,-0.4807030371585609,-0.4925514126488614,-0.602059762610282,1.2738956395126944,-0.7078401815400603,-0.6902841983539365,1.6729047677213575,0.49252425440406833,0.46502830584967303,0.05764762013312824,0.6847759952601322,-0.1466950232109203,-0.11965134915328396,-0.11555638584879883,0.0112163093217153,-0.614279666741641,0.1828162267166619,-0.45883380234794063,2.5280786084314775,-0.5895899687771035,-0.2606776498752748,-0.3617603745305987,-0.6078708295867747,-0.3906322095250043,-0.17741579641194624,-0.3608989232592895,-0.08602139992103093,-0.10345430491829623,-0.5221138304356517,0.552274616768513,-0.28124861876153856,0.02035892488229943,0.07757436928855048,-0.06474151573325176,0.01954628898658416,0.2960957225928921,-0.26231607820846764,0.5166136232344699,-0.15488410393109267,0.02121908381877819,0.19752225715973953,-0.34488534154050227,0.47694316303740386,2.044651263709303,-0.588328603623195,1.8516010381859975,-0.05984728129836484,-0.04531239736819874,0.7511568569948054,0.9262943473591568
39147,Seneca,Ohio,-0.15930576537088575,0.30485028916443296,-0.30606756729449874,-0.12842563557701792,-0.02961913044026176,0.6212637271583661,-0.43060365911055637,-0.3118731074801736,-0.337838921443841,-0.38073333001629844,-0.313445408908932,-0.41254230416021886,-0.003976759383086998,-0.9059811147184565,0.17471020295273174,-0.08111962779879255,-0.8794682761409058,-1.273101894306787,-0.17798352175741153,-0.10797088892611026,-0.02653371801555445,0.1096457625837414,-0.2923196593366214,2.1666341579985677,-0.673770080712299,-0.5075243481382754,-0.4001768800816693,-0.6390115852781076,-0.6976881642042442,-0.45526129278512695,-0.5707175291275445,-0.38514979914924147,-0.02645616665604739,-0.3917206049271485,-0.08602139992103093,-0.07254975926926388,1.828452416236689,-1.746337590120954,-0.32833297408211426,-0.4576472009068399,-0.5262852960949571,-0.3434304516584772,-0.3346999399949775,-0.6095221538495003,-0.12921510964673288,0.44250115442906757,-0.6551009511781124,-0.43709407348184853,-0.3339257865410187,-0.6624282872932454,0.04750660025410388,0.6051264205596165,0.007006295041446424,-0.0535356401590872,-0.14839013784471505,-0.05000727874325636,0.34752130198764764,0.4854812335103555
39149,Shelby,Ohio,-0.17860060577776543,0.4466442344836434,0.10507390400915552,-0.4638133353233686,0.0818679079561245,0.615040830871522,-0.4599356774173064,-0.33337154660904483,-0.16288248704717137,-0.1204590296100292,-0.5870922789341496,-0.9287988175294786,0.5890971598129584,-1.00402516761142,-0.25334538698116177,0.05032707499690953,-0.8673904722584291,-0.9762209786878976,-0.6668612184185756,-0.05060490403888336,-0.037898114550393755,-0.07441660795703746,0.1331064649893305,2.03216931946186,-0.5566013967737078,-0.4850753920293774,-0.34546604062454034,-0.633826264736214,-0.6993473640336094,-0.4550749196267902,-0.5986267937177749,-0.349423418452389,-0.19873303366425318,-0.36607304296284454,-0.08602139992103093,-0.01136305783679078,1.7490719613872634,-1.695578560703039,-0.43417038388305407,-0.44968043214368775,-0.4309390331396665,-0.294250051201085,-0.28899074915864703,-0.18805639691902018,0.7306594015378091,-0.12260642021212459,-0.8064486126528517,-0.3898739300023903,-0.10973090089052229,-0.5395084373244416,-0.38192996252919614,0.6051264205596165,0.3046737443737671,-0.59786040540054,-0.1991277586642364,-0.04613570310216774,-0.7189283278809705,-0.5253209982455035
39151,Stark,Ohio,0.7645152607161279,-0.1349254100234773,0.036322696979527065,0.10621482518786231,-0.653826682174839,0.26797855032987045,-0.051527357831823634,-0.29036698822014245,-0.22560837347315907,-0.47615355915088975,-0.5421525086753838,-0.2576653501494408,-0.006791114786679342,-0.807937061825493,0.4600805962419936,0.42036509337684475,-0.230217002970378,-0.6574997513247766,0.1027623907001204,0.8783045523711911,1.243052541720299,2.1759489548478026,2.32113572811367,-0.18883829255213525,0.9920790373042899,-0.477151903162245,0.20909619922944994,-0.6205523056690013,-0.3378362939939808,-0.4285244685624685,-0.4329843090647209,-0.25852695575158596,-0.024853641855240464,-0.33600693861901143,-0.08602139992103093,1.9385834322478857,0.2629656834442469,-1.0926109261301187,-0.30760930480215815,-0.35407920698585993,-0.37796888705339393,-0.3762173852967394,-0.25470885603139937,-0.31209536968653484,-0.4587984603710288,0.974258118107829,-0.5576227963299752,-0.34820909752051504,-0.0891224573627609,-0.11441062284899507,-0.38192996252919614,0.6051264205596165,0.007006295041446424,-0.0535356401590872,1.2243142283037953,0.06264573121223574,0.3975513829856016,0.3708375299086525
39153,Summit,Ohio,1.2636008510645107,-0.11723921147852971,0.5219426544687438,-0.15192640714210057,-0.7015466783172699,-0.3712977475005808,0.41188266681650804,-0.3013296387520735,0.8773252613322676,-0.45022431765361914,-0.5371765815255286,-0.051162744801737194,0.1394180805706791,-0.7491106300897147,0.24605280127504683,0.7162790385796257,0.12534650388271426,-0.4976116757767944,0.4390074325971183,1.4947461369173014,2.779849859258783,4.622905210843459,4.6322291799893724,-0.7689788133687642,-0.2721687396542666,-0.46875735383872014,0.4125629962991135,-0.614545715979124,-0.2413230528427579,-0.44830829907385944,-0.3152120056544107,-0.248629775633374,-0.18231605232378884,-0.2810924186642868,-0.08602139992103093,4.00084183937742,-0.8803083224749647,-0.8714407474375294,-0.4270961884766731,-0.35407920698585993,-0.4097509747051579,-0.294250051201085,-0.22042696290415092,-0.48815068587268473,-0.6109138530130117,0.6944835483674352,-0.7294921746148487,-0.3343208200265566,-0.3526607352026198,0.11606409584251211,-0.38192996252919614,0.1252848061763878,-0.29066115429087425,-0.0535356401590872,1.7373237909315709,0.19849624351611156,-0.012026622653364011,0.2319733255460265
39155,Trumbull,Ohio,0.2589131221125374,-0.4920110209469626,-0.2148034546538978,0.5602561232658211,-0.5759181569941245,0.2614266495387177,-0.0436498654675105,-0.3109447160745135,-0.38053616489349246,-0.4679533903175422,-0.5630981334912485,0.15533986054596688,-0.5323891471112302,-0.5726313348823804,1.601562169399042,0.12672380027587182,-0.032482588066053954,-0.6219552964832936,0.7475782858703277,0.17205958309747554,0.2157469202944232,1.081341107184911,1.5659260810713334,-0.3219915219729169,0.5016807420178149,-0.47576001809784774,0.852334174792068,-0.6260320400769129,-0.4973802889104722,-0.41989538088326195,0.513462484426092,-0.2293845889218131,-0.09885191723221913,-0.21021725648190145,-0.08602139992103093,0.8994400782739354,-0.09003814280911279,-0.30078087786039476,-0.26584176581858887,-0.4576472009068399,-0.5898494713984844,-0.6712997880410948,-0.46040021479488685,-0.314762874477234,-0.1841456681007822,0.9186737665037772,0.2529850176703235,-0.5398673269371405,0.16941983416733777,-0.2373304728177989,0.04750660025410388,1.5648096493260741,-0.588328603623195,0.762951507703092,0.5866035341671779,-0.005840660403893917,0.5907053060563493,0.1383207226037906
39157,Tuscarawas,Ohio,-0.05150009133675788,-0.03917365244734918,-0.1113869489168994,0.09156258700705427,-0.3234458158403103,0.7257782724266146,-0.5977607442738057,-0.2761142604714175,-0.4585355531355293,0.2602942118354246,-0.4727301576369998,-0.5674192581709984,-0.10790198087183847,-0.2981079867820823,0.24605280127504683,0.10926953456622479,-0.4798163347035433,-0.8999475854280352,0.09534772264619924,-0.026263646670914232,0.07157588248499651,0.12072482205016917,0.5685534726181073,-0.5054877716578718,1.0158931034765155,-0.4741351489726378,1.5490699149201446,-0.5925929855841252,-0.10795883780686467,-0.37294992789424064,-0.49267067252936875,-0.31845256564601676,0.009147494458341475,-0.3348371367344677,-0.08602139992103093,0.21235457413414002,-0.03803994899803046,-0.054697214807257075,-0.3144005323922839,-0.3381456694595551,-0.3144047117498666,-0.4090043189350016,-0.2775634514495642,-0.08669121487244907,-0.14611681994028655,0.813063498456079,-0.11640588491209106,-0.33709847552534816,0.1619258547026965,-0.7443748539391147,0.04750660025410388,0.845047227751231,-0.29066115429087425,-0.0535356401590872,0.008932046075940177,-0.03721640900232834,0.13599902746049533,0.16254122336471352
39159,Union,Ohio,-0.14814709172938428,0.43602605765737806,2.19191149988078,-1.493312841675431,-0.9252359182222756,0.36381183706703246,-0.4898159567800822,-0.3200610992923933,1.1987400139473086,-0.4647320307024762,-0.5590150722987767,-1.5655151840182324,2.4625655020140775,-1.1805044628187567,-0.5387157802704237,-0.8479202817916411,-0.8208169991865641,-0.5618208680775597,-0.5874066956177135,-0.046173051098184294,0.053208676702343666,0.2073315083701722,-0.11771533352490669,1.8702266141391357,-0.19203386267786915,-0.5043639547161645,-0.35567276435430767,-0.6353066178039549,-0.7007967952336795,-0.45567624301616133,-0.5934360264893426,-0.3708647751291804,-0.1596183602139331,-0.39427116703094833,-0.08602139992103093,0.04554195620338699,1.7545803156448831,-1.7255016629134163,-0.41466049760440343,-0.38594628203846915,-0.33559277018437594,-0.22867618392456057,-0.23185426061323375,-0.31743037926793344,0.411639619746984,0.2516615472551568,-0.9526658449250576,-0.3176548870338059,-0.174054224628687,-0.1963571894948643,-0.8113665253124961,-0.354556808206841,0.3046737443737671,-1.1421851706419928,-0.21499847148421208,-0.0426408239992454,-0.9782954594667553,-0.008616982012476505
39161,Van Wert,Ohio,-0.23809888793710982,0.08159007970096228,-0.15157676575792525,0.0003205350830569441,-0.3239378369651312,0.744189606685307,-0.5834839382304688,-0.30267238424154774,-0.49981522289913316,-0.6543504069762229,-0.4337945176350375,-1.0320501202033303,-0.024775532243781647,-0.9059811147184565,-0.46737318194810806,-0.6768107218573938,-0.8814835041497332,-1.0576422158999592,0.03158156117856445,-0.15827099375558107,-0.14302139284095106,0.021938679223905782,-0.20488457764363205,2.48974235825369,-0.8203919111548839,-0.509117906769753,-0.6748118948178522,-0.639051253382594,-0.7086211042959877,-0.4559257436739876,-0.5923335219784184,-0.3749869497999871,-0.21698966122152571,-0.40973221802951115,-0.08602139992103093,-0.12445818439719786,2.080248824837194,-1.9687287550168262,-0.4343044212697013,-0.553248426064668,-0.5898494713984844,-0.2778565843819527,-0.36898183312222593,-0.44146935203544807,1.2377107103444183,-0.15966265461482593,-0.8551876900769204,-0.48431421696130683,-0.10286141971460182,-0.6624282872932454,0.04750660025410388,0.6051264205596165,0.007006295041446424,-0.3256980227798136,-0.2568275318057282,-0.05647882964285696,0.29165208924355956,0.3223965283868066
39163,Vinton,Ohio,-0.28258714321648176,-0.28594925829047674,0.5894740676199584,-0.03012893995756755,0.11257578855098611,0.7785056598086075,-0.6320073341700968,-0.24630411855688952,-0.5141031133421922,-0.6241824128569153,-0.6378897925631108,0.7232220252521526,-0.6466794336229682,-0.31771679736067504,1.2448491777874646,-0.5389598304708753,0.4170956898693836,0.3666202536039573,1.071985150924288,-0.2615807990092635,-0.40287120242038427,-0.4946820332459198,-0.11244499479632983,-0.788441474238396,0.03976368701287535,-0.4711673373354419,2.923965568895002,-0.5019043382046928,-0.29915072669212867,-0.34298667682435285,-0.5174152356424926,-0.3767422306750067,-0.009577257839187777,-0.3943625810928511,-0.08602139992103093,-0.3767493930119293,-0.7583270760404235,0.899916549941185,-0.4308492353027952,-0.14694321914389946,-0.0495539813185034,-0.32703698483934723,-0.14043587894057283,0.4361397241046021,-0.07428455119268357,0.23683905349407636,-0.14205803092475866,-0.1537732126050973,0.22749817501830194,-0.31153499464974155,0.9063797258207039,2.044651263709303,-0.29066115429087425,1.3072762729445448,-0.3231177025702965,-0.06429529072746369,0.4835495611414911,0.7228421409674027
39165,Warren,Ohio,0.36618868592905063,0.15972047306233542,1.646185620699877,-0.9669767715047791,0.17792616590721977,0.20670008778435925,-0.4204948439152599,-0.3345846080860997,1.7709557505678084,-0.1718540914704125,-0.49280473203117187,-1.7203921380290101,2.465860357120722,-1.2785485157117182,-0.32468798530347687,-0.7475252854443525,-1.014470965637401,-0.8553165542761403,-0.6889344151943735,0.3193426927245971,0.8663210561792537,1.5463985169103438,2.0646897099063035,0.07466347212768142,0.7263075682136592,-0.49537307012071363,0.3083462324274376,-0.615165807859704,9.018001346611255e-05,-0.44720084686520106,-0.6078886068055477,-0.3682956973561751,-0.18714883761729875,-0.2656517661964466,-0.08602139992103093,1.4215735374820355,0.40215867988429216,-1.0047271056718061,-0.43667241510046884,-0.17084352543335618,-0.10252412740477604,-0.09752844937151399,-0.06044479497699393,0.5188323726162787,0.25741151331830686,0.4962326943129844,-0.9577962741275913,-0.11766369112080512,0.2531026048558236,-0.38585862486343686,-0.8113665253124961,-0.8343984225900698,0.3046737443737671,-1.1421851706419928,0.3512004376463593,0.04961380799256284,-0.6887101985098852,0.06565922032102128
39167,Washington,Ohio,-0.1454438224981229,-0.5256257710059976,-0.036779113386089975,0.5025654883491711,-0.38511186584949836,0.7161615727849937,-0.5781848903918595,-0.2694143982166511,-0.32694368505263255,-0.41022512369594527,-0.6186650509085797,-0.6018363590622807,-0.21670084220583524,-0.807937061825493,1.0308213828205177,-0.24927776357862377,-0.5460058230574248,-0.7965847426302477,0.09376136545016918,-0.15041074742907673,-0.15739368722467825,-0.06662686335334313,0.4396806569702701,-0.738915994925316,0.7057294156493593,-0.4693496981757839,2.128628599103392,-0.5945806087711865,0.3028866410336026,-0.3893163613335266,-0.618149371308692,-0.39851100297890524,-0.22047906880250134,-0.34037687915823994,-0.08602139992103093,0.017959575743577046,-0.4082236680048693,0.389129854384048,-0.2634439859018996,-0.09117583780183297,0.0034161647677692342,-0.17949578346716838,-0.0033083064315806597,0.4454759908720495,-0.54964515319888,0.4072977317465016,0.06315913717658256,-0.06211058114497148,0.19877125373717983,-0.4678051915093061,0.04750660025410388,0.845047227751231,0.007006295041446424,0.762951507703092,-0.09362869243050649,-0.0513036482374555,0.13592216295505613,-0.25889548987534916
39169,Wayne,Ohio,0.017979492599551596,0.6046549409327243,-0.5667928103087602,-0.2747840981337545,-0.1590668171645385,0.6746029055595021,-0.5423108399801346,-0.3185854350786791,-0.1858715863810298,-0.4296676408518921,-0.5542252831069634,-0.7911304139643425,0.207649038404113,0.03524179305399396,-0.46737318194810806,-0.167190699917703,-0.4383948705105948,-0.3421060879761109,-0.38897092227953833,0.03597644916066803,0.14846925911313585,0.5649995587128096,0.46491048030595566,0.66844184441249,1.3274782320738236,-0.5082595779731981,-0.09147709309334479,-0.6221866439676242,-0.4408804629739488,-0.45097954241697463,-0.4200589027964111,-0.2364866993228268,-0.21417507240407158,-0.3800611121300008,-0.08602139992103093,0.37313825380694343,1.2588285551970044,-1.3849555152191977,-0.32534691896847345,-0.4337468946173832,-0.49450320844319384,-0.4581847193923938,-0.3461272377040603,-0.30676036010513646,-0.325697491809294,1.1317471143193092,-0.6474053073743122,-0.4426493844794316,-0.01605615758251553,-0.5548734185705422,-0.38192996252919614,0.6051264205596165,0.3046737443737671,-0.3256980227798136,0.06165350599795848,-0.02741388832494544,-0.7410935645990532,-0.6674146027095864
39171,Williams,Ohio,-0.2134472984251629,-0.06240877455195019,0.09752990796858801,0.00892438574939708,-0.0933751206750979,0.7209534574315174,-0.5974850933516012,-0.3029221757227283,-0.42088454977501166,-0.6091901501374001,-0.35142445980270726,-0.8943817166381945,-0.10179277036160143,-0.7883282512469002,-0.46737318194810806,-0.6663183808231938,-1.084729180690906,-0.8806858787766468,-0.9133153062520228,-0.03716851456547137,-0.030821667595753437,0.14315521176575915,-0.26408387844858805,1.655760162655928,0.02442719738361307,-0.5153578918607487,-0.5789775937142249,-0.6361886310223499,-0.705411657474727,-0.45552142341199137,0.26381503579684057,-0.2277047625374789,-0.1598403479128959,-0.3774904134011176,-0.08602139992103093,-0.039740562688126466,1.6413565264885597,-1.5786038590173146,-0.4248249994251508,-0.6647831887488004,-0.7381658804400477,-0.523758586668916,-0.5518185964675486,-0.7322273742216653,0.0630418449424399,0.5073495646337948,-0.05227551988042184,-0.6481958913900162,-0.16593574687532625,-0.3909802852788037,0.04750660025410388,0.845047227751231,0.3046737443737671,-0.3256980227798136,-0.21827367754965518,-0.05275146437622839,0.7091729042430579,0.7632096422356079
39173,Wood,Ohio,0.06222465866311131,1.406192116724703,-0.8901076248326933,-0.852208310516173,-0.33354249590683627,0.5412979377598668,-0.4675157052406711,-0.2962584178747675,0.1365758353280017,-0.4309127476509443,-0.29174462626161496,-0.5674192581709984,0.6178584991813778,-1.1020692205043836,-0.1820027886588462,0.7832632195710971,-0.16659963560632657,-0.7158446354259441,0.04515084851468363,0.33389484501741645,0.4237511248508646,0.5442570053005316,0.15739276397841717,2.0870799057588507,-0.6944026460176694,-0.4943099492681998,-0.6228046817879805,-0.638362416912042,-0.7036518108143769,-0.45442630108365856,-0.5391125496445871,-0.3775817078483441,-0.08007125782887332,-0.36194605823633175,-0.08602139992103093,0.4275120682183946,1.7407853531008428,-1.876998963601899,-0.2778753445309169,-0.4337468946173832,-0.4627211207914306,-0.13031538300977621,-0.25470885603139937,-0.7508999077565599,0.0038858589150022682,0.20719406597191542,-0.6371444489692452,-0.3565420640168896,-0.43571900760238574,-0.5343867769090749,0.04750660025410388,-0.1146360010152266,0.007006295041446424,-0.3256980227798136,0.07140426234136335,-0.026787338106827308,-0.20062583189838779,0.4790224333074428
39175,Wyandot,Ohio,-0.25714478155671194,-0.23933763131369265,0.27742110542135157,0.08233653454780646,-0.12869731952074914,0.7759087023305209,-0.6572269666315641,-0.32248989870896405,-0.38253721015949393,-0.6176817237406864,-0.4605679051772029,-1.2041356246597503,0.41261648316330185,-0.9648075464542345,-0.6100583785927393,-0.3033569976299826,-1.2371226907869315,-0.8173436649584659,-1.641435702276433,-0.13773308720438882,-0.06734262853476626,-0.002120867383126115,-0.4854475919688811,2.113051352723098,-0.6057300361585848,-0.49091246994272203,-0.35898584427781655,-0.6378203602970088,-0.7030535979659178,-0.4554950348771556,-0.5847078808910564,-0.215130285540538,0.06324032834394475,-0.36623800225998304,-0.08602139992103093,-0.18210810977003825,1.8064805076682087,-1.6776760998884968,-0.4364639124990175,-0.3779795132753167,-0.3567808286188853,-0.17949578346716838,-0.23185426061323375,-0.48281567629128613,-0.032030275458799225,0.36838868562366556,-0.7654051790325835,-0.31209957603622285,-0.29770488579525617,-0.7290098726930142,0.04750660025410388,0.845047227751231,0.007006295041446424,-0.59786040540054,-0.28400238441729037,-0.05971426730854322,-0.42723399692712066,-0.5899090002746322
40001,Adair,Oklahoma,-0.255908833977522,0.9749404538015302,-0.07118486722610837,-0.8627424424321898,-0.0022420280506759626,-2.187572019477037,-0.6359156764847193,7.628194295617736,-0.3126535416130809,-0.11572600720702055,-0.19290089725950632,1.56644099708861,-1.1074100060354517,2.0745580932276346,-0.039317592014215016,0.2851873910391876,0.11260285534753149,0.5818131231156248,-0.5845116954157344,-0.2533289308635382,-0.40411177946718385,-0.5483516168170112,0.046487992305571976,-0.8221988482510404,1.7911022391060714,-0.3802814719081,1.8924814347293002,-0.5920581624013089,-0.18572522143641448,-0.3534783026884089,-0.5957942870419985,-0.3880623610939014,-0.17557001883688214,-0.4056584025708925,-0.08602139992103093,-0.3505655165169192,0.0008886059805625542,0.1504867345644438,-0.31020814079881814,0.30716260035578313,0.4165833042406957,0.49263635611719675,0.43092900651355986,0.004003948011325074,1.2841904136516913,1.7413221702437427,2.969547280411832,0.4045355426520314,1.6913221637780882,-0.49341349358614023,1.7652528513873038,2.2845720709009174,-2.0766658502847983,1.8516010381859975,-0.30095859410467,-0.06284457009692945,0.14734433705283656,1.050626251265229
40003,Alfalfa,Oklahoma,-0.30421036828084014,-1.3177486344308138,2.277304424555207,0.079878638242774,4.361051331965998,0.24363328075327068,-0.33576537689989394,0.4919367504807056,-0.4547189196259594,0.005532323615148506,-0.27244858907689556,0.2241740623285349,0.12184552000190736,1.0548999431408153,-1.4661695584605254,-1.0624195133445393,-1.8168082202636173,-1.8796205290483199,-0.860201782217702,-0.25952246349583646,-0.2809576792681019,-0.46329308890999543,-0.42485124646735856,1.2577929806084363,-0.8202742197244391,1.6754667994274888,-0.7832200808985635,-0.6376147076283221,-0.7085843756711782,-0.4379743455160809,-0.5568078058014534,-0.043178158230569814,1.5848880721805052,-0.26195390036224137,-0.08602139992103093,-0.4139963758048294,0.8672933710250359,-0.6644649237289484,-0.08355836649985203,0.052225999934908604,0.2258907783301137,0.9844403606911231,0.32808332713181615,-1.0723342350358185,1.6961696020570614,-0.2634201109423889,-0.6397096635705118,0.32398353318707246,-0.24524702954277217,0.12118575625787893,-0.38192996252919614,-0.354556808206841,-0.8859960529555155,-0.59786040540054,-0.35594462507765184,-0.06953655476013049,-0.21124215375864538,0.27718492696641656
40005,Atoka,Oklahoma,-0.2806160704183898,0.03435762919023908,-0.13190454139868973,0.03403776324904948,0.9466067974325442,-0.40500713110370334,-0.36358367298539956,2.698121517962774,-0.2911216824888995,-0.05145080441336601,-0.44101530906751,0.8092647774803626,-0.9506984600256633,1.760817123970153,0.10336760463041615,-0.2233101649944279,0.35013313601312335,0.20214025033963506,0.837046731165963,-0.26675926868105937,-0.3836908783564709,-0.5596768311902999,-0.6430904519885519,-0.8207110426646044,0.6322446015823459,0.4705016024368232,1.2131438553329927,-0.1603824788812465,0.43127201048799496,-0.20456462244934162,-0.3983854629586124,-0.17287738839540642,-0.1906875316124779,-0.26860843137620544,-0.08602139992103093,-0.5389624327404641,-0.5220119139301111,0.740198704505824,-0.0026965897441772464,0.6178665821187236,0.7767802976273495,1.0664076947867775,0.81945712862237,0.07869408215090387,1.2588378482113607,-0.029965834205371744,1.5715053227214426,0.7989626234804491,0.7814281571129817,-0.7034015706161801,0.47694316303740386,1.0849680349428452,-1.481330951620157,1.3072762729445448,-0.31761535638035204,-0.06798276017458188,0.10414474824174486,0.04951221981373896
40007,Beaver,Oklahoma,-0.30535552350231704,0.5040182072107375,-0.7720049318053511,-0.0798701785227371,0.22228522229455946,0.5727432771450315,-0.5479925856923029,0.23608596097726972,-0.49026507842509714,-0.23447497416025093,1.160730633825309,-0.6706705608448487,-0.022304390913798124,2.0745580932276346,-1.4661695584605254,-0.5911900676154666,-1.371896200662463,-0.5437526366270525,-2.4247512592897955,-0.28737424037261455,-0.44232643854483,-0.6232614684594427,-0.27537869958107697,-0.013461152326209761,-0.8177827974559541,3.2407717737541857,-0.8300140249478156,-0.6393997489025706,-0.7125901674990435,0.596787670290449,-0.6046595033934368,-0.29086454228514036,-0.21026701878194662,-0.4171648969239432,-0.08602139992103093,-0.48262781488946777,-0.38328846796466337,0.581007360932329,0.6136743327530569,-0.0035413814071578774,0.07757436928855048,0.6565710243085056,0.09953737295016307,-1.2563920655940661,-0.26442879199516184,-0.5339306220821073,-1.5324043448113471,0.15454654776078003,-1.2194643599460424,-0.31599000367470137,0.04750660025410388,-0.5944776153984553,-1.7789984009524775,-0.8700227880212664,-0.35815304973892204,-0.07027858729867463,-1.5547561569821453,-1.626546432842143
40009,Beckham,Oklahoma,-0.25688997719796897,0.8342438471635277,0.5481925846315129,-1.0415822485433948,1.5665153804440723,0.2699197366724792,-0.35301355838739673,0.3924680039540992,-0.23645519861481146,-0.4533740730153254,0.3549496593213751,1.0846015846106343,-0.3576245408296178,1.035291132562223,-0.6814009769150549,0.6639144161327616,-0.3028008058398507,0.5353208781638779,-1.5157235670253297,-0.19431038321293792,-0.3160526836359753,-0.4656747170571174,-0.2982025092084777,-0.0477715427075798,-0.8066060176544515,1.7752304706647501,-0.8313256906931568,-0.6379756908069699,-0.23914403895667694,1.6016044203498618,-0.5412076017885984,-0.38883470139266846,-0.1033056666193006,-0.4017999163757668,-0.08602139992103093,-0.3771567089222133,-0.41201402862490194,0.5633996091092759,-0.06676646056154775,0.30716260035578313,0.4907415087614769,1.0500142279676477,0.4766381973498903,-1.2643945799661638,1.161653014023427,-0.9396963887916847,-1.2271438072606018,0.5295300400976571,-0.864124833664337,-0.17587054783339698,0.04750660025410388,-0.1146360010152266,-1.481330951620157,0.2186267424616392,-0.3050385650890506,-0.0658314490433057,-1.0385264328233623,-0.6851763032675966
40011,Blaine,Oklahoma,-0.2932947838551509,0.2883181398429156,-0.7729846197113527,0.11933801787248556,-0.1286007509699794,-0.05483113455821867,-0.35519314400757274,1.5251771077174823,-0.398441996930769,0.18238887285083766,0.19855618541264058,0.06929710831775686,-0.3533686863168684,1.2313792383481499,-1.4661695584605254,-0.22901385485039438,-1.6324296894254664,-1.5797800554653805,-1.50375817259338,-0.24987068021592576,-0.2680550034147374,-0.41429410230832986,-0.5487189156708306,0.7643706795616008,-0.8190742611264586,2.304213138980391,-0.7160699038047015,-0.1811370866720862,-0.625136842347737,-0.42866488308794104,-0.6244754499598336,-0.3792238597341438,-0.09721228052780062,-0.3092004511473993,-0.08602139992103093,-0.42497278163690605,0.38200018000766145,-0.18791385180890494,-0.04089724493863457,0.18766106890849832,0.363613158154423,1.0664076947867775,0.43092900651355986,-1.0896730161753634,1.4426439476537567,-0.44684847123575955,-0.9629267033301246,0.44620037513390665,-0.4688174169045482,0.8074882519170337,0.47694316303740386,0.36520561336800217,-1.481330951620157,-0.0535356401590872,-0.33825851232425913,-0.0687885967150369,-0.14533724563022285,-0.07320498404160525
40013,Bryan,Oklahoma,-0.18034323328870858,0.6089655588214427,-0.16277231556040983,-0.47996469939655084,-0.5708592515761262,-0.2700070229520805,-0.5168560395579501,2.709914562913806,-0.373672425619252,-0.13663140108264402,-0.2503335121247557,0.4823023190131645,-0.7995469820083377,1.66277307107719,-0.7527435752373701,1.1592235902800854,0.3676162833112231,0.010632077264901228,0.1130423774077936,-0.1990247439903102,-0.27543625690590023,-0.4156147545169193,-0.40666206119199044,-0.7064647869958488,1.394219394591461,1.3859303434783787,0.486289650855238,-0.6137861755976753,-0.5260580100382143,-0.2941073791740201,-0.5223971220907591,-0.22017116654575317,-0.062312228140583556,-0.06385259310373312,-0.08602139992103093,-0.37826884738650374,-0.06474014147355774,0.22625281484002713,-0.03714419811251248,0.6816007322239419,0.8615325313653853,1.1975554293398263,0.9223028080041145,-0.05067990019800938,1.3116556928787158,-0.2838010398638747,1.3765490130251683,0.8906252549405758,0.6034461448277688,-0.20147884991023113,0.04750660025410388,0.36520561336800217,-1.481330951620157,1.0351138903238184,-0.2019163626856708,-0.06025148404046356,-0.3500852448571778,0.023677019002087577
40015,Caddo,Oklahoma,-0.23667256928529587,0.6281524915944223,0.08810914875174702,-0.622584630813462,1.2304508560363634,-1.0286254517128839,-0.41628622667161574,4.012544720205998,-0.37645365984991824,0.3329132411477639,0.25562584343508626,1.0501844837193504,-0.6841584104610516,1.584337828762817,-0.39603058362579246,0.04155169057450387,-1.1381406119518287,-0.6373860228904111,-1.7746057582103596,-0.24084728231460895,-0.3420569359405966,-0.5166820080285116,-0.37055644420246026,0.3571195676959334,-0.750404131702044,2.8845665471808393,-0.5256064285485781,-0.3020487622105472,-0.6941558077957527,-0.4154448078819948,-0.6179689973834371,-0.3589964673463743,-0.22314189015617816,-0.335863123825133,-0.08602139992103093,-0.4319982566337128,0.012082560576594221,0.17476092808015062,0.2207065011893339,0.32309613788208746,0.522523596413241,1.115588095244172,0.5452019836043864,-0.8802738901054731,1.1046097417826835,-0.6784499362526416,-0.7910573250452512,0.5711948725795323,-0.5069118125164709,-0.1400189249258292,0.9063797258207039,0.6051264205596165,-1.7789984009524775,0.762951507703092,-0.2663349871271287,-0.06622574183489072,0.2844111390938717,0.7228421409674027
40017,Canadian,Oklahoma,0.11344619234190895,0.7156666294868885,1.4637126218289167,-1.388284435510278,-0.1771573267511549,0.07840166626004577,-0.3896304629411068,0.7809534923889735,0.7008013393416468,0.12155050967887844,0.0008770839321414593,-1.1008843219858984,1.3309200585110676,0.09406822478977217,-0.8954287718820013,-0.4687150431517856,-0.5443941552330297,-0.4696003503561391,-0.24513812148927194,-0.022849488845486075,0.23125378077350936,-0.06152538440265281,-0.14469388107088696,0.6497388125367455,-0.7842343172877394,2.2542990191088617,-0.5885894085140791,-0.4334204360356152,-0.7029311624136825,-0.4310635716702095,-0.621065991450619,-0.34601520354616605,-0.2080022697623747,-0.32321053362798563,-0.08602139992103093,0.004062884914893891,0.28489527119137137,-0.27873522603012246,-0.06561969625356594,0.2593619877768691,0.4907415087614769,1.0336207611485175,0.5452019836043864,-0.8629351089659281,1.8820884152861512,0.02747132911881511,-0.5422315087223747,0.5267523845988648,0.029532217494048007,-0.28854707697146714,-0.38192996252919614,-0.8343984225900698,-0.8859960529555155,-0.59786040540054,0.04140337478190459,-0.03662895038102417,-0.7393352233408499,0.3385435288940884
40019,Carter,Oklahoma,-0.18000349414371797,0.6048103267737764,-0.047556108778595826,-0.533516262039564,-0.5620063965340291,-0.36470062289088684,-0.11724623104752487,1.7920944390229963,-0.0732724296218865,-0.004898182625690436,-0.15151365035967176,-0.03395419435609518,-0.2626915280694175,1.4666849652912626,-0.46737318194810806,0.41223111378131777,0.001987132830121079,-0.25097485033572414,0.12120802521280775,-0.1197628856389674,-0.07775019984702711,-0.2103441256455975,-0.28669416374998014,-0.745820686336313,0.13550988996974256,2.693150492367081,0.5631741070056661,-0.6256744383294207,-0.6939641406220376,-0.34675179814590334,-0.6227555555175576,-0.3726688052669627,-0.16098266192060784,-0.303101616862791,-0.08602139992103093,-0.19896024624956954,-0.673037863434362,0.7402391742279543,-0.11910061352580616,0.578032738302962,0.7132161223238221,1.0664076947867775,0.7737479377860395,-0.31076161729118523,0.6229109984164046,-0.19486607729739192,-0.05484073448168855,0.7572977909985747,-0.04041159084259732,-0.4165885873556378,0.04750660025410388,0.1252848061763878,-1.481330951620157,0.4907891250823656,-0.17805414706601397,-0.05881805660520438,1.0818566342613778,1.4397689634907276
40021,Cherokee,Oklahoma,-0.17840437713367605,1.2151666747665109,-0.940021196272088,-0.6513624339639036,-0.5819768452326601,-1.6393424576389708,-0.5589926171237479,6.11783679316501,-0.23912899670512966,-0.137939317993023,-0.17762720142362817,1.1878528872844862,-0.6986420443673439,2.4275166836423057,-0.1106601903365306,0.4022646516114481,0.4589795477364294,0.2792558432469155,0.4760668264462106,-0.23300967885129714,-0.33517736764923234,-0.44654371586751623,-0.06095381486910638,-0.8220529109109104,1.623821207417107,-0.31217432202540535,1.7113379064900764,-0.5835773672941159,0.00257430625141357,-0.40085318622773686,-0.5748589198028641,-0.3746979208263157,-0.14767355022445486,-0.12054274636095921,-0.08602139992103093,-0.3198340259918239,-0.07465982237531148,0.21066870317992684,-0.1617840746514648,0.315129369118935,0.4907415087614769,0.6073906238511133,0.4880654950589732,-0.0026648139654228855,1.6792678917635073,1.1243358674387685,2.3795479221204747,0.460088652627865,1.4533883157757501,-0.42683190818637146,0.9063797258207039,0.845047227751231,-1.7789984009524775,1.0351138903238184,-0.19755565975282371,-0.05777974612941625,-0.34627182700761977,-0.010231682063204966
40023,Choctaw,Oklahoma,-0.2779391602587225,0.16084985096459625,-0.8843340865002193,0.2922260766556291,-0.9337163176984254,-1.0708533752863725,0.14696800528388848,3.0604329587978563,-0.35877855263567754,-0.018465199539057942,-0.35983058816167895,1.3771469421865483,-1.2761340446215488,1.4666849652912626,0.4600805962419936,0.2891899035537628,0.22602610556506253,-0.041530930963558886,0.4428505152260484,-0.2737171815435755,-0.3877551685676858,-0.5074697032401068,-0.5862387379750011,-0.7627337137132834,2.8292250824080343,-0.08972767899916238,0.22530784435585577,-0.36813107061282946,0.14267274968083227,-0.30509000532110375,-0.09936877763294383,0.03920707296308005,0.028242427524027055,-0.09811274499657995,-0.08602139992103093,-0.5082003356729293,0.529174284210237,-0.29506752543554526,-0.1444783587310128,0.6975342697502468,0.829750443713622,1.0991946284250398,0.8880209148768669,0.3227707704998844,1.7722272983780527,0.16272658468867401,1.3432012232087,0.8628486999526589,1.0568319024385218,-0.16562722700266333,1.335816288604004,1.5648096493260741,-1.7789984009524775,2.123763420806724,-0.30640479390492115,-0.06705148994066679,0.9374739671516321,0.5968955370106022
40027,Cleveland,Oklahoma,0.5109058465521136,1.3024201670860078,0.20188066784789124,-1.300434599228475,-0.07430122585119169,-0.14771587915895315,-0.23840892366314126,0.8789291152243232,1.3906026909068208,0.2178289153060076,-0.03809045990879318,-0.4813765059427885,0.6166915713311077,0.01563298247540123,-0.8954287718820013,0.981061795408714,0.2596188533252244,-0.2922180973483483,0.3059096353350573,0.3208684872113842,1.2080255780679738,0.49795294122681505,0.6873712835056123,-0.7187146427076355,-0.24685768348482803,1.571770880111588,0.9392776930050879,-0.6196628975300035,-0.6985892590720035,-0.374078522735494,-0.6230286537575641,-0.359210167882904,-0.04617878719077121,-0.17085074146979953,-0.08602139992103093,0.7886831181024564,-0.8193640730823017,0.45610247529853454,-0.32439376421898214,0.34699644417154474,0.5860877717167683,0.9844403606911231,0.5909111744407168,-0.5668420771983124,1.4722219406674757,-0.0799917506490182,-0.10357981190575703,0.5850831500734908,0.11758647620357414,-0.293668737386834,-0.38192996252919614,-0.8343984225900698,-0.8859960529555155,-0.3256980227798136,0.471690589928203,0.03557848985582279,-0.9962136513721048,-0.33963049241175963
40029,Coal,Oklahoma,-0.3048166269275044,0.14493757180101285,-0.9718203385068689,0.3504554435231523,-0.057661646925587874,-0.5157025909819524,-0.5661436316401736,3.508949101917555,-0.37587393627450705,0.11035191931093799,-0.3883239245165113,0.6199707225783005,-0.9918155060440002,1.8000347451273386,-0.1820027886588462,-0.28715233307525084,-0.6998885221994398,-0.5260835664969551,-0.7180435797320137,-0.2449296232319916,-0.388702367279889,-0.5857076853866429,-0.5407496954711828,-0.8122740426602503,1.1170392073658815,1.3582810250740385,1.1835898208015687,-0.5934443210601573,-0.6751351616473653,-0.28552640187104744,-0.5994761480212477,-0.36205448147426617,-0.23391132797997102,-0.36009014264891986,-0.08602139992103093,-0.516962300162479,-0.2943424451403875,0.5093555018397677,-0.35171505153057336,0.5620992007766571,0.7449982099755862,1.0500142279676477,0.7737479377860395,-0.02267109989566724,1.119398738289543,-0.028113022485236727,1.2046796347402948,0.7572977909985747,0.6040706431164892,-0.9236329684769536,0.9063797258207039,1.3248888421344598,-1.7789984009524775,1.579438655565271,-0.35527086840133215,-0.06868492848662001,-0.22145647784287245,0.0043006183933488994
40031,Comanche,Oklahoma,0.03273764390651376,1.5384566265587092,0.09740010001081074,-1.4658572575691902,0.8443394157445934,-0.9397352148278825,0.673920034671388,0.9807595837827079,0.9620904867396564,3.7397732726339337,0.26883862380123374,0.5339279703500905,-0.31149656933659203,0.6038972998331827,-0.32468798530347687,2.280648134936176,0.6637651085370555,-0.622607934179239,0.4550586559976727,-0.046076526638138486,0.07335651598384044,-0.19977802208642173,-0.3294728215103535,-0.31390944693685535,-0.8170742945235148,3.951780476831198,-0.48997678466075006,-0.619336625362425,-0.5827016304433512,-0.29826674738487047,-0.6261845263441003,-0.39145490190991156,-0.1920622390447984,-0.2957639549514472,-0.08602139992103093,-0.14611862261922826,-0.678796917730243,0.7230247816186314,0.06703263739829797,0.4505644380925247,0.6602459762375494,1.2467358297972186,0.6594749606952129,-0.7669049365007554,0.8531968011660734,-1.3491677789415322,-0.9321441281149234,0.701744681022741,-0.7885605407292111,0.05460417085811019,0.47694316303740386,-0.1146360010152266,-1.481330951620157,0.4907891250823656,-0.01977747452057245,-0.04758035667448126,-0.33831088347037575,0.8778533458373105
40033,Cotton,Oklahoma,-0.3043158045672165,-0.3156980471333072,0.1077012664121663,0.23720937170302647,-0.38006515631139975,0.01871569063282065,-0.46223165575168235,1.6827596464427457,-0.37293898629868766,0.7897971347757576,-0.10106366552832119,0.7060134748065106,-0.6364516542294253,0.9960735114050353,-0.6100583785927393,-0.7492469841024663,-1.3671354515469336,-0.7066111390456806,-2.054580981653283,-0.27194340284919577,-0.3705174312123516,-0.5275924471483598,-0.4934839469754981,0.7902835324278953,-0.8217062621470343,2.67436242706045,-0.64180247436267,-0.6389543040722722,-0.7118667744147759,-0.4260132429373292,-0.6238678062395702,-0.3835485302553957,0.2678286291967584,-0.34257613333512466,-0.08602139992103093,-0.484312131248682,0.40632369393903633,-0.18594293350889984,-0.26170149987548585,0.5700659695398096,0.7873743268446042,1.328703163892873,0.808029830913288,-0.7135548406867706,0.7053068360974788,-1.3658430844227478,-0.7961877542477847,0.8267391784683668,-0.7798175646871304,-0.31599000367470137,0.47694316303740386,0.6051264205596165,-1.481330951620157,0.762951507703092,-0.3524448334534355,-0.06904421468780982,1.0773327592306678,1.3089782593817427
40035,Craig,Oklahoma,-0.27949141669704164,-0.18143832178447805,0.33804288878834926,-0.001195692342278174,0.5426878770155953,-0.8048603430670143,-0.4020246585307989,3.8660212323924523,-0.2672507675841137,0.23923659821407103,-0.4181301202684383,0.6371792730239426,-0.8747795069433917,1.3882497229768895,-0.39603058362579246,0.26426276137312205,-0.02778220751150802,0.272754561268769,-0.5114632311047745,-0.24859769415304261,-0.3686342201498704,-0.41501580777011815,-0.5023175924874825,-0.6821630812977092,5.003335816819015,-0.18819320603830644,-0.10879429116449588,-0.6315233188492891,-0.7075668396814495,-0.41627696935384845,-0.5863195992119479,-0.37145478450636443,-0.22727938416219923,-0.39419506990159225,-0.08602139992103093,-0.4425170757262199,1.592258211554298,-1.3569775905165056,-0.17196346951517297,0.15579399385588857,0.363613158154423,0.5418167565745913,0.32808332713181615,-0.41079304694240676,2.429281286039951,2.193408229956696,1.4688967386707719,0.32120587768828096,1.6226273520188828,0.10069911459641162,0.9063797258207039,0.845047227751231,-1.481330951620157,1.0351138903238184,-0.3105783422054572,-0.06701111544307563,0.5270108261561206,0.23358802559675496
40037,Creek,Oklahoma,-0.1114376913560039,0.1629931999573729,0.3071982135740127,-0.3031525919249978,-0.2503127871412101,-0.04322525715188146,-0.48273563043803663,2.0211416376154223,-0.30187597495361657,-0.07030741578902935,-0.371426888301083,-0.13720549702994866,-0.06760864863016271,0.7803765950405174,-0.32468798530347687,-0.23965774851861743,-0.3725529304161122,-0.25976263636532243,-0.2988664984481594,-0.16384142392121034,-0.21330995575531,-0.31236550281873954,0.042180715291484795,-0.8118796963414069,0.04526868526755871,1.1219334836658676,1.8154457691337567,-0.6349754959680007,-0.7050369895184424,-0.31991143209033573,-0.5274278100974353,-0.3518187787020323,-0.22091807268155167,-0.28342920618203826,-0.08602139992103093,-0.1944552294911796,-0.7789140180076224,0.8412292237236872,-0.01767899096274412,0.28326229406632586,0.5966818009340221,0.8532926261380765,0.5452019836043864,-0.41079304694240676,2.013076670061192,0.3461549449820447,0.8737669511768815,0.5323076955964486,0.7320927923040982,-0.22708715198706525,-0.38192996252919614,0.6051264205596165,-1.1836635022878363,0.2186267424616392,-0.07987282695564549,-0.05546385591177307,0.005911417796676863,0.03497991935718509
40039,Custer,Oklahoma,-0.23596673192372059,2.2017800110996695,-1.481745414469234,-1.290522004153294,-0.13841897168701256,0.040446221168242605,-0.4211624875193391,1.1787686386403737,-0.07857663209557719,-0.07798605960584205,0.6529556816321683,0.2241740623285349,-0.2690066670238198,1.701990692234375,-1.1094565668489478,1.1115981955995302,0.3283619223009995,-0.5321324140691941,0.5735301576497691,-0.19474372063298193,-0.27559180951847284,-0.47527194538120904,-0.34215052509706206,0.4975781526338468,-0.8094154379901672,2.845558638449452,-0.791069147082051,-0.5337820515548184,-0.6005610152639078,-0.13794155683389214,-0.6237701310653958,-0.3981107958581556,-0.2597059585052114,-0.31553093664720877,-0.08602139992103093,-0.38036968594822024,0.12367993929147703,0.043973870034704585,0.006350933854509986,0.21952814396110748,0.363613158154423,0.9844403606911231,0.39664711338631226,-1.0763354922218673,1.2588378482113607,-0.5487531158431878,-0.883405050690855,0.43508975313873977,-0.5318917440652731,-0.5548734185705422,0.47694316303740386,-0.354556808206841,-1.481330951620157,-0.0535356401590872,-0.2892988605116926,-0.06483581482259179,-0.6557263097900988,0.24327622590112402
40041,Delaware,Oklahoma,-0.19494615895183884,-0.8369211768812458,-0.7450685449421276,1.142096511541379,-0.3136796364658864,-0.7999803605872219,-0.6561009215035083,4.140186356636719,-0.19646318876146057,-0.036571364470735196,-0.42281516693520477,0.5167194199044486,-0.7633035758352461,2.0745580932276346,-0.25334538698116177,-0.50000047983581,0.7614775406922119,1.2916677225291402,0.39745283628434086,-0.20459820368797135,-0.30761930342465565,-0.3995912885860519,0.07180860613897525,-0.8003179560036051,2.3546444085818528,-0.4104410566488833,1.211950027332218,-0.5922788669689697,-0.31515977052938354,-0.38483596099622297,-0.5913572744482841,-0.3944784210657734,-0.20681381035533936,0.17468749835863817,-0.08602139992103093,-0.2532771995375166,0.27742734776320754,-0.16037258184841283,-0.14995899854058797,0.21156137519795506,0.363613158154423,0.4762428892980668,0.33951062484089894,-0.1053637484073436,2.598298388975487,2.1248541963116994,3.1593731609055724,0.33231649968344706,2.204035258817244,-0.5651167394012758,0.47694316303740386,0.845047227751231,-1.7789984009524775,1.0351138903238184,-0.16190270229757173,-0.05953379256551203,0.4113194111448933,-0.1442517862736461
40043,Dewey,Oklahoma,-0.3065856135100416,0.6801722747233452,-0.7723305642923844,-0.24199533862733577,-0.4509055240326128,0.31087576404447953,-0.5827941336262393,0.9543307964124113,-0.12982474968264454,-0.5106957537200476,-0.15712992600767112,-0.49858505638843054,0.040778355815503466,1.074508753719408,-1.39482696013821,-0.5832195588131238,-1.0708859554395636,-0.5911574589273108,-1.4502976933200593,-0.27835575547648655,-0.3966356294133544,-0.5720362901260748,-0.5569315116785473,-0.0497523925899782,-0.8253739444196063,3.754786486836376,-0.7783152567293427,-0.23298433226838436,-0.4684391068094973,-0.2518938775610945,-0.6150518671024948,-0.3478073432213368,-0.223247693517073,-0.3806724249672053,-0.08602139992103093,-0.5260724337352153,-0.4224566251697229,0.6378439329934499,0.010803953699789814,0.14782722509273669,0.2258907783301137,0.7713252920424222,0.31665602942273335,-1.1363543500126,0.7369975428978915,-0.850761426225202,-0.7551443206275165,0.31842822218948863,-0.7848135509968911,-0.9236329684769536,0.04750660025410388,-0.1146360010152266,-1.481330951620157,-0.0535356401590872,-0.35585104776149634,-0.06987492433155292,0.4658607171448561,0.5678309360974945
40045,Ellis,Oklahoma,-0.30960812038616486,-0.40156776367445407,-0.7800941524542593,0.7584572120634974,-0.4604232724797607,0.5751786824146562,-0.6190559221221691,0.2275114227032757,-0.39774370937115,-0.4229486285178701,-0.18081116946666528,-0.2576653501494408,-0.11730604648872021,1.2509880489267426,-1.1807991651712635,-0.33292067637289446,-1.5653226054259124,-1.3964468777529415,-1.569212878574389,-0.27705457916271053,-0.3204197246878231,-0.4691938082764667,-0.8607591270711721,-0.44825776039832826,-0.8276022861003155,4.065067032926453,-0.8280875967444477,-0.610309350190199,-0.6435705781877951,0.5459597018579415,-0.5873733477887931,-0.3221774732741378,-0.10854813263394515,-0.41694675610600096,-0.08602139992103093,-0.5502817377449675,-0.8158434420326062,1.0307547815843687,0.17727838791563516,0.07612630622436535,0.16232660302658714,0.7385383584041599,0.23666494545915523,-1.3084084090127013,0.11585968960979506,-1.0842157029622193,-0.8808398360895879,0.2517644902184889,-1.158263527651478,-0.31599000367470137,0.04750660025410388,0.1252848061763878,-1.1836635022878363,0.2186267424616392,-0.3589765301210906,-0.07023439341640858,-0.3236107738889482,-0.6480382021008477
40047,Garfield,Oklahoma,-0.14209036283420712,0.9301181345908319,-0.2670286426663915,-0.7239148630594235,0.049827918838878285,0.11231594306384719,-0.3932317454195149,0.38080222594349517,-0.021317250556155347,15.102647952465267,0.246821324248042,-0.3092910014863668,0.18252576821594718,0.9764647008264448,-0.7527435752373701,0.7188708766346552,-0.3540947014545005,-0.9331209737001196,-0.05436006624924339,-0.13449119597593978,-0.14749860879221222,-0.31264601969471073,-0.16677351728936077,1.3534710656600992,-0.7990293188142122,1.643409358420046,-0.7216230326709094,-0.6211836668324935,-0.7096846969319278,-0.45478115070323055,-0.6221159163006995,-0.38589612513407495,-0.25491375316549914,-0.3895870633626203,-0.08602139992103093,-0.2255325511229929,0.9711134428061658,-0.8467669978686385,0.04945140018307105,0.13189368756643183,0.34242509971991364,0.9516534270528632,0.41950170880447707,-0.9042814332217664,2.2982930312649104,0.003384776757059226,-0.5627532255325088,0.39898023165444835,0.12008446935845427,-0.42683190818637146,-0.38192996252919614,-0.354556808206841,-1.481330951620157,0.2186267424616392,-0.15428550876251262,-0.05884102283435221,0.23184076415434549,0.8697798455836693
40049,Garvin,Oklahoma,-0.23975072309033996,0.3467964654823526,-0.027690613814365158,-0.30570645450109646,-0.3007118283379398,0.08705832085633466,-0.47960620995400255,1.5339763514861886,-0.3684281666690247,0.14570287623586467,-0.020483222869571698,0.1897569614372509,-0.6133876684829124,1.4274673441340773,-0.6814009769150549,0.2827125530790973,-0.9008906192152061,-0.9075388143898051,-0.9701677246623535,-0.20847509374953033,-0.24244653059112978,-0.3174059150833354,-0.3911118381832996,-0.4898061310468501,-0.016675282073682497,3.0749157078664764,0.1889758421220388,-0.6379934152345117,-0.7115318062089754,-0.40052644524035674,-0.6239741304556751,-0.37542692342951084,-0.22396330338456316,-0.32756628147419237,-0.08602139992103093,-0.3323269739180125,-0.48982089247846017,0.6196906004573348,-0.13402344257252988,0.4664979756188296,0.6602459762375494,1.0336207611485175,0.6594749606952129,-0.4454706092214969,1.0686936074088824,-0.5839565385257538,-0.29597090700076467,0.6711904705360335,-0.16156425885428635,-0.6316983248010445,0.04750660025410388,0.6051264205596165,-1.481330951620157,0.2186267424616392,-0.26266675633383246,-0.06376546997110194,-0.4960343543082572,-0.5769913998688063
40051,Grady,Oklahoma,-0.1573844819302493,0.1328937124397943,0.8692246333931538,-0.5553215592673453,-0.010057811939067839,0.27403054362603324,-0.49775208900764156,1.0542739659069924,-0.36702506565299614,-0.08431746132964321,-0.2680827171380278,-0.41254230416021886,0.5439988305407591,0.4274180046258487,-0.7527435752373701,-0.6792040841985322,-1.0296504598892509,-1.078414959054692,-0.370745071590733,-0.17819493014251697,-0.22390927001386915,-0.3761158915020025,-0.13031456729195737,-0.13019701960916202,-0.7781145261346046,3.571647225316107,-0.21815799305575792,-0.6250291156253106,-0.7098087441552134,-0.41014043472842304,-0.6238644895607245,-0.37431085996880264,-0.23960614589034443,-0.35721134722138836,-0.08602139992103093,-0.26956611685130666,-0.4802802842448296,0.5833190966377201,0.082796923372307,0.37886351922415396,0.6178698593685316,1.0664076947867775,0.6137657698588825,-0.6401984589425415,1.2271471414109478,-0.6728915010922366,-0.32162305301343275,0.6239703270565736,-0.24212453809917212,-0.5958467018934768,-0.38192996252919614,0.1252848061763878,-1.1836635022878363,-0.0535356401590872,-0.17895248930110694,-0.06031809359380241,-0.4131889156507938,0.03013581920500028
40053,Grant,Oklahoma,-0.3082198759488757,-0.11627987078296706,-0.7176785059049727,0.46454291175717183,-0.2138412531675012,0.5381271578259859,-0.5320269273326537,0.3058369488413995,-0.4698756656791785,-0.4684412030268736,-0.28261149070519526,-0.5674192581709984,0.3144572581111786,0.8588118373548884,-1.39482696013821,-0.6234187860372719,-2.117590529336053,-1.8290292472641196,-2.2294079212882845,-0.2623902102507262,-0.3564758805807716,-0.4940288663051927,-0.43811288949105465,1.5240524378091318,-0.7597388374550446,1.4546544485398234,-0.8090355054098846,-0.6391146881789166,-0.7111991657313453,-0.4407735367455664,-0.4812058196123546,-0.12369693829662241,-0.25597097328385954,-0.387240617154152,-0.08602139992103093,-0.4514609010983715,1.156850547796598,-0.9298038040174263,0.007378553818805324,0.04425923117175617,0.24707883676462306,0.9024730265954687,0.33951062484089894,-0.9923090913148411,1.9560333978204487,-0.08184456236915322,-0.5550575817287084,0.31565056669069713,-0.04915456688467754,-0.31599000367470137,-0.8113665253124961,-0.354556808206841,-1.1836635022878363,-0.59786040540054,-0.3567119590701271,-0.06998658745124309,-1.7005994033496807,-2.274041153184155
40055,Greer,Oklahoma,-0.30418108042351333,-0.1254975699706828,1.386908516379366,-0.575086354058873,3.4738307616659325,0.008797075146533238,-0.04159639083094865,0.5080222779750722,-0.46738130189976046,0.21477070783696792,0.15699046799190297,1.65248374931682,-1.1724833943916844,0.4470268152044409,0.03202500630810057,0.21924511577773229,-0.30521902472009993,-0.4910437782652268,-0.10921803322309669,-0.2843787451968735,-0.43793404375306466,-0.5858461728891541,-0.3924257004457358,0.3967991989768433,-0.8322028315318635,-0.48459504029927514,-0.831155888887053,-0.638399615871569,-0.33223719013356284,2.945592226322768,-0.4975305337148789,-0.38087670045666705,-0.10177970131342273,-0.3533388654341453,-0.08602139992103093,-0.49968585043916197,0.01413946802699453,0.20198411861603674,-0.26068877295415127,0.3708967504610015,0.5437116548477495,1.1975554293398263,0.6023384721497997,-1.2763983515243105,0.9186909285535936,-1.1138606904843802,-1.2681872408808703,0.6211926715577821,-1.0102574332248273,1.7908470516674644,0.47694316303740386,0.36520561336800217,-1.481330951620157,1.0351138903238184,-0.35317473651944853,-0.069033162653738,0.1371325773806786,0.27718492696641656
40057,Harmon,Oklahoma,-0.313140235979774,0.2105337646329808,-0.26508850647228493,-0.061941941209630674,-0.6944805143685047,-0.018563991368401173,0.039820479318701224,0.39454351823857725,0.11673952500735879,-0.23390548941662265,1.4509131784320932,1.583649547534252,-1.2173071524049965,2.407907873063713,-0.8954287718820013,-0.1836717257637696,-1.3760837157942332,-1.008348977882646,-1.7493874016870083,-0.2865275979757159,-0.4457530443631763,-0.6168281945873753,-0.3448665488866478,0.5139873157186658,-0.8305565418300461,-0.1634360793124892,-0.8309848811257217,-0.6384704986678635,-0.5113914975909685,2.623555156584121,-0.5842115203045035,-0.3829766636725278,0.24714095626838506,-0.41525402255037525,-0.08602139992103093,-0.5001909647647917,0.1302707909731028,0.08929689045394516,-0.3387581041546757,0.4425976693293723,0.5860877717167683,1.3123096970737407,0.6251930675679653,-1.320412180570848,0.37361077158648837,-1.1490641131669461,-1.1886655882416002,0.6823010925311996,-1.1844924557777199,-0.9236329684769536,0.9063797258207039,-0.5944776153984553,-1.7789984009524775,-0.0535356401590872,-0.3646473154801149,-0.06985966128592595,1.6724587433788864,1.7982323747523898
40059,Harper,Oklahoma,-0.3101089427464527,0.13305794024356804,-0.18494594295925984,-0.03047737089403498,0.23712735372229013,0.6498416547323417,-0.6307669314861255,0.08169135503662792,-0.4981626424261259,0.0314792806491613,0.9226617996441336,-0.5846278086166387,-1.061007463283539,2.1726021461205987,-0.8954287718820013,-0.8596982379003791,-1.6591698672343185,-1.118024760584238,-2.081709299872507,-0.28503878831939505,-0.41611363624647113,-0.5786859002037643,-0.6728760784093876,-0.1374866230428798,-0.7996496392983258,4.69583772181362,-0.8313064134900693,-0.611223728396434,-0.7108476984875433,-0.43444141371101813,-0.6132541461900135,-0.33702012286831534,-0.20717404512798115,-0.4066779408902769,-0.08602139992103093,-0.5671912768774597,-0.49720212437920097,0.728265427715459,0.03503493459701473,0.004425387355994558,0.13054451537482312,0.7713252920424222,0.2023830523319068,-1.2964046374545548,0.259524227105001,-0.5765452916452137,-1.43492618996321,0.2156549687341967,-1.073956258674272,-0.31599000367470137,0.04750660025410388,-0.354556808206841,-1.481330951620157,0.2186267424616392,-0.36082936098096985,-0.07014847148974938,0.6375254977926214,0.7632096422356079
40061,Haskell,Oklahoma,-0.2839285270820481,0.003191348027546259,-0.20756432746167633,0.10043055868361486,-0.04389518094993469,-0.3861602202063918,-0.6083714477321127,3.052390439868456,-0.24726245371306152,-0.33043570164382446,-0.3612944283117918,0.9813502819367808,-0.9664176645969473,1.701990692234375,0.745450989531256,-0.3876031425596852,0.12646652562733332,-0.03268748657725607,0.785067556763841,-0.2598071142684978,-0.38960682182983225,-0.48328042949573896,-0.6210398028163115,-0.8118676092836751,2.813737023722704,-0.09106356381156236,0.3063828504358207,-0.4165378561388328,0.39048426780235884,-0.3495431391717703,-0.45728603340482044,-0.24058954326747117,0.15987936042706608,0.2206024365569508,-0.08602139992103093,-0.5069897263217281,0.47378768935793997,-0.24174217861101593,-0.27442760508549124,0.5381988944872004,0.7344041807583315,0.8696860929572088,0.7166114492406263,0.10136787287184741,1.0158757627415271,0.750067899971487,1.8434180704557204,0.701744681022741,1.049337922973881,-0.6829149289547128,0.47694316303740386,0.845047227751231,-1.481330951620157,1.3072762729445448,-0.32225679126166573,-0.0666643737452032,0.567442846887161,0.6098131374164276
40063,Hughes,Oklahoma,-0.28201895878434236,0.23940252516536942,0.14684688935698378,-0.2936892436199563,1.8455443075006435,-0.8478007070561973,-0.24520205660691272,3.4458743702582795,-0.45075402585014973,-0.08347600432527462,-0.2773895381432901,1.1878528872844862,-1.2418126372606666,1.5451202076056314,0.4600805962419936,-0.15740525805066052,-1.5130506583262837,-1.3521544733952384,-1.589160772204715,-0.24675052220674143,-0.3834744491257287,-0.543220571123115,-0.47808359008707196,-0.7915627141245322,0.7375194070321538,0.9265622699213929,1.63534833308653,-0.5772618841061986,-0.6469635876542178,-0.29548292983674534,-0.5962972635176257,-0.36544837410163084,-0.06285191115490824,-0.3030669714785242,-0.08602139992103093,-0.4840909067161161,-0.4456764799853567,0.6422939567347946,-0.13312241347340115,0.4903982819082863,0.6814340346720589,0.8860795597763388,0.6709022584042957,-0.21873270201206152,1.2081327173307,0.09231973932354204,1.0995058360883574,0.6628575040396574,0.5534862817301653,-0.0990456416028946,0.9063797258207039,1.0849680349428452,-1.481330951620157,1.3072762729445448,-0.32092799337225736,-0.06748091815201307,0.8794093300854506,1.1168289533450855
40065,Jackson,Oklahoma,-0.24906719050598725,1.1416681281967678,-0.15733747833861367,-0.9734399041989106,-0.14975551385779204,0.02877814303409023,-0.07366920691998617,0.3550076389420336,0.12813289676359285,1.4182690390768777,1.106258652886294,0.4823023190131645,-0.5005388810803315,1.074508753719408,-0.8240861735596857,1.6170970553967878,-0.1588376694616424,-0.39057943672516876,-0.6638025342810474,-0.20347849898662473,-0.33145227214092027,-0.4078266259293478,-0.33821565489065464,1.471928315855149,-0.8238990264469149,-0.2961612764985084,-0.8158292411196518,-0.6371764780019448,-0.49822040478421886,1.0762333287650891,-0.5057343822977822,-0.3094031661662574,0.11524272410887303,-0.3831936767727078,-0.08602139992103093,-0.3747037368060806,1.0764963014436133,-0.8848203147075971,-0.14107529841446959,0.45853120685567716,0.6602459762375494,1.3614900975311353,0.728038746949709,-1.239053284454521,0.6376999949232641,-1.1398000545662708,-1.0655352873807955,0.7406318580058248,-1.035237364773629,-0.36025032278660274,0.47694316303740386,-0.8343984225900698,-1.481330951620157,0.2186267424616392,-0.29566211801026776,-0.06450902588279926,-0.3956907685885651,0.3272406285389909
40067,Jefferson,Oklahoma,-0.30333173256103685,-0.07926626839180449,-0.6849680664169561,0.41415262252783774,-0.043219135615355175,0.25683999505946026,-0.548921949774433,1.1556699386421687,-0.3730810047013484,-0.5045866215815809,0.10710029414295964,1.0846015846106343,-1.0939560143499858,1.5451202076056314,-0.6100583785927393,-0.06737254638665237,-0.7439111229920758,-0.7795292528046512,-0.5711552172111498,-0.2832721583560032,-0.42082248676342854,-0.5391369702533259,-0.771065992253518,-0.2523667157751716,-0.5588119119842536,3.984428750435974,-0.40771172269287453,-0.6392149501542602,-0.7125631277347689,-0.4032411132423788,-0.615915150321249,-0.35198597049359537,0.1513145762343012,-0.24099472872937974,-0.08602139992103093,-0.5813705390955809,-0.5013405793878768,0.7384105738310993,-0.16355634676380032,0.6258333508818761,0.7767802976273495,1.1811619625206942,0.8308844263314528,-0.5308307625238725,0.504599026361529,-0.8563198613856071,-0.5884053715451765,0.823961522969576,-0.5312672457765527,-0.40634526652490416,0.47694316303740386,0.845047227751231,-1.7789984009524775,1.3072762729445448,-0.34877660266013927,-0.06926765871272203,2.245136222551782,2.256807189159202
40069,Johnston,Oklahoma,-0.28844471468183686,0.4123897321363278,-0.6122352100708625,-0.07502277054045077,-0.24720807482690393,-0.3845596765570628,-0.46253469291460314,2.9151115799421414,-0.3817057110967282,-0.11494323462036328,-0.29508436187935716,1.1190186855019182,-0.9552975286120214,1.1921616171909644,0.10336760463041615,-0.2344120660479507,0.03745522924820314,0.4192003445966068,-0.2936410335292942,-0.2622448472511435,-0.40050965581527986,-0.5960206177355177,-0.47534457198390395,-0.7974724242085834,0.4875661433044901,2.0236859457325096,0.8748071692123066,-0.5031699408974889,-0.6951747418373939,-0.34616454930040014,-0.4588223625632866,-0.28749801033464195,0.07929069450518043,-0.24240326791620426,-0.08602139992103093,-0.5098808311187075,-0.5645953801926716,0.7690437583363643,-0.24970515377055977,0.578032738302962,0.7238101515410768,1.0991946284250398,0.808029830913288,-0.10269624361664441,1.1257368796496259,0.30539308713907365,1.08154933387949,0.7739637239913246,0.6509080147704925,-0.25269545406389937,0.47694316303740386,0.845047227751231,-1.481330951620157,1.3072762729445448,-0.32946224460564055,-0.06736743942917796,-0.13741689507852448,-0.22014268865787237
40071,Kay,Oklahoma,-0.19339683129925242,0.5982268432852075,-0.8872427537098629,-0.10927230822740674,-0.1702953379316631,-0.07935489601539909,-0.4874187318252275,1.8351752724333255,-0.3366762393623403,1.3359370050920956,-0.10704658209792998,0.2757997136654609,-0.4942237421259292,1.0941175642980008,0.03202500630810057,0.5115155047349006,-0.2317272442769854,-0.3471303623134822,-0.3244050215094007,-0.17384096712291155,-0.20191427859194316,-0.21582161591194104,-0.4233612349827787,0.9739745758790602,-0.45857349454095536,1.569171770949689,-0.7074253840508489,-0.6377346573848401,-0.7045347354813598,-0.44869068418846725,-0.2599416533031382,-0.045038493715574814,-0.21981399778197663,-0.13464103299623592,-0.08602139992103093,-0.28671362517330995,0.7515026227821159,-0.6068428819517873,-0.036272955099305504,0.06019276869806104,0.31064301206815037,0.7549318252232922,0.3737925179681466,-0.8562663469891799,2.0363165217148285,0.5351417404358204,-0.5550575817287084,0.32120587768828096,0.24623312367990355,-0.45244021026320563,0.04750660025410388,0.36520561336800217,-1.1836635022878363,1.0351138903238184,-0.1874493096080279,-0.06125134718100875,-0.2686790276664124,-0.4623476962671038
40073,Kingfisher,Oklahoma,-0.27473799745290595,0.7497660337496305,0.017934395120085687,-0.6996765703276585,-0.09954831126275888,0.459786388157999,-0.5465623430557061,0.5307433786981036,-0.4659588518982956,-0.3807291790593255,0.4709745180120368,-0.9632159184207626,0.9003923245761605,1.2509880489267426,-1.39482696013821,-0.5784028246871621,-1.0672824662375149,-0.8085772397109702,-1.0522610137640456,-0.24688115535572602,-0.32167314768951705,-0.5127037076827633,-0.2522208338456745,1.285090007674164,-0.8239016172125482,1.7922978999033128,-0.6808553517661143,-0.6221127180013318,-0.7072960447723997,-0.44695371701381464,-0.611466273939319,-0.32962664578374323,-0.18069800156411436,-0.3390627778475781,-0.08602139992103093,-0.39354754968907524,0.8925293763386111,-0.6978283265935052,-0.06524737017954588,0.21156137519795506,0.44836539189245894,1.0991946284250398,0.5223473881862216,-0.9536302718497023,2.173642917849952,-0.09296143268996365,-0.4447533538742375,0.5045311406085318,0.05638564390900992,-0.4831701727554066,0.04750660025410388,-0.354556808206841,-1.1836635022878363,-0.59786040540054,-0.3244465004597048,-0.06724986381369889,0.3747805515639409,1.5624861673460717
40075,Kiowa,Oklahoma,-0.2954064383684114,0.1424924997898346,-0.6373194610833676,0.186120720698481,-0.07777026749922947,0.03584152057995131,-0.3154632623199197,1.1396539255359104,-0.4347563527701541,-0.009496775913613996,0.1510165998641297,1.2738956395126944,-1.0937500859058205,1.035291132562223,-0.32468798530347687,-0.06452796367754451,-0.6367513039546651,-0.41741648399189923,-0.8325797529240003,-0.2702385611489169,-0.3602148842158702,-0.48766833094086676,-0.4477283844499,1.0445369925049017,-0.8091279635962119,0.5879231067122905,-0.8039138292052072,-0.6372486983927349,-0.4012438390828625,0.9701279385006994,-0.5765424258156008,-0.37342791931095626,-0.22119793683449662,-0.27557514541567707,-0.08602139992103093,-0.4546634905946073,0.6623596096123874,-0.4476667018296524,0.027588413116613704,0.3708967504610015,0.5648997132822589,1.2631292966163485,0.6137657698588825,-1.1350205976172505,1.2841904136516913,-1.176856288968972,-0.9937092785453259,0.6406362600493244,-0.7904340355953713,-0.31599000367470137,0.47694316303740386,0.36520561336800217,-1.481330951620157,1.3072762729445448,-0.3349458753323538,-0.06912241579557134,1.0424903504184362,0.7228421409674027
40077,Latimer,Oklahoma,-0.29140864584330656,0.09459417916866991,-0.984698037955287,0.4032491569754332,0.21979617529213302,-0.7851297784124751,-0.5646706792063202,4.126735857250015,-0.3405147689701809,-0.4006857056201224,-0.3982736099940888,0.6888049243608686,-0.9409511803351727,1.4274673441340773,1.4588769727544109,0.22236561671070904,-0.5206005554846743,-1.3495931053791599,0.49075818729620957,-0.2502251174957904,-0.40709853461914447,-0.5476265749056202,-0.6717917839263281,-0.8221988482510404,0.7201220716437153,-0.23439558686684703,0.3760339483023924,0.4312091343114808,3.444647517823249,-0.2797449142108423,-0.45949695785127886,-0.3790491333045045,-0.20505195036363721,-0.3619947053050484,-0.08602139992103093,-0.5461879494604145,-0.48371362685835206,0.7060838013471428,-0.19707313994708534,0.5700659695398096,0.6814340346720589,0.7877187588615544,0.6937568538224614,0.16272048305793005,1.1299623072230143,0.5666395396781166,2.243591548253336,0.6795234370324073,1.1473841543029286,-0.559995078985909,0.47694316303740386,0.845047227751231,-1.481330951620157,1.579438655565271,-0.325569428253571,-0.067999326080227,1.6738659736602424,1.1426641541567368
40079,Le Flore,Oklahoma,-0.1749015493973937,0.38095911239547575,-0.01743538342143716,-0.3422871245811116,0.048857647752192875,-0.23726433596459937,-0.5321166974456665,2.3662122305741,-0.334138434528445,0.48906618362556176,-0.18545435582995187,1.0329759332737083,-0.9159651957764504,2.0745580932276346,0.388737997919678,0.07452932664650984,-0.2663961371990825,-0.17017228903946283,-0.36832160951101317,-0.25104687556037125,-0.38016897491811147,-0.49195755184367695,-0.48115533494949375,-0.7361790471446205,1.0638712589662132,-0.28617828455025757,0.2828312961550049,1.0787725738538319,1.3968652278191653,-0.29590830636292037,-0.44494959551291846,-0.3574663450877364,-0.13624475331860592,-0.3071316246971236,-0.08602139992103093,-0.4672018436716219,-0.24347506392117155,0.4384179446444238,0.45772183338901823,0.5859995070661145,0.6814340346720589,0.7385383584041599,0.6823295561133786,0.257416903127753,1.446869375227145,1.1224830557186338,1.7998094222341847,0.6739681260348243,1.3647095587775036,-0.15538390617192968,0.47694316303740386,1.0849680349428452,-1.481330951620157,1.3072762729445448,-0.17015622158248833,-0.06440544437743906,0.6899519553068768,0.9198355471562442
40081,Lincoln,Oklahoma,-0.21876304452997267,0.04381740442716534,0.19068341843361994,-0.1353318222928676,-0.10300235591680607,0.22901854742318242,-0.5201966616941609,1.294536789703967,-0.4290622961843795,-0.09109065583800591,-0.4440059474421682,-0.10278839613866274,-0.3233031334687355,0.9960735114050353,-0.39603058362579246,-0.9954089772372903,-0.7892562660562709,-0.14575499303042108,-1.2595487656332391,-0.2391861313438411,-0.3463787740679268,-0.4562842816488097,-0.09036599341060116,-0.7474864659231215,-0.16967967304731144,2.7446046213816406,0.7828822958556201,-0.5911793530237542,-0.692729742878667,-0.3703210264044929,-0.5515635153664479,-0.2841926877301386,-0.24482423160626,-0.3579497030092356,-0.08602139992103093,-0.33585701122761935,-0.8127716667888318,0.9351941352381569,-0.02093312084967937,0.30716260035578313,0.5648997132822589,0.918866493414601,0.568056579022552,-0.48815068587268473,1.6708170366167308,0.2312806183336713,0.23246330086018932,0.5489736285891985,0.39985970270503424,-0.34488534154050227,0.04750660025410388,0.36520561336800217,-1.1836635022878363,0.2186267424616392,-0.23822436135401143,-0.06333344521771227,-0.1426254116334568,0.0043006183933488994
40083,Logan,Oklahoma,-0.18029637271698573,0.27243532286122707,0.651567555498204,-0.5754814893898245,-0.1869869842038229,0.04964702253055533,-0.07668067181867369,0.5636728036631534,-0.3023401269888774,-0.03658729680484666,-0.2183088647733762,-0.3609166528232928,0.7484171327821739,0.6235061104117755,-0.8954287718820013,-1.3917287401051446,-0.712453784810264,-0.5382785961048214,0.32903260560873604,-0.23812814042555183,-0.3298949283544948,-0.4124281037004728,0.1865228026393212,-0.14439011410621272,-0.7451353074097242,2.7874497536888465,0.17937114540528787,-0.47596461674897406,-0.6763830447397231,-0.3914183790357532,-0.6115279151898805,-0.3330083536637733,-0.20155855000342804,-0.319411353647688,-0.08602139992103093,-0.24018513605884112,-0.4793325715103604,0.569712975378553,-0.1823885995877345,0.24342845025056423,0.4907415087614769,0.9844403606911231,0.5337746858953036,-0.6388647065471919,2.198995483290282,-0.002173658403345826,-0.10357981190575703,0.5100864516061149,0.3249199080586291,-0.47804851234003976,-0.38192996252919614,-0.5944776153984553,-1.1836635022878363,-0.3256980227798136,-0.2150171869474432,-0.05747576081725109,-0.02588270585768693,0.8294123443154641
40085,Love,Oklahoma,-0.2908814644114246,0.3829615688531505,-0.4197010066523685,-0.14379659332904288,0.03458426889799365,0.13908046613693975,-0.4427614416076444,1.24011285398935,-0.3500277609994832,-0.5648991287284599,0.46253812712741427,-0.18883114836687276,-0.29110965336422795,1.6823818816557823,-1.252141763493579,-0.6170555335603437,-0.7968113990354355,-0.5268628945500149,-0.7524217071305132,-0.23847695461638554,-0.32991871361560526,-0.44137851925363797,-0.6071218316243245,-0.6877671922202833,0.2960416774012184,2.2253320473811105,0.7373615448014907,-0.5969280902441944,-0.7026715446466761,-0.3507066231724081,-0.5616769810951031,-0.27851715977262903,0.11104602849759333,-0.15977283638601267,-0.08602139992103093,-0.46637863294435816,-0.5432387241799794,0.7294990416131737,-0.34369514789618155,0.6497336571713328,0.7873743268446042,1.1647684957015643,0.8880209148768669,-0.34410542717492576,0.44755575412078547,-0.13928172569334007,0.2863328074867917,0.8461827669599082,-0.006064184962994578,-0.559995078985909,0.47694316303740386,0.36520561336800217,-1.481330951620157,0.2186267424616392,-0.33290588984016356,-0.06685904328804253,2.0201548633388215,2.4715622959060535
40087,McClain,Oklahoma,-0.20237063078417641,0.344679307220839,1.0040522130185736,-0.8175820321357978,-0.2341870316333025,0.3007424492454651,-0.6074924912041663,1.2747626829733352,-0.39309399555985,-0.07553857328354775,-0.10637673698984548,-1.2729698264423184,1.3239184914094475,0.5058532469402192,-0.9667713702043169,-0.9598941487985646,-0.6216509682508425,-0.5239816598885558,0.08536459081612129,-0.1910632146472562,-0.20125755832700049,-0.3164027820966767,-0.16421671533060297,-0.4290524513766842,-0.11861125634156197,3.110194267595415,0.08140366736566758,-0.6349625343639391,-0.7073969071214746,-0.41014189358821984,-0.6237313588859761,-0.3554804448208915,0.002442723636290748,-0.32614904278738943,-0.08602139992103093,-0.2541589613789942,-0.47612575103255744,0.5726281970797236,-0.30785504001101144,0.38683028798730634,0.6284638885857862,1.0336207611485175,0.6251930675679653,-0.546835791268068,1.178554724316981,-0.5135496931606215,-0.018927730063953648,0.626747982555366,-0.08537546763044049,-0.4473185498478388,-0.8113665253124961,-0.354556808206841,-1.1836635022878363,-0.8700227880212664,-0.2337326501785466,-0.05629804729082292,-0.49714831462934855,-0.08450788439670218
40089,McCurtain,Oklahoma,-0.22475241135329824,0.6189051026574846,-0.5027473251018428,-0.31980827424181135,-0.37488810511212967,-0.9267408579228336,-0.052729546331342324,2.8957249551580166,-0.24558107903584828,5.197827570827189,-0.256795208038489,1.2738956395126944,-1.0240776289632294,2.09416690380623,1.0308213828205177,0.09720054095898949,-0.1657547268036873,-0.35734925245644,0.10675198086126336,-0.2613588634744309,-0.3922942216861658,-0.4342016513684596,-0.42839256495817873,-0.7534451603546007,0.5532097922132878,-0.17497625355729352,-0.16835288160412318,1.4876071619865499,1.086966664294597,0.010777217993032039,-0.08189402664616958,-0.2712670786453606,-0.0882790948137361,-0.21680080088718215,-0.08602139992103093,-0.43876975929905454,-0.49154226332624307,0.6673190022402146,0.676269792317308,0.729401344802856,0.7767802976273495,0.8368991593189465,0.7966025332042052,0.5788512304070117,1.9412444013135892,0.26092560585583224,1.8947223624810554,0.7934073124828669,1.3940609783473465,-0.6009683623088435,0.9063797258207039,1.0849680349428452,-1.7789984009524775,1.579438655565271,-0.23891683349356224,-0.06727836051859662,0.8768186974939898,1.1022966528885316
40091,McIntosh,Oklahoma,-0.26351781931101825,-1.04343947501202,-0.7558799354169441,1.3377420825663602,-0.2977617361863712,-0.5995151265000745,-0.4076824796186193,3.28856705150443,-0.37005422349894607,-0.01986063225416058,-0.4909416397936176,0.8953075297085707,-1.037051120945643,2.015731661491859,1.1021639811428334,-0.8432840297329112,-0.494165363778367,-0.2568191601465479,-0.17479255819527315,-0.24467288079969665,-0.31945195334696375,-0.37500636231955203,-0.5142407203191223,-0.8089432248833184,1.5137806549493993,0.12557014995708657,1.2361390475861096,-0.6270500655007304,-0.6772964775806669,-0.31125403390521483,-0.5742501943068847,-0.27683851483242905,-0.1752535462382767,0.6222617496603347,-0.08602139992103093,-0.4164071658688492,-0.1115433678351388,0.28822145665061305,-0.2095088308193551,0.4903982819082863,0.7238101515410768,0.8860795597763388,0.6823295561133786,-0.05334740498870856,0.789815387565247,0.07008599868192117,1.887026718677255,0.6767457815336158,0.6915004035372949,-0.22708715198706525,0.47694316303740386,1.0849680349428452,-1.481330951620157,1.579438655565271,-0.27718995580116873,-0.06513484941897502,0.39247628917819105,-0.21529858850568753
40093,Major,Oklahoma,-0.29856659817397047,0.2153414778877429,-0.7626522579902776,0.1814243053198766,-0.5515795529213643,0.521510233736374,-0.5788401561813099,0.29949990365639645,-0.2888469680015733,-0.10256089120609134,0.02398921258881114,-0.18883114836687276,0.2723792126867369,1.3098144806625207,-1.3234843618158942,-0.9570270794652528,-1.692986565698505,-1.0962673094451778,-2.2362776246099485,-0.2562083821956649,-0.2520998223798011,-0.41311924408306855,-0.741852523610318,0.47500551574747263,-0.809328779346141,2.936261565196182,-0.7036026537124281,-0.3092718656982241,-0.5566577939594877,-0.399673967933987,-0.6198144481156903,-0.3657585150519828,-0.08956993828695851,-0.3744027509869907,-0.08602139992103093,-0.4737104484944667,0.10149355831161974,0.10584220907312776,-0.026562691088862594,0.1239269188032794,0.26826689519913244,0.9680468938719932,0.3737925179681466,-1.041657929942777,1.1215114520762375,-0.3782944375907626,-0.7551443206275165,0.3684260211677392,-0.4675684203271083,-0.31599000367470137,-0.38192996252919614,-0.354556808206841,-1.1836635022878363,-0.3256980227798136,-0.34654946253563795,-0.06922387772969862,-0.2567378457373864,-0.10549898505616932
40095,Marshall,Oklahoma,-0.2713230332886039,-0.09212445881416435,-0.7304267926294441,0.44863786954157536,-0.5539136277431418,-0.019357704035691953,-0.515931416351804,1.9273382839078692,-0.4564423250411387,-0.12791909110657546,0.6019440399324567,0.6371792730239426,-0.735640521502375,2.152993335542008,-0.46737318194810806,-0.12752045039748075,-0.6928976792940895,-0.28097190500928854,-1.1406207386392364,-0.20371206323064275,-0.27192692095881915,-0.3779934644759359,-0.3549099993890858,-0.783176735184196,0.002051276658867285,2.0479312568281576,0.615338726127187,-0.5876246141022545,-0.6955597610360877,-0.35879219890943653,-0.5805739177018077,-0.32970997176504,-0.20467880503209032,0.7439970098697714,-0.08602139992103093,-0.35116232547895565,-0.7702075719548316,0.9004202386579472,-0.422099572563324,0.6338001196450279,0.7979683560618588,1.1975554293398263,0.8994482125859489,-0.1453763202678323,1.0792571763423529,0.17384345500948445,0.8712017365756147,0.8517380779574928,0.5216368690054431,-0.5241434560783412,0.47694316303740386,0.36520561336800217,-1.7789984009524775,1.0351138903238184,-0.3039904991481088,-0.06259188848544522,-0.6937919481422723,-0.9435283113841099
40097,Mayes,Oklahoma,-0.20053721091552026,0.14763377118313317,-0.003912456013772952,-0.1340636622478953,-0.05032970349548014,-0.6517405306138733,-0.6331058506239091,4.106064181026803,-0.452082514265952,-0.22382739065296853,-0.4299453133051464,0.5511365207957325,-0.44130013197544876,1.4274673441340773,-0.6814009769150549,-0.16120045101506186,-0.34096692480089796,0.03249061745457957,-0.706372483363469,-0.1334641904933423,-0.1988891859087642,-0.29320058094033147,-0.08335692582120484,-0.7135565791086406,3.2869736261859943,-0.3834502519403039,0.7093244180612897,-0.6274705650748864,-0.5490719828012536,-0.4023579736193319,-0.5676282258208162,-0.37339390310765297,-0.11226715355967809,-0.05032644223495325,-0.08602139992103093,-0.21133916600496844,0.784719594663529,-0.6716787486319011,-0.230992045290312,0.22749491272425992,0.44836539189245894,0.6565710243085056,0.41950170880447707,-0.12270252954688876,2.875063895032428,1.630153467035639,2.405200068133143,0.41009085364961445,1.9273825169142644,-0.7597398351852152,0.47694316303740386,1.0849680349428452,-1.481330951620157,1.0351138903238184,-0.19982023080378722,-0.058310075973551805,0.08365741781147744,0.0043006183933488994
40099,Murray,Oklahoma,-0.27969350291259637,-0.05047424360265178,-0.11481556598612712,0.10368111438364719,0.12895576120429986,-0.20038165228505816,-0.5374288276791482,2.5153045054053944,-0.38704421634060054,-0.18310974675721164,-0.20128616354930592,0.06929710831775686,-0.32652934576065845,1.133335185455186,-0.7527435752373701,0.1699588563181367,-0.7622512314167775,-1.31086056270867,-0.062214687822169996,-0.22958146357736067,-0.27366093874084246,-0.3325337450437896,-0.5290464632598478,-0.7536956651123198,0.09868166726758024,2.934639550702574,0.24897583050577982,-0.2875955873736572,-0.5936100917579384,-0.3833252534743156,-0.6251095412480069,-0.3643967236298154,0.12217708281354552,-0.27307473384012243,-0.08602139992103093,-0.3889067049291356,-0.6974559784375586,0.8459851060551694,-0.42340271382239414,0.530232125724048,0.6496519470202948,1.0008338275102553,0.7051841515315435,-0.2667477882446478,0.9123527871935107,-0.03181864592550676,0.18628943803738757,0.696189370025158,0.17941180678685872,-0.6163333435549441,0.04750660025410388,0.1252848061763878,-1.481330951620157,0.762951507703092,-0.3162678430277126,-0.06396420534959867,0.5646716449733177,0.6211160377715251
40101,Muskogee,Oklahoma,-0.12176166106369225,0.6200885999386602,-0.012910322373643555,-0.564846050206875,-0.6040247272072372,-1.1945134833121636,0.16879007905969784,3.4949847948162303,-0.336933633199233,0.09343908741804959,-0.22949167078247598,1.4115640430778305,-0.8463613816485811,1.3098144806625207,-0.1820027886588462,0.7766501861823899,0.46830252982539633,-0.22249401523448117,0.7813716691102488,-0.08733031587964275,-0.14412306174226566,-0.10666377016781704,-0.082519452539678,-0.6431896418870404,3.26195271728357,-0.17834267740771528,0.42978026244252426,-0.6313086694529022,-0.618167344512292,-0.38456905470838654,-0.4988343967071933,-0.2930021753653561,-0.06429481805747606,-0.12865472532212024,-0.08602139992103093,-0.12079772884969187,0.8426830910895919,-0.7671217872875217,-0.11462525411608514,0.426664131803068,0.6920280638893135,0.8696860929572088,0.6480476629861301,-0.08135620529105046,0.9524943491407009,0.21460531285245582,1.635635687753112,0.6350809490517413,0.7139823419312175,0.03411752919664288,0.9063797258207039,0.6051264205596165,-1.7789984009524775,1.0351138903238184,-0.08749002049070458,-0.05395047832168904,0.49258230015523263,0.5549133356916685
40103,Noble,Oklahoma,-0.2883099905381337,-0.11531931389365302,0.14742451831737646,0.032821447399157024,-0.35605964648390526,0.06703899542977489,-0.5128281240265423,1.5146097887731187,-0.3358089934019931,0.06228467433456762,-0.4058543531177183,-0.37812520326893484,0.040160570483007585,0.5842884892545901,-1.1807991651712635,-0.6478404348086528,-0.9089524135459548,-0.6427289875104429,-0.8478251228775462,-0.23710147646919974,-0.30827397469559015,-0.3558198437843073,-0.5200387861401041,0.39917616340874396,-0.7504763666187908,2.9297565745222043,-0.44905688677423417,-0.6216756053532728,-0.7021055529008451,-0.43660019249884113,-0.5620645475751997,-0.35518004958858457,-0.2414744453848301,-0.2681015358588296,-0.08602139992103093,-0.40643809499714273,0.05345986975426554,0.12349788024207349,-0.18705756855594594,0.18766106890849832,0.44836539189245894,0.918866493414601,0.4766381973498903,-0.6948823071518759,2.4482957101201985,0.12752316200610803,0.12472428760698506,0.4545333416302804,0.47167700590783934,-0.09392398118752777,-0.38192996252919614,-0.1146360010152266,-1.1836635022878363,-0.0535356401590872,-0.329181512657174,-0.0677535899659305,0.4059651182622438,0.4531872324957914
40105,Nowata,Oklahoma,-0.2913998594861085,-0.18756908540196504,0.09764011789472969,0.12417726966488181,0.04229155826866114,-0.5811624451074581,-0.46134239751393374,3.6223955559863326,-0.47955265980510287,-0.4008161521698855,-0.4668193364872432,0.08650565876339886,-0.5673969826193301,1.1529439960337788,-0.46737318194810806,-0.2683799401286256,-0.7651870251330918,-0.6207365009411064,-0.7338735081620207,-0.2796718749751498,-0.41711544139903217,-0.49819698417042835,-0.4318756658696606,-0.7154589778230064,3.6746450046137618,0.5076444678535786,0.06197385948460245,-0.6264667882979225,-0.7076435363062528,-0.4123801409433773,-0.5301280205352723,-0.3565203033012899,-0.24589892796765775,-0.12905758052850633,-0.08602139992103093,-0.4730360535229929,0.9582618455295778,-0.7274170090810531,-0.3075571791517954,0.13986045632958427,0.40598927502344095,0.6237840906702457,0.3623652202590638,-0.5388332768959703,1.8968774117930107,1.3837295082576768,0.3530283871197276,0.3489824326761978,0.8607394397804281,-0.38073696444807004,0.47694316303740386,0.845047227751231,-1.1836635022878363,0.4907891250823656,-0.33286845891370137,-0.06725968556334108,-1.0284969016952061,-1.3811120251314548
40107,Okfuskee,Oklahoma,-0.28578537723656566,0.1381341083355795,0.6170548459375409,-0.43456444508201714,2.0003615168702016,-1.058603637252584,-0.15905929913079964,3.5722414914454887,-0.3990557127859478,0.33205021761265147,-0.4127712634968972,2.220365914023004,-1.1296502780053033,1.4862937758698533,0.24605280127504683,0.050735848836955345,0.12170579356898542,0.4964733226824935,-0.35189400451393005,-0.2784028577777655,-0.41592518723636185,-0.5651598489439568,-0.3933251190002306,-0.7808853304155442,0.8381648941572979,1.1618288627536928,1.4450698542802447,-0.636898153992596,-0.7026527133343183,-0.3356558328571674,-0.487522050327147,-0.32926420237974463,-0.1791771272414163,-0.32816123893818405,-0.08602139992103093,-0.4849496990564979,-0.38962270447823294,0.5881680719474547,-0.2715755873584976,0.4027638255136107,0.6602459762375494,0.8860795597763388,0.6251930675679653,-0.396121770593561,1.6771551779768135,0.2905705933779932,0.5967237742400705,0.6156373605601991,0.5534862817301653,0.35678213536475295,1.335816288604004,1.5648096493260741,-1.7789984009524775,1.579438655565271,-0.32742225911345024,-0.06690096907925637,0.3315588944347422,0.5129311343727353
40109,Oklahoma,Oklahoma,2.01460301742342,1.0978553965945368,0.4195127592801964,-1.2203576473439504,-0.4922591362296869,-0.7085366614506875,0.508018198400739,0.6649805103323431,0.9246572829157528,0.30175906821811366,0.5855062373340194,0.06929710831775686,0.03775807196774583,0.9176382690906666,-0.6814009769150549,1.5710870462019944,0.7435127393771049,-0.04297437337414949,0.5751508832743542,2.527712666318409,3.607499733938514,1.9919328908242877,1.5083263496047854,-0.6546825163863725,-0.6330401213266519,1.30761391982817,0.20032462146160598,-0.625659929165759,-0.6982131335735063,-0.37837927522872306,-0.6194016030833696,-0.37214592520399975,-0.18434335633215934,-0.26884147579530404,-0.08602139992103093,2.710487350606588,-0.9310580901299405,-0.2650123169312545,-0.2050334714096341,0.2912290628294783,0.5437116548477495,0.9844403606911231,0.5794838767316348,-0.6055208966634513,2.042654663074911,0.3368908863813696,-0.2728839755893638,0.5517512840879892,0.36738579169159213,0.8945564789782697,0.04750660025410388,-0.8343984225900698,-1.1836635022878363,-0.0535356401590872,2.025111469036248,0.1613411372035337,-0.5534440398112345,0.4128197312275862
40111,Okmulgee,Oklahoma,-0.2082545613211256,0.4965025742000316,-0.5965774555085719,-0.1603121400820371,-0.3318290061857139,-0.8836598358252533,-0.008378311585239844,3.1857478938011132,-0.38133306848317544,0.037339295971429626,-0.3851484626008168,0.7232220252521526,-0.9607889537897626,1.3098144806625207,0.5314231945643092,0.07459014859347798,-0.18057695621138867,-0.2760628218961212,-0.01929002541917917,-0.2252056995269775,-0.3043183419932252,-0.39827255454936633,-0.08421299617192901,-0.7734164644843742,2.2402495723640476,0.20128714772812378,1.22672993854268,-0.636344352580829,-0.7039064824909719,-0.3659796347729742,-0.5181211498960456,-0.3215095549095983,-0.24987664633080112,-0.33737140781613145,-0.08602139992103093,-0.29865607733497684,0.25215331780417655,-0.11620908791381286,-0.21702237099307967,0.38683028798730634,0.6814340346720589,0.9024730265954687,0.6251930675679653,-0.2867540741748921,1.603210195442516,0.36838868562366556,1.556114035113842,0.6184150160589906,0.8426289894075464,-0.38073696444807004,0.47694316303740386,0.845047227751231,-1.7789984009524775,1.0351138903238184,-0.2062770656185179,-0.05943109736645245,0.8019680653193737,0.7632096422356079
40113,Osage,Oklahoma,-0.18336574016483181,-0.36812118880712696,0.08681449932779498,0.29590777421849623,0.06758810700753719,-0.883795711637998,0.13734451809033388,2.7075242200704026,-0.4345808315995699,-0.34331885564137726,-0.4264432214454361,0.06929710831775686,-0.3469849045477443,0.7999854056191101,-0.25334538698116177,-0.8285658438340842,-0.41142178385469585,-0.28216450937597987,0.12369966081307401,-0.2715801806911276,-0.41157165973818804,-0.5246800347865715,-0.39666303284845567,-0.7343916584777764,-0.14027572081190612,2.9978319117061094,0.5638689953807589,-0.6343085047643935,-0.7055199910651144,-0.3447555906165517,-0.5630016177457823,-0.3087526207757141,-0.237617697745349,-0.19475571090185143,-0.08602139992103093,-0.46919161494376255,-0.7865733450856259,0.967288509464348,0.9756274023509098,0.1239269188032794,0.40598927502344095,0.6565710243085056,0.3737925179681466,-0.6255271825936956,2.325758310491935,0.9520243774662082,0.12215907300571835,0.35176008817498927,0.7452072563672196,-0.08880232077216095,0.47694316303740386,0.6051264205596165,-0.588328603623195,0.2186267424616392,-0.18844122915927636,-0.06662538571168294,-0.16032939519155454,-0.05544328348359445
40115,Ottawa,Oklahoma,-0.22974599102751345,0.8245777219768895,-0.8239801512706197,-0.3493108777188178,-0.428465540817046,-0.6205119341231112,-0.586439875718328,3.5263085567280097,-0.2865620165467668,3.0021908307947642,-0.2797210134617029,0.6888049243608686,-0.9741743026605066,1.5451202076056314,-0.5387157802704237,0.3248262920371782,0.24126326104518112,0.2061371105070149,0.14281279410389053,-0.15470151651666625,-0.1348467214223453,-0.08202910004475428,-0.19100415461436032,-0.39386350722221897,3.3698890952813985,-0.49623638358871575,0.20792685578597822,-0.6391045887368161,-0.6856740398658838,-0.4193167422727343,-0.22923622660725185,-0.2924822503879593,0.3505564525679978,-0.15782699597954541,-0.08602139992103093,-0.15324098261715152,1.1370155170303946,-1.0392711127143395,-0.3790735714495668,0.20359460643480262,0.3953952458061863,0.5418167565745913,0.39664711338631226,-0.413460551733106,2.779991774631189,2.5528537036628975,1.8921571478797892,0.36287071017015615,1.9492399570194665,-0.6829149289547128,0.47694316303740386,1.0849680349428452,-1.481330951620157,1.0351138903238184,-0.24277221891916956,-0.05745322980445102,0.8707089883113797,0.979579449033188
40117,Pawnee,Oklahoma,-0.27294850937023996,-0.008476095978271196,-0.020058441276690684,0.017798319620636226,-0.1035122261643484,-0.13685581723442686,-0.5977321068269741,2.3615876050647677,-0.39303084381982833,-0.030327569223042024,-0.4717911836996016,0.12092275965468287,-0.5543548478221949,1.0941175642980008,-0.1820027886588462,-0.4987835746002092,-0.5987530684184071,-0.4225505856066916,-0.4477012955052716,-0.26532059130722435,-0.33814291370785965,-0.4168520669134039,-0.30977263471776306,-0.6054573781525647,-0.5830712661556202,2.911420141129769,0.5487842183100305,-0.5576276388345672,-0.6871289204185407,-0.3817903024560216,-0.6021349924653587,-0.3807538702570758,-0.21348822313845336,0.02561729830065816,-0.08602139992103093,-0.38506661755663074,-0.8599796195796647,1.0023360994089474,-0.2970650303859103,0.21952814396110748,0.5013355379787315,0.8205056924998143,0.4652108996408083,-0.4254643232912525,2.6553416612162306,0.30539308713907365,0.701897572892008,0.460088652627865,0.8594904432029878,-0.36025032278660274,0.04750660025410388,0.6051264205596165,-1.481330951620157,0.4907891250823656,-0.3071534124341653,-0.06512973244975294,0.7818179115923122,0.9375972477142543
40119,Payne,Oklahoma,-0.08138249216726691,3.207929486230341,-2.69721288599716,-1.6121438503890142,0.45977507541288704,-0.04057447790791302,-0.3668472679431159,0.879018177717936,1.2569741634632965,-0.07843513463286324,-0.35581872560475075,1.4631896944147584,-0.8715532946514687,1.133335185455186,-0.8954287718820013,2.46026706570117,1.9897918437651805,-0.43818677527581834,2.121894710643254,-0.08001440680575148,-0.04764537709833527,-0.03934711191268479,-0.08361167136510457,-0.6001878782977801,-0.4626414019559438,3.060189479014051,0.24510290012598154,-0.4670112383377019,-0.6785407583818581,-0.37967282153839166,-0.6140869383012013,-0.35728843952978023,-0.10226401860264159,-0.24145145430308526,-0.08602139992103093,-0.06742938652250864,-0.8002984544887511,0.8071783889088998,-0.22092434824880983,0.2593619877768691,0.5331176256304956,0.9352599602337309,0.5223473881862216,-0.41612805652380513,2.429281286039951,-0.009584905283886225,0.5967237742400705,0.5156417626036987,0.6652714754110529,-0.3961019456941705,0.04750660025410388,-0.354556808206841,-1.481330951620157,0.762951507703092,-0.15102901816030065,-0.046343232093377894,-1.366120036956431,-0.780443606260561
40121,Pittsburg,Oklahoma,-0.1930570921542618,-0.027658350009667192,-0.0014137298296290994,0.026185164523092417,0.3889460571300233,-0.391542184448709,-0.4206449601792425,2.8191246956315763,-0.3953323648744763,0.025099721646079768,-0.3202887892732025,0.8953075297085707,-0.5839399009672754,1.290205670083928,0.03202500630810057,-0.10626642216476775,-0.49651324027306937,-0.7366478688325733,0.0036868318603459115,-0.17696630791491483,-0.24871919586460964,-0.37366505530910726,-0.508930726436088,-0.8200605023095816,0.664580511770387,0.3295542393201201,1.469319648126814,-0.4344482620294348,0.16425609117719475,-0.2681429768799563,-0.5145265500800552,-0.33489788873091514,-0.19951081968595996,0.005794321890697366,-0.08602139992103093,-0.3790326058714158,-0.5067398679114915,0.656303938900269,0.28597526196504897,0.5381988944872004,0.7026220931065674,0.8860795597763388,0.7051841515315435,0.07069156777880609,0.8299569495124366,0.08490849244300164,2.243591548253336,0.6934117145263657,0.8532454603157869,-0.3346420207097686,0.04750660025410388,0.845047227751231,-1.481330951620157,1.0351138903238184,-0.17781084604400962,-0.0642612060187086,0.17157294367272496,-0.09258138465034335
40123,Pontotoc,Oklahoma,-0.20878467153874025,1.08309226194864,-0.4740223309940561,-0.7617604664440242,-0.6259066175861704,-0.6425378719206764,-0.44774127882381265,3.4396820813643836,-0.1915670744600825,-0.14715279358609923,-0.3050139860575993,-0.10278839613866274,-0.4264046411808258,1.3490321018197062,-0.6814009769150549,0.7003912675042034,-0.6060787470562746,-1.022621902364894,-0.4491310127947249,-0.19062094685715997,-0.23742632949766876,-0.3272005868020779,-0.3687136844353776,-0.81360444849535,0.3381431278867892,2.1783394134007277,1.0329388503993528,-0.621251279877819,-0.6973762832362154,-0.36288333521744703,-0.6249525909915548,-0.3974101820362105,-0.08882056946765764,-0.35188881783229664,-0.08602139992103093,-0.3243370824248037,-0.6480910231147674,0.7701146350429245,-0.19998472984592205,0.49836505067143877,0.6496519470202948,0.9680468938719932,0.6937568538224614,-0.2053951780585651,0.9778469145810316,0.3480077567021797,0.8506800197654806,0.6767457815336158,0.5172653809844029,-0.5036568144168738,0.04750660025410388,0.1252848061763878,-1.481330951620157,0.2186267424616392,-0.22894149159138413,-0.05984487182002366,-0.09163928672256046,0.1770735238212674
40125,Pottawatomie,Oklahoma,-0.10830389062203892,0.5486164763960113,0.36403511424413054,-0.6867256243211054,-0.8991083005646365,-0.2935441606723534,-0.4096801031017962,2.355016435766825,-0.22560743423854918,0.16707268579499876,-0.3160244007419412,0.052088557872114846,-0.2042078499264741,0.9960735114050353,-0.39603058362579246,0.2627579550859757,-0.21813688705132572,-0.2522347006570273,-0.2633917583467964,-0.19015040627765303,-0.20379694998364511,-0.18337069474440312,-0.03073465943462093,-0.7143184456092618,-0.064602492176372,2.122432685874673,1.0689751267558187,-0.6350724742985382,-0.6978087855864087,-0.37061479864995567,-0.5989861826937728,-0.3187382526045284,-0.15674881499191282,-0.3100962138114953,-0.08602139992103093,-0.1726082347636111,-0.7325677641475203,0.7867383600722477,-0.1491845603066263,0.3708967504610015,0.6072758301512768,0.9680468938719932,0.6023384721497997,-0.5708433343843612,1.4194040960001206,0.31836276918001877,0.1375503606133191,0.5989714275674491,0.2930704953339065,-0.24757379364853255,0.04750660025410388,0.36520561336800217,-1.481330951620157,0.4907891250823656,-0.09456446559206166,-0.05174788514707394,-0.11592970591030557,0.11410022184286712
40127,Pushmataha,Oklahoma,-0.28841249803877744,-0.5034531605389223,-0.43331886667809466,0.6796220634103802,-0.4570545409482676,-0.47656469749147495,-0.5871429464108894,3.152534001851204,-0.4734774081117934,-0.40492137813610696,-0.39391185672470314,1.618066648425536,-1.235840712379873,1.7215995028129678,0.5314231945643092,-0.4981922378365261,-0.13351574474131053,0.23884706269175504,-0.29509799403120385,-0.2871815291742184,-0.44037752022866405,-0.5853640329841379,-0.6667462117569897,-0.8221723051454239,0.06875954251260973,-0.049530024899201754,-0.023199694336526862,1.7944010195728413,1.8975652032538788,-0.023603567075321713,-0.4644257290720618,-0.36751112464237107,-0.23474772337291566,-0.27929934918978205,-0.08602139992103093,-0.5755552931254511,-0.7784191270239104,1.0052815038504281,0.31966332514238327,0.6258333508818761,0.7132161223238221,0.8532926261380765,0.7508933423678746,0.3107669989417378,1.6158864781626818,0.19607719565110532,1.8921571478797892,0.7322988915094486,1.1498821474578083,-0.31599000367470137,0.9063797258207039,1.0849680349428452,-1.481330951620157,1.579438655565271,-0.3222193603352035,-0.06925850537763276,0.11922907337007688,-0.388071493933606
40129,Roger Mills,Oklahoma,-0.31041646524838384,-0.15846180335406138,-0.657588836248981,0.4734785969204351,-0.09007316482000592,0.32788142837862877,-0.588437605624791,0.8098898426006259,-0.3851563401611816,-0.5028889087046551,-0.168727473064661,-0.18883114836687276,0.24464751553914407,1.701990692234375,-0.8240861735596857,-0.40767693814255973,-1.7006317283895724,-0.5392869649610856,-3.353201779886588,-0.27806934822781987,-0.4125509686391586,-0.6028992606358222,-0.5494210858540809,-0.44735446955089214,-0.8285180670653398,3.765560065379608,-0.8292031885872699,-0.6286705840743086,-0.4562127832399281,0.7532979254230673,-0.6125442528222145,-0.3739458804699706,-0.20968100408813628,-0.39783864085226106,-0.08602139992103093,-0.5393634336958836,-0.8153684158324269,1.025579160449301,0.11384147142409876,0.21156137519795506,0.35301912893716836,0.8860795597763388,0.3623652202590638,-1.2697295895475622,0.6313618535631813,-0.9915751169554663,-1.01423099535546,0.4045355426520314,-0.9890244914083458,-0.31599000367470137,-0.38192996252919614,0.1252848061763878,-1.1836635022878363,0.2186267424616392,-0.3612785320985163,-0.07023605504043498,0.27902702354114983,0.3143230281331655
40131,Rogers,Oklahoma,-0.050117704470934075,0.27321716385203565,0.6860690442223805,-0.5933841325656326,-0.11287188315455535,-0.19472011470778133,-0.5860344235987455,2.6424804885038062,-0.014188610978462125,-0.08377957988243218,-0.34031849889779403,-0.7050876617361327,0.7778649002978109,0.32937395173288503,-0.7527435752373701,-0.8126439611977136,-0.5131714795447175,-0.4680139476768614,0.1603674644027424,-0.024497722827315032,0.0072494933989896955,-0.005143893533867223,0.17243945838721395,-0.7613136705801937,2.745780490095528,0.03561069096404669,0.5561662347099677,-0.6338713239987531,-0.7016427502680729,-0.372641583009681,-0.5000664099291111,-0.3041648522129234,-0.07811613865099036,0.06962627716910658,-0.08602139992103093,0.0422240280338079,0.49281508624602993,-0.4973546414369115,-0.21010455253778715,0.21952814396110748,0.522523596413241,0.7713252920424222,0.4880654950589732,-0.26274653105859896,2.6595670887896192,1.2188292651656567,1.125157982101025,0.4628663081266566,1.3478481049820625,-0.42683190818637146,-0.38192996252919614,-0.354556808206841,-1.1836635022878363,-0.3256980227798136,-0.03740744088427186,-0.04370592843173511,0.053777719329555676,0.5775191364018635
40133,Seminole,Oklahoma,-0.24986382022527553,0.5248104288522474,-0.3539113968742871,-0.30724358365674576,-0.45533299249625764,-0.7649999715825844,-0.2927989106319814,3.381565818582122,-0.38209694491268237,0.33546063034184576,-0.3194582608686033,1.2911041899583384,-1.029431768511527,1.7412083133915603,0.4600805962419936,0.4440124598951273,-0.0859689907737917,0.1483652460580222,-0.5650724490930508,-0.2376526136908941,-0.30095126085764,-0.39595826557769725,-0.16675121274999402,-0.8074557521657231,0.27782677620202595,1.4658538961624346,1.542846743867032,-0.6343745672384573,-0.696886561475849,-0.3554573927044654,-0.5787431100850484,-0.3474988123515034,-0.13848886935740568,-0.304380036038908,-0.08602139992103093,-0.3219441566508157,-0.6693290917771397,0.7897296251691649,-0.2630269806989972,0.4107305942767631,0.6390579178030409,0.918866493414601,0.6251930675679653,-0.5108244765936283,1.5229270715481364,0.21460531285245582,0.3786805331323952,0.6184150160589906,0.3755042694449529,-0.4882918331707734,0.9063797258207039,1.0849680349428452,-1.481330951620157,1.579438655565271,-0.27404575797834335,-0.06296628876966227,1.091269896845204,1.336428160244122
40135,Sequoyah,Oklahoma,-0.1991636104068945,0.18322070612261726,0.19275317516269666,-0.26479215956576807,-0.32274358173137085,-0.759796239500314,-0.5359998624038824,4.116050454734969,-0.26783847725235327,0.029825331174407308,-0.3955091365704804,1.2222699881757704,-0.8706609380600858,1.858861176863117,-0.039317592014215016,-0.031077975812681187,0.2639733530195901,0.5224721930058172,-0.0015497259260798945,-0.23196373746951057,-0.2960433554543373,-0.3131079787351457,-0.27972676533550894,-0.6790736047901266,1.9463910949387964,-0.4141573588970531,1.1746552886018315,-0.6046454536484376,0.1274367100050202,-0.39447186786902005,-0.41884001867097786,-0.28124307358796746,-0.1176645462385996,0.0410407373472934,-0.08602139992103093,-0.32154158338171734,0.2120792077252754,-0.06736777424244171,-0.20819824303880452,0.4824315131451339,0.6708400054548042,0.8205056924998143,0.6709022584042957,0.2480806363603056,1.1637657278101214,1.6820321951994208,2.038374380151994,0.6461915710469074,1.5233321241123954,-0.3756153040327032,0.9063797258207039,1.5648096493260741,-1.7789984009524775,1.3072762729445448,-0.19326981867290102,-0.05871191126123923,-0.12818887985189517,-0.33963049241175963
40137,Stephens,Oklahoma,-0.19455370166366004,-0.047445017918704015,-0.20806819932499268,0.14733179900191903,-0.7271622466092486,0.283983060909623,-0.5161511923955672,1.0108311830162744,-0.3139912863814365,-0.27154828775143214,-0.11275624486340571,0.052088557872114846,-0.5419991411722773,1.2509880489267426,0.10336760463041615,-0.10147848583367562,-0.7202569732139166,-0.6059347672826756,-0.7437712455725396,-0.17631739285787432,-0.220043810382215,-0.40156825554707487,-0.23697503810817386,-0.5354085650621409,-0.6781439320382706,3.740089521036817,0.10391136795074896,-0.6387578233920826,-0.7122705733415577,-0.39263505615940614,-0.6238655301279296,-0.38105829367211236,-0.2517552922471543,-0.2658241729068561,-0.08602139992103093,-0.30581676856457235,-0.8340267105972083,0.9428893735413684,-0.0762160963201766,0.5142985881977431,0.6920280638893135,1.0828011616059097,0.6823295561133786,-0.5308307625238725,0.9102400734068169,-1.0693932092011387,-0.42936206626663675,0.7100776475191164,-0.4444619836444664,-0.5548734185705422,0.04750660025410388,0.36520561336800217,-1.1836635022878363,0.4907891250823656,-0.18505373031444664,-0.06076402180326659,0.8634034755326406,0.8245682441632798
40139,Texas,Oklahoma,-0.26238437923247204,1.8187415913408076,0.01372108941896406,-1.6824047482630136,1.4414501870048704,0.16150682499641578,-0.35048435951274814,0.02866262253763331,0.6010525201104321,1.8113892978115358,2.6737097616933965,0.03488000742647284,0.020048225769530584,2.407907873063713,-1.5375121567828411,0.442520116263276,-0.040697893976504765,0.28804741380019083,-0.6234838805827909,-0.2776662673060004,-0.42259345348341687,-0.5738733822690455,-0.256879096178523,0.6323441253796622,-0.8176831334990813,1.9704528301208941,-0.8315007986366116,-0.6393997489025706,-0.7127453779516705,0.7022587766464223,-0.6194340279745414,-0.357280586904994,-0.2290033650887486,-0.42303985553230555,-0.08602139992103093,-0.45263312585050214,0.2526329390881802,-0.05019843298970906,0.7858379093799289,-0.011508150170309747,-0.007177864449485444,0.5254232897554589,0.008118991277502157,-1.2310507700824234,-1.065147317152266,-0.8396445559043916,-1.8504909553684266,0.08510516029098798,-1.6247637493253517,-0.5651167394012758,1.335816288604004,-0.5944776153984553,-1.7789984009524775,-0.59786040540054,-0.3283393168117743,-0.06884956415066114,-2.26521492914692,-2.3547761557205655
40141,Tillman,Oklahoma,-0.2996766079666553,-0.02211432582614396,-0.19715046072511908,0.11855789710940035,0.2853068283706254,-0.0384853366222326,-0.05915697818754528,0.7119094882707813,-0.35004659354934087,0.2126199455196499,1.3136157094727399,1.0157673828280662,-0.993325647967879,1.6235554499200047,-0.32468798530347687,-0.5124005489611563,-1.6294267817570918,-1.4481164648763374,-1.5734522791182148,-0.2657735124612704,-0.3768561972200655,-0.4809273971854969,-0.44362020993928336,1.3638411973015456,-0.8045347074532132,1.548536575125543,-0.7919311110674366,-0.6393997489025706,-0.7114617493766693,-0.2282086853272573,-0.6114839627431002,-0.2426661092762819,0.22813684989865865,-0.3493793337150541,-0.08602139992103093,-0.4552841748339253,0.9788330337103045,-0.7550808182540052,-0.08525617339738345,0.5222653569608955,0.7449982099755862,1.4270639648076573,0.808029830913288,-1.0790029970125665,0.534177019375248,-1.4529252352690956,-1.047578785171928,0.8156285564731999,-1.0920667090471532,-0.49853515400150705,1.335816288604004,-0.1146360010152266,-1.7789984009524775,0.4907891250823656,-0.34570726669023827,-0.0691647089878581,0.2589795462294576,0.27718492696641656
40143,Tulsa,Oklahoma,1.5873458971689542,0.909214590874715,0.4468463109695119,-1.06017911595127,-0.555211597152961,-0.5388312322200898,0.13981340335939887,1.2066459712543007,0.8395160416229459,0.33545590890135274,0.25268750536305673,-0.03395419435609518,0.1335834413193291,0.9372470796692594,-0.6814009769150549,1.579065175717066,0.6617518350327289,-0.16423252280535866,0.5313279019654406,2.157998674325844,2.615524979326466,2.577690313478729,2.305663786717357,-0.7622177957784436,1.284001380582784,-0.23920030480625393,0.21102524045027057,-0.6383029392991034,-0.6968806841370689,-0.41026381178327115,-0.5326160420224707,-0.33119628376030014,-0.005658854633554331,-0.16600874927358206,-0.08602139992103093,2.753609823237423,-0.16950794728188445,-1.0240246926717302,-0.30293288931246626,0.2593619877768691,0.5966818009340221,0.8696860929572088,0.5566292813134692,-0.41079304694240676,2.165192062703175,0.813063498456079,1.3842446568289686,0.5295300400976571,1.058705397304682,0.6333517977945615,0.04750660025410388,-0.8343984225900698,-1.481330951620157,0.2186267424616392,1.730829525190378,0.16136312642795084,-0.4123016077061321,0.3692228298579246
40145,Wagoner,Oklahoma,-0.08283224110494229,0.18301464966423808,0.8692141967894186,-0.6014918104241039,-0.2781128752743964,-0.1864455651719376,-0.3743336144783632,1.9999701445364355,0.1210169413184717,0.02984124113447457,-0.21900698804905652,-1.083675771540258,0.6499833364711636,0.7607677844619247,-0.6814009769150549,-0.8678472448486007,-0.5234529061762101,-0.48595962498535855,0.2253715702229732,-0.1510814701052719,-0.021215008048500284,0.07065993040656393,0.09622474969767403,-0.29625609905569544,2.0707796536749457,-0.32383187336380503,0.6295216753445165,-0.631650259210957,-0.6685614946113339,-0.38265537121587745,-0.5023048012707385,-0.311426708185694,-0.11531025573484448,0.08057263503973151,-0.08602139992103093,0.012397924747634712,0.6452949961525333,-0.632721891903164,-0.3001106576713943,0.32309613788208746,0.6072758301512768,0.8696860929572088,0.5794838767316348,-0.1800538825469224,1.8102561465385483,0.6703969960056796,1.5509836059113085,0.5600842505843654,1.0543339092836417,-0.5804817206473762,-0.38192996252919614,-0.354556808206841,-1.1836635022878363,-0.3256980227798136,-0.09213145537201822,-0.04209935991225136,0.2657962956888446,1.1006819528378038
40147,Washington,Oklahoma,-0.16999876208089149,0.16414265089087993,-0.3009395411633015,-0.001348260738280431,-0.5594924923370946,-0.1659720692113388,-0.44037696975355556,1.933588316496363,0.30776562807213587,-0.19254979126406768,-0.2500682454615809,-0.2748739005950828,0.4662951642757217,1.0548999431408153,-0.5387157802704237,0.09775884151559652,-0.5172760341704508,-0.6492230481342366,-0.3215722109905201,-0.12712792099594933,-0.11889823865450658,-0.07498992935727532,-0.024348557647678973,-0.6526728206064426,2.4938112914414265,0.8988739227569038,0.13965885175405318,-0.6222114798650219,-0.7024416902006368,-0.4149072716764188,-0.4413637436405779,-0.14573902982100176,-0.15660429420909563,-0.20194172449274797,-0.08602139992103093,-0.09484659278974078,0.48577340262376606,-0.4313306769900126,-0.423901630761581,0.13189368756643183,0.4377713626752043,0.6893579579467677,0.40807441109539505,-0.6175246682215979,2.188431914356811,1.1928899010837657,0.3094197388981926,0.3767589876641146,0.8351350099429056,-0.3346420207097686,-0.38192996252919614,-0.354556808206841,-1.1836635022878363,0.2186267424616392,-0.1524326779026334,-0.04549234365381423,-0.42748504433221785,-0.6609558025066732
40149,Washita,Oklahoma,-0.2889396794706594,0.18193289497658205,-0.14704741736964672,-0.09437905244531045,-0.26522854396827167,0.4602129003540667,-0.5582681753083822,0.505252690958078,-0.4250556364208378,-0.43452050054142444,0.019256773320794885,-0.3264995519320088,-0.336276625451149,1.2117704277695571,-0.5387157802704237,0.0886757971574137,-1.2678582190530803,-1.1229382660167635,-1.4332763278032414,-0.24518134092595256,-0.36655365365764636,-0.5380924180120857,-0.2668681903996466,1.2325223422296883,-0.7466758280989566,1.3375864055816118,-0.8067352650145057,-0.6303247361127028,-0.5229803634364558,0.11660194470848585,-0.6213412696842738,-0.39469337397819076,-0.2567495730663914,-0.3812984373702468,-0.08602139992103093,-0.4193904594423817,0.8757134099502208,-0.6703222585910024,0.011243298467133414,0.28326229406632586,0.4589594211097136,1.115588095244172,0.4880654950589732,-1.0870055113846644,1.6518026125364829,-0.6432465135700757,-0.8987963382984554,0.5267523845988648,-0.4563274511301471,-0.31599000367470137,-0.38192996252919614,-0.354556808206841,-1.1836635022878363,0.2186267424616392,-0.3338229475384876,-0.06862607128005652,-1.2301520288089556,-1.4182501262982037
40151,Woods,Oklahoma,-0.2951574915811338,1.5368674388233077,-1.5078239344650253,-0.6649633670869202,1.5828211142918698,0.338808157212434,-0.39478060430974216,0.30510098068443114,-0.1307312929844704,-0.06314128574492636,-0.1611998293925904,0.12092275965468287,-1.0322461239151195,0.6235061104117755,-1.4661695584605254,0.3901336187535529,-0.8880418371782998,-1.4440747349910825,-0.3478559180351233,-0.2630868705110466,-0.3279921400013564,-0.49439947573957355,-0.7204116199874705,0.11372219274551984,-0.7997119435434535,4.045616263665641,-0.7840000051404784,-0.6240971868350371,-0.7036685901157451,-0.4428911104764807,-0.5974834751041265,-0.1273976777145943,0.05845335226107071,-0.36158549019647,-0.08602139992103093,-0.5200674572675347,-0.2498837234136272,0.4674724005069883,0.22063203597453013,0.02035892488229943,0.16232660302658714,0.8205056924998143,0.25951954087732004,-1.1470243691753972,0.9672833456475604,-0.5969262205666992,-0.9039267675009891,0.2517644902184889,-0.6724038590272832,-0.442196889432472,-0.38192996252919614,-0.5944776153984553,-1.1836635022878363,-0.3256980227798136,-0.3447902089919142,-0.06946381211097367,-0.423599091701504,-0.044140383128496934
40153,Woodward,Oklahoma,-0.26171661608542157,0.5536069384712533,0.4631070818976283,-0.7406628227958943,1.1920559986148456,0.4305239656769226,-0.5380711696756774,0.37500912015602533,-0.3121947747502809,-0.3623931664384754,0.26304003575264545,-0.39533375371457685,1.2033817087580292,1.2705968595053354,-0.8954287718820013,0.04425239999597735,-0.8636504693548402,-1.2144776083304203,-0.32680294193702036,-0.22643434131119564,-0.2982099292310276,-0.40813423161097406,-0.656177249539785,-0.2730329511741916,-0.8220010379535023,4.246754170709065,-0.8282502490584056,-0.262253736969993,-0.6530938456146783,-0.24667635408219946,-0.601538672830765,-0.2938976264375179,-0.177190660204997,-0.3803481759671051,-0.08602139992103093,-0.4562502402002985,-0.6407781562442816,0.8199561587683009,0.18811307666961863,0.06815953746121348,0.14113854459207778,0.6893579579467677,0.24809224316823725,-1.2230482557103255,0.4053014783869015,-0.8081467566620958,-0.7679703936338503,0.2378762127245305,-0.9122112018957802,-0.2168438311563316,-0.38192996252919614,-0.1146360010152266,-0.8859960529555155,-0.3256980227798136,-0.3100917401614485,-0.06749727327557653,-1.7028158297275213,-1.7734841374584098
41001,Baker,Oregon,-0.27368656337487474,-1.1192438937198583,-0.8566561907630594,1.4577675730743607,0.43695581480200996,0.6447896933875942,-0.6251462632383352,0.026741811480020403,-0.11710557343408387,0.5546041179338169,-0.36302818711116414,-0.15441404747558876,-0.4936745996081551,-0.5530225243037876,0.388737997919678,0.11617892761825781,0.24371064724419472,0.5458077402771891,-0.17290470241294445,-0.29201501947551833,-0.44413831188025654,-0.6386604001117969,-0.9385910333492687,-0.7324704791781672,-0.5399303668689783,0.5108091470935894,-0.8312708993032922,1.343445689305237,-0.7124256801159948,2.306841081844849,-0.595718704628915,-0.1080727402678331,-0.17644499817188508,-0.3796237637929115,-0.08602139992103093,-0.6700741133848611,-0.9655193504090288,1.2279911381041935,1.5601569989979498,-0.6886834950382574,-1.034798698523175,-1.6221208635506852,-1.4202932223578297,-0.14937757745388108,-1.1369795858998692,-2.034708115391503,-1.578578207634149,-1.131507948179769,-1.476133156609981,-0.36537198320196956,-0.8113665253124961,-0.5944776153984553,1.197676092370729,-0.0535356401590872,-0.281943683461869,-0.0697977583167873,-0.08684008972045178,-1.1066130165076593
41003,Benton,Oregon,-0.048378005745723617,1.8760379544781927,-2.0676952567364624,-0.6986088286496434,0.02439606510600284,0.25259209445259245,-0.5826895102614963,-0.11647007698868825,2.4826006913362066,2.1965319008434734,-0.14218184027407335,0.34463391544802896,0.9216029543251858,-1.00402516761142,-0.6814009769150549,1.7752348785351326,1.7080952580026498,0.047961127442238245,1.9305121515189039,-0.1235157524868795,-0.11919655006108773,-0.08871430139910413,0.12753771700310257,-0.5113484951021999,0.562710925249616,-0.39142503425800257,-0.7660148218699254,2.3272459295779226,1.2044188528052702,-0.24032234577784536,-0.4417090331994017,0.08591477249525745,-0.24390342855358835,-0.3922695290330799,-0.08602139992103093,-0.05753166601782586,-0.24886860778059872,0.26679358009771065,-0.23453658951498288,0.30716260035578313,-0.2826226240981033,-1.4417927285402465,-0.5518185964675486,2.069986408407887,0.5806567226825207,-1.9828293872277218,-0.1984927521526277,-0.3454314420217227,0.4242151359651165,-0.559995078985909,-1.240803088095796,-1.5541608441649128,0.6023411937060877,-0.59786040540054,-0.060259021489449116,-0.04220876826897513,-1.7385225594822107,-1.8913572411615691
41005,Clackamas,Oregon,0.9038698146626583,-0.38956248114256964,1.0743292311081751,-0.17613848370524793,-0.32575577204051004,0.38534006215878813,-0.5823838712846132,-0.08614212105795496,1.6066264056864057,1.8839362241010318,-0.054764287074570046,-1.2557612759966765,1.7035132568208053,-0.8667634935612711,-0.39603058362579246,0.06508477125369919,1.2413000678153663,1.114643964513494,1.4379464152097539,-0.0554303524137354,0.020877245650676297,0.06327638558811619,-0.3753487568559994,-0.737828015283711,0.047514562597755695,-0.41344397589444976,-0.8154467603949958,4.158313409786025,-0.3312238723637641,-0.19465974509444547,-0.5382586133155136,-0.3186948777406219,-0.025878566233703142,-0.3673971016199231,1.4464813750533696,-0.08583853813172258,-0.7049846230749486,0.72246012305933,0.6618086476023693,0.012392156119146994,-0.7381658804400477,-2.0483510008480885,-0.9746286117036063,2.0406438557101954,0.8384078046592139,-1.6456176541631415,0.9507233892148848,-0.773190388835642,0.8800988867307492,-0.04270737703385951,-1.240803088095796,-1.5541608441649128,1.197676092370729,-1.4143475532627192,1.2104460700495479,-0.024415718469515305,-0.5953374042354983,-0.47042119652074443
41007,Clatsop,Oregon,-0.2031028272173458,-0.9249456424095098,-0.06563048036976321,0.8848196404249555,-0.26477045394644705,0.5868286664169847,-0.6135039407742205,0.008148997643458203,0.24040747252354566,1.7345451705781012,-0.08123917401596714,-0.4297508546058609,0.2482855847193976,-0.7098930089325312,-0.1820027886588462,1.1629641788160008,0.9877760222439412,0.9224314741664967,0.3955488332123636,-0.22376391835179768,-0.3668388995100369,-0.4695490239870685,-0.22148311857750708,-0.822129206796262,-0.7616247704669662,-0.25337801590561476,-0.7780438780582848,2.214084742939536,0.795373705143182,0.033830623283730606,-0.34701711533937907,0.652401634411555,0.03066777097720061,1.5872558550246798,-0.08602139992103093,-0.37903369696143663,-1.1541129601889415,1.2856940787973246,0.06776984302485768,0.3390296754083923,-0.5474733545294665,-2.130318334943743,-0.6889461689765399,2.4794483937802205,-0.1545676750870632,-1.5863276791188197,1.5740705373227095,-0.5537556044310988,0.9637816574192354,0.03411752919664288,-1.240803088095796,-0.5944776153984553,0.9000086430384084,-0.3256980227798136,-0.18088018201391057,-0.0631320265080067,-0.5762456961818566,-1.1324482173193107
41009,Columbia,Oregon,-0.16757665627996715,-0.6048048837966402,1.0477999805947016,0.035372206608992755,0.020036398287450203,0.6194480610981584,-0.6218253891217518,0.09425376723372439,0.1443029113437774,1.3528913812733336,-0.30194875444279723,-1.0148415697576887,1.136935464107361,-0.8863723041398639,0.3173953995973624,-0.46752660722030975,0.7214862761095399,0.6589809061035645,1.3403823128475845,-0.18902916428269784,-0.2730406716571006,-0.28197210097189057,0.31747728768778005,-0.8064501269761376,-0.34809790487355086,-0.2786038552845357,-0.7254676464340087,2.620023768401859,1.2670947211211996,0.005176749861993967,-0.35579929287659257,1.1929838563923858,-0.15693541562442986,-0.05973604509064389,-0.08602139992103093,-0.1322489737636914,-0.9515603235511487,0.9822230899976047,-0.22740282193675868,0.24342845025056423,-0.3673748578361392,-1.7368751312846018,-0.7460826575219532,1.1643685319654946,-0.8010580938154904,-1.8031066503746211,0.2555502322715902,-0.4870918724600991,-0.23712855178941142,-0.30391205821756767,-0.8113665253124961,-0.354556808206841,0.9000086430384084,-0.59786040540054,-0.1524326779026334,-0.05497770955930978,0.034744347364249965,-0.04091098302704058
41011,Coos,Oregon,-0.13204169898539045,-1.2457306705282933,-0.7393943361877071,1.5158989248343842,-0.29818358565885345,0.526798791632157,-0.6389774535494159,0.44550713512677853,0.07400718059857997,1.506684515999805,-0.21279071340281758,0.1897569614372509,-0.42681649806915645,-0.5334137137251949,0.6027657928866248,0.7085906713997059,1.3264330737885384,1.5060132372902502,0.6935838205839477,-0.22046735951098145,-0.35865674864395,-0.46880859263574187,-0.07800039995164157,-0.8217388295688693,-0.7205378303146609,-0.19142446003331295,-0.7942471647707755,2.962028004778687,1.1777836429109103,-0.056250655860845176,-0.5293503515937268,0.6902759324924864,0.3676012255145366,0.542636962581656,-0.08602139992103093,-0.33655108644219306,-1.1351373694778564,1.2489044730949987,0.6051257260935566,0.5939662758292663,-0.293216653315358,-1.769662064922864,-0.2775634514495642,3.2730310690132445,1.060242752262105,-1.9476259645451555,0.22220244245512247,-0.23710287756884776,1.243556890765815,-0.26806043530999984,-0.38192996252919614,-0.1146360010152266,0.6023411937060877,0.4907891250823656,0.004066025635853291,-0.06342120405396333,1.1754613880603906,0.010759418596262175
41013,Crook,Oregon,-0.2494362175083046,-1.0966012465559496,-0.4838313945778983,1.2512340348470914,-0.19864356223879184,0.6703540978162732,-0.6584427731702892,0.03008189765173805,-0.3050517026355892,0.19691454146645712,-0.15275237858993146,-0.6190449095079227,0.2070998958863389,-0.3373256079392697,0.816793587853571,-0.07462215947853208,1.6252266292994229,1.6906574045240554,1.6792019381292322,-0.2870737526107441,-0.4569311663076673,-0.6254172618452786,-1.0313343435825653,-0.7872462501238122,-0.6867724046800109,-0.23417844910763513,-0.8314823839372351,0.972369472345567,-0.7126037349334844,3.4566356941257923,-0.5901359341285396,-0.01743999040783233,-0.23908989736889183,-0.4052191012376024,-0.08602139992103093,-0.6935802031664009,-1.0858967565800373,1.3551729232567888,1.4849769181318206,-0.505447813485754,-1.108956903043956,-1.8680228658376485,-1.3631567338124164,-0.7762412032682028,-1.4475485125439174,-1.8883359895008336,-1.6606650748746856,-1.1148420151870184,-1.8320971811804065,-0.411466926940271,-0.8113665253124961,-0.354556808206841,0.9000086430384084,-0.0535356401590872,-0.24456890338935547,-0.06918112465490776,-0.09591426393558558,-0.9063902102173615
41015,Curry,Oregon,-0.2537678916069347,-2.637621517591422,-1.7268835090726764,3.2900079818985493,-0.4223689972701506,0.5870017536338613,-0.6425109244285733,0.3625383039255795,-0.20401823179806317,0.8937606472960851,-0.16714152365623755,-0.18883114836687276,-0.3057992157146856,-0.35693441851786023,0.816793587853571,0.03026396554284711,1.2337598216530745,1.2376134914659271,1.2811242128920075,-0.26808531024472404,-0.430695900068258,-0.6024204569763247,-0.5495817451090087,-0.8221798540126702,-0.7983098001684932,0.4159366709702591,-0.8229449009624152,2.5106138689135165,0.37233261355214664,0.2034116811917632,-0.6073771515749646,-0.17312498096489937,-0.021903135067007504,1.1264134881083727,-0.08602139992103093,-0.5425928487928533,-1.1707622465736602,1.3724947251855266,0.7407864544235025,0.5063318194345912,-0.3144047117498666,-1.5401535294550308,-0.24328155832231657,4.704147389223387,2.0954725077422665,-2.0680587263539345,0.3402023141133936,-0.22599225557368008,2.2077822485495644,-0.5241434560783412,-0.8113665253124961,-0.5944776153984553,0.9000086430384084,0.2186267424616392,-0.204124787346941,-0.06847797740841628,0.9497942175982338,-0.9209225106739154
41017,Deschutes,Oregon,0.2580872045359223,-0.7163629748029151,0.8713861046159254,0.2260057283864149,-0.24565178745845132,0.6642418939033672,-0.6476411390569625,-0.08129465292044177,0.11187114272052912,0.9694202655581557,-0.10885222017479773,-0.9115902670838365,1.1091351241450464,-0.7687194406683074,-0.039317592014215016,0.5750748121024012,1.7441317640331202,1.7879393451340468,1.3120554448343806,-0.26743666298881646,-0.35770761668236034,-0.3758656175765073,-0.6722566320662657,-0.8009281720111426,-0.7157669549500917,-0.2422913391348544,-0.8303699498734836,2.07049136411486,-0.7102973390800889,2.3744656954919336,-0.5801008463533126,-0.2383284865829111,0.8003398108266119,-0.3531884911058899,1.3539637218480807,-0.47600992031377587,-1.1124879179424472,1.2870931646205215,1.5343473555468796,-0.529348119775211,-1.3102434581717928,-2.2778595363159204,-1.466002413194161,-0.2800853121981439,-1.0081040449115224,-1.9754181403471816,-1.3220567475074723,-1.2703907231193532,-1.4168058191815767,-0.5343867769090749,-1.240803088095796,-1.3142400369732985,1.4953435417030498,-0.8700227880212664,0.46137836968786505,-0.05734863842171127,-1.0253756875470577,-1.334285723660337
41019,Douglas,Oregon,0.004126336083986792,-1.048156479539626,-0.8212487835859984,1.3746426036091142,-0.35461016082635316,0.6073526421808342,-0.6486000720800733,0.19644510914195792,-0.01783474012787721,1.0085065277651855,-0.266298267864754,-0.46416795549714485,-0.4655310455722316,-0.6118489560395658,0.6027657928866248,0.4245447473219445,0.9309547604892351,1.2217652712063778,0.3485811815365774,-0.2553883071431814,-0.4076342278620186,-0.5907913152081732,-0.5164325610088769,-0.8212571262147361,-0.38974203272031066,-0.09209584145840442,-0.8125697554495407,4.135180252528304,0.06323665613795104,0.07350223517756646,-0.5797155884122938,-0.25009286767183897,-0.08405478784327754,-0.26697188443019354,-0.08602139992103093,-0.5199708117766665,-0.9849830061181919,1.1821095826174595,3.0829036230466356,0.20359460643480262,-0.4839091792259392,-1.5401535294550308,-0.6318096804311266,1.9392786736636243,0.38839976809334786,-1.9383619059444805,-0.12153631411462448,-0.4704259394673484,0.33990786698790987,-0.42171024777100463,-0.8113665253124961,-0.1146360010152266,0.3046737443737671,0.2186267424616392,0.25917650493902383,-0.06636737340894888,1.0547855346731443,0.00753001849480525
41023,Grant,Oregon,-0.29982597603902184,-1.8095033072075364,-1.4200455697946572,2.374268022328929,0.10829034451347604,0.6843579875509086,-0.6454239470499089,0.056097078716068394,-0.32334549227062415,0.4987214686290282,-0.4196866154461968,0.13813131010032487,-0.40704736742928826,-0.3961520396750457,2.0296177593329356,0.05581135039798427,0.8210844713744746,1.678311450675992,-0.3229595617831,-0.29491221889781793,-0.48026028551089733,-0.6809967295095889,-0.9953110482474914,-0.8170466939519847,-0.8198564588970734,1.0289483499941732,-0.8311356708194323,2.9438305044289828,-0.712620826163556,0.9002701295862676,-0.5729379244198681,0.08553782548563083,-0.2590568955502661,-0.4236861290581366,-0.08602139992103093,-0.7115422715672501,-1.1754575418342852,1.450000608358135,2.6336996612629244,-0.656816419985648,-1.2572733120855202,-2.1467118017628737,-1.5345661994486561,-0.2294027211748585,-0.982751479471192,-1.958742834865966,-1.481100052786012,-1.2953896226084785,-1.4186793140477367,-0.2745478718361312,-0.8113665253124961,-0.1146360010152266,0.6023411937060877,1.0351138903238184,-0.3338603784649498,-0.07055737944087911,-1.1350947625336834,-2.0689742467416723
41025,Harney,Oregon,-0.2992577916068824,-0.86538675981225,-0.6530448963074637,1.122491906225659,0.39877203410882067,0.4732441680589292,-0.5925528985870366,0.4750384598897196,-0.26663886434687406,-0.07905821230394687,-0.33379992377846085,-0.051162744801737194,-1.0878468038397486,-0.2981079867820823,0.8881361861758866,-0.08133483856984033,-0.17483866589287655,0.6018639022958471,-1.1512079849531112,-0.29563703675773134,-0.4819551425260606,-0.6789298975116306,-1.1502840416218671,-0.7861675711071862,-0.5985034615810847,0.5928649371512237,-0.8312871560734395,-0.15782225453184184,-0.7121796985678159,3.490203358101195,-0.5329353899014967,0.10792000681159451,0.7340971821017981,-0.3751725405417909,-0.08602139992103093,-0.7537001601040484,-1.0448943078632371,1.3412652459335332,6.873890476111398,-0.6010490386435817,-1.0453927277404296,-1.6057273967315553,-1.386011329230582,-0.8802738901054731,-1.3630399610761492,-2.093998090435825,-1.878708315982361,-1.0926207711966853,-1.978229780740897,-0.2745478718361312,-0.8113665253124961,-0.354556808206841,0.9000086430384084,-0.0535356401590872,-0.339138139096121,-0.07073853635058075,-1.179149388838448,-1.8542191399948202
41027,Hood River,Oregon,-0.2524294365271011,0.21330280945668098,0.9368952583878976,-0.6631020645300411,-0.024467554872450607,0.595533413974535,-0.628453090480257,-0.09195816056978659,0.2879427963551962,0.9800083922625228,1.5865281264022482,-1.0492586706489724,0.9001177533172735,0.19211227768273587,-0.6100583785927393,0.5426637361132384,0.48994444190915776,-0.06482450544650695,0.838480996949,-0.22434867630511723,-0.35578700949228675,-0.4897215309845457,-0.7707888738557713,-0.6069431283311222,-0.7753075038201678,-0.041394780230607574,-0.8149704772729601,4.050066070747231,-0.512875912965578,0.15755640827931108,-0.5871675494510185,-0.39859689373415547,1.33158765954026,-0.23634755749519845,8.830469109017319,-0.5323842277330706,-0.9484265000466705,1.151927862016679,-0.3431366587851516,-0.3461124382227075,-1.0665807861749381,-2.3270399367733137,-1.3288748406851687,1.4351202682214677,-0.3658390537564838,-1.8049594620947562,0.15294164822091982,-1.1176196706858106,-0.007313181540434864,-0.5036568144168738,-0.8113665253124961,-1.3142400369732985,0.6023411937060877,-1.6865099358834457,-0.295886703569041,-0.06171058471332656,-1.058247776878184,-0.8660227089491563
41029,Jackson,Oregon,0.3261873303921407,-0.48825813465315165,-0.20751819050481968,0.5531704721228894,-0.5403093891208406,0.5670917851484707,-0.6024025573587369,0.08717064638981871,0.207165533768387,1.9612508690536838,0.26460019099794224,-0.15441404747558876,0.04427913936631346,-0.3961520396750457,0.24605280127504683,1.0343869176894676,2.193449736259624,2.0827158339091034,1.5880666322011923,-0.173092384160845,-0.2753533713491152,-0.4129051589447655,-0.4318052740314188,-0.8205405525919711,-0.3416167264691223,-0.1737180348959113,-0.7910952519128063,3.917924904200303,-0.4405238399175537,0.47313923010514713,-0.5854675970702737,-0.3286766738015366,-0.1453625497572671,-0.3839024737863373,-0.08602139992103093,-0.3787102555506198,-0.9625014805509896,1.0992657478710997,1.3461886507801062,0.03629246240860373,-0.6110375298329939,-1.3598253944445922,-0.6775188712674571,1.0536670831514765,-0.4059806157036736,-2.069911538074069,-0.9449702011212572,-0.5426449824359327,-0.5543736824591942,-0.12465394367972873,-0.8113665253124961,-0.5944776153984553,0.6023411937060877,-0.0535356401590872,0.6888648252619269,-0.05439097433776744,-0.24219278377291711,-0.7449202051445406
41031,Jefferson,Oregon,-0.2486923059322045,0.14380699186476772,-0.32281790222909035,0.028282396697864233,0.7411597738255598,-0.47065263419796566,-0.5971104087069387,2.5684947475707247,-0.19119241022613498,1.3089279494478903,0.7297272737881569,0.08650565876339886,-0.21821098412971404,0.07445941421117944,0.745450989531256,0.43683909820555117,1.1870817457637857,1.461445536425779,0.6051486003506713,-0.28301803049981256,-0.42172168987310554,-0.529715694003036,-0.9579922392544007,-0.6273385791877704,-0.7872686278544793,1.0998246087449546,-0.8307566957951595,0.9346142306918374,-0.7108553937888578,2.1365971127735457,-0.5988152543016874,-0.3749920444748436,0.18013476309948162,-0.37648137936281906,1.0586217179924204,-0.6292562945613616,-0.973920606635203,1.2185366212432285,0.594008069523318,-0.3461124382227075,-0.9712345232196476,-1.7368751312846018,-1.1688926727580118,-0.39878927538426023,-1.4095196643834218,-1.9995046927089373,-1.5324043448113471,-0.9537379962571012,-1.6503681791628735,-0.17074888741803015,-0.38192996252919614,-0.354556808206841,0.3046737443737671,0.2186267424616392,-0.275243547625134,-0.06801021911645047,-0.7406171698303723,-0.8918579097608071
41033,Josephine,Oregon,-0.06467962713380684,-1.0259307258357637,-0.8833480918582285,1.3850929949207902,-0.5852804899840707,0.6223702754273684,-0.6411345954073172,0.12841954836342692,-0.027101706172924234,1.4403672314629832,-0.15024815751714976,0.2413826127741769,-0.5621114858857543,-0.2981079867820823,0.6741083912089404,0.6531949818741745,2.4373533110050145,2.3304214955422533,2.071636219490744,-0.21579349929637023,-0.34481993519525783,-0.43485156725813534,0.18382876048564664,-0.8213016046866525,-0.6253974601379133,0.5746920799469386,-0.8292925331916091,3.3830307897162384,-0.46681908466122823,0.4218811332575598,-0.5541853756412262,-0.2461454503077972,-0.20555790788697612,-0.4135117890700284,-0.08602139992103093,-0.24842137036993378,-1.0916572966083216,1.168583741197047,0.4825634290476361,0.15579399385588857,-0.49450320844319384,-1.3598253944445922,-0.5289640010493829,2.86623658843161,0.3123420717723562,-2.025444056790828,-0.5191445773109739,-0.4343164179830562,0.6253035849329704,-0.3909802852788037,-0.38192996252919614,0.1252848061763878,0.6023411937060877,0.4907891250823656,0.12047620693331648,-0.0597416385014159,0.8307138108248328,-0.17170168713602596
41035,Klamath,Oregon,-0.12105582370211697,-0.08400440441607836,-0.6470804198360484,0.39964906110024095,-0.017942968150623566,0.39149632121392175,-0.602729636713054,0.6891114269121863,-0.012497518585323029,1.2542848297201519,0.2871940444328981,0.37905101633931104,-0.18478193336021473,-0.21967274446771134,1.4588769727544109,0.9039796480781828,1.0826146300000765,0.4900493479385293,1.1454166029890809,-0.27341316869480525,-0.4367067409736933,-0.60632748515536,-0.9787962560217869,-0.6968274204028283,-0.5762235451988141,-0.26275649706122645,-0.8306401468733582,3.361641154355764,-0.7052509920249089,0.9197786765383452,-0.549401328195959,0.9043304467516705,-0.10810948816648733,-0.1725571232228229,-0.08602139992103093,-0.6637602831456391,-0.9468463987704335,1.2071110156871732,3.829581224929408,-0.5213813510120585,-1.2148971952165015,-2.2122856690393973,-1.4088659246487476,0.2814244462440461,-0.8876793590699529,-2.1014093373163654,-1.2938393868935378,-1.2176152686423103,-1.1538920396304377,-0.6316983248010445,-0.38192996252919614,-0.354556808206841,0.3046737443737671,0.4907891250823656,-0.0469710425953657,-0.06856348087560804,-0.3123382156630456,-0.825655207680951
41037,Lake,Oregon,-0.29786368959812787,-1.2655058964678965,-0.2086913020241748,1.2698180122378233,1.3972299198908806,0.5483655295937386,-0.6115853682770678,0.31036219800009957,-0.0030352327216191235,0.8437070754311968,-0.08307266913923408,0.43067666767623897,-0.5391847857686849,-0.5138049031466021,0.9594787844982022,1.2007168399632475,1.291911150008939,1.50691459012031,0.3933448373597879,-0.2936642496886439,-0.4654769503044607,-0.634556741632787,-1.1247036446104448,-0.7654533352821192,-0.7641527908256653,-0.22433445689545917,-0.8305783131198816,0.5628480064114793,-0.71033174481785,3.470657230839284,-0.4953872311475417,0.4730416752375761,0.7243348176108376,-0.21455841707835424,-0.08602139992103093,-0.7261050521638777,-1.0994523455840348,1.3823939969257133,5.483840864843457,-0.5691819635909726,-1.1937091367819928,-1.9172032662950418,-1.3974386269396648,-0.7268923646402669,-1.3123348301954882,-2.1254958896781213,-1.8222735947544924,-1.1759504361604358,-1.8883020271652107,-0.5446300977398085,-0.38192996252919614,-0.1146360010152266,0.3046737443737671,0.762951507703092,-0.3344031268986518,-0.07069283845638692,-1.4300466906723244,-2.1997649508506574
41039,Lane,Oregon,0.7980820739983452,0.19422466762620394,-0.3740485288959537,0.007347321610013419,-0.4023460294693391,0.45319933750527236,-0.5615816268608707,0.12353978372936036,0.9720327082480377,1.7454569176044996,-0.03222701537045489,-0.10278839613866274,0.10228231780620448,-0.5334137137251949,0.03202500630810057,1.5970483902219186,2.104463020383651,1.4242689588238957,1.6477072844822656,-0.15670996784171531,-0.25382100520351497,-0.46419314670854667,-0.6995600482628572,-0.7954016556748073,-0.38594705451231603,-0.3298951812463844,-0.8087412957758684,4.29075665780215,0.20441262840044075,-0.15539121912938297,-0.5454568984799277,-0.1782612236756449,0.30220001628884524,-0.1281462037713344,0.620786278353853,-0.45937105665458244,-0.9578078819590057,1.129526452092425,2.7761069380541135,0.17172753138219343,-0.6110375298329939,-1.8188424653802564,-0.757509955231036,2.112666485059075,1.04756646954194,-1.92724503562367,0.4043326791450628,-0.5926427814141826,0.7477052495220994,-0.25269545406389937,-1.240803088095796,-1.0743192297816841,0.9000086430384084,0.2186267424616392,1.2709905936021673,-0.05396209871428162,-0.15529060518340065,-0.30249239124501076
41041,Lincoln,Oregon,-0.17458231175253183,-1.9036082086448758,-0.9647368823930207,2.2342133109785465,-0.7906208367118829,0.4391027985630757,-0.6198500110810935,0.5316236283012772,0.05946220994421367,0.9679806220580139,-0.021202046335343495,0.017671456980830835,-0.2365386156604252,-0.18045512331052588,0.24605280127504683,0.7371185901822548,1.7165855037997495,2.0684905202431687,0.8574327340795649,-0.2126819784513896,-0.3302637453043317,-0.4698901159767157,-0.16200563349208374,-0.8217558906786958,-0.716769831257642,-0.35131117465610545,-0.7342280410874309,2.4177462858016194,2.0011314569943783,-0.1104594339391713,-0.5212367732067377,0.0771590750507781,-0.09106572552535505,1.1145610877170649,-0.08602139992103093,-0.34964077920031833,-1.1334492060304342,1.2529144558574994,0.14897415976863085,0.43463090056621984,-0.3567808286188853,-1.9827771335715652,-0.5175367033403001,3.405072556152857,1.6560280401098713,-1.6826738885658425,1.2200709223478956,-0.40376220749634867,1.8137238283672166,-0.3295203602944018,-0.8113665253124961,-0.354556808206841,0.9000086430384084,0.2186267424616392,-0.06755805214957945,-0.06213415987214863,0.5233072785303414,-0.7126262041299759
41043,Linn,Oregon,0.05909671550061169,0.05964948758710112,0.1710314784419002,-0.14013060212360923,-0.23914198118997798,0.6070174055349419,-0.6223256675673152,0.1057751625251678,0.08752804120175596,1.2360256110495613,-0.01796675614771117,-0.3264995519320088,0.3680672964088767,-0.6706753877753437,0.24605280127504683,0.8926146038130149,1.4732739971317383,1.2769394042562667,1.1096746650708047,-0.161235991097535,-0.2567584620644814,-0.43192158494112753,-0.8967311562765637,-0.6120528101285203,0.6147447446023165,-0.33962655558930377,-0.826121159754719,3.5843796435151654,-0.5481699253054004,-0.037966353353053345,-0.5438300382863271,-0.22187294194590368,0.31624072112112794,-0.3588026761360321,0.23842079755036832,-0.5038024246110053,-0.32448012737847365,0.5329744364316635,0.9802665852331996,0.10799338127697508,-0.6746017051365212,-1.9172032662950418,-0.8717829323218625,2.13000526619862,1.1848928656770632,-1.832751637896782,0.6557237100692063,-0.6759724463779331,0.8894663610615497,-0.3551286623712359,-0.8113665253124961,-0.5944776153984553,0.3046737443737671,-0.0535356401590872,0.17420830186981437,-0.05913988571466844,0.17330680706575832,0.16092652331398563
41045,Malheur,Oregon,-0.23137439589488218,1.1408763177779293,-0.5978121878049755,-0.7533462720057693,1.950723726749714,0.51461562367056,-0.5757798691150204,0.08234731083818256,0.08134920474969583,0.6966596923268612,1.787015596566299,1.1190186855019182,-0.9406079662615638,0.07445941421117944,0.03202500630810057,1.6422632060060902,1.054495676294751,0.8093458781607442,0.37881946237816766,-0.29233097456256246,-0.4544127429687462,-0.6654096725637847,-1.137354098461242,-0.6853845757230516,-0.8241221543786906,2.212211211318564,-0.8314174084871898,-0.5997130290132366,-0.712361797562502,2.640909082798474,-0.6034363714128862,-0.24595846864770418,-0.1927131728650717,-0.3922809823065945,-0.08602139992103093,-0.7365623202826858,-1.0477498320510865,1.3366424775719232,6.6543595763476935,-0.5134145822489063,-0.8123240849608296,-1.0811364585193668,-1.214601863594342,-0.7695724412914545,-1.3461382507825956,-2.1106733959170407,-1.8710126721785607,-0.8704083312933508,-1.9251474261996933,-0.1605055665872965,0.47694316303740386,-0.1146360010152266,-0.29066115429087425,0.2186267424616392,-0.2601775997240957,-0.0702457385023697,-0.6142838666815368,-0.502715197535309
41047,Marion,Oregon,0.6977740914398719,0.756127761025593,0.21490206589627286,-0.8036308708649572,-0.09502979104619018,0.36511503084877317,-0.548617694151862,0.20073403713249435,0.5920377972197759,4.839815978123864,1.2542274779082274,-0.39533375371457685,0.5722110273914044,-0.2784991762034896,-0.039317592014215016,1.4030847606863004,1.6987367959728403,1.2210268872344474,1.252342802345188,0.18281192513256045,0.3717689619389688,0.21801898132642425,-0.5124462849653976,-0.046409506425475124,0.45771571415694184,-0.38391426719407223,-0.8169334603769817,2.3618912694218115,-0.4885077878886863,-0.23333035764130106,-0.4863326128188377,-0.20132053415707624,-0.02902031766305491,-0.34052535101756387,0.7803547308521239,0.0854853106421099,0.16141341633962536,-0.19383631984277036,0.1473284785214622,0.14782722509273669,-0.5580673837467212,-1.769662064922864,-0.8375010391946149,1.7098732616634893,0.5236134504417768,-1.7679032276920552,0.23246330086018932,-0.5981980924117664,0.4160966582117553,-0.13489726451046238,-0.38192996252919614,-1.3142400369732985,0.007006295041446424,-0.59786040540054,0.8378024816550479,-0.009823043267325906,-0.7523078952851329,-0.43812719550618034
41049,Morrow,Oregon,-0.2869276036723099,0.9919293016957463,-0.8296281528532254,-0.5006758428755533,0.36753491706285824,0.5670315260209762,-0.6058803338459581,0.1613345955981583,-0.3199714281488168,1.4087344625658258,2.0094829015486173,-0.3092910014863668,0.2786257088264175,0.07445941421117944,0.10336760463041615,0.18921488326979286,0.6325999996300778,1.05832424919862,0.025697859352605434,-0.27377114121948337,-0.4323810454173522,-0.6033123550713609,-0.8082742851251338,0.2455060035364297,-0.8269875621074075,2.110599924458674,-0.8295673855722064,0.34635329446794927,-0.712607649160398,0.4214694330148729,-0.6104655908727123,-0.2676873495048391,-0.26050316099005744,-0.3477092301280848,-0.08602139992103093,-0.6150567762380291,-0.13246783217941593,0.394328224830775,0.7854879228703502,-0.2505112130648794,-0.685195734353775,-1.179497259434151,-0.9860559094126891,-0.6935485547565263,-1.4876900744911075,-2.071764349794204,-1.9223169642038962,-0.7065266568646413,-1.930767910798174,-0.3756153040327032,0.04750660025410388,-0.354556808206841,0.007006295041446424,-0.8700227880212664,-0.3358629330306779,-0.06970487798092447,-1.4355448176053127,-1.4779940281751476
41051,Multnomah,Oregon,2.059767822207041,-0.2577604020047076,3.0628088094777453,-1.2878629909306287,-0.259832525129809,-0.19211696083320828,-0.19786534218312235,0.0011936621252440608,2.839079777804553,3.6917066275381694,0.16115925974673928,-0.4297508546058609,1.1495657420161658,-0.6902841983539365,-0.5387157802704237,2.107718973336908,2.173347203275224,1.5596208340867233,1.3632908494717837,2.524329773372841,3.175551874809851,1.568686939028992,0.03183996347829365,-0.7119503658512091,-0.36950833090685126,-0.20781937204019157,-0.7651312906535416,1.6498242370638652,0.2198888890884263,-0.3566387173340694,-0.4231522829962096,0.3369333188714116,-0.16598161772126133,0.14894544426149386,-0.08602139992103093,2.032336845903655,-0.868201346015623,-0.03334309666889104,-0.39325919486973077,0.24342845025056423,-0.3461867994016306,-1.5401535294550308,-0.6318096804311266,1.3550951245004903,-0.15668038887375735,-1.7401110518900293,0.4966804047906668,-0.4204281404890986,0.12258246251333439,1.4886690871608217,-1.240803088095796,-1.3142400369732985,1.7930109910353704,-0.59786040540054,1.9942122392416963,0.2943517583655815,-1.0548105140709672,-0.3686950933248674
41053,Polk,Oregon,-0.06878578473102077,0.8637579425336845,-0.8091144684893637,-0.392810227601206,-0.516662700745933,0.4605312880679138,-0.5855181709998005,0.19785212516382564,0.529653528298638,2.8476913056262263,0.338821648297142,-0.8771731661925526,0.9634064284907403,-0.6314577666181586,0.03202500630810057,0.6598685454367921,1.0058159895442995,0.5192792562749199,1.1508321175876082,-0.1606403565941618,-0.11900478609903467,-0.14328650599275683,0.032885531567668054,-0.16461128333673145,0.5615427228538156,-0.31146074782484956,-0.7431796638979509,1.7571214617364495,0.7318982809542189,-0.136642962457659,-0.424773402934821,-0.1412117194999731,-0.2475720843057466,-0.39287851588603945,-0.08602139992103093,-0.10982885990905514,0.092009080744111,-0.04203642522177869,-0.18585867859760136,0.2991958315926307,-0.3144047117498666,-1.4909731289976387,-0.5861004895947962,1.9446136832450227,0.17712838942392722,-1.9439203411048855,0.29659366589185854,-0.3732079970096395,0.3798757574659928,-0.40634526652490416,-0.8113665253124961,-1.0743192297816841,1.197676092370729,-0.59786040540054,-0.036340659480098965,-0.04668744546728219,-0.10834028380573633,0.06081512016883647
41057,Tillamook,Oregon,-0.2417276534598973,-1.2759744315932895,-0.7986436613891262,1.5732691222255382,0.20708240460641367,0.6186609750514194,-0.6319027525831746,0.03202110677435137,-0.04589178055233173,1.980718419449361,0.05101511723940873,-0.4297508546058609,-0.23502847373654637,-0.35693441851786023,-0.1106601903365306,0.2892042805215412,1.0912526720521911,0.9899551884768735,1.0700857164026278,-0.251586857892138,-0.39863127140672877,-0.5433190956292366,-0.14719698543600623,-0.8202716606439755,-0.6820198098671709,-0.3338178381734975,-0.6667631389279309,2.137588475603469,2.3876997017363744,-0.12413366796142855,-0.531122747223464,0.2452360854746434,0.09715290849128382,1.0476346586874463,-0.08602139992103093,-0.3995735797043647,-1.1162639393448128,1.2577642110973692,0.25244357573880316,0.30716260035578313,-0.6004435006157391,-2.2942530031350516,-0.7232280621037883,3.0196181138968172,0.6757288430837598,-1.630795160402061,2.0948091013798638,-0.6148640254045171,1.573916485498719,-0.3346420207097686,-0.8113665253124961,-0.8343984225900698,0.9000086430384084,-0.0535356401590872,-0.22327070623235978,-0.0666458372037608,0.2000478797813698,-0.7529937053981811
41059,Umatilla,Oregon,-0.09261145666635262,0.9101145708655742,0.047114997145523765,-0.8619350251413435,1.0326909068926036,0.4135603972951129,-0.6006410102114553,0.4340618517853143,-0.07959345486023404,0.9471777420292379,1.2807090187003582,-0.10278839613866274,0.17600470081737957,-0.02358463868178615,0.5314231945643092,0.728888626890734,0.8530117070860477,0.6032134739714378,0.7036018641177596,-0.2655601625754097,-0.35969564189069303,-0.5154104687856917,-0.6600080332859668,0.29811042771457075,-0.8095483239379496,1.357776625855262,-0.8313618115761384,1.1175874071991823,-0.7116540563327403,0.3085833607963574,-0.5964641305154638,-0.30388501992210853,-0.25875330914274575,-0.38433200770606574,-0.08602139992103093,-0.5208840325198348,-0.0727811875102165,0.2956421509930405,1.6665007722595566,-0.3062785944069459,-0.7699479680918118,-1.376218861263722,-1.0889015887944329,-0.2960903409423395,-0.9848641932578863,-2.051383420872719,-1.5400999886151476,-0.8065222548211426,-1.4961171018490225,-0.3704936436173364,0.04750660025410388,-0.5944776153984553,0.007006295041446424,-0.0535356401590872,-0.10596218269980363,-0.0658437295269481,-0.9076499292542676,-0.6561117023544889
41061,Union,Oregon,-0.2423163393921655,0.44587677652664015,-1.521315841869461,0.3468644079795749,-0.22721024927402933,0.5541838885181379,-0.6183699922737571,-0.05439536792079966,0.022822075304972756,5.9189434743034655,-0.3305035725658208,-0.15441404747558876,-0.10007669999355732,-0.651066577196751,0.6027657928866248,0.8689327930188266,0.43474335036241196,0.41367384676281665,0.004168859489436184,-0.2846088655922339,-0.44291388180267577,-0.59191813737803,-0.9650879297796312,-0.4516783302829413,-0.6241883639507407,0.40405615974080156,-0.8314258128063219,3.4571752366679593,-0.7120533286966353,0.3412417243357841,-0.6128084609990092,-0.35817207670138324,0.3252793132085922,-0.415358295009425,-0.08602139992103093,-0.6592860062252259,-0.7271697169717616,0.9916050557391894,0.7779818292181057,-0.6090158074067342,-1.1937091367819928,-2.163105268582005,-1.5231389017395742,0.2134030740812155,-0.3911916191968145,-1.949478776265291,-1.1091439356023305,-1.2620577566229778,-0.9428116180430626,-0.6060900227242104,-0.8113665253124961,-0.5944776153984553,0.9000086430384084,-0.0535356401590872,-0.2567339544895727,-0.06813580515758685,-0.12374207232610344,-0.37353919347705217
41063,Wallowa,Oregon,-0.29979961696742774,-1.8026780546547967,-1.035254826902108,2.1763474914973377,-0.4036330096077604,0.7306662681035514,-0.6473968614081176,-0.11477708073089803,-0.3577884149479788,0.7753563220390174,-0.4459561378699727,-0.37812520326893484,-0.24820789416312514,-0.6118489560395658,1.2448491777874646,0.23853358549122938,0.682388073098689,1.0066390069965596,0.1678543186139435,-0.2942469179156312,-0.47952897529402305,-0.6809387290703498,-1.143919281071865,-0.7389181781065972,-0.7273882470157816,1.5327769327262504,-0.8315020262477628,2.6606363143219776,-0.7104625054060042,0.518929491357647,-0.6143353444223825,-0.370065477532424,1.3066422142660175,-0.4067143164543762,-0.08602139992103093,-0.7516371507102761,-1.056689757801778,1.3518423602620027,1.606861581723025,-0.7524176451434761,-1.3208374873890467,-2.179498735401136,-1.6831210696667311,-0.013334833128219857,-0.45457303279764044,-1.9346562825042102,-1.1424917254187985,-1.3870522540686034,-1.0708337672306716,-0.2745478718361312,-1.240803088095796,-0.8343984225900698,1.197676092370729,0.2186267424616392,-0.3306600342524311,-0.07041133345809181,1.576133089438644,0.09310912118340055
41065,Wasco,Oregon,-0.24276444360926516,-0.09904360953367103,-0.3630278141193031,0.2720411958127501,0.057434509975336404,0.4518375684298136,-0.6332361496410193,0.3341234636520969,-0.07147633618768455,2.8150616168089004,0.6781989597805692,-0.39533375371457685,0.08724954138213804,-0.04319344926037889,0.03202500630810057,1.160585810185995,0.6093313656396502,0.687478539762718,-0.07156708645778422,-0.2763437811576607,-0.42089820976270004,-0.6140652593285675,-0.9335560842474688,-0.4747449183488009,-0.7911268405227523,2.367181727189831,-0.8197210241587826,0.9279086943336492,-0.6696916413410956,0.8453099435247914,-0.6051722640463633,-0.3888434660168133,-0.2413943012347694,-0.37440634564037684,-0.08602139992103093,-0.6499698758708836,-0.8254187875665204,1.0831027786964182,1.043643929552893,-0.3222121319332505,-0.8229181141780844,-1.5073665958167686,-1.0889015887944329,-0.3641117131051701,-1.5405079191584625,-2.0365609271116383,-1.5708825638303487,-0.8481870873030178,-1.6947075576619968,-0.19123552907949748,-0.8113665253124961,-0.8343984225900698,0.6023411937060877,-0.3256980227798136,-0.2563783606881817,-0.06855936818769039,-0.29190432244209313,-0.5995972005790013
41067,Washington,Oregon,1.441023761964384,0.31729331382177967,2.012020853301892,-1.2943379582884635,-0.23381385373113966,-0.16279113452756713,-0.47399543982559555,-0.09800085990789151,4.263897729728183,3.6687948065647578,0.5259877105528483,-1.083675771540258,2.0553763250845702,-0.9648075464542345,-0.6100583785927393,1.2300790145685236,1.3272573703520387,0.833364121996978,1.047170778295277,0.6699661042001778,1.3669791526606199,1.1066950678788794,0.23073003001929906,-0.3390180743427444,0.1340891513223817,-0.34015408292359217,-0.7879328748325197,1.5943807068792368,0.8153935630469643,-0.1275869438399716,-0.4832944818434933,-0.16448463549270168,-0.22137526090004125,-0.3884587190694214,-0.08602139992103093,0.9948278745854372,-0.27313252213629335,-0.16395473727551593,-0.19901668205346995,0.25139521901371664,-0.37796888705339393,-1.7204816644654708,-0.6660915735583751,1.3164163050353515,-0.8242979454691265,-1.955037211425696,-0.15488410393109267,-0.46487062846976535,-0.3239338139214977,-0.05807235827995999,-1.240803088095796,-2.0340024585481418,0.6023411937060877,-1.4143475532627192,1.290136512487586,0.10235878811237939,-1.37362664232508,-0.8095082071736687
41071,Yamhill,Oregon,-0.007237352558802095,0.2794123837169051,0.3274121964531221,-0.4204742502304915,-0.002846632860940315,0.5051720202975268,-0.5952753066790273,0.07546050803529794,0.4158911252071446,1.4800066962911087,0.4637596380998545,-0.6706705608448487,1.1046733411881318,-0.4941960925680094,-0.39603058362579246,0.19554154594567133,1.7402193678163498,2.042100400070485,1.255061549149082,-0.070904105205386,-0.012207726556949912,0.013580366125593943,-0.18891509939247594,-0.16644410650011549,0.7072962396027683,-0.3418409946888513,-0.7389529229331482,1.483074162186353,1.19389781881887,-0.21137195526316863,-0.4342793927196718,-0.1686728235550762,-0.24076142480539534,-0.3822516944767079,-0.08602139992103093,-0.06534536694788282,0.15615568538127153,-0.12360608273839246,-0.20502602488815352,0.30716260035578313,-0.293216653315358,-1.5401535294550308,-0.597527787303879,1.5378192026633883,-0.4207696122105331,-1.9828293872277218,0.014420059752514088,-0.37598565250843186,-0.06913851212371945,-0.38585862486343686,-0.8113665253124961,-0.8343984225900698,1.197676092370729,-0.8700227880212664,0.02422257953575166,-0.039700274761641556,-0.33207690663698086,-0.0522138833821381
42001,Adams,Pennsylvania,-0.019219014991185945,-0.4189786830339205,0.06111055843712246,0.355562813345273,-0.3793582234990169,0.6499792298227024,-0.5282397619834565,-0.31093121746478075,-0.2551093770989964,-0.406484090996252,-0.17823679215490687,-1.1869270742141085,0.8226200154964013,-0.807937061825493,-0.39603058362579246,-0.7894524195299328,-0.05398441657832332,0.3009846147146391,0.04238629892839146,-0.10969342287496966,-0.048087540317599105,0.29501217816498077,0.9512444482618956,0.094641172395538,1.1332654419745118,-0.49388129196948843,0.4044394841026025,-0.5216002112829434,0.3897673744362141,-0.4213693514305564,-0.3523275241578623,-0.3324205307274492,-0.06699295242287079,-0.3910229893023191,-0.08602139992103093,0.32307885685982074,0.6059714787350818,-0.7286219151676959,-0.35158846066540667,-0.23457767553857511,-0.11311815662203072,-0.13031538300977621,-0.15186317664965565,0.10803663484859562,0.789815387565247,0.19422438393096997,0.022115703556314686,-0.17043914559784723,0.35489582591719154,0.08021247293494432,-0.8113665253124961,-0.1146360010152266,0.007006295041446424,-1.4143475532627192,0.0804625465452174,-0.029570878239160804,-0.039813588125912944,-0.25566608977389277
42003,Allegheny,Pennsylvania,3.2406249417653017,-0.3614799809570032,0.6532119308804314,0.007713475070968317,-0.7496420965086444,-0.2828086234482898,0.2924516643211687,-0.3345757993568757,0.993105204589362,-0.4653364151439461,-0.5393444719223596,-0.6362534599535646,0.6230753531002319,-1.3177661368689038,0.17471020295273174,0.9035705317688917,0.07253795251992601,-0.5280331850246568,0.23542021265029897,2.3091902191070623,3.440093160890426,3.4466026593910417,3.727511131177157,-0.7758290927121684,-0.5203019936236161,-0.4792943404452911,0.6208575167328941,-0.6363255698832787,0.6102491400423551,-0.44009484082771394,-0.6219726833217883,-0.40116728484217024,-0.13971437393428607,-0.275363654096448,-0.08602139992103093,3.7191546470483448,-0.9993298043826453,-0.6341119523441687,-0.18556826425986572,-0.24254444430172756,-0.25084053644634,-0.49097165303065604,-0.2661361537404822,0.02667773873226861,0.07994355523599357,0.8297388039372944,0.5787672720312035,-0.29821129854226447,0.45668904697855855,0.5206752686564914,-1.240803088095796,-0.5944776153984553,1.197676092370729,-0.8700227880212664,4.568037604635961,0.27081588116368954,-0.1786005301460922,-0.13456358596927706
42005,Armstrong,Pennsylvania,-0.13131536012368641,-1.060967075809895,0.34829287327743924,0.8039924422858573,-0.11813113222972295,0.778322056955662,-0.620385905385576,-0.3648205784621905,-0.5192782317441892,-0.6652782036129813,-0.6439754221001207,-0.5846278086166387,0.03686571537636289,-1.0432427887686055,0.8881361861758866,-0.5367941392848666,-0.52013998793976,-0.2671579734582854,-0.47831140530123306,-0.18507743646519648,-0.20838279859457828,-0.10629890264789724,0.6973886268184635,-0.40701400331703286,0.12581492512845838,-0.43325393825477676,1.5779668955082515,-0.6239925478755413,1.4597811924347297,-0.42050219209337725,-0.6160364922158587,-0.3974716650955355,-0.06032448029717897,-0.2814635765050968,-0.08602139992103093,0.051903908953747885,-0.34382700561415075,0.311867187152557,-0.24563935304226087,-0.39391305080162153,-0.4521270915741759,-0.7204801884984869,-0.48325481021305244,0.06935781538345649,0.23839708923805902,0.8278859922171597,0.45050654196786505,-0.4954248389564737,0.49166095114688124,-0.5651167394012758,-0.8113665253124961,0.845047227751231,0.3046737443737671,-0.3256980227798136,-0.05608547318891306,-0.050488856075881015,0.7172865000493093,0.21098222488655993
42007,Beaver,Pennsylvania,0.1592026118435303,-0.8487212294099752,0.3231646362727686,0.6209687585741099,-0.663499939171499,0.3972944739047751,-0.17383260377006846,-0.34324494466555117,-0.3645134238367917,-0.3860380710943979,-0.5739325724667886,-0.4813765059427885,0.31583011440561387,-1.219722083975942,0.4600805962419936,-0.18757982214704488,-0.26967710753033214,-0.3164267256338227,0.013873493391341382,0.5599641986493358,0.5901058043408021,0.9093059570844335,1.8892361678419287,-0.7169087936848884,0.2705143774742916,-0.468303012223778,1.7874665543032071,-0.6253885104559702,0.002614670335229337,-0.4335224389472662,-0.5806793451958827,-0.3694725858255337,-0.09708489911911918,-0.2597176247863323,-0.08602139992103093,1.1222338627444848,-0.5834830014334149,0.08276914117796506,-0.4092543230096322,-0.3620459757490121,-0.4097509747051579,-0.6221193875837026,-0.36898183312222593,-0.025338604686366423,0.3419200647860752,1.1391583611998493,0.44794132736659786,-0.4287611069854732,0.5822132030112871,-0.4473185498478388,-0.8113665253124961,0.36520561336800217,0.9000086430384084,-0.59786040540054,0.4139721013234801,0.006331381599192206,1.1770549666848993,0.8164947439096386
42009,Bedford,Pennsylvania,-0.18065661336210506,-0.9952833922837193,0.09033353118813545,0.8719476262238973,-0.15008109408806816,0.7784223949385516,-0.6426650900003625,-0.3476737928860037,-0.46213044053101626,-0.5204492146842109,-0.6119623213058824,-0.7050876617361327,-0.10096905658494026,-0.6706753877753437,0.6027657928866248,-0.9217828735178996,-0.7298921950432956,-0.5023638843324574,-0.3545940501680662,-0.2373617831054324,-0.3299600256660924,-0.2950800834761155,0.03974641629052755,-0.5146814622591603,0.34091589572559927,-0.46254589351977987,2.261813659981059,-0.5710406754107672,0.24870046499487372,-0.4208184568406059,-0.6223364442373283,-0.3956470720413459,-0.11731747114835012,-0.39710408177190076,-0.08602139992103093,-0.23964785034519676,-0.35250920872708685,0.44618068396013766,0.017334553038101504,-0.33017890069640293,-0.3249987409671213,-0.6385128544028326,-0.39183642854039075,0.14138044473233613,0.10952154824971258,0.23683905349407636,-0.6679270241844462,-0.40376220749634867,0.01579325514220664,-0.4319535686017383,-0.8113665253124961,0.845047227751231,0.3046737443737671,-0.3256980227798136,-0.13558876099464034,-0.061038806680467336,0.26822764243643216,-0.3234834919044773
42011,Berks,Pennsylvania,0.9125888097888394,0.24804321932487036,0.42068732732827174,-0.43802710234745845,-0.36889600607765805,0.21609578323046336,-0.074078173025443,-0.18074156631659072,0.049534114656690956,0.3805265711585038,0.9109667722854695,-0.7395047626274167,0.8028508848565331,-0.8275458724040856,0.388737997919678,0.01010786826825208,0.7136405774389611,0.6018639022958471,0.9407566668728233,0.31640569897871235,0.35305483511514657,0.6557262287487542,1.7912891865295015,0.0756443952423255,0.28738673036112256,-0.5006625526905014,0.906685850140992,-0.6293234731636197,-0.047596876469932534,-0.4137725079288168,-0.5079183515776261,-0.37223376535965125,-0.10669838857696128,-0.3568351331740109,-0.08602139992103093,0.8859576584885275,0.20451951996730175,-0.5813351984889219,-0.09511536783743442,-0.22661090677542267,-0.1978703903600674,-0.11392191619064394,-0.22042696290415092,0.09069785370905044,1.005312193808056,0.8260331804970243,0.4222891813539303,-0.2037710115833471,0.7208518231071375,0.6999333831943303,-0.38192996252919614,-0.354556808206841,0.007006295041446424,-1.1421851706419928,1.215181082247017,0.030855612021056467,-0.1730973254846474,0.13509132250233427
42013,Blair,Pennsylvania,0.03590073249780551,-0.48531376962975054,0.12935897113675887,0.38268713400008375,-0.4788583062673208,0.6785867975454224,-0.5199361617581224,-0.35959987525532805,-0.3363381592769866,-0.5160809149095283,-0.6059449251098608,0.06929710831775686,-0.3238522759865097,-1.00402516761142,0.4600805962419936,0.22486228157058483,-0.015151416482241288,-0.7667898820022248,0.880703049666793,0.07437073987907968,0.22036685184632943,0.45539901446423725,0.18523415460826198,-0.38154237466944546,-0.14044592634605493,-0.48047696783048344,2.1270320904310753,-0.5803693818203652,0.11459506829371884,-0.4260430765885486,-0.6170954290446944,-0.38799442207682777,-0.0078074782764,-0.4066237687436634,-0.08602139992103093,0.2889181969289804,-0.43922597649263934,0.30228920487114336,-0.3474854273297057,-0.4974810447226015,-0.5050972376604486,-0.7860540557750114,-0.5746731918857134,0.13204417796488874,0.12431054475657208,-0.03922989280604716,-0.3729273450387679,-0.5787545039202242,-0.005439686674275102,-0.36025032278660274,-0.8113665253124961,0.6051264205596165,0.6023411937060877,-0.0535356401590872,0.20776512744318276,-0.02253269516132801,0.842740229515048,0.47094893305380164
42015,Bradford,Pennsylvania,-0.14423716277625975,-0.4257399889854193,-0.29968815007277366,0.5414759763059263,-0.1830389276508822,0.7506685975019228,-0.6337750220450344,-0.30424240340797926,-0.3595781842468627,-0.566123840100234,-0.5882670673062359,-0.03395419435609518,-0.29969000520444855,-0.7098930089325312,0.388737997919678,-0.2980382417870852,-0.23166759807742068,-0.18725659851320675,-0.0008629527725403969,-0.2058706585331548,-0.3560850645724893,-0.46565049102709394,0.29714538016297837,-0.7196305745242061,1.631423162796952,-0.49386664529407764,0.9701706767023899,-0.49765849856060723,1.8088794821073537,-0.40444471769527857,-0.4437870966305019,-0.1803630349149127,-0.07136764466968182,-0.33889235890913055,-0.08602139992103093,-0.22945214138679765,0.029627585594478617,0.07025747231323422,0.12463892757068042,-0.6727499575119529,-0.8652942310471023,-1.064742991700237,-0.8375010391946149,-0.46681064754709084,-0.07428455119268357,0.27945372305718275,0.10933299999938478,-0.8454094318042255,-0.11972287351004324,-0.49853515400150705,-0.8113665253124961,0.6051264205596165,0.3046737443737671,-0.3256980227798136,-0.09830755823828234,-0.06002089005372125,-0.2388248547330838,-0.6109001009340989
42017,Bucks,Pennsylvania,1.5191579077407555,-0.6309250414007642,1.0272493488441783,0.06967077800452512,-0.44556548173228094,0.21877695283683193,-0.35571435076228314,-0.32544016717347063,1.3828118864562884,-0.34071517979662047,-0.294323462407224,-1.5138895326813062,2.5991647033103886,-1.2589397051331257,-0.039317592014215016,-0.6634668052584618,0.8123064337019531,1.1354482298005666,0.9558851310181342,0.5995586751199723,1.0972791761267013,2.240117932595891,4.0043884934416365,-0.6027510243891405,0.6717799511255566,-0.4875331321364799,0.5889445369399072,-0.6216923644503426,-0.3752750052558744,-0.4201624760687639,-0.23261918063980083,-0.34294159206062536,-0.02621291797820998,-0.2000864566640737,-0.08602139992103093,2.3167549327109325,-0.28951378916232157,-0.7187478868355213,-0.27676581283033713,-0.14694321914389946,-0.1237121858392854,0.0008323515432703504,-0.10615398581332439,0.1373791875462871,0.7116449774575613,0.6778082428862197,-0.024058159266487533,-0.10933072462442976,0.49728143574536143,-0.017099074957025378,-1.240803088095796,-0.8343984225900698,0.6023411937060877,-1.6865099358834457,2.176987453156652,0.14041209706643046,0.024332741042024025,0.1318619224008779
42019,Butler,Pennsylvania,0.22927088171210794,-0.6082516144755815,0.941319521321021,0.09157675437679082,-0.20985382927507096,0.6731623116365272,-0.5940348707327787,-0.3609409582111467,-0.04781704988104899,-0.5269947666190818,-0.5864349155736549,-1.1525099733228243,1.1569105231913945,-1.3765925686046818,0.03202500630810057,-0.5294144689260823,-0.6899170692452068,-0.7878025575650224,-0.04957170554513147,0.05783320876714701,0.1247911096324299,0.41006951701783867,1.204425181128538,-0.3259698783203419,0.018208278892172938,-0.44408322290361013,1.6358957145330426,-0.6266225473196532,0.4488532150958989,-0.43056522942597814,-0.5384956534458367,-0.37616386843791016,-0.07480402021500918,-0.34969102098909294,-0.08602139992103093,0.5187316219589689,-0.31271926815361256,0.0800787263210903,-0.14806013556308575,-0.46561396966999236,-0.5368793253122118,-0.7860540557750114,-0.5289640010493829,-0.104029996011994,0.26374965467838973,1.137305549479714,0.4402456835627977,-0.5648662264262657,0.519763374139283,-0.647063306047145,-1.240803088095796,-0.8343984225900698,0.9000086430384084,-1.1421851706419928,0.4183140887930961,-0.02144860919560683,-0.04845068193958426,-0.10549898505616932
42021,Cambria,Pennsylvania,0.06039416758018785,-0.6446011054879474,-0.4732841699808402,0.8295623554424352,-0.3505152175784102,0.5803900206512151,-0.38981888900462697,-0.36217248626162796,-0.4172574349354596,-0.41354640429625306,-0.5754241565733306,0.06929710831775686,-0.4752783252627222,-1.1805044628187567,1.1021639811428334,-0.30864848619575497,-0.49869097286019337,-0.6346175228004397,0.016617588431975486,-0.11856213091388541,-0.10933832606811583,0.11257400769841099,0.6607960161713754,-0.6353802177795593,0.04771021911234076,-0.39026878123653347,1.5520828243217857,-0.2989428384833442,1.648877050996057,-0.4101028031789768,-0.5966723586205158,-0.3940609103871664,0.13773961209065091,-0.3634454683450302,-0.08602139992103093,0.160954122731593,-0.6040233830046946,0.5177549892034969,-0.22356786337435217,-0.6090158074067342,-0.685195734353775,-1.064742991700237,-0.7460826575219532,0.1440479495230353,0.32501835449252153,0.27018966445650733,-0.26005790258303024,-0.7537468003441005,0.19127727427253943,-0.262938774894633,-0.8113665253124961,0.36520561336800217,0.3046737443737671,0.2186267424616392,0.3044679259582941,-0.03161406551846943,0.9728777579415573,0.26588202661131904
42023,Cameron,Pennsylvania,-0.30788599437535047,-1.5917900024064282,-0.8918400741759658,1.9106373439420903,-0.02568505564509933,0.7347763218415176,-0.5916633249260543,-0.2909040929366538,-0.47546616881652376,-0.2974975469308772,-0.5938834081119915,-0.08557984569302073,-0.8249448234553907,-1.1216780310829764,1.5302195710767263,-0.058792231423922,-0.31068166933874186,-0.7507335645686234,0.45701208626589107,-0.2791373428735121,-0.4545972099264006,-0.6359671907811844,-0.3675889276356555,-0.8189753393852143,-0.7323100832080244,-0.4962333390037568,2.3471627128697303,-0.4525075185623706,3.1201531786271572,-0.390424312580231,-0.5578507864676951,-0.3088600276991535,-0.23444267672897512,-0.4028961810673482,-0.08602139992103093,-0.5140665657052809,-1.1377431320604985,1.3280771170033603,-0.44329981921802575,-0.728517338854019,-0.844106172612593,-1.2122841930724133,-0.8832102300309453,-0.09069247205849784,0.21726995137111704,1.0835740095957973,0.17602857963232071,-0.8954072307824761,0.42983562056359664,-0.12217313941603543,-0.38192996252919614,1.0849680349428452,0.6023411937060877,0.2186267424616392,-0.3495065057261523,-0.06855456162793763,1.7800376603943473,0.4531872324957914
42025,Carbon,Pennsylvania,-0.13293497863385711,-1.0378844628730985,0.7223966457556206,0.5964166194237145,-0.11650330594680816,0.6473709353442807,-0.5246616167334937,-0.3107398971155439,-0.3793220927719343,-0.16995071076422472,-0.321292322591472,-0.8083389644099845,0.29262884302965747,-1.00402516761142,1.1021639811428334,-0.5237451520583637,0.24512504225793919,0.862752400422096,-0.29911139132263104,-0.14183427506482404,-0.15559154821260063,-0.15819725542461305,0.9337720297680031,-0.6806343091838604,-0.38447367748869105,-0.47620387592717056,1.783337709878693,-0.27200621825234106,1.8366519724066999,-0.4296006191218484,-0.4793647002153031,-0.3655943143151478,0.2448732308723861,-0.2844586234568373,-0.08602139992103093,0.12336847781971728,-0.8441383513610639,0.7674267449538682,-0.45147609980350606,-0.553248426064668,-0.7169778220055391,-0.9172017903280579,-0.6889461689765399,0.1853942737788736,1.3053175515186328,0.3702414973438006,0.7480714357148103,-0.7037490013658498,0.7795546622468215,0.3721471166108534,-0.8113665253124961,0.36520561336800217,0.3046737443737671,-0.3256980227798136,-0.07405231789077232,-0.036230876990208175,0.6264006192147159,0.2997907276766116
42027,Centre,Pennsylvania,0.15468056667227614,1.6974311272524882,-0.9795633220852806,-1.075970659847571,1.1507557727627682,0.1944500152612961,-0.42036207353501714,-0.35196020163854647,1.8306391298543994,-0.19395989275564,-0.4848402716497008,0.2413826127741769,0.36477244130223196,-0.7098930089325312,-0.39603058362579246,1.244785295674512,0.9423351675597896,-0.463708591264175,1.509949205901909,-0.19193933880543623,-0.23008117992368174,-0.12414884169193018,0.10478701950045177,-0.49972488441054225,-0.2174823698452586,-0.45974889509045014,2.1343878223257886,-0.41704505898126754,0.8936359756966751,-0.4143983615002066,-0.5849891678261424,-0.37270693799946303,-0.035442800670428466,-0.3876250853099772,-0.08602139992103093,-0.12359251879278997,-0.5904493017654618,0.627406120985966,0.0887913731640298,-0.5930822698804297,-0.6322255882675024,-0.900808323508928,-0.7003734666856227,0.0746928249648551,0.2299462340912824,0.1441984674873235,0.04263742036644885,-0.6954160348694752,0.16192585470269738,-0.18611386866413065,-0.8113665253124961,-0.354556808206841,0.3046737443737671,-1.1421851706419928,0.08312014232403409,-0.04036593700285123,-0.48103388411710607,0.8051918435545411
42029,Chester,Pennsylvania,1.2166699884840857,0.0724170177053857,0.9467151451987361,-0.5381971894836732,-0.3644587142946613,0.04807550753479623,-0.21984164117986493,-0.32152341898950504,1.683665164802731,-0.32296719202840357,-0.154054842230672,-1.4794724317900223,3.1926504793947648,-1.160895652240162,-0.46737318194810806,-0.4159891191816832,0.2504266270489101,0.3851554337895662,0.4554526120747821,0.22127082674631637,0.4890328104042081,1.0616880737466925,4.392908737981594,-0.30825372434266185,0.8109332611626422,-0.5034464424111461,0.35208383289432976,-0.6153849453354933,0.3230182292236915,-0.3872691251602157,-0.34809446488402135,-0.3582416080574946,-0.18957217579205393,-0.3846250177338234,-0.08602139992103093,1.7550238196584511,0.06342050255253767,-0.8193602070857958,-0.17442826812518575,-0.14694321914389946,-0.08133606897026743,-0.015561115275859598,-0.10615398581332439,0.07069156777880609,0.4137523335336782,0.6407520084835187,0.09394171239178405,-0.1009977581280544,0.39423921810655405,-0.29879039780220085,-1.6702396508790962,-1.5541608441649128,0.007006295041446424,-1.958672318504172,1.3979001497722796,0.07372489996146259,-0.7194969361610832,-0.2831159906362721
42031,Clarion,Pennsylvania,-0.20833363853590792,0.14145835032188453,-0.5858552237939129,0.16144336722764716,-0.4468548976000986,0.720735026342599,-0.5987630895328513,-0.3427541682223885,-0.348339887349046,-0.5465565457497784,-0.6238135056753885,-0.0683712952473792,-0.4495372697420605,-0.7098930089325312,0.745450989531256,0.3091671041301579,-0.24055836675928557,-0.8448428138420304,0.39559939569211794,-0.22948792142206964,-0.29337891440313085,-0.29637107486407926,0.4291078455021122,-0.6645165829799248,0.7806611932708056,-0.327394214034501,0.9540030370029501,-0.3106706765272988,2.4410777258823466,-0.3785703691483582,-0.6069745902144725,-0.3947801769602574,-0.12979097248085447,-0.31724619711314334,-0.08602139992103093,-0.12140845903524924,-0.30106262428796887,0.3451154063400405,-0.28582822947198516,-0.5452816573015156,-0.6004435006157391,-0.9172017903280579,-0.6203823827220438,-0.21606519722136208,0.020787569208555932,1.0909852564763374,0.2760719490817244,-0.6537512023876001,0.33990786698790987,0.1519157187500799,-0.8113665253124961,0.6051264205596165,0.6023411937060877,-0.0535356401590872,-0.20287085131045707,-0.05770422087310588,0.3081890818479386,0.09472382123412902
42033,Clearfield,Pennsylvania,-0.08878939128520842,-0.9046034951319659,1.028507252910736,0.32117897872648477,1.2143699241849366,0.6122255822126307,-0.4896555569682674,-0.34419809447927036,-0.36515783642762994,-0.5755779781470517,-0.4791202614120627,-0.13720549702994866,-0.600963319018273,-0.9255899252970493,0.9594787844982022,-0.6390861970199948,-0.36425728999119145,-0.31664816697433645,0.14903865900189295,-0.22604082154886604,-0.3354628845656678,-0.25723346014246845,0.26997783300067807,-0.7892412096076253,-0.06750859789809971,-0.34579430825110435,1.6138607014191697,-0.15215157292058687,2.2500050504358,-0.3794014150922591,-0.5553924367398283,-0.3635371035614169,0.3687742283396875,-0.3777162762725233,-0.08602139992103093,-0.16319616178444882,-0.8076535928135946,0.8556748728707126,0.11940402296995835,-0.6408828824593433,-0.7275718512227938,-1.0811364585193668,-0.7917918483582836,-0.041343633430562,0.21093181001103456,0.28871778165785816,0.019550488955047518,-0.7898563218283918,0.14506440090725597,-0.34488534154050227,-0.38192996252919614,0.845047227751231,0.007006295041446424,-0.0535356401590872,-0.00461794930337869,-0.05652276134087018,1.194493752077339,0.958588348373721
42035,Clinton,Pennsylvania,-0.20776545410376845,0.6870612534960973,-1.0908107266073013,-0.08973329894052931,-0.4423711405558243,0.6950310413648767,-0.5718967107211687,-0.34728992169978146,-0.3437038885463818,-0.38185960409075603,-0.5849641028989715,-0.18883114836687276,-0.3394341949283502,-0.8863723041398639,1.173506579465149,0.17553875968380878,-0.128685141601271,-0.025311245893241834,-0.3017385849337408,-0.23484033049679826,-0.3781488920831401,-0.4887598274621952,-0.037708477200254956,-0.685791706234908,-0.5371464545426207,-0.4953347934458778,1.8687100615222765,-0.5072193095388281,3.478981342731455,-0.41706461843435,-0.5963456857052699,-0.3425215736606168,-0.1966122495131041,-0.35566357028563195,-0.08602139992103093,-0.3413144496800514,-0.9182985647302785,1.0401457494883255,-0.07190456038302452,-0.6488496512224958,-0.685195734353775,-0.9499887239663202,-0.7689372529401188,0.005337700406674903,0.22360809273119953,0.8019466281352688,0.07341999558164988,-0.7537468003441005,0.3567693207833513,-0.4473185498478388,-0.8113665253124961,0.6051264205596165,0.3046737443737671,-0.0535356401590872,-0.2140439828594258,-0.06188128338744832,0.7418040707897007,0.9149914470040593
42037,Columbia,Pennsylvania,-0.13064466819090326,0.2713514636438789,-0.7466306954377935,0.12184437024641448,-0.8636166837045308,0.641494781204754,-0.5474491161225943,-0.33347969918173903,-0.18263235910991202,-0.37562753731699244,-0.4880147299294422,0.03488000742647284,-0.09232006192999793,-1.0236339781900128,0.6741083912089404,0.2937057434808651,-0.025226360686293883,0.04586106636982917,-0.22906078799179885,-0.13603607919180438,-0.17935857480478548,-0.14049834265636493,0.6967563778843207,-0.2492089023542331,0.6770599710261925,-0.5036107412515244,1.059085914902278,-0.5158600841188141,1.2700016211225518,-0.41677865357695704,-0.5657603333778647,-0.3283202420651715,-0.017815818650832902,-0.34206894634383384,-0.08602139992103093,0.05898680915969976,0.0609819096739945,-0.08475443314027982,-0.37480671464129706,-0.5213813510120585,-0.5898494713984844,-0.7532671221367492,-0.6318096804311266,-0.08535746247709948,0.7391102566845861,0.16457939640880903,0.24785458846779007,-0.6176416809033078,0.29431949191134676,0.018752547950542407,-0.8113665253124961,0.36520561336800217,0.007006295041446424,-0.3256980227798136,-0.09900003037783317,-0.04317452717090328,1.2422261299693813,1.465604164302379
42039,Crawford,Pennsylvania,-0.07305009675779928,-0.32469845354077875,-0.20388058869302675,0.40067451590437975,-0.486690354551828,0.6807303763904053,-0.5371271434645583,-0.3443550156226138,-0.38358793024356996,-0.5733305589622043,-0.6006795203709834,-0.3264995519320088,-0.4105481509800982,-0.6314577666181586,0.6027657928866248,-0.1596063572066886,-0.4119802949326316,-0.308434433008424,-0.377905737926709,-0.22239312026707084,-0.304330882317235,-0.19654139750247626,0.4178737469287584,-0.4291067398543068,0.6020411129968423,-0.500428261564213,1.4062794608589402,-0.49987473465407284,0.037668722004906924,-0.43830315177495943,0.2803917333056785,-0.21307704505651182,-0.21495880557103242,-0.21574950713833863,-0.08602139992103093,-0.09192150739100066,-0.15009497108640435,0.18561100817182521,0.03263715468032558,-0.6010490386435817,-0.7699479680918118,-1.0319560580619747,-0.6432369781402094,-0.18272138733762158,-0.04048113060557624,1.3225867214932197,0.5095064777970003,-0.7426361783489336,0.4723015041965597,-0.4626835310939393,-0.8113665253124961,0.845047227751231,0.3046737443737671,-0.3256980227798136,0.024372303241600488,-0.0538256688999994,0.2640200165933233,-0.12649008571563589
42041,Cumberland,Pennsylvania,0.42115613655994283,-0.14250821947901335,0.7108004258731567,-0.22270105133615553,-0.23888999222934454,0.23807050337594116,-0.3215343920351232,-0.3310786723852396,1.2412847059702603,-0.28934731161609795,-0.390314783707524,-1.2557612759966765,1.3417656232371065,-0.9648075464542345,-0.32468798530347687,0.15537389083286085,-0.19988410900480108,-0.4723820805631201,0.13691413798830673,0.47942324622043414,0.6201326894619898,1.2040401824130347,1.209432588129414,0.04686764609248129,0.6000806512884169,-0.5074460024907305,0.5644247285832533,-0.5667525668320175,0.21133821276578818,-0.4471086956022193,-0.502739929737884,-0.3039468820828941,-0.19451506077454836,-0.3768346186612281,-0.08602139992103093,1.0305742983903527,0.317674442627905,-0.7537825391754206,-0.33014247880185166,-0.24254444430172756,-0.11311815662203072,-0.048348048914121824,-0.14043587894057283,0.16138673066258047,0.8996765044733457,-0.007732093563751208,0.2298980862589226,-0.15655086810388805,0.394863716395274,-0.23220881240243207,-1.240803088095796,-0.5944776153984553,0.9000086430384084,-1.4143475532627192,0.6175401948881919,0.025423338904253346,0.128384412952317,0.40636093102467347
42043,Dauphin,Pennsylvania,0.4941678360898614,0.1782791830027901,0.5195399730698428,-0.42298520305501425,-0.7109002090326212,-0.7505295510735241,0.7589421860730622,-0.2702243219670366,1.3846195120027753,-0.08628099045557305,0.009289298924518073,-0.5502107077253546,0.34603295288319025,-0.807937061825493,0.10336760463041615,1.0360481709736296,0.387616424096906,-0.04245340719113583,0.2691783141810114,0.5284452173317093,0.6919221981403691,1.102888447227689,1.1098544909958978,-0.26351724414659383,0.05524627158551868,-0.5005482936998258,1.1609015971893315,-0.616337314017294,0.08558251295215155,-0.41510362571393644,-0.5922408085825378,-0.3785615298510666,-0.18068837135423974,0.09408772127524384,-0.08602139992103093,1.00051241203154,-0.2344676870452795,-0.2039997008019868,-0.32427461987529566,-0.29831182564379344,-0.2084644195773213,-0.17949578346716838,-0.24328155832231657,0.1453817019183849,0.720095832604338,0.01635445879800468,0.4017674645437961,-0.24821349956401387,0.3842472454870331,1.6935355037754947,-0.38192996252919614,-0.354556808206841,0.007006295041446424,-0.8700227880212664,0.6759698710956967,0.03340620614894357,0.3454493517599474,0.8600916452793003
42045,Delaware,Pennsylvania,1.3389702231092349,0.26939736331798037,0.5620336251461476,-0.5280932040190774,-0.8631726694731753,-1.0191860770141201,0.9125493799552739,-0.3169333516557864,1.755004397962436,-0.2668230476406901,-0.40687470884570215,-0.7911304139643425,1.4456908447258578,-1.0824604099257908,0.17471020295273174,0.34820537096037596,1.0342954564435471,0.9784489279344696,0.9146584201918717,2.524992809235456,3.209070721130942,4.091087278893301,6.468952390605217,-0.7948880495406955,-0.45980510995670293,-0.508255478517292,0.21858378974590997,-0.6266581245420665,-0.2943746066536304,-0.437595037210261,-0.516560935681307,-0.25797851147451034,-0.15259204430800524,-0.13550540386037963,-0.08602139992103093,4.663500850774561,-0.9907218187672642,-1.0501861111068502,-0.5978374795007882,-0.019474918933462183,0.056386310854041874,0.2631278206493658,0.08811007524108025,0.17205674982537744,0.11163426203640674,0.5425529873163608,-0.4191012078615697,0.0739945382958211,0.19439976571613993,0.7921232706709331,-0.8113665253124961,-0.8343984225900698,0.3046737443737671,-1.1421851706419928,1.6423428150337211,0.5503488778117297,-0.488969728041601,-0.10872838515762567
42047,Elk,Pennsylvania,-0.23331032326418202,-1.0340198747802156,0.33523780080530186,0.7856681635754871,0.08684426863039552,0.7909867901207186,-0.657338766943778,-0.3538962712772324,-0.4644658933585171,-0.5973652240724704,-0.6408784397280513,-0.8083389644099845,-0.01784260795688343,-1.1805044628187567,0.745450989531256,-0.8590694206209425,-1.3784933646415427,-1.3921009874107642,-0.6595264011485436,-0.23771599357800688,-0.39703828948752895,-0.522099218742867,-0.17910490497240453,-0.8187493220022536,-0.4683662660516573,-0.46316553556124845,2.3727633814386024,-0.3140001324293005,1.8476007090157704,-0.36095847160171457,-0.48320582072571816,-0.31896255030615756,-0.03542350552184752,-0.39848223989203635,-0.08602139992103093,-0.3975704748566847,-1.018090027736383,1.161452673401367,-0.12029205696267034,-0.656816419985648,-0.801730055743575,-1.1467103257958913,-0.8032191460673664,-0.06401742415150553,0.25741151331830686,0.8834703438212116,0.424854395955197,-0.8287434988114756,0.44732157264775757,-0.6675499477086123,-0.8113665253124961,0.6051264205596165,0.3046737443737671,-0.59786040540054,-0.22473051236438585,-0.06337051966355695,1.5074648917087539,0.9456707479678955
42049,Erie,Pennsylvania,0.4690652135750822,0.12384406849252365,0.045494195971556114,-0.1367520515719509,-0.27800579302406436,0.21604685369687282,-0.07462750625454972,-0.3230478833612077,0.14362242156193,-0.2691224526289678,-0.38503839079455104,0.361842465893671,-0.26076952925720803,-0.9255899252970493,0.5314231945643092,0.6842237412378659,0.21622603468562754,-0.36034514837233633,0.4969808139322745,-0.05730819309597954,-0.05832560633321842,0.006060852680388007,-0.30813616317672726,-0.5918146279477806,-0.08727411288342396,-0.5134807478766948,0.13797830480661835,-0.5553306550977744,-0.3372024914341162,-0.4474839979757181,-0.17507804178706177,-0.2653735687922224,-0.19417326333844806,3.7567742939355147,-0.08602139992103093,-0.11139366445015977,-0.6222059513130419,0.6530139539214336,0.4181063391132849,-0.5930822698804297,-0.844106172612593,-0.9335952571471879,-0.5861004895947962,-0.15738009182597887,-0.31935935044921154,0.6574273139647342,0.5223325508033344,-0.7287479008549743,0.18066080336429857,-0.12977560409509556,-0.8113665253124961,0.36520561336800217,0.007006295041446424,-0.0535356401590872,0.7391907058903641,-0.03460626477580716,-0.11043164483844363,-0.10549898505616932
42051,Fayette,Pennsylvania,0.05770554227758986,-0.811661674497611,0.42256419930646133,0.5373237776917358,-0.1837510676670496,0.5065970690093278,-0.3098128997627967,-0.340153519023556,-0.4724579474403359,0.12638234529176623,-0.6085944320404696,0.5167194199044486,-0.5262799366009933,-0.9844163570328273,1.5302195710767263,-0.3454640006939423,-0.1411821269788343,-0.11795440215983481,0.165340799009132,-0.09595020578647646,-0.0015155439886272346,0.1353970327651212,0.547047446938918,-0.6667714402589945,0.32600630120005025,-0.4722239909270866,1.8741607729493872,-0.6254229603720999,1.195106685383098,-0.4184185721331832,-0.6061557043538247,-0.3942010688853728,-0.02013942131815954,-0.33156049619406,-0.08602139992103093,0.17495373657940064,-0.5090072360933459,0.41933420919559095,-0.14551342521678862,-0.25847798182803183,-0.27202859488084863,-0.7532671221367492,-0.38040913083130873,0.4081309238022602,0.17079024806384438,0.4610292716304184,-0.20105796675389445,-0.3815409635060157,0.34802634474127014,-0.40122360610953733,-0.38192996252919614,0.845047227751231,0.007006295041446424,0.4907891250823656,0.2634623460189465,-0.03701183054217353,0.6445781089665358,0.1318619224008779
42053,Forest,Pennsylvania,-0.2996853943238533,-0.9642476322937453,0.6625175365699101,0.5583972830971432,8.532617934453611,-0.5324021772437337,0.7278977305564621,-0.2917903025509742,-0.5623937845404724,-0.5066435361791193,-0.21434689265917292,1.979446207784018,-0.9922273629323307,-0.9059811147184565,2.1723029559775666,-1.5256909214974566,-0.6790260888972285,-0.13943092409524224,-0.48205812894570066,-0.2822486429249751,-0.44930487216363785,-0.636912553923609,-0.04552432414147047,-0.8142097405551781,-0.6293859401070924,-0.4880052006815674,1.8707824892692355,-0.22877568018193864,3.2968625032280325,-0.32977387326771246,-0.46333574768135694,-0.31471230816444457,-0.2330450907597703,-0.3560766324527608,-0.08602139992103093,-0.4257404792607131,-1.08647919322237,1.2401039681623276,-0.4195900948244288,-0.6329161136961913,-0.7381658804400477,-1.0483495248811046,-0.7232280621037883,-0.27475030261674555,0.10740883446301841,1.1317471143193092,0.5069412631957336,-0.7676350778380588,0.407978180458395,-0.47292685192467293,0.47694316303740386,1.3248888421344598,0.007006295041446424,0.4907891250823656,-0.34368599666127914,-0.06736585423807752,-0.2458112138322999,-0.5560002992093397
42055,Franklin,Pennsylvania,0.13313056125123476,-0.1905142790378017,0.28003137025932184,0.03605656786163173,-0.39211081153775684,0.5005989684480733,-0.34747310778755003,-0.31271365607474577,-0.16669398082447,-0.3005155778850115,-0.2640213806039172,-1.1008843219858984,0.4789254421845264,-0.651066577196751,-0.039317592014215016,0.05180570141616651,-0.30505327997646187,-0.35155484244734675,-0.19597573807572471,-0.0017079623839688616,-0.010775201451192831,0.4069739494623748,0.48534410592649646,0.19722627752723365,0.6389212576713046,-0.5124898739043802,0.9368883977569837,-0.5994222756354207,0.02594734947854492,-0.4450571130902211,-0.5508525501987123,-0.316418999918336,-0.2083212888673874,-0.40880622002677497,-0.08602139992103093,0.2686024015353359,0.48329616090791544,-0.5858351274698662,-0.1644350362984876,-0.24254444430172756,-0.11311815662203072,-0.24506965074369283,-0.1975723674859861,0.13471168275558792,0.7327721153245033,-0.22636387653968787,-0.23184054196909545,-0.2037710115833471,0.14693789577341618,-0.3295203602944018,-0.8113665253124961,0.1252848061763878,0.007006295041446424,-0.8700227880212664,0.29394983562241395,-0.02892720627982597,0.38541353969797554,0.35146112929991435
42057,Fulton,Pennsylvania,-0.2783550478327627,-0.7880861471747644,0.43991385264364385,0.5069636684424498,0.12892455130442218,0.74714269095813,-0.5888675065805488,-0.3209442532712171,-0.5265752283485576,-0.673139356057273,-0.6101590122686253,-0.39533375371457685,0.04359271121909581,-0.9844163570328273,0.4600805962419936,-0.7228218275556411,-0.7693960308154134,-0.35203895333732405,-0.9296600528294459,-0.2524762080012606,-0.37423899256520937,-0.373713681369752,-0.0535918151339225,-0.6040642834837541,0.6010958749643985,-0.4882097023508259,2.2045180303906697,-0.4702566483818657,0.29938844261136566,-0.4188521682768176,-0.6089781043586237,-0.3976038361175715,-0.19931199428208604,-0.4211303747197217,-0.08602139992103093,-0.30859312022981317,-0.32279032662456425,0.4470533039173204,-0.413744575462314,-0.25847798182803183,-0.17668233192555804,-0.42539778575413156,-0.2661361537404822,0.08803034891835126,0.31022935798566204,-0.05590519828726265,-0.5550575817287084,-0.27321239905313915,-0.021052143892276227,-0.6368199852164114,-0.8113665253124961,0.845047227751231,0.3046737443737671,-0.59786040540054,-0.30659194853723215,-0.0639510124949589,-0.41215341954633794,-0.9225372107246433
42059,Greene,Pennsylvania,-0.21479161107646189,-0.3060689273883714,0.5381124878484994,0.01398589162086087,0.9431379422473914,0.5863335259490134,-0.4314435827617473,-0.30891844013874414,-0.47255781491644067,-0.5176981004700969,-0.5877160438238537,-0.051162744801737194,0.060204272381762826,-1.0628515993471983,0.8881361861758866,-0.3993818945790751,-0.8942542088955802,-0.4802568816868482,-1.2314108117777685,-0.1540702576852948,-0.28259008014365383,-0.3181249660643179,0.5763879815130657,-0.6858515095021861,0.2806433886042872,-0.446136669581332,2.2106076386206284,-0.634943951584354,0.8575016748914959,-0.40621990110366435,-0.6194426195571725,-0.3951541362959994,-0.04190495323004897,-0.379877466595942,-0.08602139992103093,-0.06969209898188808,-0.5483199856509676,0.5631765353218179,-0.30965709820926846,-0.17881029419650862,-0.1554942734910487,-0.5073651198497859,-0.24328155832231657,0.16138673066258047,-0.23062537140805486,0.3980336731458265,-0.05227551988042184,-0.24821349956401387,0.12882744540053492,-0.3500070019558691,-0.8113665253124961,0.845047227751231,0.3046737443737671,-0.0535356401590872,-0.21632726937362043,-0.057772313328962675,0.5114813262588876,0.41927853143049887
42061,Huntingdon,Pennsylvania,-0.18869320141257226,-0.6658255404628524,0.5884876062406365,0.32033499683304906,1.4943249181469884,0.42100987825879305,-0.27044387027866157,-0.3492322880620183,-0.32126421311675146,-0.5455341393290873,-0.5534823448872851,-0.2576653501494408,-0.09602677392497322,-0.9255899252970493,1.5302195710767263,-0.49980714692801553,-0.7544403327595464,-0.22888118106080552,-1.2258888913262536,-0.2531170848586778,-0.37026566844642894,-0.3690659089547638,0.03942672093442344,-0.5527253355192341,-0.04562902938048968,-0.49286143540212474,2.479748666063627,-0.450780365082022,0.12651780345729108,-0.42496764510791835,-0.601750890121243,-0.3823097886624301,-0.1597283382909902,-0.27376944676402165,-0.08602139992103093,-0.28060166063149605,-0.564873872525024,0.6703271605447753,-0.0778170984384629,-0.3779795132753167,-0.33559277018437594,-0.523758586668916,-0.40326372624947354,0.17339050222072702,0.1940300997174809,-0.2578616757819838,-0.29597090700076467,-0.4065398629951402,-0.020427645603555863,-0.3295203602944018,-0.8113665253124961,0.6051264205596165,0.6023411937060877,-0.3256980227798136,-0.17691250380891665,-0.06026876278056935,0.8646963578018085,0.84232994472129
42063,Indiana,Pennsylvania,-0.074678501625168,0.5441378234255144,-1.243525585109845,0.1179939747294395,-0.0074063969761638815,0.6032831425756187,-0.49101019217275527,-0.3499893967730095,-0.21922735617911662,-0.5906632303004798,-0.604196150955032,-0.08557984569302073,-0.30360264564358913,-0.7098930089325312,0.8881361861758866,0.053990765163655655,0.19219472857300382,-0.22205702088193735,0.8015342111453386,-0.1719583844415152,-0.19605519476596941,-0.18504739456125144,0.5586934080566496,-0.42774050230105176,0.24460930720841093,-0.46349364996955617,1.635261977282916,-0.5534241732997668,1.3020925735081224,-0.4116777391895858,-0.6070522843746691,-0.385631666997421,-0.016242250452884202,-0.37490111194707776,-0.08602139992103093,-0.006503749177736998,-0.31048219329431026,0.30466516852241055,-0.11863148267254098,-0.4417136633805353,-0.5156912668777032,-0.8516279230515335,-0.5746731918857134,2.690825276298216e-06,0.35670906129293467,0.2590727941356972,0.1042025707968509,-0.5731991929226403,0.21813070068750134,-0.6112116831395772,-0.8113665253124961,0.6051264205596165,0.007006295041446424,-0.0535356401590872,-0.01758776532253335,-0.04981060112819,-0.23571950925289223,-0.3686950933248674
42065,Jefferson,Pennsylvania,-0.19372778408704497,-0.5111898945020569,-0.09264242058585734,0.5170869044422184,-0.12743013064044373,0.7940364496342484,-0.6536215617287666,-0.3248627785924586,-0.5324094976061134,-0.6078367291515263,-0.6339661905622939,0.32742536500238506,-0.338610481151689,-0.7883282512469002,0.6741083912089404,-0.3293016984894098,-0.35131756686929905,-0.405537626976593,0.055246703649432564,-0.22938831095975018,-0.2915638343634714,-0.27879601288102496,0.4921917593078245,-0.7251711909655172,0.6403406337006038,-0.4685133086872673,1.2023262389304097,-0.31985540270636986,2.48481601407568,-0.37674847861803984,-0.5262806024547984,-0.36450050121531363,-0.037558899742362144,-0.4005155940996954,-0.08602139992103093,-0.09761494505588279,-0.42427761331883057,0.4546351553444821,-0.2509412763363063,-0.5851155011172772,-0.6957897635710297,-1.0975299253384967,-0.7460826575219532,-0.20406142566321553,0.025012996781944255,0.7389510296506769,0.20168072564498832,-0.7537468003441005,0.2100122229341406,-0.12217313941603543,-0.8113665253124961,1.0849680349428452,0.3046737443737671,-0.0535356401590872,-0.16864026906076895,-0.057056230248794186,0.6613156607563948,0.278799627017145
42067,Juniata,Pennsylvania,-0.24838478343027337,-0.2383620506967947,-0.014009726449185548,0.2265754311128105,0.0918119496617582,0.7552648159940429,-0.6224974221759458,-0.30540885488879543,-0.47737239386854396,-0.5471803715393803,-0.3957373662280413,-0.7050876617361327,0.1451840770073073,-0.08241107041756218,0.388737997919678,-0.36291513864112146,-0.37330121012516615,-0.23504442554860117,-0.25080374760523233,-0.2424662678245118,-0.3506993224568491,-0.2978986474100992,0.12507427850058717,-0.2509929374826361,0.15955502155230858,-0.49724845246663985,2.0254000353698647,-0.5527012282814862,0.10213107397325351,-0.42779307303613384,-0.5490782333942411,-0.3380505561320044,-0.23599950160178174,-0.36292811126253727,-0.08602139992103093,-0.2246781172917521,-0.17493781349069323,0.2670791314289176,-0.4469337217004614,-0.3222121319332505,-0.26143456566359397,-0.32703698483934723,-0.3118453445768127,0.2827581986393957,0.360934488866323,-0.2763897929833343,-0.15231888932982596,-0.31209957603622285,0.10884350016149348,-0.4831701727554066,-0.8113665253124961,0.845047227751231,0.3046737443737671,-0.59786040540054,-0.27365273325049017,-0.05772482690077706,0.6864156332081076,0.902073846598234
42069,Lackawanna,Pennsylvania,0.29317991518486475,-0.30374971236437714,0.2895274498090367,0.13564896490915596,-0.6580436160092031,0.3713744672160744,-0.3614323885910655,-0.32976260165665466,0.5637359293449803,-0.34896452772124,-0.09896229620033277,-0.051162744801737194,-0.14188017415911192,-0.9255899252970493,0.745450989531256,0.9044157413600095,0.638407814366904,0.5094542519708696,0.2760844148914754,0.5600896067479849,0.9039737446843841,0.5052023934156931,0.7675743880006176,-0.8115577978125788,0.05531090549817126,-0.45413165308285797,1.7683605157169169,-0.5783344793872902,0.4043405470465647,-0.3793057983332793,-0.07705531353081295,-0.23183101666070238,0.1924680144927953,-0.30362326166831294,-0.08602139992103093,0.77199230573962,-0.7740531166436275,0.41925618745205967,-0.39370598615855484,-0.704617032564562,-0.844106172612593,-1.0811364585193668,-0.8375010391946149,-0.10669750080269343,0.5912202916159914,0.9094097079031018,0.3171153827019927,-0.8537423983006008,0.5085224049423218,0.24410560622668276,-0.8113665253124961,0.1252848061763878,0.007006295041446424,-0.0535356401590872,0.5914508391440337,0.023444956428691537,0.7832147032897162,0.5597574358438533
42071,Lancaster,Pennsylvania,1.2773983606511548,0.42615325931348,-0.15677279730479315,-0.31453113401281213,-0.4728559259442834,0.3344706655376206,-0.272464772013489,-0.30387206830292574,0.3437781514880765,-0.17127041638218718,0.08559489841000494,-0.6878791112904907,0.8095092378845443,-0.12162869157474956,-0.32468798530347687,0.43813053854261275,0.6307235750687734,0.2118268198743122,0.8983262420582874,0.35286707424581537,0.5951229922576832,1.1809245474465708,1.5331335900189147,0.7473934725326226,0.1926290756369924,-0.5061521978681004,-0.1753350402167317,-0.6284939420320019,-0.03658881963093907,-0.4006181526876557,-0.5623432370051847,-0.3608850871824603,-0.07196797998511188,-0.13384562815817763,-0.08602139992103093,1.0766793602871894,0.8230643586701591,-1.265038263192916,-0.007425130884231916,-0.20271060048596592,-0.10252412740477604,-0.11392191619064394,-0.17471777206782046,-0.04267738582591159,0.5278388780151655,0.43138428410825747,0.14268078981585253,-0.15932852360268035,0.31617693201654845,-0.02734239578775903,-0.8113665253124961,-0.1146360010152266,-0.29066115429087425,-1.1421851706419928,1.7007350603147637,0.045164965102214946,0.599079980031526,1.1846463554756705
42073,Lawrence,Pennsylvania,-0.07046397895584501,-0.6143290753451,-0.2795166394674796,0.7051736820829281,-0.7393798865071718,0.5440566788863114,-0.32358222061899217,-0.3506145298437871,-0.42397449495545125,-0.5479211904933672,-0.5865190362329232,-0.37812520326893484,-0.3255683463545538,-1.0236339781900128,0.9594787844982022,-0.36352211925490047,0.20053210403821803,0.03525973001538152,0.8482209880535098,0.06203107636190374,0.24455962264460848,0.6564641830482147,1.2622970856509306,-0.2922957555314337,0.8134385308988838,-0.47268045481292154,1.1034838705578691,-0.6224425927297413,0.04524803584162963,-0.4330892815957886,-0.4329068006158173,-0.31456923108175733,0.03317533542265107,-0.3317217648936013,-0.08602139992103093,0.656105527938467,0.08026672117891104,-0.36129930752967393,-0.46984666829565536,-0.44968043214368775,-0.5474733545294665,-0.7860540557750114,-0.4946821079221353,-0.252076511895802,0.37149805779979417,1.0131671642306654,-0.0009712278550866502,-0.5537556044310988,0.33303838581198986,-0.42171024777100463,-0.8113665253124961,0.36520561336800217,0.3046737443737671,-0.0535356401590872,0.04447271075180555,-0.021571849794275608,0.9936285167343588,0.5290781348800171
42075,Lebanon,Pennsylvania,0.09437101086498008,0.04612883740762525,-0.04812495345628099,-0.018530531257639236,-0.3919920505985932,0.49609623158339355,-0.39776358098870784,-0.31821254956218387,-0.03437051400056391,-0.25593362703986466,0.31424677238651,-0.7050876617361327,0.40074127621643657,-0.7098930089325312,0.03202500630810057,0.20421318528383656,0.495777044395237,0.3131578258205523,0.6619072657682666,0.3272292076909475,0.38738537315942795,0.9400907972135529,1.1172281854325146,0.3702212794246682,0.2998406195251121,-0.5036218417250553,0.5776468357875847,-0.6013195398926638,-0.08345504747389351,-0.41700762428868376,-0.5421263141472411,-0.36360453727901115,-0.14675684894975577,-0.38207683483550203,-0.08602139992103093,0.8127861938781076,0.5002026117945564,-0.8372139622789018,-0.470025384811185,-0.29034505688064105,-0.2084644195773213,-0.19588925028629833,-0.25470885603139937,0.19873179773236976,0.7855899599918588,0.451765213029743,0.714723645898342,-0.25099115506280617,0.6515325130592129,-0.006855754126291726,-0.38192996252919614,0.1252848061763878,0.007006295041446424,-0.8700227880212664,0.22191401764589694,0.01094163875168825,-0.032463384884057665,-0.0764343841430616
42077,Lehigh,Pennsylvania,0.7607429846924392,0.28905953344135693,0.575232069994238,-0.5527806382298088,-0.45149358453672117,-0.0943694121280386,0.07701443043201998,-0.1927744435048515,0.8447382784086149,0.2453536472949676,1.1834096476670646,-0.5157936068340706,0.6668008260779958,-0.7295018195111219,0.4600805962419936,0.8869493616159596,1.1955056074551713,0.5254977184753852,1.3390751627789095,1.1026888087173268,1.4128084578500741,2.1911144824581217,3.0618514448025937,-0.010709772757949128,0.04930921482140124,-0.5085589511660462,0.4794861937054911,-0.6332367385135342,-0.26945531978840204,-0.41957495913256915,-0.5540625344238815,-0.38531163303207083,-0.1570712147563066,-0.376709750754003,-0.08602139992103093,2.2436635928005875,0.011766554764662112,-0.980103008725323,-0.4807036966140801,-0.22661090677542267,-0.219058448794576,-0.16310231664803845,-0.22042696290415092,0.184060521383524,1.2440488517045012,0.937201883705128,0.4787239025817993,-0.2176592890773055,0.8863438696179493,1.032841310193174,-0.38192996252919614,-0.5944776153984553,-0.29066115429087425,-0.8700227880212664,1.0058299105438944,0.15102971669794238,0.10674937464254694,0.5678309360974945
42079,Luzerne,Pennsylvania,0.6087360763807418,-0.36746655644769194,0.4975939617381676,0.09072927684251371,-0.24254066388693915,0.30046123462791813,-0.18421167226139093,-0.26465094543359824,-0.06422797338245287,-0.2182047707064026,0.28795035438096084,0.12092275965468287,-0.15670702213901305,-0.8667634935612711,1.31619177610978,0.4507131810334335,0.06244948927247643,-0.07454086581386178,0.015553807279244457,0.34673154751722757,0.47007328653437536,0.16060024060742198,0.6611618469865826,-0.7355167829341205,-0.19618629202533913,-0.4718301832391396,1.8397609503955576,-0.5194497995927736,1.0367863234487278,-0.38295464228072373,-0.31895840890348864,-0.27749879678153105,0.5910576500460976,-0.2701252712256207,-0.08602139992103093,0.4493339680148205,-0.8129798541575439,0.596403785895931,-0.06506120714253585,-0.6408828824593433,-0.7911360265263203,-1.0155625912428423,-0.7917918483582836,-0.1373738058957345,0.7644628221249165,0.46473489507068844,0.4222891813539303,-0.7954116328259749,0.421092644521516,-0.07855899994142729,-0.38192996252919614,0.36520561336800217,0.6023411937060877,-0.0535356401590872,1.0089553929034885,0.0023774760420032398,0.7767401457884072,0.7906595430979872
42081,Lycoming,Pennsylvania,0.010918190198066027,-0.1906093486359513,0.14860775449616995,0.10159542583121767,-0.48140100091005306,0.4925942616884755,-0.2866123279328424,-0.3253208680554599,-0.348477828881715,-0.5201121702231961,-0.5476533286816125,-0.15441404747558876,-0.13453539298388312,-1.00402516761142,0.6741083912089404,0.29077184913664517,0.4805555926207633,0.3041752282477637,0.5740224896911765,-0.1445919619352206,-0.25971216103564065,-0.31672322910375844,0.12823621361540666,-0.645590654138907,0.09953875337682447,-0.49949079960549125,1.335762050800554,-0.4973142480057,3.317734931104266,-0.38705306404290074,-0.5646982297593185,-0.3234625356155647,-0.1673659462404611,-0.3609153763982492,-0.08602139992103093,-0.18240497480594658,-0.5906252151937388,0.6529684180159422,0.18626633934247916,-0.6249493449330388,-0.685195734353775,-0.9172017903280579,-0.7460826575219532,0.10803663484859562,0.1285359723299604,0.5981373389204127,0.1965502964424549,-0.7343032118525582,0.33803437212174964,0.09045579376567797,-0.8113665253124961,0.36520561336800217,0.3046737443737671,-0.3256980227798136,0.12350811197675524,-0.05183403037926988,0.9934755516088192,1.003799949794111
42083,McKean,Pennsylvania,-0.2019283841385421,-0.40209772757768036,0.31954830751075713,0.21130417145555655,0.5827001833489168,0.6419749561769411,-0.511688054987874,-0.3096296338042143,-0.37868334568683754,-0.6610477884226699,-0.5473815186991067,0.017671456980830835,-0.1685822290858783,-1.0824604099257908,1.0308213828205177,-0.3010161826669016,-0.8175771634508238,-0.8983369747698083,-0.4118851103381829,-0.2475479637565076,-0.3864588118175602,-0.541204445221865,-0.28241347210607604,-0.8165570030092882,-0.3988220145919053,-0.48712041679204077,2.6862954673894253,-0.45044067677810223,1.045568420603422,-0.34873996394839957,-0.34056943246325966,-0.32443826431662004,-0.18491298082771465,-0.40281056984009,-0.08602139992103093,-0.43116921433112304,-0.9844636988653606,1.1432661328826752,-0.007134716546496286,-0.7603844139066283,-0.9500464647851382,-1.2942515271680677,-0.8946375277400281,-0.13070504391898655,0.10740883446301841,0.6407520084835187,0.4017674645437961,-0.9509603407583097,0.2843275192918258,-0.6624282872932454,-0.38192996252919614,0.845047227751231,0.3046737443737671,0.2186267424616392,-0.18585849523338407,-0.062253828461554764,-0.4337412610452022,-0.882169709456438
42085,Mercer,Pennsylvania,-0.0004308545160594732,-0.5157367838915625,-0.2824730375646982,0.6158148516619094,-0.27042916820872104,0.42775572050857663,-0.23983899394647373,-0.3355656240904202,-0.3322981968098105,-0.5124926517580433,-0.5866356102112751,-0.2404567997037988,-0.11140276442264847,-0.9255899252970493,0.745450989531256,-0.109937168553202,-0.5138016106229937,-0.7823888930748536,0.03294789454443546,-0.07894213565596299,-0.10001924224726459,0.26444218863374,0.933692396240909,-0.21483247466101082,0.5858220289730153,-0.4970242564357703,1.4006701342910386,-0.6191763326988652,-0.2659054998327141,-0.43863272478086357,-0.28238157254671953,-0.3062415902207472,-0.18573243839276493,-0.27905125691352783,-0.08602139992103093,0.29864990812563774,0.053546034412262654,-0.18099555667894504,-0.23168457178798926,-0.5373148885383632,-0.6640076759192665,-0.900808323508928,-0.5861004895947962,-0.26808154063999734,0.1644521067037619,1.3744654496570015,0.23759373006272322,-0.6565288578863916,0.4441990812041575,-0.49341349358614023,-0.8113665253124961,0.36520561336800217,0.007006295041446424,-0.0535356401590872,0.1622491208651393,-0.03735210687170506,1.3119154216662303,0.8713945456343978
42087,Mifflin,Pennsylvania,-0.18578198839429078,-0.2565004528832841,-0.34973962726698243,0.41048538534112555,-0.551314405232427,0.7504547738685572,-0.6147167779007544,-0.3609280605243054,-0.36026440883058664,-0.5431567933508002,-0.5809783818638642,-0.20603969881251477,-0.3535746147610337,-0.43536966083223116,0.6027657928866248,0.03717943992951891,0.01693733265053098,0.22586011540077225,-0.21973372394570648,-0.1548892263749455,-0.20576149536609598,-0.1417411544629821,0.2985658330326619,-0.25183240348306113,-0.01100250024735552,-0.4978679310156009,1.94789420126291,-0.48626452880921395,0.3025805599178702,-0.4358482258996294,-0.5947620369966105,-0.38586152636055865,-0.2029846034899758,-0.3610750470284015,-0.08602139992103093,-0.06177989098813805,-0.25293905698132674,0.27258505434959784,-0.4311173100760896,-0.4018798195647737,-0.3673748578361392,-0.49097165303065604,-0.4146910239585564,0.2880932082207943,0.2700877960384722,-0.37644162587062757,-0.16514496233615952,-0.4204281404890978,0.04764266786692881,-0.5651167394012758,-0.38192996252919614,1.3248888421344598,0.007006295041446424,-0.3256980227798136,-0.16306306101790013,-0.047617233424889445,1.6592650776938203,1.5576420671938869
42089,Monroe,Pennsylvania,0.1777769709601713,-0.19014059281006201,0.7193608253248741,-0.1830814977772178,-0.1921818160467602,-0.41828983348640114,0.5106989870207693,-0.21357822292162928,0.47108856053811665,0.20030266854704581,0.5159284221745487,-0.39533375371457685,0.5004106431924387,-0.6902841983539365,1.1021639811428334,-0.6642327542885936,1.748673321420228,2.373212952501385,1.4281562275387167,-0.057858821701494256,-0.08915557034981504,0.15628971066807942,2.5941989979231623,-0.7734830510749141,-0.5051971418725006,-0.4817551756734253,1.8338169749041875,-0.4411113432453928,0.67727554980918,-0.42270905022125677,0.2662040631528542,-0.3296779648174635,-0.10096073950356135,-0.3072439610339438,-0.08602139992103093,0.7213825024184858,-0.9901851164598303,0.65123415652531,-0.2803922687912924,-0.6010490386435817,-0.7699479680918118,-0.9991691244237123,-0.7460826575219532,0.37745461870921887,1.4722219406674757,0.5332889287156853,0.5018108339932003,-0.7620797668404751,0.9138217943216316,0.26459224788815006,-0.38192996252919614,-0.1146360010152266,0.007006295041446424,-1.1421851706419928,0.2567434947189804,-0.013171785681760664,0.2745711454467144,0.8342564444676488
42091,Montgomery,Pennsylvania,2.1126616925391972,-0.2702406229011366,1.0482122769844648,-0.27306069827702495,-0.6447027834941648,-0.3175040127880141,0.04519062521664007,-0.3282934014072125,2.427654956604221,-0.3226493197269304,-0.3116169666503338,-1.4622638813443802,2.5135671133523485,-1.356983758026089,-0.25334538698116177,-0.021980641468883982,0.4814329304554,0.465051575346318,0.6005552744532169,1.3029490436065567,2.1398043940801723,3.7551961335386994,6.401346514442467,-0.7204151599359591,0.24463708131886502,-0.4972242816483874,0.1048334148898864,-0.6254544563740861,0.0053046915714142625,-0.40947303948591013,-0.47497568418541414,-0.3882978700382618,-0.10096283608979226,-0.3595631682846625,-0.08602139992103093,3.951661168982092,-0.5986445417090606,-1.1240472580050014,-0.37713747586466256,-0.11507614409129027,-0.03895995210124948,0.13198008609631925,-0.014735604140663477,0.10136787287184741,0.5954457191893797,0.8427084859782399,-0.04201466147535453,-0.03155637065826313,0.49728143574536143,-0.25269545406389937,-1.240803088095796,-1.3142400369732985,0.3046737443737671,-1.6865099358834457,2.691980854886925,0.28587664399162444,-0.40666314149004207,-0.11357248530981048
42093,Montour,Pennsylvania,-0.2675185406218558,-0.7286680989373258,0.4999981513836758,0.42229993379176484,-0.7182583393933195,0.5089183511029465,-0.5466021162184103,-0.3409410283906649,0.5906190550811397,-0.48668547845231375,-0.49442893458839077,-0.9287988175294786,0.6735278219207288,-1.1020692205043836,-0.1820027886588462,0.5457453209383281,-0.22868410403545456,-0.4975400885295161,-0.1616272214674055,-0.05506704497804149,-0.047440117138616636,0.22516026282560458,0.6622892128351109,0.4175724686403848,0.6349216907816804,-0.5135040460110245,0.5291667704147617,-0.6037064820044612,0.2835503414186156,-0.4434387922555461,-0.554588980055156,-0.3114012739347203,-0.15487719174382286,-0.3356499616955543,-0.08602139992103093,0.23202286412734124,0.6984448847896441,-0.7792146309621452,-0.6414740953759382,-0.44968043214368775,-0.4521270915741759,-0.5729389871263104,-0.5289640010493829,0.02801149112761844,0.37783619915987665,0.3757999325042056,-0.0035364424563533643,-0.5009801499540576,0.2506046117009439,-0.20147884991023113,-0.8113665253124961,-0.1146360010152266,0.007006295041446424,-0.59786040540054,-0.295886703569041,-0.04205264417905217,1.7876908584377367,1.9532435796222982
42095,Northampton,Pennsylvania,0.5732040478718977,-0.24236423997492723,0.46895190007084,-0.010260813977734163,-0.3782701431210826,0.17155644096919043,-0.13091780288388902,-0.2867554870856448,0.5822465045296169,-0.1081191363626411,0.314587215026062,-1.1353014228771825,1.239556472116399,-1.1805044628187567,0.4600805962419936,0.02792582742790019,0.7958775072193537,0.7000808624063607,0.9852516699177727,0.625709450759889,0.9764803134916288,1.6849828706828327,2.9159498464817624,0.06408265144323737,0.042487426292391155,-0.5001761242387092,0.6210947214552963,-0.6339040536868148,-0.41782779301807493,-0.43259977380489645,-0.45240573289509867,-0.3830706870384719,0.09325587602414906,-0.3334192192042154,-0.08602139992103093,1.7985532175894925,0.08232232339265391,-0.8565300247072425,-0.4589151747624267,-0.3142453631700983,-0.33559277018437594,-0.32703698483934723,-0.3346999399949775,0.1853942737788736,1.520814357761442,0.787124134374188,0.39407182073999597,-0.3343208200265566,0.89758483881491,-0.5497517581551753,-0.8113665253124961,-0.5944776153984553,0.6023411937060877,-1.1421851706419928,0.8991892010530671,0.09833089946287583,0.415943814842267,0.5274634348292893
42097,Northumberland,Pennsylvania,-0.054850622214941,-0.768215295666543,0.44880773674245805,0.48422772707717654,0.09922937739584739,0.618995653584455,-0.4597147004042901,-0.3247548723731437,-0.4460151085632927,-0.4987448577893997,-0.41898511526794546,-0.20603969881251477,-0.5323205042965085,-1.0628515993471983,1.2448491777874646,0.10267478521332347,-0.36892395338517253,-0.44297346414150046,-0.25655785904987505,-0.018181146758835937,-0.03372259293918618,0.10383944983392089,0.6684330521455045,0.17790353863324593,-0.03175365318312432,-0.48758195651692543,1.120139265988006,-0.598803254394248,0.19347128480010845,-0.42522618268229895,-0.5971798153479434,-0.31398959292731043,0.20259655648991118,-0.08062599003833,-0.08602139992103093,0.2038284794899548,0.1608003063641694,-0.24433287719757396,-0.3844276203939752,-0.4178133570910783,-0.42034500392241186,-0.5565455203071782,-0.48325481021305244,-0.03200736666311462,0.5384024469486363,0.2238693714531309,-0.06510159288675586,-0.4676482839685569,0.20376724004694008,-0.33976368112513544,-0.8113665253124961,0.845047227751231,0.007006295041446424,-0.0535356401590872,0.0546539227495258,-0.031085123534753425,1.8922399137278334,1.686818071252144
42099,Perry,Pennsylvania,-0.185389531106112,-0.4686415186633919,0.8444544609503812,0.011197180716603559,0.22883320079672334,0.7346507690236683,-0.5990960030265805,-0.3143134356772159,-0.43836054247550993,-0.4399662124239411,-0.5375412949240271,-0.9632159184207626,0.6643983275627341,-0.5530225243037876,-0.1106601903365306,-0.9114433807184044,-0.34121793730143735,0.2365011104212549,-0.6482999635736996,-0.2509483690701235,-0.3481301616222325,-0.25637380284118916,0.3066564896366863,-0.34369082415272345,0.1724340875709872,-0.5054208018611939,2.06145833592314,-0.5676887581197534,0.3832557168129851,-0.4481372331518124,-0.5711899117707224,-0.3800029274806567,-0.25459544768135584,-0.3715728334079489,-0.08602139992103093,-0.16194847992978054,-0.2603829302026956,0.32306821587959134,-0.32627773415352357,-0.29831182564379344,-0.2084644195773213,-0.21228271710543062,-0.24328155832231657,0.2120693216858659,0.6482635638567349,-0.12816485537252964,0.13241993141078567,-0.25376881056159767,0.2799560312707855,-0.6624282872932454,-0.8113665253124961,0.36520561336800217,0.6023411937060877,-0.8700227880212664,-0.18527831587321988,-0.05346482350409265,1.247595245990996,1.6432211698824817
42101,Philadelphia,Pennsylvania,4.31847373831956,0.8625369719474989,0.8829538897886183,-1.2343651743583681,-1.2347402029680319,-2.515025634218585,2.3585124404315216,-0.17266994824384457,2.3199269517452277,0.3862806875977899,0.39291393193644947,1.4631896944147584,-0.5576497029288396,-0.5530225243037876,1.2448491777874646,2.2931020054330733,2.3162163072801194,1.7743449578360753,1.3428421836754905,12.860676430578255,7.904484672001806,2.2542991676971122,1.7326406649218873,-0.813201570440014,-0.7800547278335767,-0.502046006467553,-0.49784945020582017,-0.6378964545237136,-0.6643149972381632,-0.4484568424977398,-0.5057095557357406,-0.28361713360802826,-0.21011865444057606,0.0030428712197249374,-0.08602139992103093,6.3234704320810735,-1.1536618575770365,-1.6084358235545326,-0.633670140864478,0.04425923117175617,0.15173257380933247,0.4270624888406746,0.17952845691374197,0.19873179773236976,0.4074141921735957,0.779712887493648,-0.5165793627097068,0.17121248075352996,0.35052433789615073,5.703795609007719,0.9063797258207039,-0.1146360010152266,-0.588328603623195,0.2186267424616392,4.461434326071596,2.2508785084898117,-0.3457031199606627,0.7179980408152179
42103,Pike,Pennsylvania,-0.15745770157356623,-1.3431394882475851,0.6143178328606637,0.9314673121669558,0.3115087565740705,0.3034044003984968,-0.21296756963297456,-0.23659652321768,0.02693482792627721,-0.15586830948025232,0.12992379510277094,-0.9115902670838365,0.746357848340521,-0.8667634935612711,1.2448491777874646,-1.4344133521673776,1.0685652075530172,1.5278973217352236,1.9348173617549187,-0.24974501335652763,-0.34798515041674816,-0.27276218205372976,1.1525101308234076,-0.8118717007182683,-0.7545920404475854,-0.49257387522976626,2.1762687605557476,-0.47374496791058407,1.2544167152300285,-0.4296013961244155,0.24836621336648773,-0.269364306516817,-0.1753231114158249,-0.1461174980781721,-0.08602139992103093,0.06308253212011788,-1.1408309553314753,1.0819049280966808,-0.317818485751788,-0.656816419985648,-0.8229181141780844,-0.9827756576045824,-0.7803645506492016,0.11337164442999398,0.7095322636708671,0.28130653477731776,0.1708981504297873,-0.8009669438235587,0.3992352044163143,0.42336372076452167,-0.8113665253124961,-0.5944776153984553,0.6023411937060877,-0.8700227880212664,-0.11056618665465508,-0.05029455857579337,0.7895294336042187,0.43865493203923756
42105,Potter,Pennsylvania,-0.27250919151033837,-0.8645269320958143,-0.5512903375198455,1.0710242036198772,-0.07263300275562326,0.762728024025015,-0.6451124560919257,-0.30058564405595173,-0.46982825748692325,-0.5717634113958666,-0.5960512763836325,-0.4813765059427885,-0.45770576469395047,-0.8863723041398639,1.4588769727544109,-0.5712729492229333,-0.26288691598207126,0.04640861265753483,-0.2733602694864835,-0.28509137362816667,-0.45468432107066015,-0.6396937500850999,-0.3095599034418124,-0.7998528094071355,-0.02254277323917762,-0.4990052150399401,2.50217408226065,-0.5323568185772944,1.5343455552080074,-0.3703384169599977,-0.5383019362814057,-0.37551560575338366,-0.23980611875749017,-0.42407083457459016,-0.08602139992103093,-0.5008214343156574,-0.7977556924278411,0.9918158542141121,0.06557311918813934,-0.8081850264855422,-1.003016610871411,-1.4090057949019843,-1.0089105048308546,-0.21606519722136208,-0.021466706525328415,0.6148126444016281,0.1708981504297873,-1.028734694724477,0.14131741117493601,-0.6368199852164114,-0.8113665253124961,1.0849680349428452,0.3046737443737671,-0.0535356401590872,-0.2897106007027769,-0.06769383210541109,-0.2738425808708983,-1.0065016133625102
42107,Schuylkill,Pennsylvania,0.09309991785699803,-0.7550283804541265,0.8500880279288545,0.27223423456779605,0.5405295546808531,0.5646654767693591,-0.42700639573196036,-0.32022701806511067,-0.37600419146224906,-0.37051005784028457,-0.32860168177746146,-0.4813765059427885,0.01572372844205942,-1.1216780310829764,1.173506579465149,-0.4992543935605245,-0.18013899956528065,-0.1067819281978275,0.17310813723930596,-0.04060405989658766,-0.0927715142050153,-0.03517892620557471,0.547967332379666,-0.4447878808457586,-0.3145843929760662,-0.4106160916591871,2.051582145342608,-0.55288667752712,0.5633604679298418,-0.3652321409161688,-0.599985945770819,-0.39545475549463577,0.951885337791592,-0.36599978291871904,-0.08602139992103093,0.10074997818616982,-0.5802941182833099,0.5206770094191839,-0.15696617525364548,-0.4576472009068399,-0.5368793253122118,-0.6057259207645703,-0.5061094056312173,0.1093703872439452,1.2229217138375594,0.2312806183336713,0.6198107056514718,-0.5259790494431821,0.641540540439692,-0.11441062284899507,-0.8113665253124961,0.845047227751231,0.3046737443737671,-0.3256980227798136,0.2881106110943097,-0.03311705005759358,1.072759342155623,0.8116506437574538
42109,Snyder,Pennsylvania,-0.20266936692890952,0.220963462535043,-0.30990541549803036,-0.049231010938505876,-0.19997249403533654,0.7112638232890478,-0.5881030980712794,-0.35002186339564656,-0.3620083101945832,-0.30217699824302136,-0.543208291205042,-0.7222962121817748,0.0790124036155263,-0.6118489560395658,1.173506579465149,-0.06747814505846406,-0.6211195987154715,-0.20726721295058384,-1.0960360970019274,-0.1374722424124612,-0.20554681562420382,-0.002831794502897958,0.5433168901215422,0.012743074714703437,0.2564140187619242,-0.5071097718687115,1.2650015037798237,-0.49551063259170697,0.5637592404289247,-0.44795341324938365,-0.5436105051700839,-0.3490625430030384,-0.2310093128410439,-0.37516947200850503,-0.08602139992103093,0.056392631648155576,0.12857059828027054,-0.14934557903347717,-0.49307236879302613,-0.4018798195647737,-0.37796888705339393,-0.49097165303065604,-0.448972917085804,0.11470539682534357,0.5722058675357437,0.12011191512556796,-0.02918858846902096,-0.4315387624842655,0.2562250962994241,-0.5702383998166426,-0.8113665253124961,0.6051264205596165,0.3046737443737671,-0.59786040540054,-0.2172256116087134,-0.04541529407151292,0.4505449575566779,0.819724144011095
42111,Somerset,Pennsylvania,-0.10579977882059963,-1.1798244300430176,0.6154058540360853,0.7804664582959073,1.019312772828889,0.6195118966173132,-0.4904001460797216,-0.3566979191764853,-0.4268316468220263,-0.5547620936563099,-0.5898312287277757,-0.3437081023776508,-0.4557837658817411,-0.8275458724040856,1.1021639811428334,-0.7982879572387971,-0.6282049953029293,-0.5006950485169988,-0.14810711689165343,-0.2338400314468662,-0.295475813712389,-0.32348638735498547,0.3444659417239481,-0.6968018303201947,0.7567727478308535,-0.3661463969671794,1.90323477758001,-0.5323506950980126,0.5500822680303851,-0.4128409181084627,-0.5721266089346625,-0.32475646811046593,0.22606029701009359,-0.3617847769656108,-0.08602139992103093,-0.1553337665369494,-0.3436606585455668,0.401176777064987,0.06502952312007006,-0.4815475071962969,-0.5580673837467212,-1.0975299253384967,-0.6546642758492923,0.35211332319757616,0.22149537894450538,0.6166654561217632,-0.493492431298306,-0.6593065133851823,0.3180504268827086,-0.36025032278660274,-0.8113665253124961,0.6051264205596165,0.6023411937060877,-0.3256980227798136,-0.014087973698317014,-0.05667627541736212,0.419660030960136,-0.09742548480252816
42113,Sullivan,Pennsylvania,-0.30314429027414547,-2.5852808440832242,-0.09303349663987745,2.428101489971932,1.0016223724732896,0.5560156798481631,-0.4281010231000295,-0.2796946461242474,-0.48025351605662364,-0.7726723283083091,-0.5706589403253017,-0.2748739005950828,-0.2748413062751698,-0.592240145460973,1.0308213828205177,-1.285131779509906,-0.8396741868039004,-0.029420943553177793,-1.5662712537072436,-0.28205082885944077,-0.45306602981046135,-0.6205938406871851,-0.07761814644650848,-0.80233130143193,-0.20074045056794154,-0.48565084212783416,1.86386978170561,-0.520844955830078,2.8428643546160735,-0.2829575743553055,-0.3263165758001905,-0.27794439860562986,-0.18971685267553362,-0.3853446536782129,-0.08602139992103093,-0.4299550942151075,-0.8808278167977603,1.0419849838366795,-0.40302903105201704,-0.7922514889592377,-1.003016610871411,-1.3598253944445922,-1.0203378025399368,-0.1093650055933926,0.49403545742805816,0.5110551880740648,0.5454194822147352,-1.0176240727293102,0.3998597027050347,-0.12217313941603543,-0.8113665253124961,0.845047227751231,0.3046737443737671,-0.3256980227798136,-0.3419641740440176,-0.06808511689667697,0.3919114112470352,-0.5802207999702627
42115,Susquehanna,Pennsylvania,-0.20279823350114734,-1.2415921722875567,-0.10930666101310746,1.1982914620423106,0.07031227328202053,0.7755494997776449,-0.6441417346840814,-0.3288133474454443,-0.46318803701378125,-0.33143709414596423,-0.5747478736028996,-0.5502107077253546,0.3097895467100986,-0.651066577196751,0.3173953995973624,-0.6722267733548246,-0.09949837870294201,0.39793630515905737,-0.36926422148553945,-0.2228660766606471,-0.3464223970852799,-0.502782218409822,0.42032868062830675,-0.8060397643466736,1.0352573223945063,-0.4838914180879156,1.2947131387404778,-0.46422904180734553,1.9858938431728828,-0.4100164886590087,-0.33435577049564325,-0.19869707607056034,0.024115433774399658,-0.3343504129497008,-0.08602139992103093,-0.20934688593987968,-0.32520907485820494,0.4065570001945909,-0.12032184304859192,-0.7683511826697806,-0.9182643771333749,-1.130316858976759,-0.9060648254491102,-0.19472515889576814,0.42009047489376067,0.09231973932354204,0.4735934733792659,-0.9204061302716013,0.17941180678685828,-0.442196889432472,-0.8113665253124961,0.36520561336800217,0.3046737443737671,-0.59786040540054,-0.18505373031444664,-0.06075098009891292,-0.3597682980969099,-0.8304993078331353
42117,Tioga,Pennsylvania,-0.20202796285345315,-0.6135906478640658,-0.2313349610939457,0.6804980598739337,-0.18618158887859412,0.7621560134240842,-0.6323185644116591,-0.3198469135088547,-0.41377451965960227,-0.5620581690006076,-0.6093818562890314,-0.18883114836687276,-0.301886575275545,-0.6902841983539365,1.0308213828205177,-0.1483628591684756,0.007030122036255411,0.034236896745460974,0.155749974043837,-0.25232651707704856,-0.3849233561603933,-0.5300473818975823,0.09993829216508353,-0.7664528946114284,0.9421659020974823,-0.4956981962626489,1.4336459885148405,-0.5134561697268434,2.303455139049811,-0.39258730692783156,-0.5376863195331313,-0.28205883780535995,-0.156419783928561,-0.38211168935008266,-0.08602139992103093,-0.32373846262449335,-0.3283532870002508,0.4590004725289015,0.10664813167403148,-0.7524176451434761,-0.9818285524369023,-1.3106449939872,-0.9403467185763587,-0.30009159812838826,-0.18625838188747637,0.383211179384746,0.09650692699305076,-0.9704039292498512,-0.04290958399747745,-0.5702383998166426,-0.8113665253124961,0.845047227751231,0.3046737443737671,-0.0535356401590872,-0.17917707485988016,-0.06342075379952782,0.3191403795179039,-0.15393998657801572
42119,Union,Pennsylvania,-0.189340463059494,0.07642049658862264,0.6146302678341503,-0.3765014072515238,2.069519237744251,0.2233108945835468,-0.16523574244963352,-0.2839224308827389,0.08564947513175412,0.009626582204237477,-0.26741947955266293,-0.4297508546058609,0.3833060012771084,-0.6706753877753437,0.10336760463041615,-0.09940385289784463,-0.10681561915582037,-0.40403908953394435,0.48073286768250834,-0.1682087901488721,-0.2283814624243117,-0.04567074646123267,0.5073081157220415,0.12020972761758066,-0.3711091966526893,-0.5105788264497227,1.3646880125831244,-0.5291031213871839,1.110687916794187,-0.4442955966781122,-0.5460793213747613,-0.33280517972783713,-0.18711624422685458,-0.39511387203050735,-0.08602139992103093,0.018532044488457366,-0.04955970889849988,0.04018209348139088,-0.5033485684359796,-0.4815475071962969,-0.4627211207914306,-0.6221193875837026,-0.5518185964675486,0.09736661568579864,0.39896333702681863,0.26277841757596726,-0.0035364424563533643,-0.5287567049419744,0.2512291099896638,0.5718918728101596,-0.8113665253124961,-0.1146360010152266,0.6023411937060877,-0.8700227880212664,-0.2194901826596769,-0.041312515706706694,-0.6076059170014262,-0.22014268865787237
42121,Venango,Pennsylvania,-0.17251458902526148,-1.1057963666463988,0.09596607804850829,0.9709559817869574,-0.2483847015464654,0.7429714464487311,-0.5939142920589883,-0.3386475295311101,-0.4455103205939878,-0.39538744947678484,-0.6228655723280555,-0.3437081023776508,-0.14435131548909544,-0.9648075464542345,0.6741083912089404,-0.4258941649030349,-0.7772024025903377,-0.9912341087634745,-0.04185706664661107,-0.23135921067104295,-0.32032809368564613,-0.3419949623858487,0.4343145229925503,-0.7254547022625155,-0.06964781992985382,-0.49792697505924954,2.603279176743388,-0.5515202823606135,0.4355219761807794,-0.42141099420485306,-0.5417714427850508,-0.3780620764991619,-0.22423211674606677,-0.3126935149508945,-0.08602139992103093,-0.14417165256068043,-0.7458157398927354,0.787341312158677,-0.23148351570801853,-0.5851155011172772,-0.6534136467020117,-0.9499887239663202,-0.6318096804311266,-0.1840551397329714,0.2848767925453317,1.5801275505919925,0.5633759844236027,-0.6898607238718915,0.6677694685659336,-0.6880365893700796,-0.8113665253124961,0.6051264205596165,0.3046737443737671,-0.0535356401590872,-0.10759042800090964,-0.05536655120234513,1.672116155002134,0.9101473468518745
42123,Warren,Pennsylvania,-0.20612826287920172,-1.0219350199851784,-0.08418801475417899,0.9834160541070002,0.004233952238951406,0.7731415700251061,-0.655503468283884,-0.3289042386715756,-0.43077015312148115,-0.4293259599691602,-0.6196350490267468,-0.17162259792123075,-0.2148474862083476,-1.0432427887686055,0.4600805962419936,-0.6487628317348391,-1.2309333018832225,-1.1339345662568876,-0.8883715745700358,-0.2513571264717552,-0.37058787499065515,-0.5273467636692203,0.04457516533406351,-0.78462800636,-0.16831372944711323,-0.5044199868186731,1.5813810836462132,-0.2983994185566936,2.8921142505251294,-0.37754156244790693,-0.22994732591062617,-0.2838791194826076,-0.2125970168498257,-0.2868253460466095,-0.08602139992103093,-0.33337955438726485,-0.8487241039674918,0.9690782475453629,-0.07070567042467987,-0.6966502638014096,-0.875888260264357,-1.179497259434151,-0.7917918483582836,-0.15738009182597887,-0.036255703032187545,0.8538253562990507,0.6890714998856744,-0.8648530202957677,0.37113278142391254,-0.8468080622464512,-0.8113665253124961,0.6051264205596165,0.3046737443737671,-0.3256980227798136,-0.18015027894789754,-0.06176730268115113,-0.2614948308411826,-0.8708668091013405
42125,Washington,Pennsylvania,0.2849529560617735,-0.6841432153930147,0.4576661838337822,0.40236208529338024,-0.38434375680994476,0.5614035883923559,-0.4089092371813847,-0.34037411817162616,-0.16332465860570083,-0.4955294990215253,-0.5716788096950899,-0.7911304139643425,0.6751752494740512,-1.160895652240162,0.4600805962419936,-0.4948115964167909,-0.5813811103645312,-0.5259619898646718,-0.2297546811646174,0.13069056334542747,0.22131839497508068,0.43081007798662163,1.2097562495923624,-0.6218227285838741,0.9039114128829132,-0.4562005623617159,1.2439343209618663,-0.6264389994797791,1.159163555469631,-0.40087017176823514,-0.6211384593044651,-0.39778906766674305,-0.10838963191110407,-0.3786440492348489,-0.08602139992103093,0.5716135903130483,-0.20325631943768066,-0.049174327179335245,-0.09891309379243904,-0.23457767553857511,-0.25084053644634,-0.5565455203071782,-0.2661361537404822,0.06802406298810691,-0.23062537140805486,0.5981373389204127,0.2350285154614565,-0.3065442650386398,0.2225021887085417,-0.6060900227242104,-1.240803088095796,-0.354556808206841,0.6023411937060877,-0.8700227880212664,0.5628536113269077,-0.020618985915842943,0.6454115969268285,0.46771953295234525
42127,Wayne,Pennsylvania,-0.17048494051251595,-1.5647111631591397,0.6440780205993695,1.1207759081379942,1.3889404359113866,0.5565348261528783,-0.43604132972368514,-0.32128897690227765,-0.33226148130395905,-0.3545017025012786,-0.35324574029901434,-0.3609166528232928,0.03727757226469348,-0.8275458724040856,0.6741083912089404,-1.1591808114099473,0.1165823227981394,0.8254576829706964,-0.22887547646955983,-0.2441128708488654,-0.359642428080675,-0.38884665386902617,0.6400343083203467,-0.8185759673430942,0.3304186599144458,-0.48958288785984366,1.8544803779232522,-0.5138177078512258,1.1326031861548478,-0.4175713367061123,-0.06132801118526989,-0.187437750652332,-0.12772240926214157,-0.2153993039779012,-0.08602139992103093,-0.11874617880471393,-0.6564813113298316,0.6895114983703425,-0.18099610007089958,-0.7683511826697806,-0.9182643771333749,-1.1958907262532834,-0.8946375277400281,-0.0773549481050017,0.6503762776434294,0.0552635049208407,0.1349851460120524,-0.928739096767976,0.20751422977926093,-0.5548734185705422,-0.8113665253124961,0.1252848061763878,0.6023411937060877,-0.59786040540054,-0.11638669571952824,-0.05657553656645863,0.1241271003339645,-0.4962563973323958
42129,Westmoreland,Pennsylvania,0.7009401088168963,-1.1120188991566102,0.2584659494250672,0.89576088640715,-0.49675408411401295,0.6255621966680277,-0.4735516035260583,-0.3623003573676933,-0.24288485946549623,-0.5444338181455576,-0.6097943353316989,-0.6878791112904907,0.25295329612047757,-1.239330894554533,0.4600805962419936,-0.6913205966193235,-0.6446975476080475,-0.5995286485765481,-0.10788381644057539,0.16851100337272296,0.5446724859753653,0.9345130076065556,1.1007333407315398,-0.49268749434506315,0.10910593870870305,-0.48381138766307746,1.3577130195490419,-0.6267671806813224,1.3572476480491782,-0.4266429092464711,-0.6060392812763109,-0.3896480073466658,-0.08885245603186645,-0.35291317763837854,-0.08602139992103093,0.8202508353558434,-0.4357438672250501,0.06951006147327819,0.031572302108628186,-0.28237828811748916,-0.33559277018437594,-0.7204801884984869,-0.38040913083130873,0.24407937917425682,0.22360809273119953,0.8000938164151334,0.1401155752145858,-0.40098455199755634,0.48416697168224043,-0.677793268539346,-1.240803088095796,0.1252848061763878,1.197676092370729,-0.8700227880212664,1.3687227425949893,-0.0004426108385107367,1.1485294361116545,0.6275748379744378
42131,Wyoming,Pennsylvania,-0.24243641960720527,-0.6876938921635494,0.12068355980569294,0.5734565288097387,0.06724370080638878,0.7489278747257284,-0.6174534061579273,-0.3335073386855869,-0.4345568569659286,-0.5692862240181643,-0.5578667983034614,-0.7911304139643425,0.3224198246189033,-1.1412868416615691,0.745450989531256,-0.6962873341434194,-0.3158464287790023,0.0679743189290355,-0.3788133816755328,-0.20760995571837088,-0.3525812946065319,-0.4479256588577333,0.11588223633416093,-0.7431402831899555,0.5524077086911022,-0.4866992778875218,1.406572456069787,-0.47203962914988595,2.085131156629368,-0.37556372711828157,-0.23074953606198803,-0.12900713031110958,-0.13117217120811986,-0.28138699472836115,-0.08602139992103093,-0.2720356640955199,-0.481758749627067,0.5858226763389471,-0.438273417218755,-0.6488496512224958,-0.7911360265263203,-0.9991691244237123,-0.8032191460673664,-0.2053951780585651,0.462344750627645,0.7537735234117571,0.32737624110706004,-0.7981892883247672,0.3742552728675126,-0.7443748539391147,-0.8113665253124961,0.36520561336800217,0.6023411937060877,-0.59786040540054,-0.25168077941717476,-0.057053989587140266,-1.0412691437608377,-1.5538849305593734
42133,York,Pennsylvania,0.9942843590161469,-0.10465774279302373,0.8192654579843383,-0.3115894561790255,-0.27761396512874326,0.2842932518476258,-0.1398537668473829,-0.3017772241772181,0.003957574774660442,-0.24467756698953624,-0.12189253707768355,-0.9115902670838365,0.9183767420332628,-1.1216780310829764,-0.039317592014215016,-0.4042227093103999,0.3453298168685531,0.28981734224235783,0.8616913037746227,0.2942158350158624,0.34453183975774976,0.8952998715415829,2.0802059537387376,0.29046333471033575,0.32893237835930794,-0.5073668792165786,0.4132094928136466,-0.6126181708958643,0.23670097197745307,-0.39794886271323104,-0.5664843515968183,-0.3719817983300302,-0.1374318081374233,-0.3696161785751573,-0.08602139992103093,1.039843724270046,0.4348344880763181,-0.8716899031608464,-0.06182941682004187,-0.20271060048596592,-0.07074203975301276,-0.08113498255238405,-0.14043587894057283,0.004003948011325074,0.5172753090816943,0.07564443384232655,0.08368085398671674,-0.1371072796123466,0.20064474860334003,0.208253983319115,-0.8113665253124961,-0.354556808206841,0.9000086430384084,-1.1421851706419928,1.3667389034924924,0.03226931355420343,0.2652517503756914,0.635648338228079
44001,Bristol,Rhode Island,-0.17892570099409263,-0.4590808633997359,0.3864816109668805,0.23046766851643935,-0.7782318122740625,0.5856050376654924,-0.5636940805229256,-0.3120099576401832,0.4591643283966184,0.030150838057698786,-0.46870752544447764,-1.3245954777792441,2.21057772917048,-1.6511159167049798,-0.6814009769150549,0.10861852155059265,0.9668032663091218,1.178622573615651,0.6725745922889043,1.3357867545646998,3.512173892974379,1.9700553535199317,0.8400567798272172,-0.8188182223392882,-0.695675398373989,-0.4268850716426199,-0.6247597329556426,-0.6217953834693086,-0.3339471312048345,-0.43796506119670175,-0.17980083025610388,0.7100826503505082,-0.07797004236563784,3.441461021114099,-0.08602139992103093,2.241859831680901,-1.1210117930588712,0.12198655130293891,-0.7066758374583297,-0.23457767553857511,-0.6428196174847571,-0.3434304516584772,-0.28899074915864703,0.34277705643012873,0.2996657890521912,-0.0040264701234808435,0.24015894466398993,-0.37876330800722335,0.3061849593970275,-0.442196889432472,-1.240803088095796,-1.3142400369732985,1.197676092370729,-1.4143475532627192,-0.16412984242207304,0.15604689229924976,-0.08596401142089653,-0.26858369017971817
44003,Kent,Rhode Island,0.16026576106449225,-0.8845602645991326,1.4555555964803117,0.0900359523917966,-0.7390794972831257,0.4753898342011144,-0.482740013129235,-0.26389387619434257,0.5690804600354746,0.00368474825830944,-0.2955941478774332,-1.1008843219858984,1.270445738741193,-1.5922894849692015,-0.5387157802704237,0.18115577592863946,1.0478374813297153,1.3847152576271242,0.5403152861004845,1.6529685802842005,2.9500839917299087,1.2726285889920956,0.8393384036934116,-0.8177815342008614,-0.7269988716001723,-0.3523064066785514,0.1223971555579688,-0.11470677628342607,1.7140530131522818,-0.42091508420701107,0.36502233945923945,-0.2434109475061308,0.19612055707816797,0.3857114032237973,-0.08602139992103093,1.899601580786082,-1.1341644386439855,0.28253796488844996,-0.5998778263864182,-0.3222121319332505,-0.685195734353775,-0.5401520534880482,-0.437545619376722,0.40012840943016237,0.44966846790747966,0.13308159716651308,0.5787672720312035,-0.4898695279588899,0.5060244117874421,-0.4626835310939393,-0.8113665253124961,-0.8343984225900698,0.9000086430384084,-1.1421851706419928,0.3561787508658328,0.11182173066467367,0.7922642290987221,0.7163833407644895
44005,Newport,Rhode Island,-0.080509714018929,-0.8678202904543812,0.18782610217032863,0.7059653240018057,-0.30512562612107846,0.39855442692561166,-0.3195213469954792,-0.2448562887619134,0.31274419425466354,0.3929255908438527,-0.27444412028815846,-1.0320501202033303,1.7256848859759353,-1.494245432076238,-0.6100583785927393,1.033178838189544,1.2101361804448525,1.599890410434336,0.22387946579458065,0.3316425363730306,0.8236026572945262,0.10670301469239844,-0.4653165639228158,-0.7973881694952847,-0.617651317631336,-0.42259704141851845,-0.5397750424178763,-0.6227508755089854,-0.24400892014196132,-0.43485277402922695,-0.1449324515540995,-0.05366718385125717,0.14653880826374505,5.348576645115025,-0.08602139992103093,0.22697375418107948,-1.0646065081378662,0.9370406979207666,-0.5064314283288656,-0.2106773692491178,-0.685195734353775,-0.4581847193923938,-0.25470885603139937,0.30143073217429045,0.1898046721440922,0.2646312292961023,0.2786371636829916,-0.392651585501181,0.35427132762847113,-0.4165885873556378,-1.240803088095796,-1.7940816513565272,1.7930109910353704,-1.1421851706419928,-0.008230033706981646,-0.016133599567122542,0.4054075166253279,0.23358802559675496
44007,Providence,Rhode Island,1.550381692436831,0.42794722596101376,0.892249154175644,-0.8386152632669482,-0.5929387263697206,-0.35855299362278575,0.28009855729548316,-0.09265622081728528,1.1777992504675696,0.8817178274116014,1.0139609072589237,-0.08557984569302073,0.4422701791231041,-1.1805044628187567,-0.1106601903365306,2.1527222714312066,1.8067985577167482,1.6800675437783361,0.7147608121471268,2.985695170436026,2.7325919717188363,0.933328423186119,0.4613942597454647,-0.8158724982087513,-0.6646391539420546,-0.3472504698065231,0.7588891838216868,-0.43246376802199954,1.170766246086919,-0.4169230071235325,0.30945917517331145,-0.29246121333393577,0.16436243774661657,0.005768872139924509,-0.08602139992103093,1.8946889715368238,-1.1040679296706255,0.2553984438717364,-0.41541259627392385,-0.39391305080162153,-0.7275718512227938,-0.5729389871263104,-0.5518185964675486,0.3121007513370874,0.5067117401482232,0.1497569026477289,0.45820218577166516,-0.5593109154286827,0.45793804355599843,0.41824206034915484,0.04750660025410388,-0.8343984225900698,0.007006295041446424,-0.59786040540054,1.865112973873545,0.2357992431655508,-0.40991782382924663,0.06404452027029282
44009,Washington,Rhode Island,0.046877821423880965,-0.22180776841791594,-0.6610024935088099,0.5335380690641723,-0.7380229802454592,0.5669065328404596,-0.5551196735214946,-0.18581398874050914,0.24372052098776928,-0.30526600130778186,-0.4571947666586798,-1.1180928724315404,2.1092609346411555,-1.631507106126387,-0.6100583785927393,-0.29069697805082423,0.3948461208869785,0.7283267943858569,0.1864493888773249,0.17623102401399862,0.6834553441855455,0.34863614639372525,-0.13766128975259523,-0.8010562691372527,-0.6701727212436452,-0.37212897140658174,0.03568769755127357,-0.4352807090130569,0.4880596938957839,-0.41160380851015277,0.4161374315776242,-0.10348310467613143,0.36947240876837434,3.101167583598225,-0.08602139992103093,0.32470393280678467,-1.0919833485104515,0.9214637047701788,-0.3209162386876348,-0.22661090677542267,-0.6534136467020117,-0.5073651198497859,-0.3346999399949775,0.41079842859295934,0.5236134504417768,0.3090987105793437,0.8558104489680145,-0.4176504849903071,0.6596509908125732,-0.6060900227242104,-1.6702396508790962,-1.0743192297816841,0.9000086430384084,-1.6865099358834457,0.19668557321036956,-0.024205434009856707,-0.3593176816232924,-0.7206997043836171
45001,Abbeville,South Carolina,-0.24907597686318528,-0.3820563614043125,-0.46099074257356676,0.5815626243702814,-0.7448999544461412,-0.9517486212715284,1.2117522654086634,-0.3118893137456461,-0.5038841726569293,-0.560731937466141,-0.584372231622074,0.052088557872114846,-0.6330881563080588,0.36859157289006833,-0.46737318194810806,-0.42528574404329106,0.3933131720590809,0.7318620920015426,0.2735014972263787,-0.24780306131688648,-0.3621567829071383,-0.2841379587738076,0.19832998671683633,-0.820129823709871,0.590882403776506,-0.1856950400040524,0.2593167367184913,1.3296378198016812,0.8582036418763097,-0.22035525885992274,-0.4268105059203041,-0.35432029355439165,-0.15110965319223946,-0.07672582914134983,-0.08602139992103093,-0.20455429552829776,-0.5401553962161763,0.6134631935115769,-0.3593328430050237,0.9206037951185116,1.0416310280587127,0.7713252920424222,0.9680119988404441,0.8082566424071462,-0.9806387656844978,-0.204130135898067,-0.7346226038173823,0.9600666424103678,-0.1590662656994058,0.3619037957801198,0.9063797258207039,0.6051264205596165,0.6023411937060877,-0.0535356401590872,-0.258605500812683,-0.0608513646048009,0.46998169649928384,0.05274161991519531
45003,Aiken,South Carolina,0.1795371711855105,-0.20825372162709935,0.23942978755452507,0.07261987506466008,-0.8041210549882498,-0.877627147945658,1.0713751757967849,-0.23080764565682027,-0.09767010912420934,-0.23538083274385357,-0.27798879974936624,-0.3437081023776508,0.07564890569415984,0.29015633057569956,-0.8240861735596857,-0.11855279768676046,-0.05621962379888298,-0.4576266276711397,0.7012290009205863,-0.11984387079591005,-0.08166771155417286,0.3016357248993704,0.5469654662133725,-0.5783869689710597,-0.18371886775774626,0.09297682613356381,-0.506875859141604,1.518371953573111,-0.49040676726186466,0.067575788889442,1.032723237608463,-0.2105063929047192,0.09500659457039175,-0.3615950836288083,-0.08602139992103093,0.20303384371209746,-0.6526245209388467,0.5468388340233913,0.06466464356753039,1.1755403955393862,1.327669816924585,1.0828011616059097,1.1737033576039333,0.1093703872439452,-0.746127535361441,0.6166654561217632,-0.570448869336309,1.22672157029437,-0.10036342655972169,0.8228532331631341,0.47694316303740386,-0.5944776153984553,0.6023411937060877,-0.8700227880212664,0.34435057810377545,-0.03780751431706112,-0.00010907884254429788,-0.03445218282412788
45005,Allendale,South Carolina,-0.29546501408306497,-0.34461891819119644,0.1538986167609406,0.24084651708173208,0.8858771644432244,-3.8792597449773623,4.242871818660843,-0.30927589082138857,-0.3576364048593098,-0.4693790669291941,-0.4358412583271445,2.7022053265009816,-1.6182498331948232,-0.2000639338891186,0.8881361861758866,0.4201308613211849,0.8445372180196292,1.2568560221830696,0.12341731425556632,-0.26426984680587323,-0.3874853962484049,-0.37420823858268315,-0.35878392637256357,-0.1212821975548574,-0.6889931729007307,-0.06755638147051059,-0.737898863831644,1.211002633865554,-0.6655633714705309,0.09045513510108885,2.4521601000041677,-0.001101035219469219,-0.2590634799350738,-0.37577188011073454,-0.08602139992103093,-0.3983397697345843,-0.43117646706378104,0.591175156399232,-0.432703419151415,1.2392745456446046,1.3064817584900759,1.0500142279676477,1.2079852507311808,-0.018669842709618464,-0.9489480588840848,0.45732364819014804,0.21450679865132233,1.2461651587859097,-0.08287747447556036,1.7959687120828312,3.0535625397372037,1.0849680349428452,-0.588328603623195,-0.0535356401590872,-0.3375473247214772,-0.06648484387487551,-0.923315156129956,-1.3310563235588806
45007,Anderson,South Carolina,0.2723386759111313,0.1018961834812755,0.4142413086161178,-0.30017443797096005,-0.8864564899577674,-0.26818738992932895,0.4582209877557888,-0.31393372166614847,-0.22439068053968028,-0.4307902879465707,-0.41552801032485875,-0.2748739005950828,-0.08415156697810795,0.2509387094185141,-0.8954287718820013,-0.014715029634220209,-0.4821424468387199,-1.0434139226589638,0.39995402086248844,0.0774402332031295,0.1543639610164618,0.8225189884420789,2.0263177199583824,-0.7999580022395307,1.3818027893504146,-0.3169148213622273,0.3214832887060708,0.026232753963892085,0.4783501193495212,-0.36547673742673403,-0.4741341023522196,-0.3519491404028129,-0.08434045481591207,0.022516839188355786,-0.08602139992103093,0.8974730126132872,-0.16241426535755757,-0.22956604989823165,-0.17594735850718754,0.8568696450132933,0.9674728235379306,0.6893579579467677,0.9337301057131965,1.0990146645933634,-0.7630292456549947,-0.4876103290787309,-0.41397077865903625,0.896180565938158,0.023911732895567386,0.10582077501177845,0.04750660025410388,0.1252848061763878,0.6023411937060877,-0.59786040540054,0.4620334109009537,-0.014942414775724768,-0.2229661336937961,-0.25243668967243643
45009,Bamberg,South Carolina,-0.2797140044127251,0.04574133857090007,-1.2163352108117091,0.5636157191069421,-0.9794914596175384,-3.055651765309245,3.3946084044218208,-0.3010124990335427,-0.44163262366172895,-0.4394903361355303,-0.5386774421620857,1.669692299762462,-1.3974258982349066,0.17250346710414313,1.0308213828205177,0.11609534807239262,0.502278552180547,-0.3822996078908964,1.6810664418827854,-0.2689368939766689,-0.38524381226053533,-0.2858256485389327,-0.021194659543558418,-0.10834026059509999,-0.6800353705450884,-0.16713322152109905,-0.7181840450969502,1.1886994289085397,-0.6859936496850526,-0.09720454906387234,2.7358323115690957,0.16396220233968634,-0.25890609905598116,-0.40619941870662063,-0.08602139992103093,-0.2762970441130296,-0.41438023730196333,0.5221556543445433,-0.4454444174043811,1.1994407018288429,1.2746996708383125,1.0172272943293854,1.139421464476684,-0.08535746247709948,-0.796832666242102,0.23869186521421137,-0.2190144689627619,1.2017226708052438,-0.24836952098637222,2.8510307576483975,1.7652528513873038,0.6051264205596165,0.3046737443737671,-0.0535356401590872,-0.31241245760210534,-0.063449582918818,-0.05278899797206067,-0.3541627928683135
45011,Barnwell,South Carolina,-0.25979826143051776,0.30796228482268756,-0.3968813536854877,-0.08606579400868433,-0.9836915542357412,-2.055553142209466,2.3187015286921424,-0.25427762018977634,-0.25689999078106124,-0.3773483306563756,-0.5099938655846935,1.790152152881956,-1.3074351681346734,-0.02358463868178615,0.17471020295273174,0.2528495206954082,0.5581282355444196,0.445940216220249,0.5951468544704074,-0.20890677658331233,-0.3340729330018172,-0.2753174922903457,-0.14758709595915703,-0.31698538688465133,-0.6556150725789431,-0.07196701143062748,-0.6731160690896519,1.8362835369114894,-0.6583257816829365,0.09416250720003864,1.6778439254841302,-0.04663748900636625,-0.20749083997570414,-0.3258168597125879,-0.08602139992103093,-0.2791256865678901,-0.6087677248449459,0.7123644558854885,-0.324929913765571,1.2153742393551479,1.3170757877073298,1.0664076947867775,1.1965579530220973,-0.01733609031426887,-0.6996478320541684,0.27760091133704773,-0.2857100485956978,1.2406098477883267,-0.1909156784241284,2.3491080369424484,1.7652528513873038,0.845047227751231,0.007006295041446424,1.0351138903238184,-0.286828419365187,-0.0630576595206149,0.9345057181252007,1.05869975151887
45013,Beaufort,South Carolina,0.2417738680049084,-0.7444601948808088,-1.7926185900581466,1.5786123467906443,-0.4912958331199285,-0.41573838596597373,0.5640736491887959,-0.28943928672815983,0.024122199591003694,0.20115082843523205,0.09515046633181677,-0.7395047626274167,1.247107181735793,0.5058532469402192,-0.9667713702043169,-0.21405364091027587,1.2896011362157596,1.5357999378628158,1.1897124614308678,-0.1765338136077663,-0.08780034159128539,-0.037329929186180104,0.5955702110705947,-0.81045377019534,-0.7319107576297241,-0.46421758184373174,-0.8147151811258061,0.15064520968939085,-0.4998262314340866,-0.3975882113634024,0.5016160198454764,6.1147824433273845,0.017844474247024074,3.0054353390099466,-0.08602139992103093,0.08590337468478018,-1.1291718894334009,1.0607172324117629,-0.05268508844210935,1.494211146065479,1.5077683136179125,1.2795227634354809,1.4936676934582471,-0.09736123403524605,-1.3883925265164798,1.7283524882027972,0.29402845129059185,1.4961541536771628,0.1981467554484599,0.208253983319115,-0.38192996252919614,-1.0743192297816841,2.0906784403676912,-1.4143475532627192,0.5815129281683178,-0.02734211616006571,-0.2770796970350978,-0.8757109092535253
45015,Berkeley,South Carolina,0.34658046544877447,0.6899967648776149,1.0702708661643043,-1.1686943720374527,-0.2085660927804742,-0.9470084839622491,1.0444696568664933,-0.2105377832501865,0.611323805034578,0.24382540328663804,-0.20077954649592952,-0.6534620103992067,0.8901645451826176,0.07445941421117944,-1.0381139685266323,-0.03921683007315149,0.21563937142491052,0.25514442901876777,0.26740699501483794,-0.09578458988657795,-0.05620556974060125,0.004789903634560295,0.1671919852232557,-0.7316797946206062,-0.6920623188566923,-0.3229885702307954,-0.7928864800793071,1.4917937853679881,-0.6889897126750593,-0.30104788764976365,3.1575313626328554,0.7241920211954724,-0.03374682591577669,0.4681371689381833,-0.08602139992103093,0.010178386762428202,-1.0335782161471283,1.0004720288350086,0.17540931102405452,1.342842539565585,1.338263846141839,1.131981562063302,1.2308398461493464,-0.06134991936080611,-1.2447279890212737,1.078015574435392,0.5095064777970003,1.3100512352581204,0.09073304978861223,0.33629549370328565,0.04750660025410388,-0.354556808206841,0.9000086430384084,-1.1421851706419928,0.31090604530979365,-0.03210345290513255,-0.7724507246911051,0.022062318951359114
45017,Calhoun,South Carolina,-0.2782876857609111,-1.0682209979191204,0.06715286926483684,0.9506880070579113,-0.9271875016319966,-1.7814610443459113,2.0512398945304158,-0.26654333406288594,-0.5148060938477156,-0.2874422050598444,-0.4212137603020603,0.6371792730239426,-0.592520252807496,0.2509387094185141,-0.32468798530347687,-1.077958884085856,0.43601392877114903,0.7604528445732459,0.9707288760535531,-0.23114727109554392,-0.325445499084798,-0.2818768403854537,0.09367796289664689,0.08215700522000098,-0.713387925156732,-0.13260599511515553,-0.6780874704868017,0.963195992448666,-0.4740445008793789,-0.10076842926965975,2.0110985588768497,0.03312686708056748,-0.2225383407030371,-0.21467989389405043,-0.08602139992103093,-0.21775551278849722,-0.24190330524645362,0.3291956681020828,-0.4477379460203448,1.1755403955393862,1.2852937000555664,1.0172272943293854,1.1737033576039333,-0.005332318756122069,-0.940497203737308,0.02191289395840973,-0.21388403976022802,1.2045003263040361,-0.325182810498938,1.063571272685375,0.9063797258207039,-0.1146360010152266,0.6023411937060877,-0.3256980227798136,-0.3059369073241435,-0.06313156598693419,-0.28873557389962584,-0.8078935071229403
45019,Charleston,South Carolina,0.8840097186093718,-0.06960831717347156,1.2623628607112212,-0.5645501131597115,-0.7740941127797951,-0.9722830076731253,1.118847247387329,-0.29067780792010156,0.1561778756047621,-0.15129406938961681,-0.3219173226434112,-0.4813765059427885,1.0473565908954583,0.2509387094185141,-1.1807991651712635,1.2411218922200462,1.371292241427192,1.158651847886856,0.8281296896961865,0.12471854705687686,0.18216928859349107,0.3163872650729368,-0.00518619532164781,-0.8049802141392496,-0.6734039171713508,-0.47139173833135845,-0.8209768659084771,0.4370564920224912,-0.6763406921254386,-0.4166660484249639,1.3857710663085607,4.694743957797606,0.16204884659108887,2.3302384404613212,-0.08602139992103093,0.18834254552269114,-1.097309031615182,0.9855131381705458,0.2613421689078824,1.4225102271971082,1.3700459337936024,1.115588095244172,1.3336855255310893,-0.12670378673293753,-1.4390976573971406,1.037253716592421,0.658288924670473,1.3683820007327447,0.02516072947300723,1.6730488621140274,-0.38192996252919614,-1.0743192297816841,3.2813482376969736,-1.1421851706419928,1.0128856401820203,-0.00688348971925568,-0.7798132523893772,-0.37515389352778006
45021,Cherokee,South Carolina,-0.153090882046144,0.3862339531969726,0.4214568959745646,-0.5657228078350546,-0.6493548072488842,-0.5343426104305151,0.747841436117465,-0.27860045218851887,-0.41737961683269953,-0.0756136533467733,-0.3692190762293017,0.2585911632198189,-0.6052191735310224,0.36859157289006833,-0.6814009769150549,0.32939949038294275,-0.32248650939110746,-0.581125043836436,-0.1260233547186561,-0.08543530976459943,-0.18625986067582367,0.268251746837557,1.1687658781833619,-0.791198485659607,0.7992499848952569,-0.37114523223813073,0.5029860022355451,0.553199396709087,1.2772835314869597,-0.2419869817782833,-0.4748872337430359,-0.38128744631449807,-0.2097937772763934,-0.3307604003169465,-0.08602139992103093,0.3367238589945009,-0.417385704000991,0.26041635927734536,-0.44418595527419347,0.7055010385133993,0.7873743268446042,0.5418167565745913,0.7623206400769567,0.3667845995464219,-0.7186622561344163,-0.5635756096042682,-0.4473185684755042,0.7295212360106579,-0.3395462711394988,0.10069911459641162,0.47694316303740386,0.845047227751231,0.6023411937060877,-0.0535356401590872,-0.1419707339564466,-0.040709903110030816,-0.03389044567581779,0.03175051925572874
45023,Chester,South Carolina,-0.22647453736411263,-0.04979438716578719,0.20871808488408033,-0.0580706727792416,-0.8586095417443809,-1.5648399474979036,1.8561881475108457,-0.26203456797742053,-0.4046653392697754,-0.26644520725353504,-0.540582100338557,0.5511365207957325,-0.708526609687278,0.11367703536836492,0.10336760463041615,-0.5542202445383742,-0.5013994060934509,-0.8922002323200687,0.6977102122243886,-0.21795929500839958,-0.3421343409552949,-0.25393290663677964,-0.036992993690372136,-0.7903044602803629,0.13649910771937024,-0.32148463626588913,-0.23203507120285652,2.117930983502134,1.7821466883245194,-0.0930794407279308,-0.4000159833546219,-0.390832803350842,-0.197404850574956,-0.32688568368874965,-0.08602139992103093,-0.2459707962731569,-0.7163901132826729,0.8026831384182681,-0.303446699294614,0.8489028762501408,0.914502677451658,0.6565710243085056,0.8423117240405356,0.472151038779042,-0.48626373959805363,-0.3338269563075212,-0.3934490618489021,0.851738077957492,-0.13096384270700404,0.8330965539938677,1.335816288604004,0.6051264205596165,0.6023411937060877,-0.3256980227798136,-0.23116863171588542,-0.05938253890556733,-0.8137112276343704,-1.2180273200079057
45025,Chesterfield,South Carolina,-0.18721123583183744,-0.08218654522631766,0.4167851609412966,-0.13184946835687184,-0.6482041345574971,-1.328922260575396,1.5865252851321123,-0.23306751503755252,-0.37899425187482927,-0.17965933867461611,-0.3719256435945613,0.9297246305998548,-0.9116406984489792,0.6038972998331827,-0.8240861735596857,0.0637673617177719,-0.45161929013890934,-0.3984927125765363,-0.48656418858211464,-0.23581212006974367,-0.31100836563932266,-0.015460983187628887,0.06087191478641054,-0.5199035258821133,-0.24168320623951614,0.28805719481642983,-0.6323828262177398,1.462703303111007,0.20644045118347484,-0.10499395773843676,1.1480396010688891,-0.1716705534637578,0.15730800427350658,-0.33974743415215825,-0.08602139992103093,-0.13168085780435357,-0.6212682159549674,0.660860916153057,-0.13984662237020334,0.9763711764605781,1.0522250572759673,0.9516534270528632,0.9680119988404441,0.2627519127091516,-0.5433070118387971,-0.07258050376847813,-0.04714509067788841,1.0128420968874092,-0.07351000014475978,0.2748355687188837,1.335816288604004,0.845047227751231,0.3046737443737671,-0.3256980227798136,-0.19278321662889233,-0.05903957833930852,-0.32823961637814963,-0.2944188909913696
45027,Clarendon,South Carolina,-0.22207842997936364,-0.5865863050001883,-0.8589421185326171,0.9681788848410318,-0.48668734327609753,-2.240506494012496,2.5155697985165366,-0.3160238808338317,-0.3384451638237152,-0.3513509609505163,-0.4711172307713541,1.82456925377324,-1.086062090656983,0.5450708680974046,-0.1106601903365306,-0.6627446385264986,0.2926924308258992,0.9679513648912104,-0.2786162285294067,-0.264061059509826,-0.36471344840977876,-0.3193696390891468,0.02573195107031795,0.12201150459966968,-0.7127393820017465,-0.3132881346811984,-0.7819869387978953,0.47080495852583715,-0.6543402132044941,-0.29789291142585883,2.6743003513973003,0.15909689694126863,-0.24328121859498059,0.5803257131079315,-0.08602139992103093,-0.2678671326816204,-0.20236809504429332,0.3123935427128645,-0.22195196821310517,1.2074074705919953,1.2429175831865493,1.0008338275102553,1.1051395713494363,0.11603914922069317,-0.6045757116529292,0.39618086142569114,0.44281089816406444,1.1850567378124948,0.11696197791485377,1.8523069766518663,1.7652528513873038,0.6051264205596165,0.007006295041446424,0.2186267424616392,-0.21050676030874726,-0.060741516417851374,0.8096279018072926,0.335314128792632
45029,Colleton,South Carolina,-0.21056244447847552,-0.07529143770526107,-0.2805464174338323,0.2090815936465808,-0.9305761853853225,-1.6053565494344768,1.860796903720193,-0.20193463318807503,-0.43343993506317025,-0.21054938319546718,-0.4675750523878764,1.1190186855019182,-1.0237344148896206,0.7019413527261464,-0.6100583785927393,-0.4137802331582844,0.08662051155067982,0.9608260817789201,-0.9531353304054627,-0.26941564853308764,-0.4094433299203786,-0.4405246640493164,-0.24368574641659757,-0.6043178289386401,-0.687172731790491,-0.27450555586232706,-0.7787207936475262,1.2629446136617033,-0.6481356576694818,-0.24066593056722832,3.0768518416094057,2.448171683599025,-0.19845872240813173,0.2418621465362517,-0.08602139992103093,-0.3974816385543945,-0.9059619199176898,1.052401026759209,0.10388547220480267,1.3109754645129752,1.3488578753590945,1.0664076947867775,1.2536944415675104,-0.003998566360772477,-1.2341644200878026,1.144716796360254,0.4094631083475967,1.2961629577641605,0.11883547278101399,1.9137669016362682,1.335816288604004,1.0849680349428452,0.3046737443737671,-0.3256980227798136,-0.19171643522471946,-0.0639342538681403,0.3752771116104031,-0.12326068561417954
45031,Darlington,South Carolina,-0.1258004565890546,0.08877256237251799,-0.16148439981928062,-0.0013623710759198364,-1.3508871305903443,-1.8669463816024792,2.1589430977564894,-0.30958259335749033,-0.45049734588088275,-0.3329253865248263,-0.5462867280275403,0.8780989792629307,-0.804146050594696,0.19211227768273587,-0.46737318194810806,0.2515827495752195,0.14413481933091427,0.0896902812768423,0.12085097321301747,-0.1336994826187967,-0.17864853338942432,0.13972860506999676,0.4940043595975591,0.5030050178436425,-0.7802379485792463,-0.33107415511851657,-0.7922165711031337,0.2830176093041779,-0.6079479496885096,-0.28263964054920854,2.5879898996487998,0.25732365513999683,-0.2256206805018636,-0.34439697723618,-0.08602139992103093,0.10087661625920104,0.14222573895590063,-0.1818265908392344,-0.3179450766169548,1.0799391703815582,1.1793534078830212,1.0991946284250398,1.0594303805131067,0.07869408215090387,-0.5982375702928464,0.6277823264425733,0.0015939867461805194,1.1295036278366595,0.0719981011270106,1.534764030899123,0.9063797258207039,0.6051264205596165,0.3046737443737671,-0.3256980227798136,-0.08829478540964203,-0.046298330036328085,0.42671130539086205,0.40151683087248863
45033,Dillon,South Carolina,-0.2316438441822885,0.6303020460888253,-0.1807021283862556,-0.4906922297454633,-1.2256691551419512,-2.3983964941096625,2.565623892718316,0.10662483484917516,-0.4089289797083798,-0.3649332133681992,-0.4984597346470488,2.1171146113491544,-1.3892574032830167,0.9568558902478499,0.03202500630810057,1.508557618629936,0.8254314519499985,0.6857126152313178,0.15997993297699417,-0.20105026020458938,-0.28306543461488654,-0.1452230048494117,0.22457204990401589,0.4200167251459499,-0.7958003580490798,-0.39714549768395546,-0.8214328684422378,0.3317701328192366,-0.7009466803885763,-0.31939420707554383,3.3657861009970116,0.38318567765251704,-0.2590089815264519,-0.3866498990605223,-0.08602139992103093,-0.11604282731995787,0.0534716005797651,-0.0018867065032065504,-0.4372383507329793,1.1038394766710153,1.2005414663175304,1.0828011616059097,1.048003082804023,-0.09736123403524605,-0.5580960083456566,0.3720943090639356,0.06828956637911644,1.1378365943330349,-0.06851401383499953,2.000835128697504,2.194689414170604,1.3248888421344598,-0.588328603623195,1.0351138903238184,-0.2536084721299784,-0.055204954450535464,-0.5130968404019902,-0.5430826988035143
45035,Dorchester,South Carolina,0.15592237182293142,0.41748428933900555,1.441098863575154,-1.1023127710997365,-0.6465165040065555,-0.9748368521703482,1.1203318700716471,-0.21540187065684097,0.36943887030004774,0.35389161471255315,-0.2875220571416567,-0.8943817166381945,0.8463017865754101,-0.02358463868178615,-1.1094565668489478,-0.0069256678613311765,0.8459717337979498,0.9946751711115388,0.7209391344263603,-0.15286235249984817,-0.06143792446116392,0.2642203836922028,0.5745785684882024,-0.46874429830158243,-0.6483193371952538,-0.3180280308081671,-0.7801345275943925,1.3671491509476876,-0.6431606523168439,-0.27110251611565356,3.387333711593065,0.17494998960711303,-0.05804918702269854,-0.33942428815490844,-0.08602139992103093,0.19681842013091133,-0.7548922016569952,0.6489490161722528,-0.3112134211986723,1.3348757708024326,1.3594519045763485,1.0991946284250398,1.2536944415675104,-0.03867612863986258,-1.3081094026220998,1.0168727876709354,0.4710282587779992,1.312828890756911,0.05263865417668951,0.7767582894248327,0.04750660025410388,-0.5944776153984553,1.197676092370729,-1.1421851706419928,0.13292198998200025,-0.011733861715008339,-0.961593104050788,-0.4284389952018113
45037,Edgefield,South Carolina,-0.24107160545577755,-0.771091645409286,1.3983243082392975,0.014001699242001269,1.60986784796118,-1.458430731283242,1.7110753955742788,-0.26360407844364075,-0.4144955610500054,-0.323692859679838,-0.2566990341111139,0.20696551188289292,-0.21491612902306936,0.36859157289006833,-0.8240861735596857,-0.3028717986273364,0.19052182193912173,-0.030200395040924487,0.8645058479064922,-0.23794696952130853,-0.35060770971194305,-0.30446823831754943,0.1601590382728308,-0.686249053618039,-0.22718370196444415,-0.20798138348373674,-0.06801169669755609,2.7051499653123976,0.011051423273487375,-0.09350206192177658,-0.35279352243526335,-0.37459659363466546,-0.15310499277548437,-0.3091295949530763,-0.08602139992103093,-0.21640553677377847,-0.7784954505575578,0.8502989528071209,-0.3626018659349198,1.0879059391447106,1.2111354955347844,0.9680468938719932,1.0708576782221886,0.246746883964956,-0.9869769070445805,0.750067899971487,-0.7577095352287833,1.1211706613402856,-0.10785740602436208,2.0213217703589716,0.9063797258207039,0.1252848061763878,0.9000086430384084,-0.8700227880212664,-0.2716876096112243,-0.05963614608546983,-1.3268208296534243,-1.518361529443353
45039,Fairfield,South Carolina,-0.25546072976042233,-0.8691204071485243,-0.06278388565253896,0.8319712781140498,-0.9998669236586263,-2.853721671391132,3.20675523948073,-0.3012794285465818,-0.34028062390587605,-0.443837644544402,-0.5323730859947048,0.7920562270347207,-0.9078653436392822,0.0548506036325867,0.3173953995973624,-0.449115450708818,0.27828549683559634,0.1308663150016728,0.9917204749946961,-0.2265285865063564,-0.37976319860119434,-0.42596514279416353,-0.21312820849158864,-0.8187936011608139,-0.4886971791152088,-0.22625473373198868,-0.4475748703941265,2.9622279874913535,1.2117329593808976,0.03136404960395504,-0.3773487580124654,-0.3770812819385127,-0.17072025428368737,-0.11634736288615066,-0.08602139992103093,-0.3662258541605911,-1.0273330549875643,1.1569064349453306,-0.2113481216250141,0.9206037951185116,1.0204429696242032,0.7549318252232922,0.9337301057131965,0.26008440791845217,-0.9341590623772253,0.07193881040205619,-0.4550142122793046,0.9434007094176171,-0.24087554152173182,1.719143805852329,1.7652528513873038,0.36520561336800217,0.007006295041446424,-0.59786040540054,-0.2726420982360106,-0.06430410071711556,-0.2980693898737284,-0.6997086037241504
45041,Florence,South Carolina,0.08412026080060866,0.37999909956399036,0.29110615377262644,-0.4950617956475147,-1.515140527491207,-2.0393120404336984,2.26021598053426,-0.29822498230490374,-0.03478481525825154,-0.1309392973973578,-0.5000830622494005,0.43067666767623897,-0.40855750935316704,0.13328584594695764,-0.7527435752373701,0.7274891073618535,0.2411831976008054,0.02570660448728799,0.10331414469333469,-0.03138593315475727,-0.01596705398732126,0.15623192406910105,0.6297366873996004,0.1724594294563324,-0.7994562048865193,-0.40467852116967984,-0.8115252162886005,0.5013924428790192,-0.6953706161810154,-0.3110849996270298,3.3216953897506962,0.4042284419677402,-0.25523180468493334,-0.3560351351456663,-0.08602139992103093,0.21387049749303008,-0.19193382757432162,0.09426716076783415,-0.14139549883812688,1.1675736267762338,1.2429175831865493,1.115588095244172,1.0937122736403544,-0.09202622445384744,-0.5771104324259044,0.5740507865586567,0.29402845129059185,1.1878343933112854,0.05138965759924878,2.5283661514802875,0.9063797258207039,-0.1146360010152266,0.3046737443737671,-0.59786040540054,0.17615471004584912,-0.03489761386684236,0.3727752731557474,0.658254138938274
45043,Georgetown,South Carolina,-0.1373340148043388,-1.3799593038416507,-1.265818557328983,1.9017296862137207,-1.2265009700362737,-1.1438176794615895,1.3808840582671142,-0.3213082628754237,-0.44060380227604135,-0.3523486908187679,-0.47402244649811637,0.5167194199044486,-0.13556503520470958,0.46663562578303364,-0.1820027886588462,-0.8908135964569239,0.7575004424185342,1.4494432574334923,0.3663953500939981,-0.2299165342615003,-0.2844871581744034,-0.34418223477773646,0.07555601696854579,-0.7590681424856401,-0.7843748739501686,-0.30136968380991797,-0.8058435527483381,1.1449294548437732,-0.7087927846631811,-0.2714821716359381,2.354711052309059,2.344293125880945,0.005590183540703985,1.4182760442465738,-0.08602139992103093,-0.23156869300487898,-1.1023155072418271,1.1716700219012885,0.030782970831705888,1.2392745456446046,1.1581653494485118,0.9024730265954687,1.11656686905852,-0.08669121487244907,-0.9151446382969773,0.6296351381627086,1.045636329461755,1.1600578383233686,0.15568087181549686,1.2581943684693144,0.47694316303740386,-0.354556808206841,0.6023411937060877,-0.59786040540054,0.0020634710701252267,-0.05822094089095152,0.17176764837954525,-0.9532165116884794
45045,Greenville,South Carolina,1.2124320355289013,0.3893730829616719,0.8436910623366979,-0.7788948685917239,-0.7037382214365854,-0.5285233509615576,0.6065747180656627,-0.285984729408944,0.44999433556961776,-0.19509751209841192,-0.018802265656014856,-0.6534620103992067,0.595618227211526,0.29015633057569956,-1.1094565668489478,0.5085834298124483,-0.010059348886919612,-0.6183652715882396,0.45642601048616016,0.6723347749883553,0.9778436960357487,1.5948114766562158,2.901852753268129,-0.8198709419003154,0.15677279927877738,-0.38488243517887166,0.9424178517970917,-0.26830573968935606,0.8705790333127945,-0.3752631304553591,-0.5075722019924305,-0.38864701542963154,-0.12204272088223525,-0.34504404949752526,-0.08602139992103093,1.7738994391242502,-0.7363284864771464,-0.049976727760690676,-0.14794099121939935,0.7851687261449225,0.8403444729308768,0.45984942247893684,0.8308844263314528,1.600505565244821,-0.26442879199516184,0.13122878544637806,0.14268078981585253,0.7739637239913254,0.7502032426769799,0.7767582894248327,0.04750660025410388,-1.3142400369732985,0.9000086430384084,-1.1421851706419928,1.4521375622160173,0.06687393135807097,-0.5811824014310492,-0.1797751873896671
45047,Greenwood,South Carolina,-0.11352005801193764,0.35625544380502583,-0.18093331265636914,-0.2381032687095115,-1.5543143741369192,-1.324622802540317,1.5214335047639864,-0.2865770375459153,-0.13588890857158356,-0.18723966000596298,-0.2575077517380321,0.6027621721326586,-0.8075095485160624,0.4862444363616264,-0.6814009769150549,0.9344780239594023,0.4142253613170658,-0.6174741066013503,0.95235951075159,-0.07314538826633712,-0.0989534954561902,0.15101653901848783,0.8891735260223578,-0.8201588562987076,0.18294776838479898,-0.12061737926782509,-0.04126399364671634,1.7956490353462768,0.5450572678892813,-0.10026102393360137,-0.4112842375579334,-0.3577279492994472,-0.11352947053021445,-0.2522092096304678,-0.08602139992103093,0.24904139958137614,-0.7247681990027143,0.5971154536447589,-0.3952772021909195,0.928570563881664,1.062819086493222,0.7877187588615544,0.9680119988404441,0.6868851744303308,-0.9700751967510268,-0.19116045385712188,-0.7936225396465179,0.9711772644055339,-0.22276509114885057,1.1096662164236764,0.9063797258207039,-0.1146360010152266,0.6023411937060877,-0.3256980227798136,-0.08060273002165852,-0.03888588351445268,-0.21178202472724092,-0.26858369017971817
45049,Hampton,South Carolina,-0.2646131851750397,-0.1522204866436604,0.6621092791553886,-0.18950428022746632,0.4903636885616979,-2.611771566900776,2.9338429215246093,-0.27553783732778653,-0.38753804353002164,-0.23351998806348734,-0.40273023105469175,1.4976067953060406,-1.2466862771059117,0.32937395173288503,-0.9667713702043169,-0.5402042238440677,-1.4595914250549653,-0.8369445502799647,-2.1410524959770605,-0.26568213311962324,-0.3761586009016707,-0.2668090899757829,-0.3761933901746575,-0.22272018081668,-0.7919702070940945,-0.10936669980726874,-0.7793803312719244,1.298375627456417,-0.6901768616153275,-0.14201733718440634,3.1906446517540283,0.354530344272711,-0.24802648880289596,-0.39404199879569474,-0.08602139992103093,-0.3630285726559101,-0.5776504281090485,0.7183352024125713,-0.3210353830313212,1.2870751582235185,1.3170757877073298,1.0500142279676477,1.219412548440263,0.040015262685765,-1.1813465754204475,1.1873314659233603,0.560810769822336,1.2683864027762435,0.2062652332018202,2.835665776402297,2.194689414170604,0.845047227751231,0.007006295041446424,-0.8700227880212664,-0.29399644178269957,-0.06374181737371906,-0.2972227589276333,-0.4591182961656469
45051,Horry,South Carolina,0.7161170764836314,-1.2167490302592148,-0.1933759962030808,1.217271964005937,-0.8928243303229831,-0.1029758597409726,0.23250638066140883,-0.2469912911578424,-0.028489688959615372,-0.008259853622710096,-0.2640134925165476,-0.3092910014863668,-0.14236067386216428,1.2117704277695571,-0.25334538698116177,-0.02421169311655486,0.6972028615177177,0.582352906742471,0.9584339709807687,0.014436166301815061,0.4009896668838843,0.5460877586343768,0.7905578737813589,-0.21499488195285887,-0.807345249801087,-0.4084124071035494,-0.8262903494889032,0.2142789450890147,-0.6830687485850386,-0.3386596856137294,3.5756320690541763,0.2948986197351314,-0.1084064923557381,0.4354922192131108,-0.08602139992103093,0.5266222492781713,-0.5770008751800717,0.3336121925172637,0.19454687122868553,1.1755403955393862,1.136977291014004,0.918866493414601,1.036575785094941,-0.09335997684919703,-0.737676680214664,0.9946390470293146,1.5073749576897735,1.1156153503427026,0.44045209147183706,0.7306633456865312,0.04750660025410388,0.6051264205596165,1.4953435417030498,-0.3256980227798136,1.45913714546445,-0.011864578118616789,0.46624750748511634,-0.2185279886071439
45053,Jasper,South Carolina,-0.2328329311897556,-0.24095580570352165,-0.027746331694643536,0.23580607838513268,0.13216572748601052,-1.8665399914260146,2.1059930639579307,-0.22609928848746316,-0.28413154308421273,-0.10505632041163594,0.3001223443721348,0.46509376856752255,-0.33854183833696727,1.4862937758698533,-1.0381139685266323,-0.01329181121290868,1.4368688464620338,1.2093085872363545,1.8489552170478805,-0.25172279502777156,-0.3431286106934605,-0.37665326446313285,-0.3621103518798693,-0.7069116737472921,-0.8053024884622098,-0.30120914821206235,-0.7846760820732852,1.222358685839155,-0.42346349358146007,-0.25197926616788857,3.420955364237829,2.651373040053443,0.137334844284384,0.18393144914924037,-0.08602139992103093,-0.3841311540357835,-1.0604303480573167,1.1968146224122573,-0.21885421527725835,1.4225102271971082,1.4442041383143844,1.1811619625206942,1.3793947163674207,-0.009333575942171083,-1.2933204061152404,1.552335374789967,0.6377672078603388,1.4100468332146199,0.2918214987564666,0.971381385208772,1.335816288604004,0.36520561336800217,0.007006295041446424,-0.8700227880212664,-0.2538704886152139,-0.06189957640112348,-0.27482627272031185,-0.2669689901289903
45055,Kershaw,South Carolina,-0.125996685233144,-0.10274808445352254,0.47469952240511437,-0.14174889111753586,-0.8465741374417974,-0.7795701649668138,1.0005993662412065,-0.2899376495962796,-0.3066940852797083,-0.21787411223593162,-0.35309456553215524,-0.11999694658430474,0.040915641444947,0.09406822478977217,-0.7527435752373701,-1.2959111508908623,-0.11972348656800674,0.24296864150857855,0.465348470112991,-0.20624167974866472,-0.2301326172274161,0.1831864417927242,0.10317038660290287,-0.7183733214334345,-0.45424731975207194,0.4118331456811306,-0.6292778610748934,1.5077014954463739,0.54970757369118,0.02398812230926933,1.017849463360259,-0.22142957483436476,-0.0021558629319890477,-0.25784592598604616,-0.08602139992103093,-0.02132153178515087,-0.9128686548397424,0.8967152172449094,-0.1886883567601538,0.9604376389342733,1.0522250572759673,0.8532926261380765,0.9794392965495278,0.12137415880209176,-0.7714801008017714,-0.05590519828726265,-0.3344491260197663,0.9933985083958676,-0.27147595766901417,0.7972449310863,0.04750660025410388,-0.1146360010152266,0.9000086430384084,-0.8700227880212664,-0.1041280673031555,-0.052083286898698525,-0.2581181825904748,-0.25889548987534916
45057,Lancaster,South Carolina,-0.033854157297375655,-0.577320724123556,0.6914067134345717,0.18754169804703588,-0.6500184658805495,-0.6295977775947629,0.79683330002746,-0.3167851156524089,-0.05521829834250283,-0.38034904787392115,-0.2817195767743625,-0.46416795549714485,0.5573841794115032,0.01563298247540123,-0.46737318194810806,-0.9996102680666353,-0.4709783486539179,-0.538173534668696,0.6676747763947272,-0.16332915285724292,-0.1390203265031426,0.04259135713707075,0.7288057004143274,-0.7941666070858693,0.2070820829307789,-0.2306320301222106,-0.11597352152286367,1.449356514564979,1.9827758924487309,-0.14734773269871318,-0.4722674526224773,-0.38891812027242006,0.0036393477914541754,-0.301336094555725,-0.08602139992103093,0.13708086550707058,-0.6882551588130894,0.6099537542982034,-0.3265830415342199,0.8728031825395975,0.9356907358861674,0.7221448915850299,0.8651663194587013,0.2160705788719147,-0.5031654498916073,-0.6173071494881848,-0.5345358649185743,0.8822922884442004,-0.38575914450478227,0.9816247060395057,0.04750660025410388,-0.5944776153984553,0.6023411937060877,-1.1421851706419928,0.05008734972113657,-0.03395346422400064,0.04669895801824888,-0.08612258444743065
45059,Laurens,South Carolina,-0.12323776907296174,0.10415018300288655,0.11378993379122013,-0.15262093493483503,-0.7974920756819396,-0.826388010412058,1.0581241635801244,-0.2995560209360989,-0.40379630329045624,0.011234846416556163,-0.3210263200987058,0.7920562270347207,-0.5960896791730277,0.46663562578303364,-0.7527435752373701,0.22019071863980547,0.6963129326536003,0.6780568631806877,0.6328630946382013,-0.1706121034430235,-0.25547429709285585,-0.008039492043910143,0.6176078713291504,-0.8122846294045827,0.504986674181867,-0.23492255258194378,0.34479381282973764,1.2356941610950878,0.8308009592356401,-0.2073521018947911,-0.3664341038014521,-0.3679710166153533,-0.14138999775854053,-0.28672423953075926,-0.08602139992103093,0.05287874058591781,-0.5712973291622577,0.5325977294544163,-0.20094533111689392,0.8489028762501408,0.9674728235379306,0.6893579579467677,0.9108755102950309,0.7669103181513082,-0.7271131112811933,-0.2541560523417138,-0.5755792985388426,0.8878475994417835,-0.08162847789812053,0.9047997998090034,0.9063797258207039,0.6051264205596165,0.3046737443737671,-0.0535356401590872,-0.06954189125207641,-0.05138337881070718,0.04803715477249764,-0.23467498911442622
45061,Lee,South Carolina,-0.2716246982190697,-0.04312565351238937,-0.010310372711756268,0.0448655763173526,0.22685015430643665,-3.2516733796826958,3.6159781763058305,-0.30285922412919203,-0.45710502117124086,-0.2904582263678728,-0.5189667385490423,1.876194905110166,-1.236389854897647,0.09406822478977217,-0.039317592014215016,-0.3828785733795127,1.0954055606031707,1.0641596797698205,1.591214571765372,-0.26512823058960233,-0.3627163655590972,-0.2220738788419456,-0.07963522436848278,0.5690776517335492,-0.7072795260788992,-0.18375150636499,-0.7801778063202119,0.396428684601553,-0.42626718925608914,-0.19403668746168512,2.207370580598012,-0.00465878994893442,-0.20794337395203244,-0.40368435187817914,-0.08602139992103093,-0.26271646895488393,0.240295111931357,-0.12019660219382487,-0.43376827172311244,1.0640056328552538,1.1475713202312579,1.0008338275102553,1.036575785094941,0.1427141971276857,-0.4968273085315248,0.6203710795620332,0.1349851460120524,1.0933941063523673,0.16192585470269738,5.114804661240535,2.194689414170604,0.845047227751231,-0.29066115429087425,-0.0535356401590872,-0.30043456113419914,-0.06232806079481612,0.39319979625293383,0.1948352243792776
45063,Lexington,South Carolina,0.55406443310885,0.11115887703958426,1.193747289884238,-0.6969156671420202,-0.6322086693482205,-0.3264097728829679,0.4170727830974318,-0.256181266614958,0.24336220648377796,-0.15525395175948736,-0.25013781960949044,-0.44695940505150283,0.43499404076259707,0.11367703536836492,-1.1807991651712635,-0.3257330456074535,-0.07811456482651441,-0.38528774921999254,0.7466204288658652,0.23350430589731114,0.6694308652596684,1.407587849153873,1.4702579207717348,-0.6091002566778088,-0.099262432183875,-0.16371804601275033,-0.6633447336567784,1.0379454636273195,0.276245113721493,-0.07113218697879142,0.17807854308380963,-0.3038402490407276,0.34348561641904707,0.2544416053883123,-0.08602139992103093,1.1347633440014349,-0.6446503533423743,0.13682793196405338,-0.17572396286277556,1.0480720953289488,1.2217295247520399,0.9680468938719932,1.1051395713494363,0.09736661568579864,-0.765141959441689,0.43879553098879753,-0.4627098560831047,1.1183930058414933,-0.14532730334756486,0.6999333831943303,-0.38192996252919614,-0.8343984225900698,0.9000086430384084,-1.1421851706419928,0.6413462641181554,0.011593555640744914,-0.9432900822515198,-0.6577264024052167
45065,McCormick,South Carolina,-0.2931952051402399,-2.9398650524268253,-1.2246102487559702,3.3183181791149403,1.7275756798967528,-2.032454904023835,2.3216620656438987,-0.3403013172535969,-0.4364658040305089,-0.20285472042752972,-0.598873881127371,0.6199707225783005,-0.4857806759151521,0.03524179305399396,-0.6814009769150549,-0.6178428697691161,-0.7854996329840243,-0.1304858441975761,-1.4422141876885204,-0.2769194373943195,-0.4060630882747812,-0.35515489282953516,0.019109463008587305,-0.8221988482510404,-0.5256172752688604,-0.13440494463307323,-0.2458862288057393,2.9955197761701267,0.15685920921527274,-0.13993798651165903,-0.41661157001551374,-0.3684854944210775,-0.0740632385658706,0.2754583642024469,-0.08602139992103093,-0.2971001669929024,-1.047391729768082,1.146564067185305,-0.44665075388420616,1.0082382515131874,1.1263832617967486,0.8696860929572088,1.0137211896767755,0.4348059717092525,-1.0904998825925967,0.5092023763539298,-0.9552310595263243,1.040618651875326,-0.17967470922716716,0.7767582894248327,1.335816288604004,0.1252848061763878,0.6023411937060877,-0.59786040540054,-0.3061802083461479,-0.06586375442757625,2.5559766272250126,0.26103792645913426
45067,Marion,South Carolina,-0.23112252032187192,-0.01847247059983638,-0.5239586457409396,0.27795895061447123,-1.911090931193363,-2.866926389906253,3.185903452224798,-0.25112582576454967,-0.36260245947051184,-0.3807715152907895,-0.4928456997270626,1.790152152881956,-1.4129391743620254,0.32937395173288503,0.17471020295273174,0.6876649666386437,0.5817953444120475,1.0301679157897996,-0.27671218790050994,-0.2332357926848639,-0.31774655191310713,-0.24190279278105495,0.28898560647352006,-0.09934440084332515,-0.7900296809755133,-0.3948133736050852,-0.8200413552544329,0.34251520247036515,-0.7076066034200255,-0.29981045066800116,4.6316730551076555,0.6505933878779504,-0.2459942682275641,-0.31306917704753223,-0.08602139992103093,-0.14893732515440422,-0.45529343698161184,0.50694694657968,-0.37199192952170546,1.1675736267762338,1.2217295247520399,1.0828011616059097,1.0822849759312707,-0.15738009182597887,-0.6003502840795409,0.6148126444016281,0.48385433178433274,1.173946115817327,0.07387159599317081,2.303013093204147,2.194689414170604,1.0849680349428452,-0.29066115429087425,-0.0535356401590872,-0.23281559248022254,-0.05791080400147968,0.5280737009005314,0.21098222488655993
45069,Marlboro,South Carolina,-0.2444162787624953,-0.27153233317653414,0.9931508163756795,-0.24444909478706978,0.9741163151183135,-2.7670456728453696,2.818387902813517,0.4406774338504465,-0.42933826812407333,-0.23972457231119007,-0.4564738159984782,2.4784941707076356,-1.4545367200834147,0.4470268152044409,0.5314231945643092,1.078175354156145,0.7074818760602508,0.7184007571173134,0.11887604273398723,-0.23454715400925732,-0.31749754372344813,-0.20373096164519458,-0.0003907072578826014,0.20197060209732706,-0.8022731809540345,-0.20465685201619205,-0.7755671179508374,0.5394376360475741,-0.6048890986612703,-0.23465561807293073,3.128407364412927,0.26892927338880374,-0.16526227397691615,-0.32463943746169033,-0.08602139992103093,-0.21481906671911138,-0.1641510148188415,0.25233550382872355,-0.378611887117782,1.0640056328552538,1.1581653494485118,1.0991946284250398,1.036575785094941,0.13871293994163694,-0.5623214359190449,0.13308159716651308,-0.12153631411462448,1.1128376948439087,-0.08599996591916041,1.365749237192018,2.194689414170604,1.3248888421344598,-0.29066115429087425,0.762951507703092,-0.2585493544229897,-0.059629866272014644,0.9631755386119787,0.8665504454822129
45071,Newberry,South Carolina,-0.20832778096444254,0.08236219122256475,-0.43200915494549064,0.13926946588308722,-0.5445610048536598,-1.1926829778881318,1.4076410637570733,-0.2496040606621525,-0.38568588851948793,0.6223899786208523,-0.13896432442289577,-0.08557984569302073,-0.3397087661872373,0.6038972998331827,-0.9667713702043169,-0.20430079686631802,0.3154938615395401,-0.03368111778432442,1.0904542737163412,-0.2204092029581822,-0.30635996107672936,-0.2194718688445635,0.1142414611179009,-0.750189218184093,0.13539284560234532,-0.26765887841019653,-0.5110001090476476,2.360148357556717,1.3839729030481618,-0.09944276259483065,-0.31304455935166753,-0.376962667263047,-0.1444281703212166,-0.19659200843150312,-0.08602139992103093,-0.182698473464365,-0.6773921918560093,0.7374518016442659,-0.25797823913528534,0.9126370263553591,1.062819086493222,0.8205056924998143,0.9451574034222802,0.4761522959650908,-0.765141959441689,0.6518688788043291,-0.2574926879817635,0.9656219534079509,0.15380737694933663,0.8535831956553351,0.47694316303740386,0.1252848061763878,0.3046737443737671,-0.8700227880212664,-0.2056781707951226,-0.05846547575179614,-0.3374762274665339,-0.6157442010862837
45073,Oconee,South Carolina,-0.08793711463699926,-0.693373012829423,-0.5457245122645239,0.9105715336788757,-0.3984077115702315,0.29015105601417074,-0.1315159159842854,-0.29022843512766455,-0.26822614831177655,-0.41514327955644403,-0.2839320247340126,-0.2404567997037988,-0.23900975699040872,0.5842884892545901,-0.8954287718820013,-0.13715965586785533,-0.2874639655860618,-0.8043160809820166,0.6553281332059939,-0.13636724831662753,-0.16352030802809786,0.11386593980532815,1.3051179408910805,-0.8197872546167352,0.10378288828635505,-0.37320253284487465,0.6797208459637012,0.26606504102594486,2.306579049006768,-0.3520910118381953,-0.5833340962125727,-0.38416791064792816,-0.1312005590048049,0.14590769440228935,-0.08602139992103093,0.3168721321875068,-0.7602232144308826,0.6023008049310609,-0.2384609063351542,0.7453348823291609,0.7344041807583315,0.32870168792588794,0.7051841515315435,2.1593478188963116,0.13909954126343121,0.3906224262652861,0.3094197388981926,0.6795234370324073,1.2591693479838162,-0.20660051032559795,0.04750660025410388,-0.1146360010152266,0.6023411937060877,-0.0535356401590872,0.0255326619619289,-0.04618007120847328,-0.10143305694936201,-0.7271585045865298
45075,Orangeburg,South Carolina,-0.0685221940150798,0.26652431149235123,-0.6992495062894792,0.10269486647744334,-1.533502823734566,-3.2189013251242997,3.535503580198306,-0.24564542790246718,-0.2655871653227715,-0.31737454084121947,-0.5320466996525255,2.031071859120944,-1.1659623269931167,0.23132989883992133,0.4600805962419936,0.5293713054842701,0.2870103624602828,0.15746277515408194,0.17026750578618702,-0.18874232420752018,-0.2627136638679766,-0.11839966083297698,0.43161944471023356,0.08341296781523273,-0.675428151616689,-0.22676635196681658,-0.6963740312602009,0.9339592348567389,-0.6628471107123347,-0.20715407031162492,2.3273193628016187,0.0835936806649118,-0.1322977037312183,-0.25847732641777255,-0.08602139992103093,-0.041726923361116934,-0.22349043247324055,0.23529696006117568,0.10004306712091568,1.2233410081183003,1.3064817584900759,1.0500142279676477,1.1737033576039333,-0.025338604686366423,-0.951060772670779,0.11270066824502756,-0.17027539153869295,1.232276881291953,-0.29645588921781585,2.420811282757584,1.7652528513873038,0.1252848061763878,-0.29066115429087425,-0.3256980227798136,0.005769132789883702,-0.05490827416702337,-0.0008943088608418355,-0.20883978830277483
45077,Pickens,South Carolina,0.050705744376490516,1.2953340893082683,-1.008542889073465,-0.6910941121663334,-0.09550579237188148,0.2524005353142383,-0.16717560617941601,-0.3069908979997077,0.16351276247578753,-0.418269163877075,-0.4190036409497241,0.13813131010032487,-0.19034200135267765,0.2705475199971068,-0.8240861735596857,0.5585707679233526,0.2948830603209526,-0.6039577192172185,1.03301875726534,-0.05795054318356523,-0.038235202717428717,0.38557211592021884,1.9592444674547624,-0.8219775307601284,0.14290848777143464,-0.3833727542598865,1.1313872951278026,0.0036225347894714554,1.4973580040736412,-0.3598613054592809,-0.5725374495493167,-0.3891662741593803,-0.10731565361452056,-0.16688284420955388,-0.08602139992103093,0.6425997814944207,-0.7446760775139587,0.44655822079437457,-0.35870733520067005,0.8090690324343792,0.8191564144963674,0.4270624888406746,0.8308844263314528,1.6938682329192942,-0.017241278951939717,0.5647867279579813,0.21707201325258904,0.7711860684925331,1.0312274726010002,-0.12977560409509556,0.04750660025410388,-0.354556808206841,1.197676092370729,-0.59786040540054,0.11211039486901327,-0.019043795357983877,-0.4338617120732296,-0.2928041909406417
45079,Richland,South Carolina,0.8967587229037172,1.5252070629600927,-0.0010589756808450429,-1.4046163397923737,-0.8260256980591809,-2.4955089053885464,2.679676981544327,-0.2799875021163538,0.638600165204807,0.30759904431991214,-0.3179659771744148,0.2930082641111029,-0.1933622852004353,-0.10201988099615492,-0.8954287718820013,1.4879791801201934,1.3487572005908286,0.3467017997129794,1.3276942621712442,0.42575215811847117,0.9367047712576635,1.2784611270766868,1.1452261044461913,-0.6599664859951357,-0.5944242722071038,-0.13989681197428494,-0.6461471346082678,1.0538873954125707,0.6480983340169761,-0.19971925022492557,1.4331718406699914,-0.09552633026670797,0.03389411249509432,-0.24636426673722772,-0.08602139992103093,1.1224697043413727,-0.9187877368116327,0.4086576017572521,-0.16524670713985135,1.0480720953289488,1.2005414663175304,1.0008338275102553,1.11656686905852,0.02534398633691902,-0.9066937831502007,0.1682850198490794,-0.37549255964003464,1.1211706613402856,-0.29083540461933527,3.5014816303999843,0.47694316303740386,-0.8343984225900698,0.9000086430384084,-1.1421851706419928,0.8666804414206404,0.04180647558524435,-0.9902379593239691,-0.3331716922088469
45081,Saluda,South Carolina,-0.26094927422346004,-0.38326664809103217,0.3867775046011238,0.16047414001787239,0.10652332330417941,-0.9823790786149299,1.0982117275536196,-0.15433509148022126,-0.4708540727978719,3.315699877302676,0.43669058030158336,0.2757997136654609,-0.42757156903109583,1.133335185455186,-0.9667713702043169,-0.3123471395900842,-0.21752943114978313,0.16143356152079044,-0.5025011515468681,-0.2538543629211572,-0.38250398809279446,-0.38727823834859976,0.28237959853614625,-0.7313256478007116,0.7919498153856824,-0.2697996281038935,-0.5876538170145144,2.0316103422997966,1.2458157522585607,-0.038118281676615864,-0.45659759416449075,-0.3809893172288442,-0.1343029713222834,-0.24749599791689608,-0.08602139992103093,-0.22452749821386608,-0.3617365998694428,0.44862379375183054,-0.3960963195537636,0.9843379452237305,1.1263832617967486,0.8696860929572088,0.9794392965495278,0.30676574175568905,-0.8010580938154904,0.7111588538486506,-0.4704054998869051,1.0239527188825752,0.032030210648927686,0.11094243542714528,0.9063797258207039,0.1252848061763878,0.3046737443737671,-1.1421851706419928,-0.29191902536404707,-0.06161472902660552,0.2325454258067448,0.3433876290462732
45083,Spartanburg,South Carolina,0.6156714409957222,0.5099985146701183,0.553445280267622,-0.7454772382141907,-0.6764040018863536,-0.6753000040779159,0.7773559153391557,-0.2848641762225976,0.3673851314122636,-0.2253095663829367,-0.17853853565351738,-0.2748739005950828,-0.0091936133019411,0.23132989883992133,-1.0381139685266323,0.11955282777525124,-0.12788531502954698,-0.490164389025842,0.3560294942917156,0.3765852574081907,0.450325620114275,1.270988708454617,2.442046447196196,-0.8106276523609365,0.7667387403427197,-0.33331431537167683,0.5391213403072825,0.14172619987515728,0.5467844140318756,-0.3280455281071451,-0.4667925142661067,-0.3763495020699625,-0.1362876060064118,-0.3173097951006537,-0.08602139992103093,1.31671669588576,-0.4512269995238548,-0.12977754313816478,-0.12986083706498566,0.7931354949080743,0.8827205897998948,0.5909971570319834,0.8537390217496176,1.0923459026166153,-0.3658390537564838,-0.10222549129063907,-0.349840413627367,0.8156285564731991,0.2837030210031059,0.4489720228413558,0.47694316303740386,-0.1146360010152266,0.6023411937060877,-0.8700227880212664,0.8456442607488802,0.010764029896732643,-0.5411784612430343,-0.41713609484671377
45085,Sumter,South Carolina,-0.008347362351486885,0.8897811792475252,-0.38646994485252656,-0.627269338032288,-0.8758083369311738,-2.3448470324503052,2.594388778382992,-0.2578828696705862,0.07908641769430859,0.19501621371893832,-0.40126060230470256,0.5683450712413746,-0.4194717168939276,0.13328584594695764,-0.46737318194810806,0.8666796760916312,0.508695233804802,0.04824539071267593,0.5157698691826494,-0.1238071125557383,-0.09040550549211007,0.1614883332582157,0.6644478288533295,0.043667995974463567,-0.6760217825589003,-0.38377492516428013,-0.7950038472036519,0.4807254695468915,-0.49561478469720266,-0.27138235454006615,3.3546980197299425,0.2164233512569004,-0.19889252146931796,-0.34822186285256373,-0.08602139992103093,0.18335947879054237,-0.26289295213249136,0.17642771634136112,-0.2319600930827641,1.1118062454341673,1.1793534078830212,0.9844403606911231,1.0594303805131067,0.12937667317418955,-0.5834485737859872,0.5369945521559557,0.2298980862589226,1.121170661340284,0.12508045566821452,2.3849596598500162,1.335816288604004,-0.1146360010152266,0.3046737443737671,-0.3256980227798136,0.035770020349342464,-0.038162816960674,0.6434785700359016,1.1765728552220296
45087,Union,South Carolina,-0.2409075934547476,-0.372459378273972,0.042800444940615814,0.32182423738084126,-1.221882245154144,-1.2322329303812358,1.538454940713711,-0.32261303877325187,-0.48680404501731683,-0.4128740309227655,-0.5756164596677805,0.9297246305998548,-0.8834971444130557,0.13328584594695764,-0.39603058362579246,0.41526923191223464,-0.2325497982448629,-0.18074588238865966,-0.47228258634604386,-0.22894844108086693,-0.3714493306928546,-0.2654948505156558,-0.06346209721412943,-0.8208812630769424,-0.00803644358730853,-0.31145746745183805,0.10332161251889292,1.9875502548253805,1.2434193417314583,-0.058687386175436965,-0.22509099499753296,-0.3661169118308244,-0.18706680532926598,-0.3780922902255775,-0.08602139992103093,-0.2682691704403006,-0.811896949553873,0.9051638244853754,-0.35572128008702925,0.8170358011975316,0.9039086482344041,0.6565710243085056,0.8308844263314528,0.7855828516862025,-0.5876740013593756,-0.08184456236915322,-0.1856666791462937,0.8350721449647421,0.12133346593589411,0.48994530616429044,0.9063797258207039,0.845047227751231,0.3046737443737671,0.2186267424616392,-0.23901041080971777,-0.05981496458864751,-0.4461563404370092,-1.0775484155945516
45089,Williamsburg,South Carolina,-0.2319689393986157,-0.41189720284398595,-0.22676980936572982,0.4924082693341183,-1.1607692515867092,-3.3548818940313736,3.6872555558776643,-0.2988979501575012,-0.321475383202492,-0.41604678341730394,-0.5400659681025117,2.289200115805574,-1.4629797862941918,0.40780919404725596,0.3173953995973624,-0.16713519542611513,0.9671393047293724,1.966974244311323,-0.31061766756028814,-0.2684984733298937,-0.4009914741795647,-0.475834634770612,0.028221482264531708,-0.15590341398068264,-0.7411586513451447,-0.23276367898427386,-0.76701049167042,1.125306318413909,-0.6943781589641236,-0.21170093628178777,3.4433266843648376,0.3908127500156364,-0.24908523259412607,-0.3937139277679666,-0.08602139992103093,-0.3328433366504896,-0.48886948318078083,0.6189885511900559,-0.04219293967622436,1.231307776881452,1.2429175831865493,1.0172272943293854,1.1051395713494363,-0.08268995768640006,-0.7904945248820192,0.5166136232344699,0.35815881632226104,1.1961673598076608,-0.01106017127275572,3.301736874200678,2.194689414170604,1.0849680349428452,-0.29066115429087425,0.2186267424616392,-0.224393634026226,-0.06410988603243231,1.0158551252491537,0.4838665334596276
45091,York,South Carolina,0.5020169818534372,0.2569614661263737,1.6290264727202186,-1.04801745764419,-0.8164303161681781,-0.6127136485919751,0.6739447544651684,-0.20964557024869526,0.4559668785637606,-0.17056422629351642,-0.27657959066713095,-1.0148415697576887,0.8749258403143859,-0.04319344926037889,-0.8954287718820013,-0.04664898963183495,-0.24057133357948896,-0.6714782300041002,0.4873247358270619,0.12711745481805486,0.2601409940309914,0.6975252378595537,1.7271785490433635,-0.7779595549794639,0.5867665195110394,-0.3638961828700106,0.23971970070787552,0.451486082992086,1.6581001078226174,-0.25859796730557466,-0.5214386993244691,-0.3806849800908205,-0.1418979171011766,-0.2490613900159109,-0.08602139992103093,0.8152004864729487,-0.5004958515064908,0.1346436973593895,-0.22181048430497757,0.7931354949080743,0.8615325313653853,0.6401775574893755,0.81945712862237,0.41746719056970755,-0.2707669333552447,-0.3190044625464407,-0.39088384724763536,0.8100732454756177,-0.0872489624966007,0.15703737916544672,-0.38192996252919614,-1.0743192297816841,1.197676092370729,-1.4143475532627192,0.5068943762659085,0.013587180198656975,-1.1103947027578347,-0.6948645035719657
46003,Aurora,South Dakota,-0.3128532149779716,-0.016414076434222026,-0.5686806224182187,0.2983349229110764,1.3038395245874694,0.5842157351418203,-0.648706676294397,0.13957700876396362,-0.3190230242659653,-0.6929727201805395,-0.18761771579778017,-0.7395047626274167,0.043798639663261106,1.1529439960337788,-1.1807991651712635,-0.4711957384090448,-1.4706289525142733,-0.9128710844256902,-2.0587905482735076,-0.28775622644928606,-0.4408517117087118,-0.6050481965871609,-0.2799488076006363,0.9252326786470237,2.6341081089255076,-0.3758846067014972,-0.8155203664615347,-0.6390986977089821,-0.7111619142588593,-0.452287265145487,-0.6259740756733546,0.5499769946093203,-0.24690596480691734,-0.27665439464421776,-0.08602139992103093,-0.4772440667662027,2.1029014866696563,-1.838442886122385,-0.20922586300309978,-1.5331609839324034,-1.2890553997372833,-0.6549063212219648,-1.1917472681761765,-1.1536931311521452,-0.15245496130036904,0.5092023763539298,0.1401155752145858,-1.2731683786181447,-0.37951416161758134,-0.6409173135487048,-1.240803088095796,-0.8343984225900698,1.197676092370729,-1.6865099358834457,-0.3654707958622835,-0.07008231654815474,-1.008236244166269,-1.1615128182324184
46005,Beadle,South Dakota,-0.2668654214034687,0.6952107391218281,-0.5257122523097721,-0.3786702416320865,0.27251109839476645,-0.008323126539443457,-0.5406635834926105,-0.07281411061518558,2.9117541004660166,1.204931940623047,0.06841875820722783,-0.2748739005950828,-0.26619231162022744,0.8980294585120717,-0.8954287718820013,0.7267182837841696,-0.4978214697967707,-0.2815000029961487,-1.044967625224311,-0.2526619062673097,-0.4024247237161279,-0.5620945398794035,-0.28215966683585153,1.2634953978285814,1.4947052562424885,-0.222415793812515,-0.807703891229809,-0.6393432023820383,-0.7117415774223237,-0.4556109344576137,-0.619404759710434,1.3098802395654479,-0.22116541698810124,-0.32372751289265345,-0.08602139992103093,-0.44415564731683965,1.9204011109732833,-1.6752975596466533,0.2019040344513215,-1.7562305093006685,-1.3949956919098287,-0.6712997880410948,-1.2603110544306726,-1.2137119889428782,-0.2496397954883027,0.6148126444016281,-0.5550575817287084,-1.3981628760637703,-0.5699861396771954,-0.7494965143544815,-0.38192996252919614,-0.354556808206841,0.9000086430384084,-0.59786040540054,-0.30773359179432946,-0.0678377166200517,-0.3812808306006026,-0.10388428500544086
46007,Bennett,South Dakota,-0.31105494053810756,2.358957888810814,-1.374994430013132,-1.4884908066583424,-0.3501349213529143,-3.0041429650025147,-0.6239749603451681,8.695223746033012,-0.3239378236127113,-0.3618976340278477,-0.2580125818658537,2.9431250327399696,-1.3300872969928557,1.9569052297560805,0.5314231945643092,1.3823449839786364,-0.17127579073930582,-0.7415383027789698,-0.29228369425828415,-0.2894494148787699,-0.4633717680872965,-0.59173139381176,-0.9150090471913065,-0.12367590125640993,-0.6802255008683092,4.129025758496412,-0.8119328673417053,-0.4484388474114402,-0.7042146626379603,-0.4379158521357865,-0.5754537656382015,0.8586095122101557,-0.2608103439886542,-0.35848870493875334,-0.08602139992103093,-0.6527426419127355,-0.42956613043124053,0.6994436350765443,0.1466657381097066,-1.1109222394853306,-1.3526195750408108,-0.8516279230515335,-1.2717383521397554,-1.2643945799661638,0.0017731451283081073,0.09231973932354204,-0.9347093427161901,-1.195394024651978,-0.7879360424404916,-0.6409173135487048,1.335816288604004,2.2845720709009174,-0.588328603623195,1.8516010381859975,-0.36698674838400286,-0.07029856090205308,-0.38933252826849823,1.0296351506057624
46009,Bon Homme,South Dakota,-0.30069875418735975,-0.33817505231904266,0.26718760481010334,0.17848999962438972,4.153975796282733,0.22099982772195376,-0.6019128692482071,0.9055200643504444,-0.5256701983524825,-0.6062636460646194,-0.4793290029713828,-0.0683712952473792,-0.2101797748072676,0.2117210882613286,-0.9667713702043169,-0.24240307390053237,-1.3646165239860348,-1.1189014927123522,-1.526186126786301,-0.27832867253968147,-0.4186713301693192,-0.5542109146585859,-0.23132162734310197,1.5007727628456018,0.49794082868801287,-0.026003886292798463,-0.7273993566747703,-0.6181263272209077,-0.7069243255138277,-0.37149910248246215,-0.622815288493569,0.49663512619455735,-0.23818449189610014,-0.12095458160953376,-0.08602139992103093,-0.43786945075580475,1.7030097031276181,-1.4666590409411082,-0.30684231308967685,-1.3499253023799003,-1.0665807861749381,-0.35982391847760714,-0.9289194208672759,-1.1323530928265513,0.5405151607353305,-0.5987790322868343,-0.5319706503173076,-1.0370676612208516,-0.7017552785971252,-0.15026224575656286,-0.8113665253124961,0.1252848061763878,0.9000086430384084,-0.8700227880212664,-0.347466520233962,-0.06840765680180823,0.2407517249736175,0.2917172274229704
46011,Brookings,South Dakota,-0.21817728738343714,3.1696090752563397,-2.539264436911965,-1.6555011036284748,0.616185164755045,0.5072541287237806,-0.5928877393234061,-0.13418906575431033,0.5023447565971144,-0.1868565202978703,-0.4510082368182804,-0.44695940505150283,0.22748681185870295,-0.41576085025364035,-0.8240861735596857,1.5396671033447424,-0.15351640909237335,-1.8060691203563966,0.515067885569395,-0.21346015856714448,-0.29347236563808615,-0.46675570760385793,-0.1380850692831893,1.5325106268318862,0.351346717669977,0.06406663900180085,-0.7938898655007117,-0.6393997489025706,-0.7055597816934895,-0.4556306954236051,-0.6244762559801912,1.0468211200207507,-0.22260836182853655,-0.1650663344989466,-0.08602139992103093,-0.3311636545357019,1.6679280065777236,-1.47862028079212,-0.14056148843232197,-1.843864965695344,-1.5221240425168834,-0.9663821907854501,-1.4088659246487476,-1.1630293979195927,0.23205894787797654,0.17013783156921441,0.16320250662598668,-1.5481562729985214,-0.37888966332886137,-0.6829149289547128,-1.240803088095796,-1.5541608441649128,0.9000086430384084,-0.8700227880212664,-0.28563062971839637,-0.06177334905822715,-1.2595216243343723,-0.3799979936799649
46013,Brown,South Dakota,-0.2071591954571042,0.5029987064299668,-0.10715943386095186,-0.41003568378783467,-0.32183987171613126,0.2965212538152277,-0.515404830183813,0.24190174964634265,0.4275999446435874,0.5144093676322937,-0.4462887303276239,-0.8771731661925526,0.3929846381528772,0.07445941421117944,-0.9667713702043169,0.9389208810323996,-0.5127517786241366,-0.7334968546841705,-0.6946758236297962,-0.24250548785848372,-0.3760721043575008,-0.516558658285729,-0.3059716760948712,1.5637426092135132,0.7050832681117274,-0.44173033642028775,-0.7986409247860639,-0.639193179581169,-0.7100562666212743,-0.45429197117089404,-0.6173227581296259,2.1128840357274066,-0.15085144036239373,-0.186644895461715,-0.08602139992103093,-0.4249280884511085,1.8587402188521753,-1.6236507189939378,0.5491725636898231,-2.0032003409583905,-1.58568821782041,-0.7696605889558791,-1.5231389017395742,-1.1990407125940323,-1.145430441046646,-0.31344602738603533,-0.24979704417796292,-1.6148200049695218,-1.0664622792096312,-0.6521849664625118,-1.240803088095796,-0.8343984225900698,0.9000086430384084,-1.1421851706419928,-0.23665226244259874,-0.06619640257133587,-0.6963891384720177,-0.44943009586127786
46015,Brule,South Dakota,-0.30539652650257454,0.34059051969742343,-0.8546901943831169,0.11187129993794716,-0.06759181980151927,0.15355707810396493,-0.644575228173291,1.453578498129689,-0.4038508294095983,-0.15713589804358494,-0.47018669019829756,-0.3264995519320088,0.6374217013770807,1.1137263748765933,-0.8954287718820013,1.2276818697495024,-0.7082747550181739,0.3589213705558591,-2.151671804753665,-0.2744857851162033,-0.42362020161633845,-0.6006203108021749,-0.535531641657798,0.8907391996521598,1.7982516877057282,0.2397347032638465,-0.8029358136747676,-0.6040803733150286,-0.711078761135644,-0.4451321182015772,-0.6218021731235988,0.34788949883747294,-0.21836838375019066,-0.06502479259643944,-0.08602139992103093,-0.5373672826846925,1.6907260148475114,-1.411760097770009,-0.1096435312456969,-1.4375597587745756,-1.2254912244337561,-0.5565455203071782,-1.07747429108535,-1.2683958371522126,-0.4440094638641697,0.9631412477870189,-0.4575794268805713,-1.1787280916592273,-0.5119077988262316,-0.6409173135487048,-1.240803088095796,-0.354556808206841,0.9000086430384084,-0.3256980227798136,-0.35585104776149634,-0.0695806469161024,2.174186595136879,3.2482330203063228
46019,Butte,South Dakota,-0.2903659981224733,0.08973737179491496,-0.7457378898086776,0.2887172828269419,0.4372666943072184,0.6309381120918407,-0.6530711070671054,0.21651865942741674,-0.44298128778111295,-0.1848209855928111,-0.43207001263825656,-0.2748739005950828,-0.385562166421376,0.7999854056191101,-0.7527435752373701,-0.6744877703018924,1.1755586293558988,1.7168371370838427,0.9596450353539392,-0.28418764926825724,-0.4567015250141285,-0.6400959431846885,-1.1040112830016764,-0.6224365246814009,-0.6572001482432208,5.212792419383487,-0.8310127107028681,-0.6129888690202279,-0.712620901720091,-0.21964437297330422,-0.6006709256871334,-0.13776060736105047,-0.16303604142120218,-0.342371924004717,-0.08602139992103093,-0.7177486000494087,-0.9102399107445078,1.1948299528104347,0.9478965563578965,-1.4136594524851185,-1.5327180717341373,-1.1467103257958913,-1.466002413194161,-1.3150771709894493,-1.0059913311248283,-0.38570568447130266,-1.1501873692225988,-1.4453830195432293,-1.32313107587357,-0.4473185498478388,-0.8113665253124961,0.1252848061763878,1.197676092370729,-0.59786040540054,-0.33191397028891506,-0.06992724859979765,-0.8382606334618691,-1.1163012168120285
46023,Charles Mix,South Dakota,-0.2936960275005277,1.294264544154171,-1.9030189573213467,-0.2446439464792172,0.14501722392677055,-1.2981502232267652,-0.6351169944453277,4.661787345444793,-0.3640420955996863,-0.061619052967238366,-0.43536634918341915,1.1534357863932023,-0.30078829023999676,1.4666849652912626,-0.5387157802704237,0.08318396754270757,-0.5098744903958286,-0.4875319954803089,-0.5140168671278725,-0.27708924732076773,-0.42734605479627474,-0.6011337928211583,-0.3844799372352179,1.1125661375463962,0.7100203035069127,0.540983459100682,-0.756907684708653,-0.5957532979693938,-0.7061231426636675,-0.4037593621079008,-0.6185675523676769,0.13826381401798968,-0.22551301714022304,0.05344009713416814,-0.08602139992103093,-0.49807007244088375,1.4167343168955429,-1.1623455320813942,0.11664881002220993,-1.3339917648535953,-1.077174815392193,-0.35982391847760714,-0.9517740162854414,-1.2190469985242767,0.03980199328880376,0.24425030037461676,-0.2728839755893638,-1.0398453167196433,-0.5431327132622338,-0.6409173135487048,0.04750660025410388,0.845047227751231,0.3046737443737671,-0.0535356401590872,-0.34334911832311926,-0.06919996356237892,0.19531583042961884,0.9166061470547878
46025,Clark,South Dakota,-0.30996836103128417,0.5290094605213239,-1.980318523787527,0.498867285001011,0.5488027073014502,0.6851492476947563,-0.5939264405504716,-0.26108670307736515,-0.4069244554724535,-0.7314234353742419,-0.45019948387059133,-0.41254230416021886,-0.10735283835406437,0.23132989883992133,-0.39603058362579246,-0.948143728511487,-0.07428212463740053,0.9135102986969981,-1.1885941984989796,-0.2792539119489108,-0.4374621577986679,-0.6077443223158259,-0.5220456181519406,1.3833408487839154,0.32383553061826204,0.2213995164668334,-0.8080887526718468,-0.6393997489025706,-0.7121620973819439,-0.4535005349851926,-0.6202162631703325,1.0545593208044728,-0.19908739046756918,0.23664706742757496,-0.08602139992103093,-0.5413034867980291,1.5086032534874803,-1.2329971489346396,-0.019555514375805334,-1.9474329596163245,-1.5645001593859014,-0.9172017903280579,-1.4545751154850781,-1.2043757221754308,-0.367951767543178,0.44064834270893255,-0.349840413627367,-1.598154071976772,-0.6093295318665584,-0.6409173135487048,-0.8113665253124961,-0.354556808206841,0.9000086430384084,-0.8700227880212664,-0.3611288083926675,-0.07008191544960315,-2.2561936067990813,-2.8488743712433977
46027,Clay,South Dakota,-0.2797022892697944,3.791368417686511,-3.6014535230096647,-1.6993270969954788,-0.07206578049507222,0.32823122760132795,-0.5494073127021224,0.31468500798915106,0.4139597395100206,-0.0974252973567858,-0.4754023946436387,0.7748476765890786,-0.32144977747124787,-0.16084631273193314,-0.8240861735596857,2.201068368278768,1.1991022964438482,-0.9605270618682868,1.5134094168615218,-0.2560252023599963,-0.3725547396592395,-0.5179469714586793,-0.0815233053499826,2.2587365656475886,-0.33738372123203975,-0.42231824365574705,-0.7500087099646021,-0.6364855321713474,-0.6965155772258032,-0.45579075350176174,-0.5542737555554661,0.10490748751478271,-0.22492567326792873,-0.30547797991153086,-0.08602139992103093,-0.36606087537953325,2.0713485007763865,-1.8557678509810578,-0.42927057274895014,-1.4056926837219665,-1.0453927277404296,-0.42539778575413156,-0.9517740162854414,-1.1817019314544872,0.21515723758442287,-0.3968225547921131,-0.4088403494565026,-1.06762187170756,-0.7229882204136066,-0.5036568144168738,-0.8113665253124961,-0.8343984225900698,0.6023411937060877,-0.3256980227798136,-0.33837080510364576,-0.06383490647148427,-1.3792078395437868,-0.7513790053474533
46029,Codington,South Dakota,-0.23887794494200204,0.24130003101082345,0.02369813882133477,-0.23410713524169868,0.07070508124156079,0.5920396934958404,-0.6410858748494076,0.09442341500540724,-0.3093521360794781,-0.5236814748482395,-0.5271856690691425,-0.8255475148556282,0.5299270535227975,-0.31771679736067504,-0.8954287718820013,0.7834031359237803,0.23189550740772844,-0.7637519198149251,0.8778964489261163,-0.19611810583525924,-0.24397637883795156,-0.38642646726897384,-0.2707135581457623,1.4233483628615842,-0.45209726397783806,0.6874714322427389,-0.8003265229135937,-0.6392002934441303,-0.7103849203687943,-0.45491021252946284,-0.6216360235193826,0.6465593997372124,-0.18526092192971044,0.24626988284488602,-0.08602139992103093,-0.32114361630542193,1.1968978847391598,-1.0250009182463986,-0.20591216094432138,-2.0191338784846953,-1.6492523931239371,-1.113923392157629,-1.545993497157739,-1.2217145033149759,-0.34893734346293015,0.2942762168182632,-0.3036665508045653,-1.7009273254320638,-0.6499219206333612,-0.6829149289547128,-1.240803088095796,-0.354556808206841,0.9000086430384084,-0.59786040540054,-0.2700780797733494,-0.06271951952409587,0.45010218853613354,0.9892676493375572
46031,Corson,South Dakota,-0.30894328602484705,2.756750083520953,-1.7693132061508485,-1.658591365594431,-0.15352164730821935,-3.394434816344128,-0.6479755853725332,9.350643511009963,-0.28538786240767816,-0.15148214084428635,-0.3223131562146186,4.440268921510821,-1.5701312200748663,1.6431642604985952,0.6741083912089404,2.1761105596214527,0.5446683185717593,0.15794897718955586,-0.17236893938855247,-0.2940957716875095,-0.4791612968274838,-0.6622722341035767,-0.9973976996385319,-0.20244508214158835,-0.582046846195758,4.5233662554185905,-0.7937348761539267,-0.6388908523466915,-0.7114627997137157,-0.45195055386734073,-0.5819112436312704,-0.18748620884007383,-0.1354288963496277,-0.20653811415560708,-0.08602139992103093,-0.7051672510783762,-0.4626999227812257,0.7542904283117055,1.1438443225931691,-1.772164046826973,-1.6492523931239371,-1.0155625912428423,-1.6259845811213178,-1.2870683706871073,-1.124303303179704,-0.32456289770684577,-0.049710305279155126,-1.6175976604683133,-1.0564703065901109,-0.6409173135487048,2.624125976953904,3.0043344924757602,-0.8859960529555155,2.9402505686689033,-0.36578895873721223,-0.0705519062977423,-2.2950578995923885,-2.506557960489017
46033,Custer,South Dakota,-0.29463323893498455,-2.772192816823634,-0.6016256160868396,2.8535876913601754,-0.22742925759999333,0.5430317552540381,-0.6636639918378345,0.3693467888081904,-0.36419154343554744,-0.4363557321127255,-0.38741234601097313,-0.8427560653012686,0.545234401205751,0.17250346710414313,-0.1106601903365306,-1.5297156254846616,0.3524643813887027,1.2396080400925575,-0.10921803322309669,-0.2887304665755076,-0.44991760284560084,-0.6444798779374542,-1.0797439485881903,-0.7800439712339893,-0.7371321001811937,3.6419530571892955,-0.8284236189110774,1.3958141078783624,-0.7053254101565986,-0.15026107517111056,-0.6183345368251739,-0.31905511102761974,0.2317000958943674,-0.41361640938596933,-0.08602139992103093,-0.7115650653367053,-1.1015922055911087,1.378197023393832,0.4209658033617588,-1.0870219331958735,-1.5115300132996285,-1.2942515271680677,-1.4545751154850781,-1.2817333611057087,-0.7355639664279698,-0.28009541642360436,-1.2630568116783365,-1.3481650770855205,-1.2194643599460424,-0.6409173135487048,-0.8113665253124961,-0.5944776153984553,0.3046737443737671,-0.59786040540054,-0.32180762014411923,-0.06968586742879293,-0.24401913802968528,-1.335900423711065
46035,Davison,South Dakota,-0.262993566664869,0.5532991123605688,-0.7265001176885253,-0.14793391980046028,-0.02402931235388346,0.5264539287422276,-0.6136992422375211,0.23717343589960427,-0.32337769707967456,-0.006985181560360776,-0.4358097258009389,-0.4813765059427885,0.11292195408807798,-0.31771679736067504,-1.0381139685266323,1.469522290227798,0.07139515517194332,-0.36962931448355085,-0.2325140956425988,-0.16203844761038197,-0.21111827896528704,-0.3894919512726976,-0.16771759394304628,1.5156790565089577,0.9243769696880211,-0.21976809360665006,-0.778547133286923,-0.6387448629182302,-0.7085473233674788,-0.44447774652587885,-0.6214687078032782,0.6997008352334527,-0.22834114701489105,-0.36230238105179635,-0.08602139992103093,-0.2771188842623851,1.91064268558117,-1.7379254750399225,-0.41465305108292294,-1.596895134037622,-1.3102434581717928,-0.6057259207645703,-1.1917472681761765,-1.1083455497102583,-0.023579420312022578,0.4091505434666366,0.5685064136261362,-1.292611967109687,-0.24961851756381248,-0.5497517581551753,-1.240803088095796,-0.5944776153984553,0.9000086430384084,-0.59786040540054,-0.2970657777526005,-0.061419895033706276,-0.4555983963035501,-0.4542741960134627
46037,Day,South Dakota,-0.3050245707145245,-0.7029915010597619,-1.5816114163005095,1.4353227584764734,0.3382219950924012,0.15266409032168035,-0.6563749418450764,1.2178719142976098,-0.3201699536684895,-0.4689704019765946,-0.52330533474502,-0.22324824925815678,-0.2887071548489662,0.7215501633047392,-0.039317592014215016,-0.46083760604770035,-0.9020957223890442,-0.8494404340374784,-0.595419235546813,-0.2709422884390588,-0.4166323779258244,-0.5702468976696811,-0.5628009423517503,1.0638283366881762,-0.5504667559957885,0.9646962637204902,-0.8044666396305521,-0.6392031075547316,-0.6989117405030973,-0.4549819182634869,-0.6215623194669345,0.8776942474902439,-0.14026969883911092,0.9598718207518037,-0.08602139992103093,-0.5315020098612255,0.7983946194118983,-0.5467490710587389,0.07257284937971638,-2.1067683348793707,-1.70222253921021,-1.0483495248811046,-1.614557283412235,-1.1270180832451528,-0.8242979454691265,0.22016374801286087,-0.183101464545027,-1.7509251244103143,-0.7417231690752082,-0.6409173135487048,-0.8113665253124961,0.36520561336800217,1.197676092370729,-0.3256980227798136,-0.3475975284765797,-0.06984988681710325,0.7258371616026182,-0.0392962829763127
46039,Deuel,South Dakota,-0.3081671578056875,-0.21694170295343093,-0.6286611068719581,0.5129484778126132,0.8792175719706768,0.7494126728131432,-0.6385218043957996,-0.21488746492820113,-0.5109957184453366,-0.5621831113031499,-0.4214076810037495,-0.9976330193120466,0.6517680496539294,0.09406822478977217,0.17471020295273174,-0.9331650567144447,-1.66612231346462,-1.1456603451296221,-2.0285377961628277,-0.2848711495354992,-0.42596708436947067,-0.5890251039881876,-0.39635010201282056,1.2569133133166677,0.011957850907211156,1.0144988468302523,-0.7927713807667619,-0.6393997489025706,-0.708755130065902,-0.455751930674609,-0.6250215837630465,0.9374885119006764,-0.250907703349606,-0.18301356123387025,-0.08602139992103093,-0.4983584528078514,1.2429995793479232,-0.9933124809531899,-0.26608005450596167,-1.9474329596163245,-1.617470305472174,-1.130316858976759,-1.466002413194161,-1.2337182748731226,-0.22217451626127785,0.13122878544637806,-0.04714509067788841,-1.6509295264538133,-0.6105785284439986,-0.6409173135487048,-1.240803088095796,-0.354556808206841,1.7930109910353704,-1.1421851706419928,-0.358321488908002,-0.06945945393534306,-1.4904675637083038,-1.8832837409079284
46041,Dewey,South Dakota,-0.30365389899163137,3.2032421312325687,-1.6487835345593511,-2.1299617382914127,-0.2510500128150786,-3.9258479306342697,-0.6478491596398357,10.794033824556564,-0.4206611498299805,-0.2940676284332895,-0.34605734834900537,2.25478301491429,-0.5547667047105255,1.7412083133915603,2.2436455542998814,1.3202626403642763,-0.19283575320706225,-0.4494123467027773,-0.5669397174455835,-0.2935360506196948,-0.4779363863290437,-0.6735677549162639,-1.1086315776457878,-0.4552737067763038,-0.6898842259499854,4.8927329622305304,-0.8250714901035211,-0.6389317627706106,-0.7117069304871606,-0.4518986291737903,-0.5925695180616305,-0.0918722464115073,-0.21021707793990632,0.08979663335046871,-0.08602139992103093,-0.7388629400819104,-0.7604361942772192,1.0583033990788653,1.0809137695623001,-1.6526625153796883,-1.5327180717341373,-0.8352344562324036,-1.4202932223578297,-1.2790658563150095,-0.8073962351755729,-0.20042451245779697,-0.693579170197114,-1.464826608034771,-1.0739562586742717,0.18264568124228084,2.194689414170604,2.764413685284146,0.007006295041446424,1.8516010381859975,-0.36137210941467185,-0.07038571935575226,-1.205042629231226,-0.22014268865787237
46043,Douglas,South Dakota,-0.3123553214034164,0.08116060353671947,-2.3016427932626713,1.0714869012190678,-0.05933381914641635,0.6554995615878748,-0.6529993916772167,0.08187095981622311,-0.5321964954425646,-0.7014604671393985,-0.557008628324732,-0.5674192581709984,0.021146510805078816,0.6235061104117755,-1.0381139685266323,-1.025901860791217,-1.3525783859308518,-0.9765951294763298,-1.3221163897342247,-0.28051944110573157,-0.4238819939435951,-0.5751706601814137,-0.21191395264196247,1.6693243977821797,1.0824716123444247,-0.4397833600005533,-0.8062565508287572,-0.6392348078584195,-0.7120947124823995,-0.4540605793566223,-0.6261351988336287,0.4724497626447751,-0.2402008565818266,-0.29262448913011985,-0.08602139992103093,-0.44181941163623367,2.1334612191961773,-1.8834476856129971,-0.4170582775210925,-1.4534932963008802,-1.1937091367819928,-0.49097165303065604,-1.066046993376268,-1.1483581215707468,0.03557656571541543,0.4369427192686625,0.21963722785385575,-1.1620621586664774,-0.3264318070763778,-0.9236329684769536,-1.240803088095796,-0.5944776153984553,1.4953435417030498,-1.4143475532627192,-0.3622891671129959,-0.0694805631318569,0.37472002768181367,-0.07320498404160525
46045,Edmunds,South Dakota,-0.3096959839581452,-0.40965040499511596,-0.410212543150745,0.5816960458913343,-0.014685793434448653,0.722994599605972,-0.6765382072664975,-0.18216231874682867,-0.3863297879087871,-0.6292512725069134,-0.542635528750682,-0.6534620103992067,0.2871374178519163,-0.08241107041756218,-0.9667713702043169,-1.2676887268483967,-2.1721658997614304,-1.6238518388003191,-2.6039294255925767,-0.281255392125322,-0.441678260296622,-0.6081772345405778,-0.5690725518822185,1.2235171433451002,0.06810115785141214,1.0659065198221755,-0.8261683234045077,-0.6393997489025706,-0.7126228164146055,-0.4457358032903985,-0.6173592389154049,1.1543638404363332,-0.21705844600655957,-0.20179779571955092,-0.08602139992103093,-0.5559470216936334,1.235520852819301,-0.9611786284900934,0.11715517348287725,-1.939466190853172,-1.691628509992955,-0.9172017903280579,-1.5917026879940694,-1.2844008658964081,-1.0207803276316878,-0.33197414458738617,-0.6268835905641781,-1.6620401484489802,-1.1676310019822786,-0.9236329684769536,-1.6702396508790962,-0.8343984225900698,1.4953435417030498,-1.958672318504172,-0.3601181733781879,-0.07019387157809598,0.13677111392264657,0.10764142163995442
46047,Fall River,South Dakota,-0.3012493659051031,-1.8806144449617077,-1.1359485441891257,2.2982960207443583,0.22549832613565138,0.23042189050469752,-0.5985367455371977,0.9406945447982632,0.005428517045035176,-0.002098179409074745,-0.4259958921981927,-0.10278839613866274,-0.395172160482423,0.2509387094185141,-0.25334538698116177,-0.7961992789254069,0.31406713320506363,1.0831686574674213,-0.3566795993676293,-0.28816958759687133,-0.44818117283539943,-0.6346160099084724,-1.106525010738766,-0.7191594105636812,-0.5688404219318468,5.136993439608904,-0.8302440767882624,-0.24978002228343413,-0.7093581694950498,-0.3048540051228704,-0.6206146028267093,-0.26032115511526516,-0.2288059533590202,-0.3758748899215286,-0.08602139992103093,-0.7148263078022481,-0.9654942936204886,1.24728777061868,0.5626060884404667,-1.079055164432721,-1.3420255458235562,-0.8680213898706658,-1.2831656498488382,-1.3911010575243776,-0.8369742281892919,-0.8563198613856071,-1.4400566191657438,-1.1870610581556027,-1.5379584871932652,-0.6409173135487048,-0.8113665253124961,-0.354556808206841,0.6023411937060877,-0.0535356401590872,-0.33009857035549806,-0.07008695038657356,0.7973569253629322,-0.7998200068692997
46051,Grant,South Dakota,-0.30025650754172545,-0.4344308125466459,-0.27116805538853017,0.5352791549595513,1.044825133998883,0.7130977328179896,-0.6610821145483928,-0.1037692282542246,-0.48447998605767856,-0.26988937461526824,-0.34247925924212014,-0.9287988175294786,0.2975711256896245,-0.08241107041756218,-0.7527435752373701,-1.185507608293194,-0.9306744144070601,-0.7557121294408485,-0.1921434655615739,-0.257888763569291,-0.3863870998147215,-0.4896890824833462,-0.3645950791306337,1.5045285268059112,-0.014787980951912185,0.6348088095118096,-0.7757194529662376,-0.6392957278784351,-0.6916125618304887,-0.45561659990918385,-0.6157860734395375,0.8463367160825761,-0.18083555440584853,-0.3266550695425905,-0.08602139992103093,-0.4379805090157561,1.474705737735242,-1.2446492002338605,-0.22795386452630853,-1.9553997283794766,-1.5327180717341373,-0.9335952571471879,-1.4202932223578297,-1.2083769793614798,-0.5538705807722683,0.0552635049208407,-0.1497536747285588,-1.5870434499816042,-0.7473436536736883,-0.9236329684769536,-1.240803088095796,-0.5944776153984553,1.197676092370729,-1.1421851706419928,-0.3410096854192313,-0.068744159205657,-0.7156869583703701,-1.356891524370532
46053,Gregory,South Dakota,-0.30865333623731195,-0.3602622703818444,-1.7901710701769835,1.2234393317904093,0.6445318780796377,0.30968473494101023,-0.6578185944676661,0.9631435002560002,-0.3785371927283559,0.023992902457753523,-0.5802390768557331,0.1725484109916089,-0.8823302165627858,0.9372470796692594,-0.6814009769150549,-0.016426926295444615,-1.2503358008654937,-0.9165269210790798,-1.6343528984689515,-0.28895559075431543,-0.45854831656099054,-0.6167759311262115,-0.59756017033872,0.11953341114476812,-0.6585261512878665,3.1869135158187376,-0.40770302681946896,-0.5759175124010536,-0.7004249027367766,-0.44869061047213177,-0.5381623488011342,-0.06698733370230082,-0.24987707243744126,-0.0940691663462473,-0.08602139992103093,-0.5733476998713963,-0.1802774267752859,0.4228025341135881,0.04446967731268289,-1.2782243835115292,-1.1407389906957202,-0.4417912525732615,-0.9632013139945235,-1.2443882940359194,-0.23062537140805486,0.6240767030023032,-0.5730140839375759,-1.0537335942136017,-0.5799781122967163,-0.9236329684769536,-0.8113665253124961,0.1252848061763878,0.9000086430384084,-0.59786040540054,-0.35555160034979866,-0.07005868715231166,0.5473149902811552,0.0043006183933488994
46057,Hamlin,South Dakota,-0.3028572692723431,1.9097452520996685,-1.726159087381483,-0.8997537285731444,0.5374582848794632,0.7371529637518084,-0.6632119650906176,-0.19068487461070735,-0.455167005000971,-0.7737238704672772,-0.38042011895813255,-0.9632159184207626,0.3529658771700885,0.13328584594695764,-0.8240861735596857,-1.0962255570090786,-1.4489007617325131,-0.6207365009411064,-2.42913673888462,-0.2761487430673212,-0.4114988177095713,-0.5746528446160318,-0.2780808210873137,1.7403246859651451,-0.2511129432170551,-0.1295847452977588,-0.7924872516476805,-0.6393997489025706,-0.7119589571746048,-0.4550190910421869,-0.6206905422854604,1.2797845029836319,-0.21110054353080562,0.29426738086598797,-0.08602139992103093,-0.4550253806923082,1.5999431863039626,-1.3590488374250265,-0.3392197884864605,-1.9314994220900195,-1.58568821782041,-1.0483495248811046,-1.4774297109032428,-1.253724560803367,-0.08273540633946022,0.32577401606055917,-0.2703187609880971,-1.6259306269646887,-0.5674881465223156,-0.6409173135487048,-1.240803088095796,-0.5944776153984553,1.197676092370729,-1.958672318504172,-0.3556826085924164,-0.06849361195790689,-1.685645593722977,-1.7896311379656922
46059,Hand,South Dakota,-0.31156454925559346,-0.6285003607204536,-1.3283159012542436,1.2405498919843418,-0.11279211070790363,0.7957252650037538,-0.6927909981165586,-0.2824770180488105,-0.4576348911774683,-0.4616222449766504,-0.6053142123362756,-0.7222962121817748,0.0354928590819276,-0.16084631273193314,-1.1807991651712635,0.4189163305987337,-1.7135002417492593,-0.8343948238368852,-2.8709738080630656,-0.2870115239000168,-0.4498557020267323,-0.6233585520507117,-0.6640038103852314,1.0307394748630934,0.03341587376970061,1.682259413944081,-0.8222772201633498,-0.6393500851692949,-0.7124515049819333,-0.45548159181526005,-0.6226267361722844,0.859710786897141,-0.2538418763626308,-0.37200398549104896,-0.08602139992103093,-0.5906899087082313,1.0300124913254625,-0.7463794522149058,0.3324341094812709,-1.7562305093006685,-1.5645001593859014,-0.8188409894132737,-1.4088659246487476,-1.1683644075009911,-0.253865223061691,0.22572218317326592,-0.5140141481084401,-1.5037137850178537,-0.6711548624498429,-0.9236329684769536,-1.6702396508790962,-0.8343984225900698,1.4953435417030498,-0.8700227880212664,-0.3606234908854277,-0.07042625646451668,-0.5933626046098985,-1.1921921191962543
46061,Hanson,South Dakota,-0.3107972073936319,1.2825737836405708,-0.7901778651001946,-0.7880879123292623,0.06460443651203808,0.7255075374238983,-0.6362789445927147,-0.19310603132176668,-0.4041627177587595,-0.606432013091866,-0.5960142589141075,-1.1353014228771825,1.5620404156792487,-0.3373256079392697,0.03202500630810057,-2.0281370213355747,-1.757635134419452,-1.0190890341486594,-2.3475668184209053,-0.2769220401091813,-0.40428736352899425,-0.5611850253876147,-0.26218176033459606,1.7396406323370313,0.40942331630764073,-0.11233191313911181,-0.8035610229855723,-0.6382498817713046,-0.7108013616853507,-0.45206297128330336,-0.6241645339518517,0.8869847919107909,-0.1851334152173433,-0.30208881770516566,-0.08602139992103093,-0.4440589693868974,1.8981522583191406,-1.6537084985019224,-0.4157327966975811,-1.6287622090902316,-1.3208374873890467,-0.5893324539454403,-1.1803199704670946,-1.211044484152179,-0.053157413325741205,0.3554190035827201,0.5043760485944669,-1.3009449336060614,-0.3401707694282192,-0.9236329684769536,-1.240803088095796,-0.5944776153984553,1.4953435417030498,-1.4143475532627192,-0.3508165881523295,-0.06923071036737136,1.8034958271191583,-0.27181309028117456
46065,Hughes,South Dakota,-0.2695804057776608,0.16886691593137435,0.31690922414974454,-0.31340018676366127,-0.33308034906902384,-0.011766253577646444,-0.6329313681169856,1.6027141942838192,-0.2865783756015184,-0.28940531624849897,-0.4729669382294359,-0.9632159184207626,0.7708633331961908,-0.21967274446771134,-1.1807991651712635,0.3504361717339982,-0.893841603920149,-1.4911560296746047,-0.27319356210764895,-0.22000769239933377,-0.34402618078855834,-0.49075146037649975,-0.7158990247521763,0.9405949475193339,-0.7965599641918686,2.1725723424745738,-0.8230543990460801,-0.639131833751929,-0.7106316149630315,-0.455700480648678,-0.6102465499475594,-0.04597629921877754,-0.13244139068904331,0.24380991613300254,-0.08602139992103093,-0.513345352079408,0.5657024555753364,-0.32835970542578286,-0.14358477615336482,-1.565028058985013,-1.4479658379961013,-0.7204801884984869,-1.226029161303425,-1.31240966619875,-0.4524603190109463,-0.20042451245779697,-0.9885788493427923,-1.3453874215867283,-1.0564703065901104,-0.49341349358614023,-1.240803088095796,-0.8343984225900698,1.197676092370729,-0.8700227880212664,-0.3123188802859498,-0.06631173133820609,-1.0381834162428647,-0.9951987130074126
46067,Hutchinson,South Dakota,-0.2995565277516155,0.12459524340887934,-1.5044445780376754,0.6344526760298612,-0.3589217868678037,0.6928297608206032,-0.6259871794256755,-0.13615792799296397,-0.5487511982955906,-0.6737301520426197,-0.537563358612139,-0.6878791112904907,0.24807965627523232,0.2705475199971068,-0.9667713702043169,-0.700372606737343,-0.7913705546328114,-0.7669150701789365,-0.20862223737242458,-0.27412064588398477,-0.4056596523215042,-0.5598381788494997,-0.20524026914630292,1.8560085184492057,0.3442433370695989,-0.12032321765029527,-0.8154626444104868,-0.6389605988413859,-0.7113594777611544,-0.45563736987553455,-0.6248996918333095,0.4414185374813886,-0.1603989007633467,-0.34966192718907263,-0.08602139992103093,-0.4279106787586372,1.9832380912544043,-1.7434024738250467,-0.13356920476222547,-1.4773936025903371,-1.1725210783474835,-0.42539778575413156,-1.0089105048308546,-1.1550268835474948,0.4158650473203723,-0.13372329053293502,-0.11897109951335777,-1.1398409146761443,-0.49192385358719015,-0.6409173135487048,-1.240803088095796,-0.5944776153984553,1.197676092370729,-0.8700227880212664,-0.3423759142351019,-0.06901673149565746,0.2219093757692438,-0.12326068561417954
46071,Jackson,South Dakota,-0.3111164450384938,2.4186917278389797,-1.655974048141741,-1.4035896438564157,0.020008994203291428,-2.6159168288237513,-0.599084812784258,7.88893869548916,-0.5937622579765348,-0.47888003824409636,-0.41636923906270923,2.6505796751640553,-1.224789219209669,2.466734304799491,0.6027657928866248,1.6620930311591964,0.04175418724878236,-0.5195761772539197,-0.2539388598522652,-0.2912455713376923,-0.45854302655581924,-0.5874965906105233,-0.994225941701405,-0.4797889412432966,-0.6834021027903258,4.872569803434516,-0.8138046857013915,-0.591893126781101,-0.6994777062979962,-0.4514168318903118,-0.5881321843410013,-0.2706252017786796,3.755060618407769,-0.39463139225913946,-0.08602139992103093,-0.6717883895074788,-0.7816414558709882,1.0499613100992178,0.6535504552806044,-1.1905899271168539,-1.3208374873890467,-0.6876932548602247,-1.214601863594342,-1.320412180570848,-0.32781020559598817,-0.15780984289469058,-1.2399698802669357,-1.1731727806616434,-1.0702092689419516,0.12118575625787893,1.7652528513873038,2.2845720709009174,-0.29066115429087425,2.668088186048177,-0.3678476596926336,-0.07051597022414657,-1.7097718969691376,-1.2761565218341215
46077,Kingsbury,South Dakota,-0.3064450317948731,-0.32962973287313935,-0.9586492979480143,0.7811057004826507,0.5429917895053145,0.7133095318610088,-0.6635794317277653,-0.12031088083776298,-0.42577358058938897,-0.6763483795876379,-0.5202920644271194,-1.0320501202033303,0.43039497217623884,-0.21967274446771134,-0.9667713702043169,-0.987298502156388,-1.3280138757383715,-0.8482173102405881,-1.5242661158194135,-0.2818406613222891,-0.4287891609505374,-0.5726550540614119,-0.37599812864221155,1.5668516973325541,0.5842639859038709,-0.32698428197257673,-0.8060370719084125,-0.6393997489025706,-0.7111121606182386,-0.4552655692765378,-0.6232718820604302,0.7397873214576284,-0.23924131374760513,0.2866026903249278,-0.08602139992103093,-0.48739428265180484,1.8071326189708667,-1.5465080211411215,-0.09675360256312276,-1.8119978906427348,-1.4797479256478647,-0.8844148566897957,-1.3631567338124164,-1.2443882940359194,0.04614013464888624,0.5944317154801423,-0.10614502650702375,-1.500936129519063,-0.3945021205468625,-0.6409173135487048,-1.240803088095796,-0.5944776153984553,1.4953435417030498,-1.4143475532627192,-0.3513593365860315,-0.06969358914178077,1.2043055311356632,0.6291895380251663
46079,Lake,South Dakota,-0.2834306335074929,-0.280411882072749,-1.5754954215949555,1.042962466700117,0.925512913406716,0.6302159548987638,-0.6098871162863678,-0.0853966353537506,-0.2777302117157059,0.039028108701629795,-0.506186212755526,-0.8599646157469105,0.5645230321425667,-0.6314577666181586,-0.6814009769150549,-0.3663763651829462,-0.7870076763011589,-1.413167897544693,0.5657421400655227,-0.25803607971324505,-0.37764711345595836,-0.5258051145875634,-0.18965276983427987,1.9163738725464767,-0.24647064560837253,-0.07545045930549715,-0.7972980238305634,-0.6391510598239538,-0.7100475240524052,-0.4559057627256589,-0.6238903184425271,0.7983989125438881,-0.23530037610224525,-0.08229268236705131,-0.08602139992103093,-0.4001655934527531,1.7753862644867275,-1.5533030430759465,-0.3116378729230551,-1.716396665484907,-1.4055897211270834,-0.8188409894132737,-1.294592947557921,-1.1883706934312355,0.34825820614615766,0.01635445879800468,0.5146369069995342,-1.4203841200541034,-0.32268481734405785,-0.6409173135487047,-1.240803088095796,-0.8343984225900698,1.197676092370729,-0.8700227880212664,-0.3304167332304268,-0.06623545725486246,-1.389442473988176,-1.4683058278707783
46081,Lawrence,South Dakota,-0.24521876605324894,-0.4334742298049128,-0.8174234691890148,0.8064426776739803,0.030192215365845813,0.5751981509110812,-0.6353153911616075,0.12415954861939131,-0.14086312490929864,-0.2488970827437456,-0.4519232195860222,-0.3609166528232928,-0.12492539892283608,0.01563298247540123,-0.8954287718820013,0.851646482709634,0.6811304945964514,1.0142869620888757,-0.12356642287180027,-0.24782681994398528,-0.3661938258063922,-0.5075734404971024,-0.88060284993628,-0.7794285515842794,-0.6858872875172317,0.6253758094961055,-0.7725910886379016,4.110598927442044,-0.638337982034148,0.025887657233169825,-0.6015032234163389,-0.25821287488898503,-0.1323127718306682,-0.4216421364189177,-0.08602139992103093,-0.5764927739036064,-1.0777987496055135,1.2967493797455192,-0.14417305135031638,-1.254324077222072,-1.8717270066862823,-2.0319575340289573,-1.854530535302971,-1.0710004826404687,-0.3616136261830955,-0.050346763126857264,-0.7474486768237161,-1.7231485694223976,-0.8072954893908126,-0.6726716081239792,-1.240803088095796,-0.8343984225900698,0.6023411937060877,-0.59786040540054,-0.25753871940851014,-0.06413227274377077,-0.9281259097600817,-1.3988737256894654
46083,Lincoln,South Dakota,-0.14187949026145433,1.04155416123128,0.9707852304100646,-1.4430317962545272,-0.23013845429991156,0.6035553377253804,-0.5517356408340424,-0.22224483332065936,-0.014087039446036476,-0.4318845789867655,-0.5286460970763346,-1.840851991148504,2.094502729475976,-0.9648075464542345,-1.252141763493579,-0.6329368568925067,-1.0070832142211141,-1.01743331976686,-0.45734589764262806,-0.14859369580096599,-0.08867287565432737,-0.3599273917831027,0.09868609727605722,2.2709703969232544,-0.32000525502021393,-0.4362113999902301,-0.7599538147461319,-0.6387810594718966,-0.7032269259606798,-0.45610875992396976,-0.618143780730152,-0.17357157570801207,-0.2185543029138963,-0.39435824425474963,-0.08602139992103093,-0.1547991429682254,2.091257733952501,-1.966332657794127,-0.3095379538655821,-1.4773936025903371,-1.1407389906957202,-0.5073651198497859,-1.066046993376268,-1.1150143116870062,0.8912256493265691,-0.009584905283886225,-0.06766680748802258,-1.159284503167686,-0.2783454388449342,-0.7238882122776474,-1.6702396508790962,-1.3142400369732985,1.197676092370729,-1.958672318504172,-0.21089978503660045,-0.04876566623607575,-0.33833152562139396,1.2831430585700914
46085,Lyman,South Dakota,-0.3098365656733137,1.3227144120946566,-1.4188448523350563,-0.511981478985723,0.7993956019388602,-1.783984720497698,-0.6366001423466813,5.759210314344975,-0.46580619698248926,-0.4143695866412231,-0.5178073524065354,1.1362272359475603,-0.5428914977636602,0.9960735114050353,0.10336760463041615,0.5654000539337655,-0.9863524901083521,-0.400781709795955,-1.879426405324812,-0.28540282676345313,-0.44538854471652795,-0.5792595223797317,-0.9492779479605848,0.2705959251698206,-0.7142806476634831,3.558343915349239,-0.815901670514543,-0.6262417408597424,-0.7125800716082722,-0.4490438773829304,-0.5420399472340879,0.08330049853886026,-0.22268643200460897,-0.056058018192728994,-0.08602139992103093,-0.6515350608553803,-0.05676549269737209,0.3364777004930223,0.5310030512776449,-1.4056926837219665,-1.3102434581717928,-0.5729389871263104,-1.0889015887944329,-1.301739647035953,-0.14400410615359238,0.2498087355350218,-0.8911006944946551,-1.195394024651978,-0.7848135509968911,-0.9236329684769536,0.04750660025410388,0.845047227751231,0.3046737443737671,0.2186267424616392,-0.36412328250964404,-0.07042636210927496,-1.1034622692821536,-0.7755995061083761
46087,McCook,South Dakota,-0.3045501074258307,0.6391031608729737,-0.8358713375833479,-0.17251473674183138,-0.04490391572893472,0.7074219915129127,-0.6473941736614056,-0.10675287038284718,-0.5438539883153048,-0.47969621091044923,-0.39600860789350106,-0.9115902670838365,0.467668020570157,0.09406822478977217,-1.0381139685266323,-0.5434285246200931,-1.6903467561594376,-1.374739536417075,-1.8332443292665275,-0.27818042726133824,-0.4079390393880533,-0.5600895561151401,-0.17462593881902336,1.8926764578647204,0.4644235435393668,-0.3402237384105215,-0.8133285175738352,-0.6389037848537882,-0.7100551943892364,-0.4556037351350011,-0.6244574817197022,0.5183103761744009,-0.24188377578244624,-0.3043179579971849,-0.08602139992103093,-0.42119674329122064,2.0737219926272714,-1.8342714430444196,-0.3104166434002694,-1.5729948277481651,-1.2360852536510107,-0.5729389871263104,-1.1346107796307632,-1.2550583131987165,0.39262519566673615,-0.13372329053293502,0.2606806614741241,-1.245391823630228,-0.45320495968654706,-0.6409173135487048,-1.240803088095796,-0.5944776153984553,1.197676092370729,-1.1421851706419928,-0.3537549158796128,-0.0688639152368764,-1.7487270393398295,-2.178773850191191
46091,Marshall,South Dakota,-0.3064567469378038,-0.0835913393966747,-0.5840474584603955,0.3678769888794649,1.451422995036116,0.19937964180678905,-0.6511966947747518,1.1380428400137212,-0.5319367169680247,-0.8388121841029915,-0.12413529639238959,-0.46416795549714485,0.23208588044506118,0.8588118373548884,-0.5387157802704237,-0.27901650199399913,-2.0574059873059958,-1.758243573167355,-2.298735845626302,-0.2799426053556244,-0.4456840483335313,-0.6073709507730927,-0.5159414226076787,0.8873395946416603,-0.16240285002765345,1.3959237213186517,-0.7352204614517941,-0.6390766912415887,-0.6966559556430125,-0.454696921046196,-0.6234819642183029,1.2153095824811604,-0.0838786545651311,0.1927808243451511,-0.08602139992103093,-0.5421260542994313,0.8002123265687899,-0.5439295348225709,-0.08052018573584847,-2.162535716221437,-1.7657867145137371,-1.0811364585193668,-1.6602664742485655,-1.1470243691753972,-1.0419074654986298,0.16643220812894438,0.09394171239178405,-1.8037005788873557,-0.7660786023352899,-0.6409173135487048,-1.240803088095796,-0.8343984225900698,1.4953435417030498,-1.1421851706419928,-0.3563750807319672,-0.069723981405731,-0.534700556512608,-0.5931384003760887
46093,Meade,South Dakota,-0.2379319471503472,0.7180902025592928,0.11946669203548255,-0.7210591101815284,0.8995797135010324,0.45431093619134966,-0.5343464586450085,0.3060894722733809,-0.08637926260449028,-0.017484597467987962,-0.3894474646049649,-0.9976330193120466,0.29235427177077045,-0.3373256079392697,-0.6100583785927393,-0.33633461434874456,0.3351889942579253,1.1198097615585825,-0.5762793582689416,-0.27909411175475884,-0.4489627543214314,-0.6191115260896265,-1.056663334309567,-0.5577197296432088,-0.19050435523201636,4.549602328546825,-0.8237795791823779,-0.40740994558881577,-0.6924120479421377,-0.2940757122413218,-0.5831438700413805,-0.02285381840351115,-0.07199323709933389,-0.3793036950943487,-0.08602139992103093,-0.6942398008908022,-0.6353453610185942,0.9174221971599048,1.8535424988042697,-1.3578920711430524,-1.4797479256478647,-1.0155625912428423,-1.3745840315214992,-1.288402123082457,-0.3616136261830955,-0.41164504855319356,-1.1835351590390668,-1.3676086655770612,-1.1370305858349965,-0.29879039780220085,-1.240803088095796,-1.0743192297816841,0.6023411937060877,-1.4143475532627192,-0.27799472072010617,-0.0691880073430626,-1.6952849318557934,-1.8622926402484614
46099,Minnehaha,South Dakota,0.24473779916637808,0.9325264947624023,0.8287483748571726,-1.2718498664076832,0.234377796184113,0.14247343584934996,-0.22489093934993099,0.12610937669670888,0.25251951524409644,0.0045865561074345095,-0.33249631283847014,-0.9976330193120466,0.5107070654007033,-0.16084631273193314,-1.0381139685266323,1.0383507853214506,-0.1958075450917335,-1.01840385639079,0.11919604598837494,0.17204662985060407,0.2089185918779211,-0.003331116109520343,0.31581843473998744,1.7930108853088136,0.10154466262435984,-0.3374936142888225,-0.7698383400873537,-0.6392239679952643,-0.7056377516292931,-0.45570854381909626,-0.6212022450816921,0.13761650176861925,-0.11329232072489696,-0.303312333115759,-0.08602139992103093,0.18375504959655797,1.8113915605401867,-1.8404058793897011,-0.1339862099651278,-1.5331609839324034,-1.1619270491302287,-0.5565455203071782,-1.0889015887944329,-1.1496918739660964,0.49403545742805816,-0.1503985960141505,0.24785458846779007,-1.1981716801507696,-0.3826366530611822,-0.02734239578775903,-1.240803088095796,-1.0743192297816841,0.9000086430384084,-1.1421851706419928,0.2803998402430951,-0.021239277141119783,-0.8285490478151107,-0.47365059662220077
46101,Moody,South Dakota,-0.30165060955047995,0.41582505541664355,-0.6767257673323344,-0.04607023554016899,0.06199723303970923,-0.2461849111760866,-0.5815552981851444,1.9111508203336225,0.20082258618708893,-0.47274980704942554,-0.37326113091800706,-0.9976330193120466,0.36429194159917966,0.4862444363616264,-0.6100583785927393,0.025242988723601385,-1.5533030723638166,-1.3791211696556014,-1.729580136232244,-0.2693618443515794,-0.38913280068693434,-0.5818373554514299,-0.1703806768566972,2.016247223295659,0.3677789158764367,-0.4233153013970039,-0.7994745197064527,-0.6393997489025706,-0.7081407098001504,-0.4557622312553039,-0.6233721365957217,0.35109671616954263,-0.23099888136285912,-0.3568732059258671,-0.08602139992103093,-0.4200222706372965,2.151662689098694,-1.9105540777804821,-0.3521246102119956,-1.740296971774364,-1.3949956919098287,-0.8024475225941413,-1.294592947557921,-1.1283518356405025,0.40952690596028984,-0.17448514837590606,0.6967671436894746,-1.4231617755528956,-0.29645588921781585,-0.6409173135487048,-0.8113665253124961,-0.354556808206841,0.6023411937060877,-0.8700227880212664,-0.3524822643798977,-0.06824839044383514,-1.7683175905317097,-2.0463684460314773
46103,Pennington,South Dakota,0.012312292206820539,0.17052354599728614,-0.19384282112323847,-0.0605629060676693,0.1100853924416543,0.019312377849028253,-0.5583297091038175,1.4259625734646388,0.014304433304167738,0.3037078276855388,-0.31533738924599614,-0.4297508546058609,0.2194556025362565,0.2117210882613286,-0.7527435752373701,0.3655432785481187,0.39752383507231637,0.18144711847307424,0.4883749604795972,-0.20797910526404,-0.2958893453643638,-0.5093554894900969,-0.9382523062192246,-0.5150332444752945,-0.6292931583423544,3.0380504996065363,-0.8201165735773287,1.0108015163495148,-0.6342179189433811,-0.26142446521654883,-0.6006071607951833,-0.16778968839262787,3.586760359815401,-0.3877806321057542,-0.08602139992103093,-0.5633229180278869,-0.7918604195189672,1.0130682913354443,1.3335295642634244,-1.222457002169463,-1.4903419548651193,-1.1958907262532834,-1.4317205200669125,-1.31240966619875,-0.45668574658433464,-0.17263233665577105,-1.2553611678745362,-1.367608665577062,-1.1132996508636346,-0.4626835310939393,-1.240803088095796,-0.354556808206841,0.9000086430384084,-0.59786040540054,0.10759996823031734,-0.06234186726904534,-0.7867029963849868,-1.0452544145799871
46105,Perkins,South Dakota,-0.3125193334044463,-0.979524860596213,-1.360041487842758,1.5797418655279658,0.08209062046529127,0.6401646265692512,-0.6492807861032889,0.06662396570642802,-0.5291520142567772,-0.4187029011179434,-0.5792503243902027,0.00046290653518882833,-0.392838304781883,0.9176382690906666,-0.9667713702043169,-0.14275356246972457,-1.3724152756343284,-1.0529721794007902,-1.663933199296452,-0.2937993653031163,-0.47903325363924576,-0.6620588360727248,-1.064429167931151,-0.3167293119389217,-0.1596899645623614,4.477601159548236,-0.8285282155917789,-0.6382118035386795,-0.7111344793901436,-0.32384744013862277,-0.6110437773863869,-0.2947059963612692,-0.21959081967909774,-0.3786055956848031,-0.08602139992103093,-0.7232494732383803,-0.3841170201220034,0.6856971753612381,1.4120159006668513,-1.6526625153796883,-1.6492523931239371,-1.179497259434151,-1.5917026879940694,-1.3310821997336448,-0.9552862002441673,-0.4320259774746791,-0.883405050690855,-1.5953764164779796,-1.2663017316000458,-0.6409173135487048,-1.240803088095796,-0.354556808206841,0.6023411937060877,-0.8700227880212664,-0.3617464186792939,-0.07068240158377954,-2.8223675723768418,-3.583562894324733
46109,Roberts,South Dakota,-0.29046850562311705,1.1568250772773496,-1.9781977210846031,-0.08058328081257986,0.37131300992802124,-1.6692655345089988,-0.6235545476473453,5.52806311441729,-0.46572604925403244,-0.49141567772848943,-0.42770432116949986,0.8780989792629307,-0.45537190899341046,1.4078585335554845,-0.1820027886588462,0.6361809890492531,-0.8682954676686511,-1.209675329697373,-0.7370837733681056,-0.2796494587240275,-0.40715378308165523,-0.5392718379804136,-0.4151079833243528,1.2471378594559939,-0.10674441803342109,0.5345712366926125,-0.7399311828584446,-0.6392108045500746,-0.6524958812182903,-0.4552351081472229,-0.6155273233067556,2.521782274297275,-0.15827986672919192,-0.05531955958931512,-0.08602139992103093,-0.47960430279714733,1.179663447849684,-0.9398325513550823,0.10567263736009881,-2.011167109721543,-1.543312100951392,-0.9499887239663202,-1.466002413194161,-1.1376881024079497,-0.7482402491481353,0.038588199439625215,0.0169852743537808,-1.6231529714658963,-0.7367271827654475,-0.6409173135487048,0.04750660025410388,1.0849680349428452,0.007006295041446424,-0.0535356401590872,-0.3368174216554642,-0.06897501953663247,-1.250403716151277,-1.3940296255372806
46115,Spink,South Dakota,-0.3022363666970155,-0.3110898349806232,-0.3856779096977873,0.47867542258065615,0.07878533891348342,0.6303722750352543,-0.6545740758924918,0.055081337386451726,-0.5891531102816132,-0.4612672983588834,-0.4576025885478621,-0.5157936068340706,-0.07248228847540798,-0.003975828103191509,-0.7527435752373701,-0.33073714243910174,-1.6369220392973525,-1.3548138058285082,-1.8158517813241084,-0.2803067509487772,-0.43537178753862005,-0.5988196871847065,-0.318715830852014,1.8414938661053004,0.5901837348858722,-0.3383628782040331,-0.8191407946051685,-0.6393523794366134,-0.71218478354132,-0.4557466519101706,-0.6211868238758548,0.8101164280751043,-0.2219415182685796,-0.3379443347761063,-0.08602139992103093,-0.48244878381046175,2.0802308836872516,-1.814155004024891,0.38437359680706806,-1.8757320407479534,-1.4903419548651193,-0.6876932548602247,-1.3631567338124164,-1.2097107317568294,-0.6616189838936728,0.2683368527363723,-0.46527507068437146,-1.4926031630226877,-0.7848135509968911,-0.6409173135487048,-1.240803088095796,-0.5944776153984553,1.4953435417030498,-1.1421851706419928,-0.3473916583810376,-0.07000637295590875,2.238292194390104,2.3165510910361453
46117,Stanley,South Dakota,-0.31183692632873244,0.01328606226398058,-0.19364726368077095,0.08419955141995134,0.432307572840012,0.3399422561402372,-0.6154865781574108,0.9569637146300224,-0.4620176798001254,-0.3207949274848556,-0.5305118551254043,-1.1697185237684664,1.012486041016802,-0.14123750215334038,-1.0381139685266323,-0.8891942097662489,-1.509265822120008,-2.2456304787367825,0.716790895373795,-0.280907709102018,-0.4433451129347023,-0.5922897365205787,-1.0312681124156775,-0.04526788617745273,-0.7969853556225955,4.299746109414554,-0.829676054455541,-0.6377497296259417,-0.7126523914309879,-0.45386784583010464,-0.59537020370318,-0.22953148704775636,-0.25379677661680117,0.015983541171026506,-0.08602139992103093,-0.6767900946921609,-0.4051956614840325,0.6861322308880357,0.3897648783588784,-1.4773936025903371,-1.384401662692574,-0.704086721679357,-1.226029161303425,-1.3257471901522462,-0.26442879199516184,-0.35791350866927674,-1.2066220904504676,-1.2953896226084776,-1.1132996508636346,-0.6409173135487048,-1.6702396508790962,-1.3142400369732985,1.7930109910353704,-1.6865099358834457,-0.36416071343610623,-0.07046260433917514,-1.0183415349889524,-1.1615128182324184
46121,Todd,South Dakota,-0.2911040521271081,4.335705091827113,-2.612627043073552,-2.693266911623094,-0.7432979345221976,-4.868240363846537,-0.655340415869149,12.354536719808147,0.1992793736993789,-0.5234309399243793,-0.4034967954338478,4.973733985325724,-1.490025055294567,1.4078585335554845,1.1021639811428334,3.443824748630255,1.3999064740984053,1.2893677375769883,-0.01781540587835904,-0.2909853703204705,-0.45290409166552886,-0.5728429850583946,-1.0339355709418043,-0.5786297906700996,-0.701162571351112,5.036542241777911,-0.7763425353178158,-0.6223763970610421,-0.3772779950123177,-0.44037940208612947,-0.5370447310703081,0.5031919266436387,-0.24165379637892315,-0.40589794972207593,-0.08602139992103093,-0.6758143570025249,-0.8869990133115944,1.1541302749084263,0.29560361423920756,-1.1587228520642443,-1.3102434581717928,-0.6712997880410948,-1.157465375048929,-1.232384522477773,0.05670370358235742,-0.13928172569334007,-0.570448869336309,-1.1426185701749352,-0.746094657096248,-0.6409173135487048,3.912435665303804,4.203938528433833,-0.8859960529555155,4.028900099151809,-0.35920111567986385,-0.06935885168062948,-1.719881490903976,-0.12326068561417954
46123,Tripp,South Dakota,-0.30497478135706896,-0.05441599245708187,-1.1680498633440763,0.6318417761244488,0.05842997814417913,-0.20312123217087497,-0.6516090455946679,2.1654210701210808,-0.47569180920643267,-0.6913376885136749,-0.5119793920817066,0.7404305756977946,-0.35824232616211366,1.1529439960337788,-1.0381139685266323,-0.5695744948129838,-1.0923462255281962,-0.9999085102656067,-0.7880276247932456,-0.284068718895776,-0.44767397074466314,-0.543274565424454,-0.6845942577725046,0.36156860419823855,-0.553277450566992,3.432816605496498,-0.8181434548240201,-0.6384710215514005,-0.712221995429592,-0.4507357326071326,-0.5273119773781227,0.21901445719048349,-0.22186267388350675,-0.3903136005421101,-0.08602139992103093,-0.5674731073506573,0.10566001943806423,0.14227190999517914,0.46431200489917324,-1.222457002169463,-1.1725210783474835,-0.49097165303065604,-1.0089105048308546,-1.3150771709894493,-0.28766864364879835,0.19978281909137535,-0.9321441281149234,-1.062066560709977,-0.8603778439320166,-0.9236329684769536,-0.38192996252919614,0.1252848061763878,0.6023411937060877,-0.3256980227798136,-0.3513593365860315,-0.07018596365053344,-0.020403317439507136,-0.3541627928683135
46125,Turner,South Dakota,-0.29635536494579895,-0.22307464017224743,-0.2851240455518078,0.347511135267423,0.044186074771193025,0.7357054906465584,-0.6603467607149369,-0.16549891593634164,-0.5042837864688212,-0.5038371654060567,-0.5127409276753117,-0.7567133130730604,0.5580706075587208,-0.21967274446771134,-0.9667713702043169,-0.8244341648696266,-0.7609138142793455,-0.44747240447342645,-0.6474779498087772,-0.2742032351615221,-0.41820270423221906,-0.5715514905296194,-0.09564748132086878,2.2074530026623798,0.029300148872223864,-0.4201215257871632,-0.8001423849699564,-0.639283939233273,-0.7058926246050945,-0.4561152157336782,-0.6213124549443731,0.1696062314200977,-0.235965900839176,-0.4042050977877832,-0.08602139992103093,-0.40587591271135853,2.186772272437729,-1.9507957971726557,-0.2800720683676352,-1.469426833827185,-1.119550932261211,-0.4581847193923938,-1.0203378025399368,-1.1910381982219347,0.5510787296688017,-0.2560088640618488,-0.30623176540583197,-1.1315079481797683,-0.5556226790366344,-0.5548734185705422,-1.240803088095796,-0.5944776153984553,0.9000086430384084,-0.8700227880212664,-0.3404669369855293,-0.06804979157911056,1.6944466681562085,2.006528681296329
46127,Union,South Dakota,-0.2742488902355488,0.12834368235144683,0.21154683693939752,-0.22359459448926738,0.2294027060515948,0.6080027757158926,-0.5819444555082227,-0.17985766828546654,-0.00039189671371283913,-0.13370785150063452,-0.43560746506232395,-1.4106382300074543,1.9349081852478736,-0.7098930089325312,-0.7527435752373701,0.2989023488350463,-1.793597830599667,-1.8727437246954184,-1.7493874016870083,-0.20228968563233674,-0.18248262473882948,-0.34352707987253933,-0.26534722423888213,2.2122455491509156,-0.4797519498459224,-0.34815829326721803,-0.7639327798073753,-0.6366435536507653,-0.7000605146994276,-0.45608483298262664,-0.5555862782043025,0.4407151484824162,-0.12612467943679004,-0.3082465518826823,-0.08602139992103093,-0.2877554584546393,1.9611528052641827,-1.7824403118124783,-0.39213477012619025,-1.3897591461956618,-1.0136106400886655,-0.42539778575413156,-0.9632013139945235,-1.1536931311521452,0.27220050982516636,-0.4320259774746791,-0.26518833178556367,-1.0565112497123939,-0.6699058658724026,-0.6409173135487048,-1.240803088095796,-1.0743192297816841,1.197676092370729,-1.1421851706419928,-0.3156315172778551,-0.06375418823912532,-0.9239796801422949,-0.9435283113841099
46129,Walworth,South Dakota,-0.304992354071465,-0.23274124144247862,-1.353453473842348,0.8884636333699129,0.04186178321705761,-0.20900627591484938,-0.6440640015817799,1.9876303959246202,0.09764007570134124,-0.4697189318024129,-0.5276332035718054,0.10371420920904087,-0.29172743869672385,0.5058532469402192,0.5314231945643092,-0.28236606881284876,-0.7965743260942378,-1.019787888109282,-0.17789910348778698,-0.27366511804346333,-0.422654994139389,-0.5529855915895117,-0.615958894676054,0.7775612824811978,-0.6581099479994847,2.420390561961411,-0.8299137692576681,-0.6393997489025706,-0.7125559271097857,-0.4515950167172953,-0.6221178635992403,0.3283759122211398,-0.25161445484523143,0.10446425132385659,-0.08602139992103093,-0.542422067548457,0.4678218862339332,-0.22064479365813489,-0.1854640129591401,-1.8199646594058871,-1.691628509992955,-0.9499887239663202,-1.5688480925759045,-1.27773210391966,-1.289094978541852,-0.11890079677185456,-0.7038400286021811,-1.6203753159671048,-1.1907374386649203,-0.6409173135487048,-1.240803088095796,-0.354556808206841,1.197676092370729,-0.59786040540054,-0.3486455944175215,-0.06936286433607992,1.8085527978215572,1.2266285567946038
46135,Yankton,South Dakota,-0.2540929868232619,-0.14231645820264602,0.22849860943615521,0.017317070249184524,0.921765836490009,0.454045939131687,-0.5404322610251229,0.21068803040313044,-0.28756990842209895,-0.346407422683653,-0.3355487918877647,-0.7567133130730604,0.35324044842897556,-0.14123750215334038,-1.1094565668489478,0.7947636320574702,-1.1568565472176067,-1.3267408977318391,-1.2675711541657848,-0.2115285808783187,-0.30740891745307874,-0.4318137892179053,-0.14502124431184193,1.532698256024617,0.48458172501284563,-0.043708804449431995,-0.7028467958970841,-0.6259613708700332,-0.6926007398136074,-0.45467754814232425,-0.5584574767973698,0.24497319717665197,-0.10476394364721862,-0.18411026749249385,-0.08602139992103093,-0.3248105890086152,1.7283995649595867,-1.540154822629008,-0.34363557572433834,-1.3897591461956618,-1.0665807861749381,-0.4090043189350016,-0.9289194208672759,-1.1190155688730552,0.48558460228128114,-0.3634719438296821,-0.5884053715451765,-1.0592889052111856,-0.6461749309010412,-0.47292685192467293,-1.240803088095796,-0.5944776153984553,1.7930109910353704,-0.59786040540054,-0.28364679061589937,-0.06192229313346442,-0.042687460067870386,0.04305341961082625
46137,Ziebach,South Dakota,-0.3128385710493082,1.9474507387851345,0.3879385374744489,-1.9873488641269144,-0.10270994146656039,-3.737347782084557,-0.6341154644049821,10.223808208963424,-0.48477530440525046,-0.5476624270270132,-0.4179690018795941,5.71370165448833,-1.5248269623585016,1.603946639341412,0.5314231945643092,1.8084609301548467,1.5932857732193784,0.32441707410441467,1.5175924897058153,-0.29452587004312636,-0.47659627299228147,-0.663581022273194,-1.1301338576821778,-0.42861715246410703,-0.663109982982671,5.173209073012533,-0.820779788676978,-0.6380205898722751,-0.70666054442887,-0.449323599127807,-0.5864867640736313,-0.12511689763472095,-0.1773915606733395,-0.3684130005619584,-0.08602139992103093,-0.7410890753350755,-0.7220745349326548,1.0219684867709955,0.7274869670595066,-1.5570612902218604,-1.4903419548651193,-0.8844148566897957,-1.3745840315214992,-1.2683958371522126,-0.33414834695607065,-0.5116968814404864,-0.9347093427161901,-1.4176064645553126,-1.092691207335873,-0.9236329684769536,2.624125976953904,3.0043344924757602,-0.588328603623195,2.668088186048177,-0.37351844505165793,-0.07059722655728702,-1.7613269076443114,1.7982323747523898
47001,Anderson,Tennessee,-0.0954582363985152,-0.35554142098980956,0.34010297901940617,0.1581761599191037,-0.5962237345652842,0.46911531055190286,-0.35685807467193337,-0.2563952843699908,-0.015081190186631755,-0.28634702890829616,-0.4748569760851238,0.13813131010032487,-0.32598020324288435,0.0548506036325867,-0.25334538698116177,0.4540443649397607,-0.12034355622099188,-0.7076129063352108,0.37126397616746615,0.15000633490959706,0.3303881701238832,0.6230285539368625,0.7541458597892194,-0.822089306362992,0.21807049102722148,-0.44287337284345024,2.1382162890660954,-0.5881646309080842,0.11985044020091273,-0.3443935109120281,-0.5879359478834255,-0.39441568980983616,-0.11033503945155532,-0.23769442508938177,-0.08602139992103093,0.550464059903927,-0.7107764715914493,0.4533783337846879,-0.48319828131001447,0.49836505067143877,0.5331176256304956,0.16476701973457913,0.4652108996408083,2.4967871749197657,0.31022935798566204,0.8223275570567543,0.891723453385749,0.4545333416302812,1.7550209892275317,-0.26806043530999984,0.04750660025410388,0.6051264205596165,-1.481330951620157,0.4907891250823656,-0.027338521665938226,-0.02418507747255385,0.44631241662384885,0.24004682579966768
47003,Bedford,Tennessee,-0.17531157939996855,0.7923978305013366,0.5503972050704207,-1.0041282635818876,-0.3324248632379838,0.1717703362829453,-0.05280355351749398,-0.1824276570989098,-0.2169832430050773,0.12156678045029626,0.2373015262954332,-0.10278839613866274,-0.35577118483213016,0.6431149209903683,-0.1820027886588462,0.376511486078413,0.14822120445043982,-0.197230491260049,0.3981381420495318,-0.14504235177701247,-0.18741534262055026,-0.03050592183688181,0.23450479470079633,-0.603096797867906,3.222096521120989,-0.46742134858820966,0.0722272021839842,-0.3478893575011249,0.9266174349523073,-0.411556618950943,-0.609003526573876,-0.39458554276409236,-0.19788612824117963,-0.4047899820189273,-0.08602139992103093,-0.033381059114976866,0.8641252031508783,-0.8257089069266074,-0.38643073467220307,0.6417668884081803,0.5754937424995136,0.4270624888406746,0.568056579022552,1.8765923110821918,0.31656749934574485,0.8964400258621563,0.2760719490817244,0.5850831500734908,1.3416031220948617,-0.08368066035679413,0.47694316303740386,0.845047227751231,-1.1836635022878363,-0.0535356401590872,-0.20425579558955873,-0.04898363069608244,0.42529080213370185,1.3913279619688812
47005,Benton,Tennessee,-0.2735811270884983,-0.9713423507541338,-0.07783406105872948,0.9336416270797635,-0.513539298217336,0.6215770016894824,-0.4981252222663951,-0.23070390118368894,-0.3934201817521275,-0.540888150500969,-0.5096167561871313,0.5339279703500905,-0.9198091934008692,0.34898276231147773,0.388737997919678,-0.674509688700425,-0.18969424980014937,0.15348003499049903,-0.1864024740919875,-0.24225378590865815,-0.3891231048030176,-0.5140757964646684,0.1190512512822488,-0.6076907657619167,-0.12986095024808403,-0.42418940366691454,1.5192517336564348,-0.2471383049932778,0.7014542769744895,-0.3504953226465243,-0.11972144117734457,-0.25848719989915925,0.040035808867882765,0.36231342542444833,-0.08602139992103093,-0.31218265194464684,-0.6571078966438858,0.77363356106618,-0.4150477167213842,0.578032738302962,0.5437116548477495,0.509029822936329,0.5109200904771388,1.2737362283841636,-0.1186515407132617,0.5870204685996022,0.7095932166958085,0.5545289395867816,0.9319322446945129,-0.442196889432472,0.9063797258207039,1.8047304565176885,-1.1836635022878363,1.3072762729445448,-0.2886063883721418,-0.06314165543531784,0.6224684500637998,-0.22014268865787237
47007,Bledsoe,Tennessee,-0.2767910762515129,-1.6285398444790273,3.239650423499312,-0.11306067272153825,4.284981766585566,0.31266308235460355,-0.15627999330028627,-0.24707444020744737,-0.5230028765182937,-0.5458456401732438,-0.49847167472716614,2.2031573635773642,-0.8918029249943893,0.9372470796692594,1.1021639811428334,-0.2770665920654348,-0.055633239244419916,0.4399302549276074,-0.5343354614462795,-0.26576798457128725,-0.3812266940324708,-0.45194241235575827,-0.13981622038063848,-0.7796666892877083,1.1204866764859722,-0.3552981632329166,1.633282281399917,-0.06120475840056706,0.3184392948141182,-0.29239826117151096,-0.6089189001317014,-0.40052311791056255,-0.14460333309660864,-0.4051110529072008,-0.08602139992103093,-0.3638810714012202,-0.2606764879005281,0.4105345556919914,-0.4370894203033712,0.5222653569608955,0.480147479544223,0.05001275200066485,0.43092900651355986,2.215365419500996,0.37994891294657085,0.418414602067312,1.035375471056688,0.4212014756447821,1.542691571062717,-0.4319535686017383,0.9063797258207039,1.5648096493260741,-1.1836635022878363,1.8516010381859975,-0.31639885127033035,-0.06314150303280974,0.1409597139068047,0.36276402965501187
47009,Blount,Tennessee,0.06887593106202203,-0.5398757478952178,0.6419263501079999,0.17768645786787954,-0.6606348774040967,0.5762732964842007,-0.46454788755000864,-0.2659465288682195,-0.22671238887840509,-0.1424443044074371,-0.44218948899710087,-0.6878791112904907,0.2502762263463288,-0.04319344926037889,-0.5387157802704237,-0.4698612521410781,-0.40103220364935865,-0.6643719877828625,0.4859652859469032,0.02809304447346719,0.20778823556409665,0.38645942852349874,0.9110539386692003,-0.777938381012505,0.9480303562979581,-0.4881419660027825,0.6281532388191988,0.0064833156809239855,2.327360686630963,-0.42671131331950973,-0.5988212990574404,-0.3913299748704076,-0.21369410770726296,-0.30284838741832354,-0.08602139992103093,0.4493800334272935,-0.3370086128797676,0.13363469582527907,-0.3180120953102784,0.5939662758292663,0.5754937424995136,0.09919315245805703,0.5109200904771388,1.8365797392217036,0.6588271327902061,0.7982410046949988,0.5838977012337369,0.49897582961094794,1.4658782815501512,-0.36537198320196956,0.04750660025410388,0.6051264205596165,-0.588328603623195,-0.3256980227798136,0.21635552506625924,-0.02175369083250815,0.7284412962772391,0.6453365385324485
47011,Bradley,Tennessee,-0.004279278968797771,0.24039317285971232,0.6352387054922746,-0.5378296226537155,-0.628906601040955,0.40241475687279815,-0.29584790836019575,-0.22787174568003776,-0.1311524666247619,0.08153452371482488,-0.2257517193445848,0.00046290653518882833,-0.21882876946220994,0.4274180046258487,-0.32468798530347687,0.7488576686342244,0.008552280758864371,-0.44440767873129555,0.12721156272366577,0.2051895523628072,0.22106612138605986,0.8520581482622136,1.5454031908250265,-0.778217923946734,1.57933079103294,-0.3630447103541458,0.7037633161837594,-0.1414294762442793,0.24477749116482395,-0.34640433675588933,-0.5711420566989913,-0.34993403564366665,-0.09968910242992873,-0.3527957941395824,-0.08602139992103093,0.8235297204839105,-0.051630015291122607,-0.30534906677087065,-0.4931096014004282,0.7055010385133993,0.7449982099755862,0.5418167565745913,0.728038746949709,2.0273063317566993,0.2341716616646707,-0.042935516246317196,0.9173755993984165,0.7100776475191164,1.2273199352590944,-0.2168438311563316,0.47694316303740386,0.36520561336800217,-1.481330951620157,0.4907891250823656,0.045333622060436306,-0.0026627077298887994,0.47764942535576627,0.9036885466489618
47013,Campbell,Tennessee,-0.20422162336722863,-0.4857719868255046,0.43336553578308723,0.23170866442478255,-0.41706567337562417,0.7820947578795515,-0.661181199111155,-0.26817785550941975,-0.499974719054213,-0.4158770066387605,-0.5905062533363692,1.2738956395126944,-0.9075907723803951,0.2117210882613286,0.4600805962419936,0.43302735467226966,-0.21972578051590538,-0.22594683814471012,-0.3972587104250052,-0.18094087490980124,-0.16907152934124106,-0.024303783357707286,0.09056533164714427,-0.8211373595388318,-0.19840072103341583,-0.41283679370657383,2.51262807273418,-0.6023574769449043,0.5219602378505679,-0.28236376693251153,-0.6152340621503081,-0.39689102495457734,-0.0547905122024896,-0.13989884154983173,-0.08602139992103093,-0.07248556588113514,-0.8982860481591922,0.9046268970213147,-0.36900587440806465,0.36292998169784907,0.31064301206815037,-0.22867618392456057,0.2138103500409896,2.3367368874778114,0.33980735099938103,1.2132708300052513,0.5248977654046011,0.22121027973177976,1.7312900542561702,-0.5804817206473762,0.47694316303740386,2.044651263709303,-1.1836635022878363,1.579438655565271,-0.18119834488883935,-0.05415800849697824,0.5899889890980061,0.11087082174141077
47015,Cannon,Tennessee,-0.27792158754432644,-0.29285130623306566,0.9719008798377271,-0.2142254956464982,-0.10076982160674934,0.6965979281359413,-0.5561150221552965,-0.2679121377791966,-0.49482143984862076,-0.1828028663473402,-0.5244440828905339,-0.2576653501494408,-0.18958693039073826,0.13328584594695764,-0.6100583785927393,-0.3907952631745345,-0.8978200177521063,-0.586798062966689,-1.0691472707441296,-0.2601441996695612,-0.33494098457782145,-0.3406687203029284,0.13858157674405225,-0.5184065267900252,1.229087082800015,-0.49217119505590906,1.3421908310602257,-0.27733593643458126,0.5912925483696431,-0.40338262322000534,-0.4789041266025217,-0.38320187804321293,-0.20620597387225123,-0.42399678539869023,-0.08602139992103093,-0.2346965115741438,0.04570694824812176,0.056888946407232036,-0.542107712741467,0.6019330445924187,0.5331176256304956,0.2631278206493658,0.49949279276805597,2.0606501416404397,0.31656749934574485,0.8760590969406709,0.2298980862589226,0.5156417626036987,1.4096734355653466,0.10582077501177845,0.04750660025410388,0.845047227751231,-0.8859960529555155,0.2186267424616392,-0.3157438100572417,-0.05933258654681716,1.9427906489480586,2.532920897833726
47017,Carroll,Tennessee,-0.23958671108931,-0.001180916994460827,-0.2953572858270929,0.14818107917997342,-0.5006410507260667,0.14453160849433497,0.0628606673300809,-0.25515245086613697,-0.47242555843736256,-0.3619963936584484,-0.4927985851885155,0.396259566784955,-0.8555595188212975,0.1528946565255504,0.6027657928866248,-0.18240924401595804,-1.163110291313161,-1.2747989131113655,-0.8064944227674756,-0.24765512597861905,-0.375244087893327,-0.467281842325919,0.09740999199299087,0.01461040121381317,0.11829580966800901,-0.4665311219463558,0.7403725693156632,-0.3711887703516947,1.2051438463065962,-0.4068997510609599,0.37428146152790315,-0.33624031014078803,-0.1838961858684607,-0.37821272024502994,-0.08602139992103093,-0.298945840041833,0.06791282706263092,0.06303847314038487,-0.2931704996516606,0.5700659695398096,0.5437116548477495,0.49263635611719675,0.4766381973498903,1.5524904790122342,0.2447352305981415,0.5759035982787918,1.0097233250440205,0.5406406620928232,1.239185402744775,-0.22708715198706525,0.47694316303740386,1.0849680349428452,-1.1836635022878363,0.762951507703092,-0.2398526066551174,-0.06120821604716345,0.015874317044095098,-0.5220915981440472
47019,Carter,Tennessee,-0.1557531482771479,-1.0659915367351824,0.7839246646382875,0.5916690866339547,-0.4166943544380072,0.7055529889691103,-0.5624618998933885,-0.2877261753099529,-0.4639091995709497,-0.4475043497182527,-0.5581575267999273,0.8264733279260047,-1.0816689505147898,0.4274180046258487,0.10336760463041615,0.09937038693744135,0.012632569998695416,0.0953257352682,-0.08921342651841718,-0.1917895203968538,-0.22737970283499412,-0.0409681379708766,0.8682376179703645,-0.8202425832552619,0.03220123732074257,-0.4956831462787158,1.736464683802344,-0.5611956815857528,2.6568300487431684,-0.42152055665180715,-0.6176056114190123,-0.4045827325062315,-0.1849570889236986,-0.28136173105227374,-0.08602139992103093,0.1137964798045511,-0.7930611506778967,0.7219009676386017,-0.481165380945865,0.2991958315926307,0.08816839850580516,-0.6385128544028326,0.05382818211383261,0.7429027750350147,0.12431054475657208,0.6926307366473005,0.437680468961531,0.03232970581394587,0.7245988128394578,-0.45756187067857246,0.47694316303740386,1.5648096493260741,-1.1836635022878363,1.3072762729445448,-0.08939899774027713,-0.03694455640307326,0.31646848293873014,-0.31218059154937977
47021,Cheatham,Tennessee,-0.20180537513776964,-0.20046187518048567,1.8562838454759798,-0.7397803609911076,-0.23039093358854276,0.6598003681901518,-0.5293692391334431,-0.2422910270489217,-0.4013780769513204,-0.21727936853271046,-0.45937920191894593,-0.8427560653012686,0.4848973670653199,-0.02358463868178615,-0.9667713702043169,-0.6622287765949761,-0.4403493730235846,-0.036263802544445736,-0.57454581342547,-0.213097751886744,-0.30295046586499363,-0.20819157592418872,0.5640165064666692,-0.7147166173352308,0.631790999223446,-0.4779165142879108,2.205698498206312,-0.5904967942299485,0.06304516052766719,-0.4253009690644556,-0.5310468083541122,-0.20297736953028636,-0.22360323458659512,-0.29656985823786025,-0.08602139992103093,-0.05375893488411977,-0.4178523536129563,0.4294543023335898,-0.5112493277266851,0.578032738302962,0.5331176256304956,0.5418167565745913,0.5109200904771388,1.4177814870819228,-0.7799309559485484,0.3906224262652861,0.750636650316077,0.5573065950855739,0.7477052495220994,0.03923918961200971,0.04750660025410388,0.36520561336800217,-0.588328603623195,-0.59786040540054,-0.2310189080100366,-0.043189700260758454,0.8047163332561698,1.7982323747523898
47023,Chester,Tennessee,-0.270251097710444,0.8440035892070995,-0.3678021130881617,-0.5943922394632172,-0.9482180573623479,0.17817411655065166,-0.004529252870293667,-0.25698146845590447,-0.36422108607837667,-0.4908867936444757,-0.49527153454500517,0.052088557872114846,-0.3399833374461243,0.11367703536836492,-0.39603058362579246,-0.6734853110053202,-1.4189318737318162,-1.6871021355113243,-0.3938009536929251,-0.24179685184881217,-0.371175356827273,-0.39837135109809363,0.17127148247939408,-0.34543443261908513,0.49755858618071075,-0.4460341338473331,0.8628026399989901,-0.1879967883290682,1.122718707649197,-0.30897803162495097,0.19381487515561227,-0.33995235389779693,-0.22596167909825365,-0.4004823102105945,-0.08602139992103093,-0.2526692948390474,-0.1149858420028081,0.22087728140906188,-0.5269912741362529,0.6258333508818761,0.6496519470202948,0.6073906238511133,0.5223473881862216,1.5898355460820237,0.5024863125748348,1.0150199759508,1.2303317807529626,0.6184150160589906,1.5345730933093567,-0.4370752290171051,0.47694316303740386,0.845047227751231,-1.1836635022878363,-0.0535356401590872,-0.3053941588904415,-0.058237152928709804,-0.3555962156642373,-0.3961449941872472
47025,Claiborne,Tennessee,-0.22730924129792573,-0.31765228706192866,0.1942209314723173,0.19592146015309297,-0.4645827694543181,0.7077057716090319,-0.6147425708024553,-0.26191640659402593,-0.27620512974773476,-0.42453939542767827,-0.5989429443331866,0.8953075297085707,-1.0712352426770817,0.07445941421117944,0.17471020295273174,0.09227240829875696,-0.19203618381584592,-0.11952733525566883,-0.27325990044444565,-0.17701795125921263,-0.21473025586951097,-0.11511109469153344,0.17962422608741388,-0.816211749043763,0.674496588006066,-0.0953064416471639,1.960857572922064,-0.5729959636182479,0.20536472813626147,-0.3199758330553632,-0.6237161377405781,-0.40163705327194793,-0.07575293188898106,-0.28980374903503375,-0.08602139992103093,-0.09235593844966845,-0.4984634138621047,0.5244896572222745,-0.41111595337973245,0.315129369118935,0.2364848075473684,-0.2778565843819527,0.15667386149557633,1.933943664082226,0.17712838942392722,1.239210194087142,0.173463365031054,0.16287951425715538,1.4177919133187078,-0.647063306047145,0.47694316303740386,1.5648096493260741,-1.1836635022878363,1.3072762729445448,-0.2161401147413094,-0.05574981072364862,2.2653533794596696,1.7982323747523898
47027,Clay,Tennessee,-0.29860760117422797,-1.0333569534881684,-0.28602666353682116,1.0944580573601246,-0.4515131383498338,0.7238431891600495,-0.5652530001215041,-0.2869609152757952,-0.6098244556412593,-0.2592654975950506,-0.5200337840084948,0.9641417314911407,-1.30613095465496,0.4470268152044409,1.4588769727544109,-0.8248981658305576,-0.5499802548342202,0.025404000864490156,-0.9336881970498758,-0.2269972023232101,-0.36131028668717047,-0.4489793555783186,-0.0994996169179767,-0.7900150901434263,0.8497238545821397,-0.4543293561250668,2.2053784994428094,-0.5715621989760816,-0.48973866928040277,-0.39513231290903106,-0.6206658453172137,-0.39051329275154145,-0.18457115528031817,0.3027158538616653,-0.08602139992103093,-0.3377536416937004,-0.3933818444923311,0.5282734105268378,-0.5468213608385608,0.5461656632503528,0.5013355379787315,0.27952128746849575,0.43092900651355986,2.0646513988264883,-0.15245496130036904,0.48326301227203894,0.3299414557083267,0.47397693012182346,1.1648701063870899,-0.14229521844377008,0.9063797258207039,1.8047304565176885,-1.1836635022878363,1.579438655565271,-0.3352453227440515,-0.06474753704580814,2.0160745863532172,1.165269954866932
47029,Cocke,Tennessee,-0.21546230300924507,-0.6867540270304194,0.26155747322428496,0.5024329626263307,-0.6994378951345089,0.6565532458856922,-0.5205165944463039,-0.2335727078765764,-0.45271890953525823,-0.3819357543929448,-0.516144583126361,1.4287725935234743,-1.0429544030117148,0.2117210882613286,0.4600805962419936,0.5598938912180782,-0.7267706772018299,-0.3672287410731236,-1.355338325868783,-0.2250869037653826,-0.28866155163644264,-0.2890611135366325,0.7202242910644974,-0.7779570582435729,0.3849096764986803,-0.4909186729569153,1.1987175228869464,-0.30461578311458665,3.0760563884840697,-0.41585710786708974,-0.5948767492294389,-0.37531404688422504,-0.15937624808435727,-0.289098668393492,-0.08602139992103093,-0.03726521074019556,-0.5918305437497762,0.5914786570511926,-0.41001386820063307,0.578032738302962,0.5437116548477495,0.0664062188197948,0.4880654950589732,0.9216255960118637,0.5405151607353305,0.8834703438212116,0.3632892455247949,0.47397693012182346,0.9775206197710758,-0.293668737386834,0.9063797258207039,1.8047304565176885,-1.481330951620157,1.579438655565271,-0.18413667261612257,-0.05389053855810179,3.2604602777659726,2.458644695500228
47031,Coffee,Tennessee,-0.15537533491763247,0.3315747478347839,0.35017260725157745,-0.4798655109583068,-0.5659400828071578,0.49980977557433687,-0.3611847073942971,-0.25943246385474983,-0.1566746138402109,-0.26383777530418273,-0.3651331940717462,-0.01674564391045318,-0.05429194257414039,0.01563298247540123,-0.46737318194810806,0.43001863957566033,-0.13396794161804007,-0.48556960701844465,0.09716644996980482,-0.04486153330836914,-0.0017131957277830064,0.1561264552574811,0.6886648710946955,-0.2052719216878928,1.3030156342695123,-0.4784153509945097,0.847200172196629,-0.5580951249864307,-0.31767187892314547,-0.41761230111701014,-0.053150884308904515,-0.3203262208020557,-0.1884376053294114,-0.32049301163681526,-0.08602139992103093,0.23133189756348607,0.3874787938151189,-0.4765885762972126,-0.41635830450193473,0.5859995070661145,0.46955345032696827,0.16476701973457913,0.4423563042226427,2.20069414315215,0.5489660158821075,0.8019466281352688,0.5120716923982671,0.4628663081266566,1.58765544785056,-0.21172217074096478,0.47694316303740386,0.845047227751231,-1.1836635022878363,0.2186267424616392,-0.14339310916201045,-0.04368072097134373,0.23717222684496045,0.35307582935064225
47033,Crockett,Tennessee,-0.279233683552566,0.06396121911974866,0.2138826083935967,-0.16544353328066,-1.1274744925970455,-0.11316991971767094,0.3175179556096104,-0.2233223288190129,-0.4715251193408681,-0.4158982361928628,0.08553412060213314,0.2241740623285349,-0.6919150485246109,0.6823325421475538,-0.32468798530347687,0.0026336026057094826,0.36273826597143793,-0.0993776611711989,1.0881303443584007,-0.2391530478264437,-0.30137773014511493,-0.32973135382558044,-0.03751960556287362,1.9450647920928104,-0.3031653073248778,-0.5229769011059795,-0.6855605355362919,-0.6272879132031209,-0.494022759046146,-0.4546753573909152,0.29681086570718385,-0.33379881827484725,-0.2570526723190405,-0.39739462398777015,-0.08602139992103093,-0.2644066375030261,1.7779826020626508,-1.614438860224386,-0.5420779266555453,0.5939662758292663,0.6496519470202948,0.6237840906702457,0.5452019836043864,1.6138430891983169,0.43910489897400884,0.9094097079031018,1.5227662452973743,0.6156373605601991,1.5626755163017578,-0.31927703946366814,1.335816288604004,1.0849680349428452,-1.481330951620157,0.2186267424616392,-0.3161368347850949,-0.05968702086894581,0.3721661799007815,0.417663831379771
47035,Cumberland,Tennessee,-0.1436601919869223,-1.6349556010198896,-1.6620097710153323,2.33396302908394,-0.568785485535478,0.7444076553134935,-0.6508276726930874,-0.2547793661119036,-0.40286162661039715,-0.22891790778,-0.47597220121935924,-0.20603969881251477,-0.45166519699843516,0.4862444363616264,0.388737997919678,-0.7346337928494571,-0.22648088940401934,0.058118034511979756,-0.06022790883740213,-0.15240668006696392,-0.14896016231848627,-0.04627003243422165,0.43287749951308946,-0.8190552052819589,0.4074387322147151,-0.2620446196392238,1.7219965718058128,-0.2872426139156893,0.8904814834989926,-0.27235266689766074,-0.6163692654068451,-0.40242760921951454,0.12086200840562228,-0.36804316457081243,-0.08602139992103093,0.025222968073337123,-0.6221027701987635,0.5939317484958655,-0.22998676489045794,0.4107305942767631,0.2788609244163863,-0.2614631175628228,0.17952845691374197,2.330068125501063,0.5891075778292972,0.746362276531217,0.750636650316077,0.2156549687341967,1.6994406415314485,-0.5548734185705422,0.04750660025410388,0.845047227751231,-1.1836635022878363,0.4907891250823656,0.037678997598915014,-0.052402595477148234,1.6264112614849104,-0.13456358596927706
47037,Davidson,Tennessee,1.7120887390951565,0.8462882409981726,1.522398700961949,-1.5378502960436586,-0.8501247369179887,-1.1887984999053292,1.2250844028965053,-0.25162938069690166,0.9931947309764,0.06746726902655564,0.045380196281973637,-0.3264995519320088,0.5576587506703903,0.30976514115429227,-1.0381139685266323,2.130922826402097,1.2428217912939559,0.5133047697076579,0.653421715559973,1.7228136740928754,2.090401011168368,2.7628329330294683,3.1958115432793117,-0.7974096977836787,0.07668676557693409,-0.4894948108648242,0.7532245844936799,-0.4861952550359367,0.17233515649056855,-0.44191735241698243,-0.6113477508847961,-0.36463533852401403,-0.08280440523946322,-0.06527855245797165,-0.08602139992103093,2.8106109381906257,-0.7504502858275183,-0.4838296477484379,-0.34852049381548145,0.6178665821187236,0.5966818009340221,0.6237840906702457,0.5794838767316348,1.4964728784075503,-0.30245764015565785,0.9798165532682345,0.7378105773097429,0.6184150160589899,1.1211552261766866,2.3286213952809813,0.47694316303740386,-0.8343984225900698,0.007006295041446424,-0.3256980227798136,1.4402719585274977,0.20536260358083505,-0.8075740581419576,0.5000135339669094
47039,Decatur,Tennessee,-0.28675187652834927,-0.9201453160842845,-0.24513932399487537,0.9697957541605476,-0.4765838317851352,0.5992560068819508,-0.4783161006896812,-0.28861626008081553,-0.4028843850032077,-0.15081704520095315,-0.4458589618439091,0.2585911632198189,-0.7212255304108044,0.17250346710414313,1.0308213828205177,-1.1555511028543204,-0.908493578313912,-0.8848497829001887,0.14425749744100858,-0.2545580101255616,-0.36936475638460875,-0.41284937136963124,0.07559528376398218,-0.6314875007021967,0.46617237398169475,-0.4360589105753908,1.541443305436294,-0.22291520759929595,0.4926942179830708,-0.3091773683062871,-0.18973059184181637,-0.1948479224867197,-0.04951217062670289,-0.17333532216697678,-0.08602139992103093,-0.28584601506124174,-0.4108427557418905,0.5228390453524665,-0.4830493508804064,0.6577004259344852,0.6284638885857862,0.5746036902128511,0.5909111744407168,1.6711944421983504,0.4074141921735957,1.0428121517528264,0.904549526392083,0.6350809490517405,1.4746212575922317,-0.3090337186329345,0.47694316303740386,1.3248888421344598,-1.1836635022878363,0.4907891250823656,-0.31492032967507316,-0.06381763042538405,0.15746737646216766,-0.5850649001224475
47041,De Kalb,Tennessee,-0.26089948486600456,-0.3366547979950081,0.9095389725392835,-0.14281286034668858,-0.10232682370223067,0.6381817563445968,-0.5422324450563288,-0.24687497346670725,-0.2438658672660066,-0.3688802775135654,-0.0863816463126103,0.6027621721326586,-0.6394032952624611,0.46663562578303364,0.3173953995973624,0.4040645350543702,-0.688263683742486,-0.6421412777830011,-0.8913431563719925,-0.21861580806049247,-0.2983045263189811,-0.2770449122426679,0.2106869079255075,-0.6676699024571686,1.1524827377941582,-0.4781843435640336,1.5795970142285816,-0.39504450778641104,-0.25435860558860235,-0.40487274684473185,-0.5210888716711116,-0.3521664254662648,-0.05738762211699435,0.18155739028135265,-0.08602139992103093,-0.17344215363492502,-0.13592387055449112,0.20702871006595877,-0.49497123177052843,0.5939662758292663,0.5437116548477495,0.32870168792588794,0.4766381973498903,2.1006627135009284,0.20459366865095172,0.8112106867359442,0.03237656196138154,0.5211970736012818,1.325366166588141,0.08021247293494432,0.9063797258207039,1.0849680349428452,-1.1836635022878363,0.762951507703092,-0.2881946481810575,-0.057860511020079504,0.6934907124768158,0.7486773417790535
47043,Dickson,Tennessee,-0.16290817182207915,0.028375335261813954,1.090680329923356,-0.5693196345267487,-0.43421191681557075,0.5224239953889193,-0.3615128545866601,-0.2616010756329054,-0.3772135392631927,-0.31079427921676805,-0.42378207662772066,-0.7567133130730604,0.23366466518366177,-0.02358463868178615,-0.6814009769150549,-0.42853984498532716,-0.484423718258037,-0.42971459602757744,-0.1773693942828802,-0.17611926624885965,-0.2844530242140198,-0.282904066031346,0.5867476949428848,-0.7916089717429144,1.3187109039801577,-0.46263897440679275,1.9386667442576138,-0.5858406778679435,0.1817573930048395,-0.4082123685505983,-0.6069868162634736,-0.36470344242496067,-0.20619373025440307,-0.39804116205890056,-0.08602139992103093,-0.05994632537791766,-0.1827417157740622,0.20354611956554036,-0.37401738336437457,0.5222653569608955,0.4589594211097136,0.39427555520241236,0.40807441109539505,1.7605558526867753,-0.6954224044807801,0.09417255104367706,1.0405059002592216,0.46842161912423963,0.9038298217021106,-0.16562722700266333,0.04750660025410388,0.6051264205596165,-0.8859960529555155,-0.0535356401590872,-0.17635103991198356,-0.04792387398054733,0.08880719144268893,0.5807485365033198
47045,Dyer,Tennessee,-0.2120795554880025,0.33388290618276567,0.2617573171499169,-0.4379596029819523,-0.823893475492396,-0.1383027985251322,0.33725710149611837,-0.28816495280155197,-0.36584731003982995,-0.46091846296476446,-0.4447762261249265,0.4823023190131645,-0.47720032407493157,-0.06280225983896945,0.6741083912089404,1.2463505681028522,0.38021436032083095,-0.3602500986905691,0.4192699338946462,-0.18865186501923922,-0.27205943241241304,-0.21284468133050807,-0.1869523089490803,1.7353338941146335,-0.5885090776799224,-0.519100724843044,-0.6517700621580951,-0.6372261250132014,-0.6516514164163116,-0.45488205931667863,0.9405255945775406,-0.3137162364575371,-0.23419022167992806,-0.11774558892098617,-0.08602139992103093,-0.24547726459642882,1.4423625076438875,-1.2963144128727893,-0.3479173255755689,0.5142985881977431,0.6284638885857862,0.6073906238511133,0.5223473881862216,1.4751328400819563,0.8130552392188832,0.7370982179305415,1.0866797630820233,0.5739725280783247,1.4440208414449498,-0.3090337186329345,0.47694316303740386,0.845047227751231,-1.1836635022878363,0.762951507703092,-0.22046338674769428,-0.05612417479272854,0.0991373024119366,0.10925612169068288
47047,Fayette,Tennessee,-0.20044056098634191,-1.0890686119249644,0.6295572821817508,0.6898072206199085,-0.34795349250901736,-0.9668160557452894,1.1724807723518718,-0.3128377136474216,-0.3603810678000976,-0.4974280695532119,-0.4830905240539403,-0.5674192581709984,0.7978399593818444,-0.10201988099615492,-0.25334538698116177,-1.0273128203565807,-0.5474026079123414,-0.3973453244325731,0.13306220049474515,-0.23463001780703038,-0.3270637086867179,-0.20420966739168517,-0.37215005560249154,0.06725683595731817,1.260983575810038,-0.4985436505481807,0.5800733737605741,-0.49872217278958236,-0.34697376320909407,-0.39056311979536124,0.4552498264080991,-0.2339824391251693,-0.2371946750936781,-0.3742563110095567,-0.08602139992103093,-0.3191242298745065,0.6367986767828705,-0.48133258174986704,-0.21409588805128202,0.6975342697502468,0.7661862684100947,0.7057514247659,0.6251930675679653,1.4364540206168175,0.7602373945515281,0.7315397827701369,1.3072882187909658,0.7156329585166995,1.4621312918178306,0.0955774541810448,0.47694316303740386,0.1252848061763878,-0.8859960529555155,-0.59786040540054,-0.1869814230272503,-0.05870449427824648,-0.018753427703612796,-0.3541627928683135
47049,Fentress,Tennessee,-0.26666040640218125,-0.6811245633711307,0.00743359861171731,0.6238048059898078,-0.3956749889715842,0.7835797018792231,-0.662945980516561,-0.26513471219649587,-0.5179072074106578,-0.5355750673557088,-0.5892572973195861,1.1018101350562763,-1.1747486072775026,0.2705475199971068,0.17471020295273174,-0.43754773301579136,-0.9219957833927976,-0.6935993647210692,-0.9248698272700153,-0.25221319561300337,-0.3417489702052559,-0.3537488885469151,-0.250582909643303,-0.8158401277140719,0.2838817444003464,-0.32083041294002446,1.9300359660770683,-0.5261575981937402,1.9325261349323588,-0.31205668641154427,-0.6247254788161021,-0.40509227023285277,0.0035393343566913833,-0.41145514067778477,-0.08602139992103093,-0.3455650882343447,-0.6748447803094939,0.8052900255345026,-0.36841015268963256,0.4505644380925247,0.3953952458061863,0.0008323515432703504,0.29380143400456854,2.438102069524382,0.4686828919877275,0.900145649302427,0.22220244245512247,0.33231649968344706,1.6376153109481635,-0.5343867769090749,0.9063797258207039,1.5648096493260741,-1.1836635022878363,1.3072762729445448,-0.275786296058836,-0.06312347109609999,0.6020225814500199,-0.23951908926661047
47051,Franklin,Tennessee,-0.19729211632371355,0.04080887993521366,-0.46701766943038575,0.19498658276566563,-0.46239843770793865,0.43352482793124386,-0.3016576016731484,-0.2315980778650998,-0.26756538529008206,-0.2684875557139544,-0.43572871401037944,-0.10278839613866274,-0.09630134518386027,-0.02358463868178615,-0.39603058362579246,-0.35557860276704284,-0.3351174733594134,0.12995331450938494,-0.7476343568565325,-0.22757141049728685,-0.302062778914182,-0.28766660272083533,0.26212855583368244,-0.3601251692786625,0.7745499761792354,-0.4805941020912817,1.7183032259512594,-0.5490295492821697,-0.39082046936149717,-0.41572154562428953,-0.45063814661118556,-0.3443995743377313,-0.20009013249032467,-0.12135742188989924,-0.08602139992103093,-0.16609634361068512,-0.004116325087749476,0.07571122820337252,-0.3115038355364078,0.6019330445924187,0.5437116548477495,0.21394742019197363,0.49949279276805597,2.263380505733582,0.9017892182600395,0.8871759672614816,0.627506349455272,0.5100864516061149,1.7781274259101736,-0.6009683623088435,0.04750660025410388,0.6051264205596165,-0.588328603623195,0.2186267424616392,-0.18402437983673595,-0.055543311788328026,0.722517863075571,0.5419957352858431
47053,Gibson,Tennessee,-0.17701027512492154,0.17811265625509673,0.3595472481542387,-0.3431525941527045,-0.865793897417007,-0.3335628198756144,0.5831108865189477,-0.3120748381346354,-0.507029347776977,-0.4468595345185108,-0.5010615646709368,-0.03395419435609518,-0.6409820800010617,-0.02358463868178615,0.17471020295273174,0.4147913580479866,-0.43644617151387705,-0.7255250525121718,-0.2551576443199388,-0.1891948347216419,-0.24333516506922168,-0.22640790425478624,0.12925863035987317,1.448245799237905,-0.054425904233905,-0.5149591527632417,-0.4106420250001721,-0.62861823261653,-0.2715413535984758,-0.44926333570054333,0.448964423819661,-0.3163687487319671,-0.24405260467956927,-0.38451549821549025,-0.08602139992103093,-0.15551069534049727,1.4013527746419494,-1.2952854171537282,-0.290430179746873,0.5541324320135047,0.5754937424995136,0.5418167565745913,0.4766381973498903,1.7192095284309368,0.46445746441433916,0.672249807725815,1.402201159037836,0.5517512840879909,1.5102176600492738,0.04436085002737654,0.9063797258207039,0.845047227751231,-1.481330951620157,0.2186267424616392,-0.15976913948922594,-0.05386291762167414,0.7571618820325247,0.7228421409674027
47055,Giles,Tennessee,-0.2346165617009562,-0.33252530293934085,0.2505159174202194,0.1815877884895747,-0.6688517515001258,0.13514494679611405,0.06491818194052677,-0.24693390430242976,-0.4159462036506809,-0.23967452217547175,-0.48437158641856676,-0.18883114836687276,-0.3346291978978267,0.2509387094185141,-0.1106601903365306,0.24850598911600155,-0.738912431727444,-0.982111350987765,-0.4935411124114235,-0.24592148349050671,-0.3608508049329972,-0.43222012278454425,0.16566050305160146,-0.5925570857203811,2.068745171721175,-0.46504524804619035,1.4159583313860347,-0.4902742029146796,-0.312634641117467,-0.3791956062251349,-0.5787085134034169,-0.39384719818348,-0.2197110267669036,-0.40747459386266005,-0.08602139992103093,-0.26360900021362005,0.352628932397929,-0.22902455834573784,-0.28495698645877826,0.6417668884081803,0.5754937424995136,0.4106690220215423,0.5452019836043864,2.007300045826455,0.4222031886804552,0.4591764599102834,0.6659845684742736,0.5767501835771154,1.3815710125729455,-0.06831567911069364,0.47694316303740386,0.845047227751231,-0.8859960529555155,0.2186267424616392,-0.23912270358910437,-0.06080197021528629,0.32055278379076674,-0.005387581911020153
47057,Grainger,Tennessee,-0.2526110212425271,-0.7416555082583431,0.6935505862458381,0.3378724656190559,0.1172058486786027,0.7552996112674691,-0.6209521825925854,-0.27681643322686683,-0.5498849459087978,-0.4947261075586243,-0.4581171235359297,0.447885218121881,-0.7408573754212291,0.40780919404725596,0.10336760463041615,-0.9285733805385655,-0.7347117825488962,-0.45728985382181847,-0.4538651354986214,-0.22632558873266445,-0.24113198984458176,-0.041243013840444855,0.18548244483374438,-0.8108377471605244,1.4047043900127925,-0.3215795691637277,1.3824571664831877,-0.47982161944029617,0.24923862346969128,-0.4003827096495469,-0.6222624887091573,-0.39854676506370845,0.295476066576627,0.1285990516044933,-0.08602139992103093,-0.0836368548466203,-0.162764113175065,0.19435145645209068,-0.5146747276076696,0.45853120685567716,0.4377713626752043,0.03361928518153257,0.3852198156772294,1.7445508239425798,0.08839441038277059,0.675955431166085,0.2683763052779242,0.37398133216532226,1.1361431851059673,-0.4678051915093061,0.47694316303740386,1.5648096493260741,-1.1836635022878363,0.762951507703092,-0.262049146047206,-0.05476398966905892,0.8615764881320123,0.40151683087248863
47059,Greene,Tennessee,-0.11862200275826193,-0.7262778227418536,0.3505347742963614,0.4945332092467506,-0.39903379459464583,0.6578368455673375,-0.5273957403354714,-0.29055434255370166,-0.43510868360867483,-0.2347024679339844,-0.4836803544288606,0.2413826127741769,-0.737699805944028,0.2509387094185141,0.4600805962419936,-0.29443683729337417,-0.6604742510458524,-0.4887471398089931,-0.651675700101647,-0.15376602412372517,-0.2290480170949034,-0.007928181206508865,0.6878689491448607,-0.7802657502081952,3.00947973573335,-0.4991516979991478,0.5449365346917748,-0.5086623245523524,0.8692723451313791,-0.43073815787445513,-0.6082926185513442,-0.402989930600782,-0.20258337237815016,-0.40017827531109934,-0.08602139992103093,0.08352811273154745,0.5934742833250147,-0.6130499504296313,-0.27514247114760965,0.5142985881977431,0.5331176256304956,0.0664062188197948,0.4652108996408083,0.9349631199653601,0.17079024806384438,0.6944835483674352,0.18628943803738757,0.4434227196351143,0.7676891947611408,-0.4882918331707734,0.47694316303740386,0.845047227751231,-1.1836635022878363,0.762951507703092,-0.01829895292531528,-0.04774140715873851,1.9976302448824865,1.3477310605992194
47061,Grundy,Tennessee,-0.2815854984959061,-0.34347936231719073,0.16599342356485627,0.23377323980740927,-0.18071411321986203,0.7560952523882043,-0.6509347712104495,-0.2154265076098356,-0.5028922393456228,-0.6595296793361463,-0.6074194447837343,1.1878528872844862,-1.1858001004477068,0.46663562578303364,0.17471020295273174,-0.7901943595202666,-0.3145494572992156,0.45590916129514186,-1.0722031563278802,-0.2740718574609991,-0.37466950520831177,-0.4341987236895973,-0.0828006877888697,-0.7502399714695034,0.05651711380508094,-0.40033104764405997,2.2042340101251368,-0.017308002643838714,0.2544988961183407,-0.23784585587182183,-0.5843415807698149,-0.3917194203201045,-0.17749137068235876,-0.40386472997392625,-0.08602139992103093,-0.3420242792569769,-0.7131322335255473,0.8409852052336743,-0.47104555825399996,0.4824315131451339,0.35301912893716836,-0.19588925028629833,0.3052287317136505,2.5634747946872465,0.7834772462051642,0.9520243774662082,0.9071147409933497,0.3017622891967387,1.9735953902795476,-0.25269545406389937,0.9063797258207039,1.8047304565176885,-1.481330951620157,1.3072762729445448,-0.30487012591997065,-0.063111424115511,0.4647909621573385,-0.3105658914986519
47063,Hamblen,Tennessee,-0.1307325317628836,0.12345824989497065,0.45368315127297115,-0.33968188352843975,-0.5085192795626323,0.438176304760549,-0.33466818021702355,-0.21758500802100617,-0.22228280047028645,0.5699196863680714,0.16912412024466256,-0.01674564391045318,-0.6095436708584936,0.741158973883332,-0.039317592014215016,0.586085496405796,0.23094027455825844,-0.7356334402864438,1.023788611116962,0.2389174678080258,0.4860070329918108,1.0710182466315175,1.9080680571834197,-0.760101098639444,2.259824576254732,-0.44484251230197497,0.2595063996433498,-0.44938580813144136,-0.10682639287692469,-0.42572834896473466,-0.6189341027505789,-0.3846849655412828,0.08740708804196812,0.2127881968262317,-0.08602139992103093,1.084273982349055,0.2741213573231721,-0.7346232367134079,-0.6090593873717526,0.5381988944872004,0.5543056840650042,0.16476701973457913,0.5109200904771388,1.3390900957562952,0.0017731451283081073,0.5462586107566308,0.1401155752145858,0.48508755211698956,0.8457514808511464,-0.27318209572536667,0.9063797258207039,0.845047227751231,-1.1836635022878363,0.4907891250823656,-0.09780224073104256,0.006389667841233965,0.6034115316847687,0.6517953387353613
47065,Hamilton,Tennessee,0.7563088030931654,0.030320599691357,0.6915124561582288,-0.37231914708543984,-0.8029975412116988,-0.5573841714202796,0.6521973759208177,-0.25520951636134986,0.22732061998523886,0.08946732027537971,-0.26861968727962326,-0.3092910014863668,0.14278157849204554,0.03524179305399396,-0.5387157802704237,0.9428152082304201,0.32974251639297275,-0.44916627468526843,0.6190372645689901,0.8311835257645325,1.0054023227316264,1.7916876737388383,2.672082151114465,-0.8201656619397072,0.16599809753950168,-0.43294554753516235,0.9896722076604304,-0.26718567394315945,0.2176339092804343,-0.39927316466238655,-0.5752096154691074,-0.37181172037363786,-0.14280278318825612,0.0636995224137549,-0.08602139992103093,1.8207067826409358,-0.7324443682103403,-0.07396121749199497,-0.3111240629409075,0.6895675009870944,0.7238101515410768,0.509029822936329,0.7394660446587918,2.0019650362450565,0.45389389548086795,-0.06516925688793773,0.6480280662654061,0.696189370025158,1.2073359900200524,0.7562716477633654,0.47694316303740386,-0.354556808206841,0.007006295041446424,-0.3256980227798136,0.9927290862821219,0.062722326428399,-0.08923890448591226,0.3110936280317091
47067,Hancock,Tennessee,-0.30152174297824214,-0.5779629498297504,-0.1292116262907621,0.5968157347542506,-0.38979579897250266,0.7771622454206876,-0.6366422968520254,-0.25496605067673456,-0.5134950583169478,-0.3539730720175011,-0.6532939869402125,2.048280409566586,-1.6325961814716718,-0.003975828103191509,1.3875343744320952,-0.981964184539846,-0.2839049559848696,0.10499917061938212,-0.14712110686406968,-0.28008190130545285,-0.4145136333137631,-0.36107293608647584,-0.08256149492181543,-0.8215222991847374,0.35224836220922784,-0.04819080913942535,2.2442853768953057,-0.5413940568922687,0.51975246158095,-0.386054723486198,-0.622068076488199,-0.3879709472485168,-0.14171051051685582,-0.3664466101732908,-0.08602139992103093,-0.3300287861149563,-0.6495047364474568,0.773946372290229,-0.5736660707754064,0.37886351922415396,0.331831070502659,-0.21228271710543062,0.24809224316823725,1.5191466691284936,0.037689279502109596,1.1132189971179582,-0.03431901767155439,0.24343152372211274,1.089305813451964,-0.14229521844377008,0.9063797258207039,2.2845720709009174,-1.1836635022878363,2.3959258034274504,-0.3417395884852444,-0.06468809203169719,0.5931802574803535,-0.12326068561417954
47069,Hardeman,Tennessee,-0.24754422192499492,-0.274862007902751,1.1123793940031892,-0.30075945865431486,2.277694524141858,-1.9065634836923893,2.1928087605748363,-0.301041020145745,-0.3540452165777097,-0.518489337595439,-0.5719160309518773,0.8092647774803626,-1.0113100654249814,0.09406822478977217,0.745450989531256,0.04967057450680383,0.5656129264622081,0.9524199420865375,0.0731905086740848,-0.260477384562654,-0.4000083772409521,-0.4502913183578145,-0.19995041079643364,-0.40372730103959564,0.4593672618035804,-0.4696756075777651,1.068651469132078,-0.16872585705438334,0.18721394328887084,-0.338503382056969,0.8475003568595998,-0.2809327566975008,-0.2257595055946752,-0.3612205666257862,-0.08602139992103093,-0.38421876543547606,-0.18966347693556826,0.3502746712140491,-0.24071720234371569,0.6577004259344852,0.7026220931065674,0.6565710243085056,0.5566292813134692,1.4604615637331106,0.5658677261756612,0.7445094648110823,1.1148971236959582,0.6600798485408651,1.3734525348195852,0.02387420836590923,2.194689414170604,1.8047304565176885,-1.7789984009524775,0.2186267424616392,-0.2655115067449602,-0.06307323813658114,-0.05994767850436417,-0.273427790331903
47071,Hardin,Tennessee,-0.24578109291392303,-0.7047915805620322,-0.24208813790825437,0.7698749840587882,-0.6363820311109254,0.5754830898567529,-0.44350140820636524,-0.24490124659230827,-0.4410120540716298,-0.6042080410045885,-0.5099903754946037,0.5167194199044486,-0.7696187147896484,0.07445941421117944,0.24605280127504683,-0.10683550459708116,-0.6456973402833904,-0.9563680797099089,-0.04489766583235511,-0.22995941573255038,-0.3305342218639686,-0.2880786148029612,-0.0984541305118022,-0.4884883883244902,0.2799781973150769,-0.3535900823583987,1.0245694355559067,0.2343908674365574,-0.07356906097298359,-0.26804897773050584,0.14272836294807878,-0.019139652327295916,-0.06126530746853692,-0.1281390155217527,-0.08602139992103093,-0.27349567241746936,-0.3542922230588667,0.4625273851107823,-0.2960448569430954,0.6816007322239419,0.6814340346720589,0.6073906238511133,0.568056579022552,1.77922838622167,0.3968506232401245,1.2707079933294385,0.7352453627084762,0.6573021930420743,1.5576795299919985,-0.15538390617192968,0.9063797258207039,1.5648096493260741,-1.1836635022878363,0.762951507703092,-0.23719501087630074,-0.06188774370936344,0.4616580000666341,-0.37353919347705217
47073,Hawkins,Tennessee,-0.15459627791274025,-0.7437569902044677,0.5250553596631727,0.4237221066474309,-0.38803507014163174,0.7111943196519356,-0.5885876630652631,-0.2810687745468097,-0.44143168650265785,-0.5703346389417233,-0.5821868938547624,0.6199707225783005,-0.626017946391717,-0.02358463868178615,0.10336760463041615,-0.23684187990638897,-0.18411531453007926,-0.6921539762795348,0.8557449969051067,-0.20362929188537296,-0.23257319193765325,-0.06101818340494731,0.6425944734423936,-0.8124483268444407,1.433379099863622,-0.4116965228799803,1.6592517130744204,-0.526900080793882,0.17879259379125287,-0.4037630297440555,-0.6090361507783711,-0.39633623916011385,-0.06294505820602851,-0.2468942348479624,-0.08602139992103093,0.04139612850593802,-0.1513750609412296,0.12929793300752965,-0.3678516635786025,0.47446474438198144,0.4907415087614769,-0.015561115275859598,0.40807441109539505,1.160367274779446,-0.032030275458799225,0.9649940595071537,0.07341999558164988,0.390647265158073,0.8769763952871491,-0.529265116493708,0.47694316303740386,1.3248888421344598,-1.1836635022878363,1.0351138903238184,-0.07977924963948997,-0.04711628665607794,2.3946467034707704,1.7142679721145238
47075,Haywood,Tennessee,-0.2702305962103152,-0.1228848778508246,0.015990447603586873,0.10524793388939752,-1.4670486465756616,-2.4167048629116246,2.7606188133224743,-0.3121226284465478,-0.536265758126243,-0.6069557548087777,-0.3965330950505162,1.0673930341649922,-1.151272764642659,0.03524179305399396,0.6027657928866248,1.6610936121042656,0.6963344085082702,0.43326926681760375,0.07700066770850056,-0.23196462576030671,-0.35398063335008545,-0.2677439989203323,-0.48167399222672197,1.4113422597580751,-0.37158880019788376,-0.5203279988838903,-0.512070533062031,-0.6288194123866125,-0.5590027152014259,-0.4256739763148072,1.6251689007337777,-0.27842294443552074,-0.2584852324624922,-0.37171390038466545,-0.08602139992103093,-0.378333597035679,1.2215052251732539,-1.0242338952041712,-0.3422877553363858,0.6417668884081803,0.7132161223238221,0.6729644911276378,0.5909111744407168,1.6058405748262192,0.45389389548086795,0.7296869710500015,1.391940300632769,0.6684128150372411,1.4708742678599114,2.308134753619514,2.194689414170604,1.5648096493260741,-2.0766658502847983,0.4907891250823656,-0.2988811776860176,-0.06411116360109562,0.7832548545513878,0.6857040398006539
47077,Henderson,Tennessee,-0.23856163608287287,-0.10197028003671078,0.6296475685513605,-0.21963231954243828,-0.48178751316936075,0.3221093309874103,-0.09581884666884595,-0.31070222762142513,-0.5124498380979784,-0.6390447439952184,-0.5227469116819252,0.2241740623285349,-0.6106419558940418,0.17250346710414313,0.3173953995973624,-0.13943530835070977,-0.6449306524609013,-1.1398401503942792,0.2582010517349756,-0.23701917159301286,-0.3592960495894864,-0.43256394788230684,0.19058170299757898,-0.3459066520327577,0.5700300311266593,-0.43224988522057434,0.9255096627484267,-0.2631270758727416,1.3321047768190721,-0.3798883640059421,-0.06563479593802031,-0.34799586613158157,-0.19989215020433196,-0.32228980787721173,-0.08602139992103093,-0.2546022901773861,-0.0826585749322987,0.1902825734244233,-0.3484460286006774,0.6178665821187236,0.6072758301512768,0.5418167565745913,0.5223473881862216,1.6992032425006927,0.4961481712147523,0.8927344024218863,1.1302884113035583,0.5934161165698653,1.5183361378026352,-0.33976368112513544,0.9063797258207039,1.5648096493260741,-1.481330951620157,0.762951507703092,-0.25038941245422863,-0.059702046207538564,-0.2643936477277911,-0.5560002992093397
47079,Henry,Tennessee,-0.2261787300051122,-0.8022691916318785,-0.15474187080059093,0.8161792419747503,-0.6803775607293666,0.31273892689184457,-0.12649923373917535,-0.2759426713930838,-0.42178007072228363,-0.4170793531082594,-0.4937718518573812,0.6543878234695846,-0.8623551574787522,0.2117210882613286,0.17471020295273174,-0.5697799069924618,-0.13695006102090682,-0.2686560919365256,0.649903665432469,-0.22829342469995778,-0.3495118102147225,-0.45836615047709195,0.1405439704432596,0.03629225113409304,0.20837326278807058,-0.45617099943829736,0.8619116102987142,-0.49520853500015544,0.4144131060701185,-0.41409419689358123,0.13108647444599122,-0.2906904642543273,-0.15010670436208665,0.05206568338486287,-0.08602139992103093,-0.2723354726077489,0.13002000542408326,-0.008831995723553383,-0.29819690165093127,0.47446474438198144,0.480147479544223,0.49263635611719675,0.41950170880447707,1.3644313912679378,-0.14189139236689785,0.21089968941218545,0.6454628516641394,0.4767545856206158,0.825143037323385,-0.3704936436173364,0.9063797258207039,1.5648096493260741,-1.1836635022878363,0.762951507703092,-0.2062396346920557,-0.059483673346835374,0.3436560312339347,-0.3913008940350624
47081,Hickman,Tennessee,-0.2471693373512122,-0.24723228418369955,1.1940405204695614,-0.36688286528408853,1.1191118886392413,0.4773524289326303,-0.33321329586993814,-0.22598409009651935,-0.4877933739362399,-0.5519872347617997,-0.5126511380795723,0.31021681455674494,-0.6552597854631887,0.4274180046258487,-0.6100583785927393,-1.0746110165041205,-0.16916442498808568,0.24232321809160814,0.04515084851468363,-0.27727549285979214,-0.43128548127383354,-0.5421942575665171,0.1375006923392739,-0.7483890079658841,0.34878499557554143,-0.4664084427325776,2.4201946314094798,-0.3269380500938045,0.12926199003923658,-0.33308185072915,-0.6128488532157074,-0.3743493004420048,-0.23819601504999927,-0.38697725141118705,-0.08602139992103093,-0.33685104753427536,-0.5790629575592391,0.7084067951061129,-0.28383256171523774,0.5700659695398096,0.5119295671959863,0.3778820883832824,0.4652108996408083,1.6885332233378954,-0.025692134098716738,0.705600418688246,1.0430711148604883,0.5100864516061157,1.2747818052018172,-0.1605055665872965,0.47694316303740386,1.3248888421344598,-0.8859960529555155,0.4907891250823656,-0.2771712403379376,-0.062290653683689634,-0.5429320992910924,-0.5156327979411345
47083,Houston,Tennessee,-0.29689133273487894,-0.45042348160373835,0.4418488854672896,0.19491791380923293,-0.3600133199805577,0.6081054785153797,-0.4494765641039959,-0.22656162067775806,-0.42337069413433887,-0.39851962377417827,-0.5242846551406511,0.5683450712413746,-1.0163896337143918,0.38820038346866326,0.4600805962419936,-0.6117477244029046,-0.4859445658709162,-0.02176090016171369,-0.7524217071305132,-0.28073789661888887,-0.4342943518599685,-0.5275818245215091,0.3478282939461021,-0.8008454052411867,0.301432935614232,-0.4242706970835766,2.5075586958328615,-0.5035792991468042,-0.10265430063150827,-0.34420619992705154,-0.5583628856253979,-0.368198050783094,-0.24819519068265314,-0.15536120724792546,-0.08602139992103093,-0.27617119169021553,-0.6521389479667743,0.7532553141504141,-0.5858485799173426,0.5222653569608955,0.4907415087614769,0.45984942247893684,0.41950170880447707,1.4684640781052083,-0.30879578151574033,0.2905705933779932,0.7224192897021422,0.4906428631145734,0.8701069141112282,-0.14229521844376994,0.47694316303740386,1.5648096493260741,-0.8859960529555155,0.4907891250823656,-0.3369109989716197,-0.06259964106650558,-0.2953508704721713,-0.7998200068692997
47085,Humphreys,Tennessee,-0.26648760804395333,-0.36659674924182806,0.3180584579170637,0.17933977896663697,-0.06687539503732559,0.6116512404056442,-0.47240325459005333,-0.2400072183559347,-0.4487608330114391,-0.4501737934823455,-0.5153766292328948,-0.2404567997037988,-0.24717825194229867,-0.003975828103191509,-0.1106601903365306,-0.7678239899821228,-0.15398838180936872,0.13690310562142308,0.04515084851468363,-0.22097508114981781,-0.3769791627272315,-0.513127904510503,-0.12196219451818509,-0.6856217648525701,0.16339871977244388,-0.44713860674250866,2.3545172366309917,-0.5106660209105056,-0.2439369859806045,-0.32512515193343366,-0.4134648329972305,-0.17566577185787588,-0.19394467157967482,-0.0014194498832710777,-0.08602139992103093,-0.3693798412789547,-0.6011452022130105,0.743919364924591,-0.325413937661797,0.5541324320135047,0.5119295671959863,0.44345595565980456,0.4537836019317255,1.508476649965697,-0.18203295431408803,0.7148644772889213,0.8865930241832155,0.5128641071049064,1.1092897586910058,-0.3704936436173364,0.04750660025410388,1.0849680349428452,-0.588328603623195,0.4907891250823656,-0.29276122120944675,-0.06390682444809898,0.9908037018594544,0.9101473468518745
47087,Jackson,Tennessee,-0.2863916358832299,-1.18329921127082,0.1511103759173467,1.0148950212937466,-0.020596102647930308,0.7695293412746796,-0.6409753163929818,-0.22513336608147302,-0.5691775186639045,-0.4984046113465566,-0.5460722483012064,0.447885218121881,-0.9591415262364402,0.46663562578303364,0.4600805962419936,-0.6791291892489383,-0.29518063528291566,0.2527695835288441,-0.6760989745328865,-0.27993117008234086,-0.40354280143342447,-0.3732039367690723,0.08818463803130713,-0.8025786606873815,0.3898680072446922,-0.4897069420733269,2.536125916775352,-0.32583750229396047,-0.3070498992283299,-0.4011708671359019,-0.6171301438211162,-0.3797853860028977,-0.2415641197355056,-0.1560120173049934,-0.08602139992103093,-0.28437268483341416,-0.6138300308458847,0.7195514373358857,-0.5019933015265465,0.5700659695398096,0.522523596413241,0.312308221106758,0.4537836019317255,2.0646513988264883,-0.0785099787660719,0.8186219336164843,0.3222458119045266,0.49897582961094794,1.297888241884459,-0.3756153040327032,0.47694316303740386,1.8047304565176885,-1.1836635022878363,1.3072762729445448,-0.3167731605349524,-0.06317409696748486,1.6206738239934215,1.0748467520261524
47089,Jefferson,Tennessee,-0.1613061260263045,-0.5539334904479857,0.559570558176839,0.2316522167182848,-0.35489488331813906,0.647566789542251,-0.5374088252025226,-0.2574349335303461,-0.37326825542260256,-0.28664542763349266,-0.4292129903945613,-0.3437081023776508,-0.3699802474795354,0.2509387094185141,-0.1820027886588462,-0.4487506242512681,-0.3589192683507151,-0.2548457992353219,-0.11308498917845179,-0.10594492766345591,0.023815505949989598,0.17149246739307705,1.0033106951768376,-0.7541815261464773,2.2876455319328426,-0.45209489469180064,0.4400637875960994,-0.4300456390724994,-0.01300199063981293,-0.425635478993104,-0.6149163720796431,-0.39048136782469745,1.2130129637138838,0.45088384458190145,-0.08602139992103093,0.3171432242978902,0.29253847823982526,-0.4213331847446044,-0.5059101718252376,0.6098998133555712,0.6178698593685316,0.32870168792588794,0.5794838767316348,1.4818016020587046,0.24262251681144736,0.38691680282501606,0.31198495349945926,0.5711948725795323,0.9719001351725958,-0.45756187067857246,0.04750660025410388,0.6051264205596165,-0.8859960529555155,0.2186267424616392,-0.12245050580640574,-0.03461761575058879,2.0886722589855933,2.006528681296329
47091,Johnson,Tennessee,-0.26881306391569926,-1.4036470764849962,1.0082417326857946,0.7910307507245632,1.6333136214322206,0.6762496507677774,-0.5384298298642097,-0.2909040929366538,-0.532523174398844,-0.4102714296750543,-0.5506638441732205,1.8417778042188822,-1.06416503276074,0.11367703536836492,-0.32468798530347687,-0.48928275407846483,-0.16001987214411054,-0.0718969443540372,0.1604625433067591,-0.2645509476973076,-0.39976340429563667,-0.5048683954791799,0.20980964708176786,-0.811594542206715,0.20831485742283923,-0.4828170920960261,1.5254232200490476,-0.5016716833889031,3.477208238202144,-0.4111957927679168,-0.6197821714300564,-0.3956613616877669,-0.1684998984577445,-0.31716086662484194,-0.08602139992103093,-0.2921770145809218,-0.7048573355290049,0.8114194736759655,-0.5145109041351007,0.17969430014534588,-0.06014801053575808,-0.9335952571471879,-0.11758128352240721,0.7255639938954697,-0.09118626148623724,0.937201883705128,0.173463365031054,-0.1398849351111389,0.670891960009534,-0.07343733952606046,0.9063797258207039,2.044651263709303,-1.1836635022878363,1.3072762729445448,-0.2800721371387586,-0.05859831299058887,-0.3381163783795221,-1.1502099178773209
47093,Knox,Tennessee,1.0565356997642081,0.6125797106109421,0.4517205729096309,-0.7893226138908868,-0.6395393874058124,0.10680592063784322,-0.03376123758243658,-0.28034009006957245,0.3589677174982628,-0.09921071726623729,-0.3742297608218588,-0.18883114836687276,0.3153496147025615,-0.21967274446771134,-0.7527435752373701,0.9054820993452117,0.10357143259193752,-0.7044246252931271,0.4702130487218273,1.0317334897040709,2.102346342447332,2.821497090012868,3.710814225366891,-0.8169552037739746,0.7133593692020654,-0.4730396619744059,0.46680485134681693,-0.5135817781190034,0.022898149941149432,-0.4280769181821463,-0.5984823234331734,-0.39960353424795403,-0.08000450714440234,-0.1390034719863837,-0.08602139992103093,2.8294204673571843,-0.48161062104114405,-0.7533218882297462,-0.34840134947179496,0.5859995070661145,0.6284638885857862,0.32870168792588794,0.568056579022552,2.1566803141056123,0.16233939291706773,0.4332370958283925,0.5223325508033344,0.562861906083157,1.3309866511866215,0.3106871916264515,0.04750660025410388,-0.354556808206841,-0.588328603623195,-0.3256980227798136,1.2865431435472143,0.11622636386540053,-0.450137550688864,-0.02476398251975883
47095,Lake,Tennessee,-0.30036194382810183,-0.4914761798716055,2.19613347952738,-0.6409256133665366,5.785423447116109,-0.9718357525550553,1.255741863605031,-0.27086552195211905,-0.5432949752993864,-0.5528911712390399,-0.5157516074093292,3.6142585001200067,-1.4870047714468093,0.01563298247540123,1.1021639811428334,2.075702050572556,0.16426012849022822,-0.1382962891568871,-0.49704133217022894,-0.25089364684932275,-0.32266781501802017,-0.3744596539881559,-0.5221640712213061,1.4107483160458076,-0.8319108134184532,-0.5207295413921263,-0.8215919679855201,-0.6393997489025706,-0.7018243328139262,-0.45560837271364246,1.508635615030086,-0.11866650184882666,-0.21622037597565694,0.86786081059238,-0.08602139992103093,-0.42064991077523856,1.0126317050262676,-0.8028933440176225,-0.5956705417499916,0.4505644380925247,0.5543056840650042,0.5254232897554589,0.4880654950589732,1.416447734686573,0.8595349425261556,1.1187774322783637,1.1174623382972249,0.5100864516061149,1.5664225060340784,1.3503842559459174,2.194689414170604,2.5244928780925315,-1.481330951620157,2.123763420806724,-0.3511347510272583,-0.06331472503234858,1.2490092034048585,2.413433094079838
47097,Lauderdale,Tennessee,-0.2458367398428439,0.3004544721021131,0.9400344791033549,-0.7449565905829616,0.8331379525592633,-1.4651794893413939,1.7259537232225253,-0.24194958979003975,-0.43127167993138693,-0.44751545210643134,-0.5073252453797755,0.8264733279260047,-0.8358590309961512,0.13328584594695764,1.0308213828205177,1.9108550967249642,0.43109117614567405,-0.5318359547780913,0.24806683440321411,-0.23098085704919874,-0.3579861521213857,-0.37949350342749005,-0.359618861392848,0.9498576981132809,-0.3022162771395027,-0.5191382200823634,-0.34320297205641576,-0.6347501738786605,-0.3342370392440399,-0.4362466112047705,1.5946308033743786,-0.3229239915627143,-0.2286960058060534,0.2466908675488013,-0.08602139992103093,-0.384532318042308,0.7985057934118842,-0.6103088033180876,-0.36195401856612486,0.5939662758292663,0.7449982099755862,0.7221448915850299,0.6137657698588825,1.5098104023610464,0.8574222287394617,0.5555226693573062,1.1713318449238266,0.6739681260348243,1.4327798722479888,0.5206752686564914,2.194689414170604,2.044651263709303,-1.7789984009524775,1.0351138903238184,-0.27573014966914267,-0.060325951204133636,-0.4480622920587573,-0.3767685935785085
47099,Lawrence,Tennessee,-0.19162784471671518,0.42252140695665513,0.08757133726886038,-0.43287285543134635,-0.3323035236727012,0.6851569934623252,-0.5428849224838114,-0.248348801456838,-0.44534498630328284,-0.5297879346687827,-0.5289480537171558,0.37905101633931104,-0.8425173840241623,0.23132989883992133,0.10336760463041615,-0.4614307464346515,-0.3290571279108198,-0.027138628278358435,-0.4078541481478364,-0.20520818394638995,-0.2891593654841417,-0.2986335032627186,0.3057293606606927,-0.44061102670996755,1.85296217322741,-0.4257654270109978,1.1390148016752129,-0.38360948512591087,-0.44290419203702897,-0.32501787414542505,-0.5156248114075009,-0.3869041984428236,-0.21654883337616113,-0.4075673437931147,-0.08602139992103093,-0.1494204338492477,0.404600364675086,-0.328851229746393,-0.27980399359434077,0.6577004259344852,0.5966818009340221,0.44345595565980456,0.5452019836043864,1.8512510155705495,0.2806513649719434,0.7926825695345934,0.9609842476199516,0.5934161165698653,1.4508903226208703,-0.36025032278660274,0.47694316303740386,1.3248888421344598,-1.1836635022878363,0.4907891250823656,-0.18905883944590277,-0.05594579002318404,1.1180034612914689,1.3412722603963068
47101,Lewis,Tennessee,-0.28497996116007934,-0.3504402220543134,-0.1473226478261589,0.3962230593739673,-0.49652437835959684,0.642792977547843,-0.5289493879854907,-0.24602186397166306,-0.39982616808328003,-0.2501523720298685,-0.524677503360582,0.12092275965468287,-0.6759899155091617,0.03524179305399396,0.10336760463041615,-0.7821023189832942,-0.46420434760834844,-0.7226332824090456,0.7813716691102488,-0.26227794008478733,-0.40031311644139156,-0.503907268128323,0.0033803400787231768,-0.8074882837575524,0.12700721644038432,-0.4165349143098064,2.226092136224974,0.04864527297714928,0.27674304734949606,-0.2700050185916638,-0.5652636589274952,-0.391799687449922,-0.2414426284363426,-0.41112142780036304,-0.08602139992103093,-0.3477558776598506,-0.7376046795680783,0.8672523488641256,-0.5296422357832756,0.6178665821187236,0.5331176256304956,0.3778820883832824,0.49949279276805597,1.6045068224308694,0.2658623684650839,0.9149681430635072,0.9507233892148848,0.5406406620928232,1.3697055450872646,-0.5804817206473762,0.47694316303740386,1.3248888421344598,-1.1836635022878363,0.762951507703092,-0.31860727593160054,-0.061802718735055745,1.7192106129275173,1.5301921663315077
47103,Lincoln,Tennessee,-0.2202596540393709,-0.2698461376335482,0.303831837727862,0.09729042134684389,-0.4973619631022003,0.31873511209096994,-0.18063781757968642,-0.1550151579804498,-0.4415067924809991,0.07179540739901917,-0.4299232463473753,-0.2920824510407248,-0.07989571246535855,0.2705475199971068,-0.25334538698116177,-0.42572892587987243,0.2211204984899179,-0.3272146798956379,1.5777643836967985,-0.22561859536487108,-0.31423550073500806,-0.3332906175194618,0.14748475321892238,-0.4125612441508535,2.245209940387296,-0.4743058846812109,0.8592774523059731,-0.4014283856942716,-0.10074822994704176,-0.4066175654292478,-0.4556075664923506,-0.3807027144084322,-0.22193691107984373,-0.3936248863018663,-0.08602139992103093,-0.21626093125843182,0.6097050417145451,-0.49940104963995174,-0.31495157498183357,0.6656671946976377,0.6178698593685316,0.3778820883832824,0.568056579022552,2.343405649454559,0.7560119669781398,0.7704488288929725,0.5941585596388037,0.5961937720686569,1.7250450713689693,-0.20147884991023113,0.47694316303740386,0.845047227751231,-1.1836635022878363,0.2186267424616392,-0.22257823409280897,-0.058293235015820635,-0.20222763819968573,-0.4784946967743856
47105,Loudon,Tennessee,-0.16255671753415782,-1.1564225082942476,-0.906905143308075,1.5170443728102498,-0.32698028834369885,0.6566796288563541,-0.573976559625914,-0.26196877408525493,-0.30281775679296347,0.14809653414713148,-0.03942540313249717,-0.8255475148556282,0.6523858349864253,0.36859157289006833,-0.39603058362579246,-0.7607472830971073,-0.1342733878102484,-0.12248374843746583,0.5971161862626099,0.05673723121933028,0.43985849497985613,0.9091545438756998,1.2247419967131625,-0.6824681672008892,1.9025973767695796,-0.42188914528828503,0.47909713137185883,-0.4699430026891828,0.0218972660693252,-0.39380984335541774,-0.5834470115684426,-0.38502888761201814,-0.15346080453012328,0.20895227483506726,-0.08602139992103093,0.790340386392083,0.18892084395917494,-0.5248887200972526,-0.5557795261794832,0.6258333508818761,0.7026220931065674,0.4106690220215423,0.6137657698588825,2.1873566191986535,0.32501835449252153,0.5462586107566308,0.6172454910502047,0.6211926715577814,1.45463731235319,-0.28854707697146714,0.04750660025410388,0.1252848061763878,-0.588328603623195,-0.59786040540054,-0.06924244384037875,-0.025157300535513433,1.2484615158335508,0.21744102508947263
47107,McMinn,Tennessee,-0.16335920482491148,-0.22776936542007117,0.20552296478778886,0.10748545383709038,-0.6120856184610239,0.5280784517258603,-0.3822313853551976,-0.21227583159522964,-0.3379394250734106,-0.49573673328073387,-0.3807789480017953,0.00046290653518882833,-0.4040270835815306,0.2117210882613286,-0.1106601903365306,-0.2298010429927537,-0.052738744028066414,-0.41905329788726614,0.7647000019771972,-0.07023543545660858,-0.041012247348289815,0.11915687486324687,0.5592106719397186,-0.7145366169865306,1.8735137991327897,-0.37721648108240935,0.8163836088744506,-0.1307168976818366,0.3650078365886646,-0.34356119936086,-0.5816452244307362,-0.3637353740264751,-0.13073082469820319,-0.37775116182375745,-0.08602139992103093,0.16622329060931001,0.14418555580588588,-0.21194427293343238,-0.4181082370498291,0.6895675009870944,0.7132161223238221,0.5254232897554589,0.6709022584042957,2.0899926943381315,0.49403545742805816,0.6574273139647342,0.8224626591515463,0.6795234370324073,1.5464385607950373,-0.3961019456941705,0.47694316303740386,1.5648096493260741,-1.1836635022878363,0.762951507703092,-0.13253814048797047,-0.044852229093642795,1.2443678667833002,1.174958155171301
47109,McNairy,Tennessee,-0.24565808391315058,-0.33214964577465816,0.14579709686188305,0.23339351730074728,-0.4785979111937042,0.4230890653378976,-0.2491596013611026,-0.26374397011045253,-0.5081582098073009,-0.588976820048699,-0.5391068948771399,0.43067666767623897,-0.7037902554714762,-0.06280225983896945,0.9594787844982022,-0.1355881554575467,-0.7595149987503759,-0.8392600481178502,-0.4753855360654544,-0.24451244902189676,-0.36247829224224937,-0.4325480150514798,0.03764962100710644,-0.47108967610515545,0.3685914717423324,-0.395378794640582,0.9332696604670973,0.34875704981210937,0.41563059100781713,-0.25187152783685735,0.12842937459308712,-0.2804422433567044,-0.18811225020562536,-0.38399877212781086,-0.08602139992103093,-0.2987788350540703,-0.2970648496571576,0.4178053073277659,-0.3203651960980851,0.6258333508818761,0.6708400054548042,0.6401775574893755,0.5337746858953036,1.7592221002914255,0.525726164228471,1.074309950995122,0.8224626591515463,0.632303293552949,1.541442574485277,-0.4319535686017383,0.9063797258207039,1.8047304565176885,-1.481330951620157,1.0351138903238184,-0.2452988064553685,-0.06135037079009536,0.5434497296517559,-0.08450788439670218
47111,Macon,Tennessee,-0.24885631793323446,0.5447887346630251,0.5887096067384038,-0.795091048936796,-0.5228436187935235,0.6872761669843765,-0.5984746182221146,-0.21598923708356313,-0.36930302160602646,-0.4311173165609885,-0.3353227732814382,0.1725484109916089,-0.781699850180679,0.6235061104117755,-0.6100583785927393,-0.34150479832635483,0.19304672389184513,0.25375356375712593,0.4524219407590391,-0.214368719911622,-0.25565385669304735,-0.2651135822542613,0.295212778900931,-0.7144355753878975,1.7921733045334427,-0.4774604707662801,1.576085052202412,-0.5867537135391251,0.32151943872363653,-0.4034771550379215,-0.6230298700003883,-0.4043612576946911,-0.23092378658868773,-0.4254070913142031,-0.08602139992103093,-0.1326170714672812,0.107479707570756,-0.04723887246467036,-0.511323792941489,0.4903982819082863,0.42717733345795034,0.27952128746849575,0.32808332713181615,1.512477907151746,-0.2918940712221867,1.3466732738549758,0.6916367144869412,0.41009085364961445,1.2441813890545352,-0.6163333435549441,0.9063797258207039,1.3248888421344598,-1.1836635022878363,0.4907891250823656,-0.2815319432707847,-0.05412682685833242,2.2086895835057305,3.337041523096374
47113,Madison,Tennessee,-0.03393616329789063,0.5314327939839234,-0.1234456923862476,-0.4281206147702954,-1.2114358257935542,-1.6518439604834443,1.9040025819576778,-0.3073224853093826,-0.1593330386841364,-0.3597450840219925,-0.40955642133517733,0.5339279703500905,-0.36524389326373363,-0.10201988099615492,-0.25334538698116177,1.1452518096610422,0.7381002866204883,0.011154382637361567,0.7916720653410366,0.04416303533562164,-0.010889745139606258,0.14421973047355915,0.31717887885615487,0.20121170801124094,0.11480251710822324,-0.49935465430040266,0.4388599385772384,-0.5230157643187306,0.9047665685133455,-0.3767658087173061,0.37594829363708526,-0.3503777274103207,-0.21164697082720313,-0.3726567812172939,-0.08602139992103093,0.14201158786320847,0.25006456055276594,-0.3044290693657757,-0.32398420553756,0.6178665821187236,0.6496519470202948,0.6073906238511133,0.5337746858953036,1.504475392779648,0.4602320368409508,0.9853749884286391,1.5740705373227095,0.6184150160589899,1.5558060351258374,0.679446741532863,0.9063797258207039,0.1252848061763878,-1.481330951620157,-0.0535356401590872,0.013648342810178236,-0.0341947155526202,0.10041089941926133,0.3110936280317091
47115,Marion,Tennessee,-0.23624789535405763,-0.4272684173649616,0.37386569720015483,0.2074424250490112,-0.48327535754267636,0.5259873511103464,-0.39302003715530426,-0.24645597163168917,-0.3998087004295091,-0.5057127699120507,-0.5569787610043279,0.13813131010032487,-0.5523642061952637,0.07445941421117944,0.24605280127504683,-0.4121748710068515,-0.8521408146189111,-0.34977871840076435,-1.3280610299005242,-0.22302184026975058,-0.31508498660505263,-0.3179040619049992,-0.12317560567648098,-0.7591652232428608,-0.08121221460619565,-0.41396600779302206,2.482375792610777,-0.30658467709897214,0.04090610146478812,-0.3443515216996225,-0.55118704164624,-0.347606283243827,-0.13232258588061485,-0.16116674501612915,-0.08602139992103093,-0.2843926755894956,-0.7842406893627466,0.8852368766460422,-0.3584541534703364,0.6098998133555712,0.5543056840650042,0.13198008609631925,0.5337746858953036,2.388753230896446,0.9102400734068169,0.5407001755962257,0.9122451701958831,0.5100864516061157,1.7918663882620145,-0.38073696444807004,0.47694316303740386,1.3248888421344598,-0.588328603623195,0.762951507703092,-0.2420236003899254,-0.05908596388020496,1.2572670761789893,1.0716173519246954
47117,Marshall,Tennessee,-0.22023329496777677,0.15514269676169257,1.0803924653864223,-0.6809844120765609,-0.4873619775772481,0.3668163296927597,-0.20360407682509726,-0.2693379000827473,-0.36012238779915223,-0.22022799913460012,-0.2899533173711387,-0.2404567997037988,0.16673792082994135,-0.003975828103191509,-0.25334538698116177,-0.019583556873644683,-0.34618699943309356,-0.16425948173439978,-0.5117748153410149,-0.18597066507312454,-0.2902561939369421,-0.32165904757369146,0.4585608494796341,-0.6798332954263256,2.4675042126289157,-0.45838108364414354,0.4303242099602072,-0.13597190260932251,1.228946543560983,-0.4130179806716957,-0.6248796209724174,-0.39928204001186396,-0.0971176921452089,-0.4121738690638539,-0.08602139992103093,-0.11200421598533519,0.44712695499679195,-0.386350281924543,-0.4598162038615551,0.6258333508818761,0.5543056840650042,0.4106690220215423,0.5452019836043864,1.7698921194542225,0.3060039304122737,0.9390546954252628,0.34276752871466076,0.5656395615819493,1.319121183700941,-0.2834254165561003,0.47694316303740386,0.845047227751231,-0.8859960529555155,-0.0535356401590872,-0.24979051763083332,-0.051774313308908824,0.510938632452259,1.2169403564902348
47119,Maury,Tennessee,-0.038613434112976665,0.18274693310960277,0.8530698146889714,-0.5932049821062468,-0.7862419028451253,-0.0015171429475066018,0.19215990215211776,-0.26833400779838973,-0.22283031074211698,-0.29769598085365817,-0.25465430476148576,-1.0320501202033303,0.7353063551703168,-0.10201988099615492,-0.5387157802704237,0.21352301036183555,0.11792268751012248,-0.13408284209392887,0.37715473531435867,-0.10194415673837981,-0.12759622088470057,-0.02229886999459408,0.609800828456026,-0.646308791760687,1.9920495838886978,-0.47176078784152364,0.8974272545175658,-0.4147217068620092,0.7704856160896216,-0.41941111523353003,-0.5979146469417473,-0.3887277596728007,-0.16273861697126696,-0.37444353414952053,-0.08602139992103093,0.09867490045204581,0.26500004806244093,-0.3002397905503966,-0.2815092470133526,0.6098998133555712,0.5543056840650042,0.4270624888406746,0.5109200904771388,1.549822974221535,0.027125710568638415,0.455470836470013,0.6172454910502047,0.5545289395867816,1.0374724554881998,0.17752402082691401,0.04750660025410388,0.1252848061763878,-0.8859960529555155,-0.59786040540054,-0.01929087247656376,-0.03813718246879762,0.5520549796797257,1.247619657454071
47121,Meigs,Tennessee,-0.284528928157247,-0.682260168616245,0.5746987225588092,0.3423430080589924,-0.21370839066208933,0.6738860795589179,-0.5759969290692609,-0.15062990885435704,-0.5329980185372633,-0.5804290797714929,-0.5401808187162603,0.2757997136654609,-0.5071285912936209,0.2509387094185141,0.388737997919678,-0.8811136668664215,-0.6098289949037703,-0.356238194748232,-0.2966659610475441,-0.2483407427017245,-0.27847118005849025,-0.18769157643698142,-0.13293664267842914,-0.7828187517489829,1.348902232223964,-0.3739191485995989,1.010638630013378,0.039324231798383416,0.04740719401085329,-0.35652952131003296,-0.5783129498538869,-0.3066604290829928,-0.21422755772733498,0.4073898809122526,-0.08602139992103093,-0.23658067467946475,-0.16042552475160538,0.2581087058353291,-0.5785435423450692,0.6816007322239419,0.7026220931065674,0.509029822936329,0.6594749606952129,2.2367054578265897,0.5489660158821075,0.43879553098879753,0.7121584312970753,0.6684128150372411,1.5308261035770363,-0.20147884991023113,0.47694316303740386,1.3248888421344598,-0.8859960529555155,0.762951507703092,-0.3139471255870558,-0.05890105173803553,0.09314466872630502,-0.5075592976874933
47123,Monroe,Tennessee,-0.18458997260109103,-0.4902894013423727,0.08467928672955526,0.40952235581545526,-0.1047101707168004,0.6489941816482481,-0.5248369608383199,-0.18840833877657157,-0.4706527362542889,-0.36472817746875136,-0.36808699405226036,0.34463391544802896,-0.3580363977179484,0.2705475199971068,-0.25334538698116177,-0.6290651219569713,-0.4753404907719466,-0.006105664170177229,-0.7571804932620478,-0.1746332718171432,-0.24334754570651737,-0.2586111625474771,0.14222324586563923,-0.748936492369442,0.5785228568078054,-0.45842184431935623,0.7267474641241362,0.09315341995584404,3.138451479675279,-0.3931236100817063,-0.6012037239913589,-0.3919575785841191,-0.22475485105366155,-0.20591576932771555,-0.08602139992103093,-0.1600023251284824,-0.47564913745462817,0.5315143087672406,-0.25393477797142755,0.6098998133555712,0.5860877717167683,0.16476701973457913,0.5223473881862216,2.067318903617188,0.6165728570563221,0.6796610546063551,0.8994190971895495,0.5211970736012818,1.598271918758801,-0.42171024777100463,0.9063797258207039,1.5648096493260741,-1.1836635022878363,0.4907891250823656,-0.14940077285919465,-0.05597099007652898,0.7881606114502674,0.3433876290462732
47125,Montgomery,Tennessee,0.2911854121009113,2.1348212020026676,0.5857790047872768,-2.258497675504015,-0.12725572937580237,-0.7461386220615949,0.9127854134752668,-0.1600406192358088,0.6656101151686235,2.1463250595602292,0.03398674017231654,-0.4297508546058609,0.1293275868065797,-0.4941960925680094,-0.1106601903365306,1.4883868838074463,0.6821141531100221,0.14749780634613346,0.36485865592650224,0.12383205592039,0.27760936487663246,0.6130344653790886,1.0880823120673657,-0.3884692192259738,0.9093637903355407,-0.45137350182261093,1.155221983359814,-0.559425468504987,0.05261821891129802,-0.4135805283554551,-0.479106909238863,-0.3096802945854586,-0.14123679867601782,-0.3408545916991793,-0.08602139992103093,0.6166268865671659,0.028976602014371484,-0.29438975318726773,-0.33505718297891635,0.5620992007766571,0.5648997132822589,0.5254232897554589,0.49949279276805597,1.265733714012066,-0.5623214359190449,0.49252707087271436,0.9122451701958831,0.5545289395867816,0.8145265664151446,0.1519157187500799,0.47694316303740386,-0.354556808206841,-1.1836635022878363,-0.3256980227798136,0.11018270215620961,0.009518685696013657,-1.0987390110603255,0.3433876290462732
47127,Moore,Tennessee,-0.3019083426949556,-0.9540224129144717,0.49722028117815226,0.6312979270260816,-0.3833549950269411,0.5636265517806696,-0.5087545240715646,-0.29597011208517077,-0.0028905921373958963,-0.653298451712085,-0.5736734047066255,-0.7739218635187005,0.41749012300854715,-0.31771679736067504,-0.7527435752373701,-1.6221646818085242,-0.6520046836014312,0.12465535780658495,-1.105776636846739,-0.22283402992759008,-0.3556655819296202,-0.4449618925554962,0.6227859263457726,-0.7634319383958414,1.717677101760942,-0.40032181630055164,1.4560952110494767,-0.4732996042246656,0.2138864822191543,-0.37050498076608784,-0.5074967171935831,-0.3816640327411743,-0.22243470346824767,-0.3456200094356179,-0.08602139992103093,-0.1370834697644856,0.025528243277190835,0.03436434718677658,-0.6427995761994496,0.6338001196450279,0.5648997132822589,0.312308221106758,0.5337746858953036,2.326066868315014,0.7623501083382223,0.9242322016641826,0.6608541392717396,0.5517512840879909,1.7868704019522543,-0.9236329684769536,0.04750660025410388,0.6051264205596165,-0.588328603623195,-0.8700227880212664,-0.3480466995941262,-0.06048672706975392,2.498923194926292,2.875237308588106
47129,Morgan,Tennessee,-0.25822550349206996,-0.47287408582487145,1.2933816800963598,-0.20847708820642202,2.0782540280417385,0.5713689786111578,-0.43994710007475046,-0.22083921498815506,-0.5309778136601085,-0.3701811916594826,-0.5960536327309977,1.2911041899583384,-0.8079214054043931,0.13328584594695764,0.10336760463041615,-1.2383534483125496,0.12083872696828801,0.5731163996157695,0.47242186046746715,-0.2496132408414719,-0.34193322831078754,-0.3585930823830958,-0.37337781737956566,-0.8202469454049386,-0.16141389346147622,-0.3155293863682846,2.120951962037826,-0.4199583713610712,2.1350774616936867,-0.35655483308883507,-0.6174206862140225,-0.4040280584214087,-0.10899602961327153,-0.40874417313540323,-0.08602139992103093,-0.38018444229526566,-0.8806733469523802,1.0203471787206038,-0.35090338068920973,0.4664979756188296,0.42717733345795034,0.0008323515432703504,0.32808332713181615,2.4087595168266906,0.44966846790747966,0.7982410046949988,0.6352019932590721,0.3545377436737808,1.6844526826021669,-0.34488534154050227,0.9063797258207039,2.044651263709303,-1.1836635022878363,1.0351138903238184,-0.28355321329974387,-0.062319755459074616,-0.6210364036818794,-0.8918579097608071
47131,Obion,Tennessee,-0.2328446463326863,-0.24650726509769638,-0.017615351376679064,0.23587512402270006,-0.7619282177411316,0.11381649363425712,0.08191683106171546,-0.3024233457861432,-0.48310630248588327,-0.22504382461202654,-0.357809148947636,0.017671456980830835,-0.8004393385997207,0.13328584594695764,0.6741083912089404,0.8296630271296392,-0.216844844325181,-0.7754218121144127,-0.024513943579746757,-0.1978387384460334,-0.3099327676538556,-0.32201206117437736,-0.03290675178141483,1.242300549237732,-0.02636612417424943,-0.5104095306783472,-0.14869864694044835,-0.6356652686516195,-0.556536285511142,-0.44645759330112705,0.6382032327843264,-0.28964535623243104,-0.24513443846119906,-0.2737708694570022,-0.08602139992103093,-0.2543817201544945,1.2112704642783578,-1.067797545774163,-0.3263745389327687,0.43463090056621984,0.480147479544223,0.4270624888406746,0.39664711338631226,1.8259097200589065,0.7158704050309496,0.8056522515755389,1.3637229400188344,0.44620037513390665,1.6700892219616057,-0.31927703946366814,0.9063797258207039,1.5648096493260741,-1.1836635022878363,1.3072762729445448,-0.22731324629027813,-0.059563851817093234,0.5811113912909798,0.05758572006738012
47133,Overton,Tennessee,-0.25577118104808616,-0.2565235669944895,0.0030397894402040804,0.23481632555467763,-0.15999579848187015,0.7707089895263323,-0.6458300738974859,-0.2695171465138023,-0.5054211653052796,-0.5862668348151933,-0.582928919556989,0.447885218121881,-0.8296125348564706,0.29015633057569956,-0.1106601903365306,-1.0063103577218842,-0.6351673382154919,0.04217486863560054,-1.1512079849531112,-0.23748518168478083,-0.3195077808155194,-0.2026890188395103,0.015677787251547642,-0.7933601235472877,1.2996588364983486,-0.45433108353782004,2.1779304562562967,-0.5872577357154283,-0.25302113385902814,-0.3836151341989347,-0.6118088150771451,-0.3995520330916516,-0.12116678742077586,-0.3996648781417228,-0.08602139992103093,-0.2113052834868836,-0.19308671509761544,0.2789503815068936,-0.4161646949434443,0.5222653569608955,0.4589594211097136,0.11558661927718697,0.3737925179681466,2.41142702161739,0.2552987995316127,0.7037476069681106,0.15294164822091982,0.4128685091484068,1.4789927456132725,-0.38585862486343686,0.47694316303740386,1.5648096493260741,-1.1836635022878363,0.4907891250823656,-0.26891772105302103,-0.060189246038093475,0.5640852749969513,0.1334766224516058
47135,Perry,Tennessee,-0.2972574309514636,-0.18766855616035102,-0.3855520862114283,0.3649071264033201,0.13072274267578568,0.6088003819763068,-0.49801410765281795,-0.15551542827922712,-0.3196042938040893,-0.4413833923736783,-0.5072972361277848,-0.01674564391045318,-0.8774565767175405,0.5254620575188118,0.745450989531256,-1.3370533728288478,-0.9646035316412561,-0.48526798899626133,-0.8631956731923465,-0.2791798068804986,-0.4473097027938837,-0.5895910131180266,-0.34330257010822024,-0.7467248578185195,-0.2378930551685588,-0.46688275015577496,2.559928756300509,-0.2554653488930276,0.2747200605097885,-0.2804750117983325,-0.45541271181330195,-0.27655473217742754,-0.1952586650504259,-0.2681792617531083,-0.08602139992103093,-0.4893179907985827,-0.8428872857401978,1.0307273191049569,-0.4250632881125236,0.6338001196450279,0.5648997132822589,0.49263635611719675,0.568056579022552,1.553824231407584,0.2447352305981415,1.2503270644079523,0.9815059644300858,0.5906384610710738,1.4602577969516706,-0.3961019456941705,0.9063797258207039,2.044651263709303,-1.1836635022878363,1.579438655565271,-0.33634953507468657,-0.06689448551992039,-0.15785741447533472,-0.733617304789443
47137,Pickett,Tennessee,-0.30612579415001123,-1.6564383470088306,-0.22460401317537096,1.6379013177370136,-0.15508842026925101,0.8141119322218003,-0.679589584055145,-0.30427953085138737,-0.6116917573945219,-0.4414227573490837,-0.5398751164361458,0.5683450712413746,-0.9515221738023244,0.6038972998331827,0.5314231945643092,-1.2579657293661053,-1.712228009518199,-1.8097664096673167,-0.41609593065362294,-0.2390706588076921,-0.3300336425822,-0.3096961091422151,-0.05319978076610275,-0.8001300827936111,0.7581983717821382,-0.47450830662921534,2.0597059428202966,-0.6099011812181822,0.42102505735145,-0.40349858245049053,-0.6127257021037747,-0.35111030218829653,-0.1939140120369247,0.11056220726039484,-0.08602139992103093,-0.27037177655817457,-0.44475521223794123,0.5491287079233188,-0.6099604164708811,0.5222653569608955,0.5119295671959863,0.23034088701110358,0.41950170880447707,2.299391820408022,0.33346920963929855,0.6426048202036537,0.17602857963232071,0.45731099712907275,1.4346533671141488,-0.14229521844376994,0.9063797258207039,1.8047304565176885,-1.1836635022878363,1.0351138903238184,-0.3462125841974781,-0.06484041492884389,0.1303443556331341,-0.9645194120435769
47139,Polk,Tennessee,-0.271612983076139,-0.929141018012511,0.93816449716702,0.38877720468729693,-0.2679835558340111,0.750634491234107,-0.638481999496428,-0.17249904823283488,-0.4945860072955939,-0.3620959706396733,-0.5377922168626027,0.13813131010032487,-0.6726950604025169,0.5254620575188118,0.03202500630810057,-0.26221453607602946,-0.2884506104544684,0.08916050739002751,-0.6085297512151432,-0.2682184506818584,-0.39174780650786206,-0.5068672358144001,0.12413060063803709,-0.7618398590773539,-0.06765306834550201,-0.44927941214922085,0.47205683593577746,0.771117967249071,4.0195876430177595,-0.36761570838974794,-0.6038120225128947,-0.385818515429284,-0.2101123551177213,-0.31363557045843954,-0.08602139992103093,-0.31456363547690724,-0.7807388964622751,0.8948581553459795,-0.41051278513982004,0.6577004259344852,0.6390579178030409,0.2631278206493658,0.5909111744407168,2.0859914371520825,0.4222031886804552,0.416561790347177,1.0071581104427538,0.5850831500734908,1.4871112233666328,-0.4319535686017383,0.47694316303740386,1.0849680349428452,-1.1836635022878363,0.2186267424616392,-0.28783905437966656,-0.06293054781592473,1.2217670433793382,0.49355473376399667
47141,Putnam,Tennessee,-0.08588989340985766,1.0677156959787837,-0.5558807400696365,-0.7068274065314871,-0.1669637005642709,0.550295973020809,-0.5007880157696963,-0.2241262233020169,-0.014127029827551787,-0.008854870480667494,-0.23340462600783693,0.2757997136654609,-0.4557151230670193,0.29015633057569956,-0.32468798530347687,1.2498339590346885,0.591497929133499,-0.19554255762602565,0.6460481395088329,0.019670548306296727,0.15336863113389745,0.5043717338174488,1.050619481940779,-0.7844804100803301,0.9974008016142797,-0.47821843653783824,1.939727332880189,-0.5587368053020064,-0.3065820827707912,-0.40759872609260195,-0.593522645709583,-0.39828939991736123,-0.0706684817887907,-0.39737619252636,-0.08602139992103093,0.5098460809155823,-0.3211106857512571,0.09207321824812134,-0.44019461976069846,0.530232125724048,0.4589594211097136,0.13198008609631925,0.3737925179681466,2.322065611128965,0.382061626733265,1.1261886791589037,0.1991155110437216,0.41842382014598983,1.6282478366173625,-0.1195322832643619,0.47694316303740386,0.6051264205596165,-1.1836635022878363,0.4907891250823656,-0.06621053879694,-0.029187540953146074,-0.07831070961013385,0.1819176239734522
47143,Rhea,Tennessee,-0.22377126813285125,0.15790935498783926,-0.006926689910700339,-0.1420292171027574,-0.18094177409627538,0.644091360801833,-0.5111957252121644,-0.223534247702698,-0.40094182740834317,-0.3307595009983686,-0.328231816832728,0.15533986054596688,-0.5575810601141178,0.4274180046258487,1.2448491777874646,0.048695594072477685,-0.20940637733782455,-0.640694678078444,0.4308528404743435,-0.0935857360223088,-0.0554726930634214,0.10987295616129056,-0.10380171966699808,-0.7912140311432689,0.8771602166048957,-0.2884285420338784,1.0005324802031346,0.2457997127896077,0.34683690136168854,-0.314437825371037,-0.5528052572575891,-0.3438254089945737,-0.010626800471783474,0.08657060115437551,-0.08602139992103093,-0.02679443505286117,-0.3821478158880193,0.38310014266771597,-0.48942357326762975,0.6019330445924187,0.5860877717167683,0.27952128746849575,0.5566292813134692,2.3807507165243487,0.6503762776434294,0.42767866066798743,0.8481148051642139,0.546195973090407,1.6575992561872055,-0.13489726451046238,0.47694316303740386,1.0849680349428452,-1.1836635022878363,1.0351138903238184,-0.23227284404652054,-0.05026641216696085,0.5031665885823797,0.4757930332059864
47145,Roane,Tennessee,-0.16456586454677463,-1.0381746074002625,0.24354126858417552,0.8351623241209107,-0.41740059187267453,0.6154150505391859,-0.47944797095435415,-0.23685338291111907,-0.38244169372321185,-0.3953844828217781,-0.5573100731727375,0.017671456980830835,-0.35426104290825133,-0.23928155504630408,0.10336760463041615,-0.6935015300760217,-0.5882270254241216,-0.3728001890348095,-0.3670400100750619,0.03681372926317948,0.12822474311701748,0.433936073217728,0.585307267587135,-0.8197126558968659,0.5199469845215975,-0.4245729887483703,1.7334765273493642,-0.49689587313488887,-0.03987429195019445,-0.3867633870480583,-0.525167880296824,-0.37967108758535745,-0.1505965859909225,0.30556466311375885,-0.08602139992103093,0.35493640245693936,-0.5718418402361647,0.40271889383103954,-0.44582418999988166,0.6098998133555712,0.6602459762375494,0.39427555520241236,0.568056579022552,2.27004926771033,0.44966846790747966,0.5925789037600072,0.6454628516641394,0.5906384610710738,1.5526835436822375,-0.4165885873556378,0.04750660025410388,0.845047227751231,-0.8859960529555155,0.2186267424616392,-0.10586860538364812,-0.04261691173996102,0.9371662101694473,0.35146112929991435
47147,Robertson,Tennessee,-0.11058541470779473,0.197561934279074,1.3631950301722846,-0.8609050853918649,-0.30579055839360814,0.2720263270045108,-0.13173832178270306,-0.2559679344021764,-0.33706712816093076,-0.1292894739134313,-0.16856325345130513,-0.6878791112904907,0.6911003824895005,-0.04319344926037889,-0.7527435752373701,-0.2935051928849542,-0.30793767708065195,-0.3935750568319924,0.12383513651555396,-0.1272042576872992,-0.19087375682388263,0.0042624608618663466,0.5153889415831304,0.23349493732856358,1.9339726195397013,-0.47956000477494687,0.34325869352517896,-0.6314448845003781,-0.28792255862943933,-0.4404435066303184,-0.5770597883655402,-0.37320003939321034,-0.18867695585308014,-0.4079525354363423,-0.08602139992103093,0.057790558695266094,1.1049982457871212,-1.0992525041254884,-0.3851127003701721,0.5063318194345912,0.5119295671959863,0.45984942247893684,0.41950170880447707,1.2283886469422765,-0.45668574658433464,1.2336517589267368,1.035375471056688,0.4906428631145734,1.1080407621135655,0.06996915210421067,0.04750660025410388,0.36520561336800217,-0.8859960529555155,-0.59786040540054,-0.12853303135651434,-0.0393627473839286,-0.06642857480535513,0.6517953387353613
47149,Rutherford,Tennessee,0.6522812626541915,1.485500017534858,1.1418094895475592,-1.937203604839875,-0.4143163974828125,-0.4575245463248777,0.4913702994841,-0.2540680662500235,0.8613617741932051,-0.027432394318620417,-0.0783149820906998,-0.7739218635187005,0.953590505985528,-0.2784991762034896,-0.9667713702043169,0.7853664270902659,0.195027464805673,-0.5110878122572414,0.5395369283504022,0.44272609236123234,1.0880741199589492,1.3707512125974195,1.125851742749973,-0.6758540032494201,1.6374933987907385,-0.4669539661744532,-0.12203801308177838,0.1790098810497524,1.1955960124188367,-0.42597299033980746,-0.6105261254316636,-0.3870940329059808,-0.05584908689351969,-0.31037928472325355,-0.08602139992103093,1.1979623684142582,0.07547780112067294,-0.5905808270518578,-0.27524672244833537,0.6338001196450279,0.6072758301512768,0.509029822936329,0.5794838767316348,1.7378820619658315,0.06726727251582823,0.9779637415480991,0.2529850176703235,0.6073043940638245,1.2248219421042137,0.22874062498058229,0.04750660025410388,-0.354556808206841,-0.8859960529555155,-0.8700227880212664,0.4148891590218042,0.040500100112583065,-0.9180493549856897,0.658254138938274
47151,Scott,Tennessee,-0.25627786097983934,0.3468428559678817,0.48817200200312005,-0.5626578490668734,-0.4246402456375509,0.8020580660498908,-0.6798630480326454,-0.28790923267842905,-0.5309504718767472,-0.6388281339961333,-0.6226922043308825,1.2911041899583384,-1.1650013275870121,0.03524179305399396,0.3173953995973624,0.20605815274337508,-0.386146071620171,-0.21907653933790883,-0.652916493854241,-0.21241739820143868,-0.31712765923581904,-0.3975747896140762,-0.2628488944009523,-0.8204984842886739,-0.45913045697316346,-0.43784630729368756,2.5862110051585137,-0.5898949179607366,1.8995686736250876,-0.37056245365516777,-0.6139827205383587,-0.4018836311671314,-0.13740704260776715,-0.3934472613052298,-0.08602139992103093,-0.3482274067937122,-1.015633234332938,1.1377611031429122,-0.34297283531258266,0.38683028798730634,0.34242509971991364,-0.13031538300977621,0.2023830523319068,2.400757002454593,0.3968506232401245,1.137305549479714,0.38894139153746254,0.2517644902184889,1.7194245867704896,-0.7853481372620493,0.9063797258207039,2.044651263709303,-1.481330951620157,1.8516010381859975,-0.27902407119781686,-0.06223000483798438,1.2287737650740853,1.2863724586715477
47153,Sequatchie,Tennessee,-0.27690237010935465,-0.568272952386756,0.32759985266000935,0.3603883766456267,-0.2344615029497233,0.7422647137717447,-0.621635874898051,-0.21682986612419128,-0.46901561110963536,-0.3047986538877255,-0.43866381336187493,0.4995108694588065,-0.6072098151579536,0.13328584594695764,0.17471020295273174,-0.3909985330612722,-0.38484807717396585,-0.088528604562105,-0.49514023756754616,-0.24072579532253477,-0.31420178169327406,-0.3485289089911391,0.08681130070328218,-0.798919056264252,0.08101253838902679,-0.36053550528673933,1.913989996499949,0.3113382948910382,0.5109142775887676,-0.3095616282827821,-0.6139596995062234,-0.3821391987271427,-0.1498762005289461,-0.4090990784421083,-0.08602139992103093,-0.24119256940912676,-0.7499790922080334,0.8332761291069473,-0.5418172984037313,0.530232125724048,0.480147479544223,0.017225818362402626,0.4537836019317255,2.2033616479428493,0.5447405883087192,0.5017911294733894,0.9276364578034838,0.4239791311435729,1.58765544785056,-0.4473185498478388,0.47694316303740386,1.0849680349428452,-1.1836635022878363,1.3072762729445448,-0.2942210273414728,-0.05907591846351853,2.0639688606638997,1.1555817545625628
47155,Sevier,Tennessee,-0.033157106292998395,-0.4609584101946437,0.4639674189997312,0.1936081207590314,-0.42046049375761074,0.6503836743277966,-0.5850576190315199,-0.22755332725215716,-0.1283491493202905,-0.3773761202522616,-0.23886043133567134,-0.2748739005950828,-0.08552442327254324,1.133335185455186,-0.46737318194810806,0.27517753351389806,0.40956124434589614,0.1554340611408707,0.6141955942273155,-0.06485495192906562,0.013712610276941626,-0.011668833293607824,1.3128060512141613,-0.8153764759142379,0.18538906812897432,-0.47571663437534845,0.9083868193569233,-0.06283343386818818,3.4223359840615224,-0.431955885991531,-0.6250818044866042,-0.4013822157624369,-0.12588158311055522,-0.36448544178246417,-0.08602139992103093,0.34402413057770653,-0.7189546945815448,0.5504562761076238,-0.29471937611958393,0.49836505067143877,0.3742071873716777,-0.19588925028629833,0.33951062484089894,1.669860689803001,0.7771391048450814,0.9483187540259381,0.6018542034426043,0.32120587768828096,1.4777437490358318,-0.24245213323316572,0.04750660025410388,1.0849680349428452,-1.1836635022878363,0.2186267424616392,0.06127919673333641,-0.03651357559964054,0.7861054957693917,0.7131539406630331
47157,Shelby,Tennessee,2.4238481054219196,0.9947859209030587,0.5097848743867082,-1.170358836614742,-1.1772313544795785,-2.8194266702557043,3.016408947728657,-0.3111201134821004,0.47755389830718575,-0.2347576629522356,-0.2258342670032086,0.46509376856752255,-0.21024841762198937,0.2705475199971068,0.03202500630810057,2.0428137655052487,1.6124263014636413,0.5501557174084682,1.2341198383850804,2.0213333576195267,2.9103761114141893,2.675344226757996,2.1959565615361223,-0.28155457582786725,-0.020122967576108763,-0.5001939069586967,-0.3884785325347811,-0.5906574988902734,0.0004884186909611582,-0.4211933194417142,0.5917652059695969,-0.24608351468058615,-0.13268115346354695,0.009513807028069067,-0.08602139992103093,2.8171431196877714,-0.28633113694580375,-0.9378761550454673,-0.15538006617831998,0.6975342697502468,0.829750443713622,0.8532926261380765,0.7623206400769567,1.388438934384231,1.3053175515186328,1.3077642277321395,1.9639831567152581,0.7906296569840746,1.9548604416179463,3.301736874200678,1.335816288604004,-0.1146360010152266,-0.8859960529555155,-0.3256980227798136,2.468873817708941,0.17885226172998847,-0.852914145606388,-0.1426370862229182
47159,Smith,Tennessee,-0.26187477051498614,-0.012647631066867898,0.8836212571830321,-0.42840691006652426,-0.1497083717116592,0.6619224584367882,-0.5181152408996949,-0.2517742958505084,-0.4796043544193164,-0.6397724632860575,-0.4800663329934928,0.13813131010032487,-0.07907199868869738,0.0548506036325867,-0.6814009769150549,-0.28297646496155554,-0.6389292369888704,0.1284764226645947,-1.5761112482250488,-0.21039623339827643,-0.30989032109909537,-0.22205713743863742,0.07901476536313773,-0.7318776659394169,1.6332799305490548,-0.4884675142299063,1.149349042608593,-0.25776289840633115,0.866463394993476,-0.41432132311356973,-0.6163128093446935,-0.3847395525492213,-0.14735849393921135,-0.15342848313994406,-0.08602139992103093,-0.19213800585640675,0.018408946888500956,0.0650547288996062,-0.4976892121108748,0.578032738302962,0.522523596413241,0.3778820883832824,0.4537836019317255,1.820574710477508,-0.25809065063507936,0.9019984610225618,0.3530283871197276,0.5128641071049064,1.1661191029645297,-0.31927703946366814,0.47694316303740386,1.0849680349428452,-1.1836635022878363,0.2186267424616392,-0.2985630148110888,-0.05792846041880971,0.18217997711926834,0.5436104353365709
47161,Stewart,Tennessee,-0.2807420082048949,-0.5900358348593134,0.51792300347273,0.2856538221869724,-0.03874676351286206,0.6206381278230435,-0.5424620571033091,-0.1703941659533723,-0.1954618565384273,-0.4292707248605628,-0.4506741406819329,-0.2748739005950828,-0.24333425431787986,0.1528946565255504,0.388737997919678,-0.4188973250159808,-0.21230943552289466,0.8045393459013247,-1.5068822327408335,-0.2622221765422157,-0.4124619683123108,-0.540197960291479,-0.0739605112213939,-0.7323357838847777,-0.22631650608548598,-0.42519769092750437,2.3970865141452666,-0.4056032195049146,-0.04976074004124788,-0.3150500299380376,-0.3486657916029268,-0.27322835780753457,-0.18817328164472355,0.1457099365271945,-0.08602139992103093,-0.3849413561656208,-0.8234812250327368,0.9667975169154296,-0.37251318602533356,0.4903982819082863,0.46955345032696827,0.509029822936329,0.40807441109539505,1.3270863241981488,-0.23907622655483152,0.36653587390353054,0.6762454268793404,0.4795322411194065,0.8388819996752264,-0.14229521844376994,0.04750660025410388,0.6051264205596165,-0.8859960529555155,0.4907891250823656,-0.31419042660906016,-0.06507515829558698,0.02477405798533586,-0.2540513897231643
47163,Sullivan,Tennessee,0.1428570586694569,-0.769066313750838,0.412951370930363,0.5028688543894517,-0.625419586851371,0.6388654492731496,-0.507784450020223,-0.2892197864476979,-0.3190770934717024,-0.48916329428688493,-0.5560286277188305,0.10371420920904087,-0.30332807438470205,0.0548506036325867,-0.1820027886588462,-0.029659050866219658,-0.6047312021569055,-0.7862701917505589,-0.24874771671639023,0.2808040196629229,0.47901672220550146,1.1620650939775237,1.8018465485384971,-0.8185945848669812,1.331067336440332,-0.48024145006796976,1.145296652430569,-0.60077984281383,0.2650476722269971,-0.4337082741418308,-0.6118774969445303,-0.3981132078984099,-0.08627447956417937,-0.16235365928949844,-0.08602139992103093,1.0933697609535151,-0.20372133946683652,-0.2739815129640453,-0.4200145465488117,0.45853120685567716,0.3953952458061863,-0.14670884982890617,0.33951062484089894,0.932295615174661,-0.08696083391284853,0.6963363600875705,0.5710716282274029,0.32120587768828096,0.7845506485565822,-0.24757379364853255,0.04750660025410388,0.6051264205596165,-1.1836635022878363,0.4907891250823656,0.42072838354990844,0.006211054722620608,1.2400109415872502,0.6970069401557514
47165,Sumner,Tennessee,0.23931661677519195,0.10829985103644107,1.2668452075950818,-0.7306857505566345,-0.5559460671106482,0.20371807389483584,-0.09444326821506484,-0.2815881857799221,0.04462691222114302,-0.150852293248898,-0.32099385714453,-1.0148415697576887,0.9382831583025746,-0.2784991762034896,-0.8954287718820013,-0.24918667395317104,0.09070354228831616,-0.03141922537438654,0.5535779989909658,0.0076518470862887425,0.23948286099355623,0.5357062793119987,1.256762004096566,-0.5815026250514017,1.8987167550529382,-0.4892735266749846,0.7897525242029624,-0.5688130240586772,0.271970748854583,-0.43529884244344913,-0.6156044460899547,-0.3874598762982619,-0.1562946246583136,-0.20852492486547342,-0.08602139992103093,0.6001021831147431,0.28657816380060813,-0.5377011251455814,-0.335533760353662,0.5381988944872004,0.4907415087614769,0.4270624888406746,0.40807441109539505,1.3164163050353515,-0.2855559298621042,1.4244913661006477,0.8352887321578804,0.4878652076157819,1.2154544677734136,-0.20147884991023113,-0.38192996252919614,-0.1146360010152266,-0.8859960529555155,-0.8700227880212664,0.2819532236912767,0.0027916218900054623,0.4716064446802734,1.4930540651647588
47167,Tipton,Tennessee,-0.1405000321813632,0.4409649380179615,1.05530156913192,-0.9318111997603349,-0.3523451294585515,-0.4101160466629658,0.6042724075102583,-0.24748716505060517,-0.24081880975263834,0.11862286665851984,-0.49474714035877365,-0.6878791112904907,0.3922295671909378,-0.2784991762034896,-0.039317592014215016,0.03135666105847714,-0.30718647721873654,-0.7466672672017424,0.3605456915118881,-0.20268501106679007,-0.28727228362931073,-0.02281050515464795,0.19941812398263412,1.0503839144278246,-0.04146049641987589,-0.5115488359772765,-0.38935541370826887,-0.6271603797927605,0.3429086142962544,-0.39985682229620434,0.4456528730243428,-0.2774383503195884,-0.19610607923835024,-0.07050461056226161,-0.08602139992103093,-0.08238692058986917,1.0154744880164706,-0.9516964080539365,-0.38748814072242,0.6417668884081803,0.7873743268446042,0.7713252920424222,0.6709022584042957,1.5885017936866739,0.9313672112737585,0.668544184285545,1.6151139709429778,0.7239659250130749,1.6376153109481635,-0.12465394367972873,0.47694316303740386,0.6051264205596165,-1.1836635022878363,-0.3256980227798136,-0.16332507750313557,-0.043664600693483845,-0.09623713980963874,0.5968955370106022
47169,Trousdale,Tennessee,-0.28786188632103404,0.5772818148613986,1.9888839266821579,-1.5223377326800385,3.990494641487769,0.0688671253384339,0.13528416652297212,-0.2609264112172076,-0.4739492331842399,-0.6254812561072233,-0.5213007375807559,0.2241740623285349,-0.25671960318862397,0.2117210882613286,-0.6814009769150549,-0.8928619429449721,0.39300046833058033,1.5505886428311613,-1.0182792256789117,-0.2107469131814495,-0.3136930936553886,-0.2592243706151065,-0.0009002223402392264,-0.6787846968103903,2.24064894435427,-0.48816248101395343,0.7239322857624377,-0.4027717388914064,1.310151815816026,-0.41577622885198323,-0.6103056640523626,-0.38125521152101194,-0.24983579162271258,-0.24126929355192206,-0.08602139992103093,-0.22790543249558065,0.34551087415796655,-0.23751863684641875,-0.6530757758424031,0.5700659695398096,0.522523596413241,0.4270624888406746,0.4652108996408083,1.5631604981750313,-0.24330165412821983,1.1836258424830903,0.48385433178433274,0.5211970736012818,1.1767355738727705,-0.032464056203125854,0.47694316303740386,0.845047227751231,-0.588328603623195,-0.59786040540054,-0.3419080276543243,-0.050656565146459054,0.1384908431943304,1.5544126670924305
47171,Unicoi,Tennessee,-0.2685348292710949,-1.0109402603728095,0.19813083434740658,0.8326870426039844,-0.25470985235472327,0.7801375041630141,-0.6536297140204681,-0.2536801678349591,-0.5548762143600809,-0.5695926804957241,-0.30839438183880735,0.2241740623285349,-0.7670102878302214,0.23132989883992133,0.745450989531256,-0.040245888099619334,-0.8148923889801941,-0.9354231511858981,-0.5391174189928442,-0.19139683414094377,-0.2578146385779284,-0.2528940860091872,0.37021686366067014,-0.8221988482510404,-0.4588782108622859,-0.5111175867592669,1.4685864822536994,-0.4805733876741409,4.699899004114054,-0.41122532409227097,-0.6234212456940867,-0.4062617303182623,-0.21036714107953805,-0.4161919721037456,-0.08602139992103093,-0.10380698109884427,-1.0171933184327542,1.0337535181522635,-0.6011288419951255,0.23546168148741178,0.0669803400712958,-0.704086721679357,0.03097358669566698,0.9869794633839953,0.2489606581715302,0.32206839262028913,0.7916800839363453,-0.012112782166720886,0.8370085048090662,-0.4626835310939393,0.47694316303740386,1.0849680349428452,-1.1836635022878363,1.0351138903238184,-0.27791985886718173,-0.05082263507064387,1.2662592647369773,0.3546905294013707
47173,Union,Tennessee,-0.2624165958755315,-0.3790689024837063,0.9311264301991684,-0.1144885009232649,-0.22682304356878324,0.7840775483947257,-0.6645549531568922,-0.23785833759623154,-0.5705480431784666,-0.31651529363035935,-0.5683068582601768,0.6543878234695846,-0.5227791530501832,0.36859157289006833,0.10336760463041615,-0.4709838609746377,-0.4179633964093664,-0.47901131485530235,0.12403165072135111,-0.238081915602287,-0.2985792662036012,-0.1611776154242324,0.38834719955216807,-0.8221988482510404,0.5653710806212249,-0.3916811646482325,1.8655455267353316,-0.5215958380370801,0.24066701887430747,-0.38126021078401173,-0.6247047862614935,-0.4015389289454192,0.10177276226178933,0.36235662015200004,-0.08602139992103093,-0.0893668374607074,-0.553736096052367,0.5769364224771293,-0.5559507961735325,0.4425976693293723,0.40598927502344095,0.0008323515432703504,0.33951062484089894,2.2046954003381987,0.14121225505012575,0.7889769460943233,0.4402456835627977,0.34342712167861394,1.44714333288855,-0.6829149289547128,0.47694316303740386,1.8047304565176885,-0.8859960529555155,1.0351138903238184,-0.290459219232021,-0.05398109842107367,1.4426411694538768,1.6739004708463183
47175,Van Buren,Tennessee,-0.30371247470628493,-0.9068025437146814,-0.19346918625162135,0.9317706789922166,0.17210292645981687,0.7642761767065863,-0.6211023387191114,-0.25514731458783696,-0.5329922609335105,-0.4288622196097279,-0.5565264791323702,0.1725484109916089,-0.7736686408582325,0.17250346710414313,0.4600805962419936,-1.2263457261874002,-0.5103918359097106,0.2600239707132799,-1.105776636846739,-0.2772718904979266,-0.36933798886879804,-0.47581155444290957,-0.34277491870202076,-0.8117427113336615,0.16961937043407085,-0.2374821868494342,2.0370087664488854,-0.03211760996880479,0.1885701387812205,-0.09769219848591618,-0.5990973161059665,-0.3892580626793147,-0.05493177142013734,-0.3713764130441437,-0.08602139992103093,-0.4262171857819843,-0.7225123458057106,0.8864535917098659,-0.5355249877527924,0.5142985881977431,0.44836539189245894,0.0008323515432703504,0.3509379225499818,2.1486777997335147,0.014449427848473074,0.6277823264425733,0.7198540751008754,0.38231429866169764,1.3971834697909464,-0.21172217074096478,0.9063797258207039,2.044651263709303,-1.1836635022878363,1.0351138903238184,-0.3440041595362079,-0.06641516351604741,4.093593986914366,3.065771914574035
47177,Warren,Tennessee,-0.20001881584083633,0.09275874728887074,0.5926654487681958,-0.3806146549752064,-0.1636922532491376,0.5272019796539369,-0.40080623250956593,-0.24642396425438554,-0.31404305128422577,-0.3917011827818181,-0.024144634145479495,0.2413826127741769,-0.6574563555342852,0.7803765950405174,0.10336760463041615,0.2629775370452564,-0.28433191507241196,-0.3765774154670349,-0.2539388598522652,-0.14370010265453978,-0.14758236122603757,-0.04912080482476752,0.3179322462343483,-0.5382947068059815,2.4664965038484024,-0.45995925144056665,0.9925814925799186,-0.5886388793633166,-0.47836965459962033,-0.3994427839993865,-0.43504584213133124,-0.34911759671769377,-0.18314840444135158,-0.3855046215989144,-0.08602139992103093,-0.004820411801403634,0.5860334782780608,-0.5676728821510748,-0.4167976492692784,0.5939662758292663,0.5119295671959863,0.19755395337284137,0.4537836019317255,2.4167620311987883,0.37361077158648837,0.7963881929748634,0.5043760485944669,0.48508755211698956,1.6332438229271236,-0.40634526652490416,0.9063797258207039,1.3248888421344598,-1.1836635022878363,1.0351138903238184,-0.20105545137704006,-0.050991780113696324,2.40573455154391,2.944669410769419
47179,Washington,Tennessee,0.05800134963659029,0.23255013629918955,0.008240747471539465,-0.21834797393970626,-0.5392407545976599,0.4384075865561584,-0.34411690120756105,-0.27593682284930543,0.06001341986936282,-0.28681699944883166,-0.44189332273765497,0.2241740623285349,-0.2637898131049657,0.01563298247540123,-0.39603058362579246,0.8895922767656275,0.07488846324062037,-0.6314064494876062,0.3539892435950268,0.13398100908102983,0.3319767545035159,0.9410042743223143,1.9146207162386735,-0.7794878400999207,2.87256677809458,-0.4961480901232502,0.426298735471343,-0.6237879103072588,0.11652927168094324,-0.42990180876585216,-0.6164572710834736,-0.4053772341690808,-0.1739640386992807,-0.37489769139434853,-0.08602139992103093,0.9730277588303741,0.5322892029537489,-0.9375907681495084,-0.49433083092321395,0.47446474438198144,0.42717733345795034,-0.06474151573325176,0.3737925179681466,0.8349316903141386,0.09473255174285307,0.4814102005519039,0.5377238384109351,0.35731539917257316,0.7121088470650567,0.12118575625787893,0.04750660025410388,0.1252848061763878,-1.1836635022878363,0.2186267424616392,0.17703433681771097,0.011163357960053617,0.581529655307927,0.6372630382788074
47181,Wayne,Tennessee,-0.27207866000763475,-0.8884605676566572,1.7033226769646979,-0.029763137863205016,2.413076250455628,0.3917096775100386,-0.238098520408056,-0.2809184210963574,-0.5494165284322292,-0.6703703585913974,-0.5461364531826705,0.4823023190131645,-0.7297372394363032,0.30976514115429227,0.4600805962419936,-0.7213028081829874,-0.7476939156537492,-0.6352444745156242,-0.3229595617831,-0.2777231293667061,-0.4112331094775486,-0.5275610363839959,-0.2111078845637267,-0.7809161845780176,0.34885538986096254,-0.29574555335929015,1.8240791058876387,0.4350937865265556,-0.22274980446211814,-0.1829832884166586,-0.5529867931035677,-0.3900002351278616,-0.19842327526563744,-0.40536143166196137,-0.08602139992103093,-0.42083506372318097,-0.6110581910471385,0.7757718908963326,-0.19219566837742272,0.6816007322239419,0.6178698593685316,0.4762428892980668,0.5452019836043864,1.725878290407685,0.35670906129293467,1.4263441778207833,1.125157982101025,0.6128597050614075,1.6682157270954463,-0.3704936436173364,0.9063797258207039,1.5648096493260741,-0.8859960529555155,0.762951507703092,-0.3037659135893355,-0.06614804129306522,-0.0878938078968857,-0.2540513897231643
47183,Weakley,Tennessee,-0.22329973362989017,0.8856421130151206,-1.163596467689939,-0.23643341963643255,-0.5461621209896306,0.2626700123259873,-0.13494464463222283,-0.2825723276420639,-0.16500671010579704,-0.3452518451903625,-0.4908629579465894,0.5511365207957325,-0.9071789154920645,-0.06280225983896945,0.03202500630810057,0.7800553046036033,-0.2913117511318621,-1.4211144867518417,0.5403701333292292,-0.2255723050176815,-0.33764029713882454,-0.3897451065196099,0.10959982232860466,0.9046802968110702,0.02069854481665182,-0.4952647280899623,-0.06377094473521185,-0.5281196700143546,0.23094407380320306,-0.43748607711639237,0.7022366633193653,-0.3435637936354227,-0.18915454803072143,-0.38345476253044253,-0.08602139992103093,-0.2530191508996022,0.900137018829785,-0.7658953644958223,-0.3068199735252356,0.49836505067143877,0.4907415087614769,0.4762428892980668,0.41950170880447707,1.712540766454189,0.19614281350417506,0.3128043340196137,1.1405492697086257,0.48508755211698956,1.2429323924770954,-0.5139001352476075,0.47694316303740386,0.845047227751231,-1.481330951620157,0.762951507703092,-0.23944086646403315,-0.0589030482197644,0.466367926054569,0.6614835390397303
47185,White,Tennessee,-0.24082265866849994,-0.3056484905824843,0.2433190490450554,0.16041086882313094,-0.4948078009339438,0.6838616166856946,-0.5438813024076428,-0.2503840845163594,-0.4831778098002677,-0.32529407169574653,-0.49902709210783314,0.2585911632198189,-0.8332506040367241,0.19211227768273587,-0.1820027886588462,-1.0360186030541367,-0.4305584737004155,-0.16380652356379025,0.0213427125252741,-0.19320243446896232,-0.23826228511531164,-0.061870506091071684,0.0589325525630922,-0.7349912634667212,1.8404647293983745,-0.46554183742774086,1.45891654524466,-0.33853340741238014,-0.185867950918559,-0.3704015279469607,-0.5558132280082898,-0.39549600873864865,-0.1815969020876462,-0.36141069662095726,-0.08602139992103093,-0.11737766223768263,0.10909118908394107,-0.05538494237216859,-0.4574333169878269,0.5461656632503528,0.480147479544223,0.13198008609631925,0.3737925179681466,2.2447079721986873,0.37994891294657085,0.9279378251044527,0.24528937386652336,0.4295344421411575,1.5358220898867965,-0.3909802852788037,0.47694316303740386,1.3248888421344598,-1.1836635022878363,0.2186267424616392,-0.24492449719074644,-0.05581185857535233,2.1582770755279483,1.9112613783033652
47187,Williamson,Tennessee,0.3773473595705521,0.4238273823896235,1.7533899063859961,-1.2636829719207434,-0.42078778718139437,0.22919119196758103,-0.3748507231454579,-0.3218941046762152,1.3957945764409114,-0.2969443015688384,-0.34878153774760406,-1.754809238920294,4.387310026812354,-1.0824604099257908,-1.1094565668489478,-1.104345433915211,-0.7844413102463696,-0.6913130431868961,0.06806657253751411,0.019266656740630755,0.4955433502862914,0.6970880011247796,1.462066226661078,-0.7428089677202677,1.6225636565678365,-0.4822782883162822,1.058453446859222,-0.502788639429813,0.47623661696355024,-0.4275764255358614,-0.6215419389322968,-0.4012638535763776,-0.18813219235381853,-0.41551429752757973,-0.08602139992103093,0.7908664444485103,0.002796758030936788,-0.3441621050197675,-0.3052636505358319,0.578032738302962,0.5331176256304956,0.45984942247893684,0.5109200904771388,1.5271491835005917,-0.09752440284631972,0.41285616690690696,0.6788106414806071,0.5434183175916155,0.9906350838341969,-0.4831701727554066,-1.240803088095796,-1.7940816513565272,-0.29066115429087425,-1.6865099358834457,0.26786047987825584,0.014550476097721043,-1.3170105278019544,-0.628661801492109
47189,Wilson,Tennessee,0.10275905320336857,-0.009779488305175273,1.585895759451643,-0.7807943285072935,-0.3805714285867362,0.2317369309119665,-0.14651558869401335,-0.26537370146727424,0.11914072728963089,-0.1010645385919326,-0.3683594797398294,-1.2213441751053924,1.6720062048635154,-0.4549784714108239,-0.8954287718820013,-0.6441127315284466,-0.49445139093600404,-0.40495795149489344,-0.06814464483717533,0.16083740731186422,0.2728381863257251,0.4279061856834823,0.6308459237840724,-0.7955268263879037,2.2896736009130754,-0.47413901980818374,0.1573120032994819,-0.004637143698181829,1.3089072536627735,-0.42207053332122363,-0.6180408081576227,-0.3842590112062336,-0.14178159526517836,-0.23937401047218812,-0.08602139992103093,0.43475031252643875,0.2527465138434578,-0.4334214496811839,-0.30550193922320473,0.6019330445924187,0.5543056840650042,0.4762428892980668,0.5223473881862216,1.7552208431053764,-0.11653882692656754,1.2188292651656567,0.3632892455247949,0.5628619060831578,1.286647272687498,-0.10416730201826142,-0.38192996252919614,-0.354556808206841,-0.588328603623195,-0.8700227880212664,0.11091260522222264,-0.019020292249026592,-0.35405891635210485,0.30302012777806797
48001,Anderson,Texas,-0.15181686025242927,-0.43120906406393367,2.9441718998892736,-1.0689848301520488,5.158546081066956,-0.6577304828318381,0.8239236408967534,-0.24045648407126524,-0.22907889395311298,0.5648992869397086,0.6058040589891751,0.9125160801542147,-0.49841095382395684,1.760817123970153,-0.7527435752373701,0.248185795621966,0.7712468983233641,1.1405482566956173,0.19145113978687842,-0.20002424485067063,-0.33141723309571547,-0.16546677285846242,-0.3949055802646854,-0.8126688330417728,1.9008721899558758,-0.3375914198434336,-0.799803052065135,0.2890472668889698,1.9161457337334065,-0.330224470588641,1.5148013110459426,0.27628867294755727,-0.2439039003951526,-0.3351289695643035,-0.08602139992103093,-0.306028348248305,0.059941334289028224,0.07384627682717604,0.06278812015446936,1.127739782960472,1.1899474371002767,1.2795227634354809,1.1622760598948496,0.2280743504300615,2.0827962250221006,-0.424614730594139,-0.8397964024693199,1.2045003263040361,0.3748797711562321,2.4310546035883176,0.9063797258207039,0.36520561336800217,0.3046737443737671,0.4907891250823656,-0.18247099638855438,-0.05968567767474529,-0.5595943057065751,-0.010231682063204966
48003,Andrews,Texas,-0.26612736739883397,2.112372666970829,0.4447239774077355,-2.167568390364857,0.5008568449434226,0.5949099948439611,-0.5409432916060761,-0.1246772312876937,-0.3680084664523363,-0.4741784386198536,3.3656880086713263,-0.7395047626274167,1.317671995269767,1.7804259345487459,-1.1807991651712635,-0.3054355653766787,-0.22902361846123762,-0.6344875325794839,0.7240534391330851,-0.2780924544630756,-0.41259051812154196,-0.577429133493034,-0.5987385955745808,-0.6566052061457907,-0.8322388829011726,0.08533359404763945,-0.8315503616676112,-0.6393997489025706,-0.7127453779516705,4.3664772413475434,-0.6076310299410326,-0.34660092498820577,-0.12972386897480512,-0.41707470944334657,-0.08602139992103093,-0.5440495875870413,-1.0230856285749577,1.2295493485398266,0.37797703485540385,0.77720195738177,0.8615325313653853,1.2303423629780863,0.7966025332042052,-1.460456182082558,-1.371490816222926,-1.660440147924222,-1.3707958249315408,0.8989582214369496,-1.9826012687619374,-0.49853515400150705,0.9063797258207039,-0.8343984225900698,0.3046737443737671,-0.8700227880212664,-0.3362185268320689,-0.06828330072019673,-1.816627221071836,-1.1001542163047464
48005,Angelina,Texas,-0.06694064971943392,0.7922764915885863,-0.03903764055238392,-0.7104675560158302,-0.5448978165686245,-0.2593403992891104,0.3894901722351957,-0.2541029382962767,-0.21736462411373336,-0.2188342685912839,0.9301497139644309,0.1897569614372509,-0.2726447362040733,1.996122850913266,0.03202500630810057,0.6732691385330991,0.5418220519766899,-0.13266069613867432,0.91409115307054,-0.09611137901852398,-0.14145589773803782,-0.006644748292643854,0.012451760156289174,-0.8221114853426499,0.17309492522027828,-0.20351348872750305,-0.7971965211544507,1.9807009782531793,0.4279983699582814,-0.08104820246860663,0.9246422118496411,-0.1289080959238847,-0.050915172357748985,0.1444730395708939,-0.08602139992103093,-0.06156676013108849,-0.7311490688886886,0.73741882053153,-0.09607596910840621,1.1755403955393862,1.2429175831865493,1.2467358297972186,1.3336855255310893,0.8429342046862361,0.4369921851873143,0.007090400197329261,0.7968105131388787,1.2711640582750374,0.7202273248184176,0.3106871916264515,0.9063797258207039,-0.1146360010152266,-0.29066115429087425,1.0351138903238184,-0.049535061058026866,-0.049909809881413025,1.3531625838807313,2.2923305902752227
48007,Aransas,Texas,-0.25205455195331833,-1.506882720759253,-1.164054745033378,1.9679816036920026,-0.2554689248824232,0.5280225361311435,-0.5630829190423188,-0.09439794545533234,0.15163048395674597,-0.05381002325509981,1.302683634670145,0.7232220252521526,-0.1810065785505177,2.5647783576924548,0.24605280127504683,-1.0618666146997147,1.3387540674653862,2.2117803832148804,0.7984138177351459,-0.16026325573545605,-0.15379073490068956,-0.2741625859009258,-0.8772600921270497,-0.7891456785778592,-0.6522380841658734,-0.17714749146881098,-0.6748700009248804,-0.5699006669319899,-0.6566302416979006,-0.21450805330524986,-0.19694275980892578,6.350218098592478,1.4773548375429209,3.8003557880481167,-0.08602139992103093,-0.4131029569820851,-1.0721407275135295,1.220707777979326,-0.34683013343943037,1.7810148215389627,1.7726190440492757,1.7057529007328827,1.9621868995306353,-0.7842437176403004,-0.839086941975986,-0.7859130160204749,-0.6012314445515102,1.8516940575224967,-1.0264943887315485,-0.15026224575656286,0.9063797258207039,0.1252848061763878,0.3046737443737671,1.3072762729445448,-0.24215460863254312,-0.061573622452080735,1.311106896064084,0.25619382630695
48009,Archer,Texas,-0.29586040015697646,-0.45100018933426483,0.4571783640534651,0.187814873514274,-0.4995080505133424,0.6539720615852458,-0.6014735242615482,-0.08963903379471945,-0.4178922762716011,-0.22900781741767043,-0.1149391721189856,-0.7222962121817748,0.5497648269773874,1.5451202076056314,-0.8240861735596857,-1.4832079349658451,-0.5044592324624795,0.17666943791527523,-0.717130886084265,-0.2733208964050816,-0.37760242731622023,-0.5281498920289448,-0.830942532994928,-0.18472632410658044,-0.7885823526306898,3.1860204693014174,-0.7643395916431115,-0.6390133454386125,-0.7127453779516705,0.751951493402264,-0.6213071024035014,-0.3466808108401289,0.18656192160508966,-0.24535974877347347,-0.08602139992103093,-0.5788294169162742,-0.5387077573346318,0.7736426403020182,-0.05079367198608751,0.729401344802856,0.87212656058264,1.3778835643502652,0.9451574034222802,-0.894945166454319,0.2531860857449185,-0.9934279286756014,-0.8885354798933883,0.9461783649164094,-0.8953497481003388,0.18524292135813036,-0.38192996252919614,-0.354556808206841,0.9000086430384084,0.2186267424616392,-0.3415524338529333,-0.06895643838928225,-0.5377893219823975,-0.6092854008833704
48013,Atascosa,Texas,-0.17109412794491288,1.1195171770876813,0.15571753837760835,-1.108939566423849,-0.11129005345384552,0.6447854808058618,-0.6067689169437009,-0.12778545891749024,-0.40470601545252116,-0.0937060378589975,3.9559401724098793,0.03488000742647284,0.10894067083421563,2.0353404720704513,-0.25334538698116177,-0.45958882131634243,0.07936657447868004,0.6161271807391642,-0.3728728377556801,-0.23415483833766393,-0.29207091848778927,-0.29997648032280844,-0.5559329777120833,-0.6387782779203175,1.7435171025412026,-0.49342710549076046,-0.7563936683115708,-0.6383458232687979,-0.6448384923739742,2.702609666595612,-0.5029728486983596,-0.3608816297767825,0.139736578892058,-0.39702060323546257,-0.08602139992103093,-0.3915178019724835,0.159957616765166,0.013516960863506658,0.1696531499197045,1.5818456024601548,1.7090548687457476,1.8532941021050615,1.7107863499308167,-1.1683644075009911,-1.0059913311248283,-1.4195746243066645,-1.2527959532732695,1.7294772155756635,-1.6278862407689518,-0.05295069786459316,1.335816288604004,-1.0743192297816841,-0.29066115429087425,-0.3256980227798136,-0.21138638708060914,-0.06212923735446682,-0.42337774673405587,0.3611493296042834
48015,Austin,Texas,-0.23295301140479538,0.1462012845539319,-0.5131538756103688,0.12086724367572166,-0.1486993783648455,0.16307557853310456,-0.03510549317118067,-0.21765129057318405,-0.3208712221378573,-0.29108379520849526,1.2967420402824874,-0.5846278086166387,0.8641489184030688,1.917687608598895,-0.39603058362579246,-0.5663510817153639,0.4748004429584444,0.21688428718262792,1.530592671482131,-0.216608969975068,-0.31909489882569136,-0.4595803522963514,0.09245491426899381,-0.6595323569448082,4.78444446656024,-0.49352897867482115,-0.5290879650516431,-0.248128207620291,-0.447113403171738,-0.42036527378232424,-0.0641001893786913,-0.28403394574449103,-0.13578839600529785,-0.3574256394668831,-0.08602139992103093,-0.2742617789172543,1.5154959926757894,-1.3549890966684013,-0.251157225459238,1.4782776085391742,1.6031145765732022,1.6893594339137528,1.5850860751309082,0.1787255118021254,-0.24330165412821983,-0.8896704723480382,0.3632892455247949,1.6072603736288285,-0.19965865446620906,0.208253983319115,0.04750660025410388,-1.0743192297816841,0.6023411937060877,-0.0535356401590872,-0.25512442465169777,-0.061318508685529016,-0.7240100837436858,-0.827269907731679
48017,Bailey,Texas,-0.30040880439982465,1.7919361429678975,-1.0647374010188768,-1.120618111150109,0.08285794982481984,0.4464192605254645,-0.5417783253433852,0.15853501719437166,-0.28298225246712105,-0.2656630908876504,3.897259863757494,0.2413826127741769,-0.6553970710926322,3.1922602962074222,-0.1820027886588462,-0.3813595343810569,-0.7741285368951893,0.2509752666419764,-2.0944909113411807,-0.2778402354618221,-0.44100939164844605,-0.6151672241499285,-0.481609111992073,0.7472352497045278,-0.7351660984725967,0.09932818682472559,-0.8315503616676112,-0.6393997489025706,-0.7127453779516705,2.120932155274452,-0.6254502623878978,-0.31422892196335755,-0.1955770789379488,-0.4153990439603127,-0.08602139992103093,-0.5336121520861624,0.40309536681155594,-0.1615198469190456,-0.12383660118734122,0.36292998169784907,0.26826689519913244,0.5582102233937212,0.11096467065924588,-1.4617899344779075,-1.5172680675048262,-1.0934797615628944,-0.13692760172222523,0.31842822218948863,-1.5348359957496651,0.18524292135813036,0.9063797258207039,-1.0743192297816841,0.3046737443737671,-0.59786040540054,-0.35605691785703847,-0.06911989705865745,-0.07720235771878475,1.426851363084902
48019,Bandera,Texas,-0.253220208674924,-1.9863410236929573,-0.4102365404818965,2.034282528106879,-0.1850966403934074,0.6697069161188239,-0.6147709208836719,-0.10116042376710702,-0.4017591089142589,-0.35275635911942316,0.7170113929503714,-0.2748739005950828,0.2664759306206652,1.701990692234375,-0.46737318194810806,-1.6531398810922928,-0.6962560643375416,-0.004672167905843206,-0.847370820897798,-0.27765557380899664,-0.3783987308500306,-0.48221434765201965,-0.5138613985366933,-0.8081813542032205,-0.8025896452781747,-0.32528575977646457,-0.7396817102028672,2.244444294914959,-0.7097384904475336,2.4069948901787734,-0.6060025743592712,-0.40296953089593357,-0.1215514368151384,-0.3659551400815372,-0.08602139992103093,-0.4778175481104206,-1.1589155322353264,1.3330114752278528,-0.14604212824189705,1.3189422332761278,1.3488578753590945,1.328703163892873,1.345112823240173,-0.9989778532915894,-0.7799309559485484,-1.1286831842454605,-1.534969559412614,1.365604345233954,-1.4524022216386192,-0.32439869987903497,0.04750660025410388,-0.8343984225900698,0.3046737443737671,0.762951507703092,-0.25388920407844495,-0.06482760063631997,0.8695304777055557,0.11087082174141077
48021,Bastrop,Texas,-0.0610596479682174,0.6115811320080242,0.31192083803415416,-0.7187799159324963,0.3622639397491816,0.19893107285811457,-0.1668733353991976,-0.0057722589584915645,-0.2276206629958641,0.1695912000354466,2.1475348062077915,-0.08557984569302073,0.4739831595245593,2.133384524963413,-0.6100583785927393,-0.7483343780164052,0.5719753528129731,1.019962022845352,0.5291419002328277,-0.21915677705002148,-0.29604810914279917,-0.31494761691263395,0.15126664655527886,-0.773781663992302,2.0890612792154424,-0.42488691769075054,-0.14832020213331082,0.1996459256477162,1.272059304028333,0.1340158817013919,-0.21054134187000842,-0.335567766951356,-0.13615626799709438,-0.3558243616263047,-0.08602139992103093,-0.20210133788142595,0.18338333046942532,-0.09103532156768228,-0.07308111077692783,1.3826763833813467,1.4653921967488936,1.6893594339137528,1.573658777421826,-0.10002873882594522,0.37149805779979417,-1.1824147241293772,-0.8038833980515849,1.5350413306602457,-0.5312672457765527,0.3721471166108534,0.47694316303740386,-0.8343984225900698,0.3046737443737671,-0.3256980227798136,-0.0920378780558627,-0.050164166102399634,-1.1325532024986145,-0.7869024064634736
48023,Baylor,Texas,-0.310633195392602,-0.343659006627753,-0.916339095703968,0.7729593737976455,-0.671974834998966,0.5749164357436917,-0.4159886734985361,-0.18861343947668466,-0.4086917374645351,-0.3814689350283649,0.31551175545570015,0.2413826127741769,-0.9735565173280109,0.8784206479334811,-1.1807991651712635,-0.07605217055033849,-0.9475665471916801,-1.0608084020332589,-0.6585896417604897,-0.2762442193515632,-0.40711982720657663,-0.586193157196659,-0.913046889543179,0.10916493147862016,-0.8044242806867329,2.491832573395521,-0.8164504713307216,-0.6041634574412632,-0.7085189836521647,0.837011990033052,-0.6060196633654302,-0.2599362195961267,0.4001870793454564,-0.10594171925546089,-0.08602139992103093,-0.6306370921527403,-0.25650317969645015,0.5216445200317954,-0.0688589330975404,0.7373681135660084,0.8403444729308768,1.4434574316267896,0.9337301057131965,-1.1736994170823893,0.1285359723299604,-1.1509169248870812,-1.2271438072606018,0.9489560204152009,-1.198231418129561,0.18524292135813036,-0.38192996252919614,-0.354556808206841,0.6023411937060877,0.762951507703092,-0.35830277344477085,-0.07007525603812878,1.2737497976330685,0.6291895380251663
48025,Bee,Texas,-0.22553439714392315,0.8325980594257963,1.777663409510051,-1.652364111471746,4.903021788863213,0.18470333551188584,-0.0837932934502619,-0.2024757444530399,-0.382739691191838,-0.1242458342014883,3.5596340548657985,1.635275198871178,-0.7928886289803266,1.3294232912411135,0.3173953995973624,1.099653824690969,0.8773380851315971,0.8411584472663534,0.3010979571334011,-0.23231594120581833,-0.3174473456281522,-0.3775448504114705,-0.6682735104005609,-0.4491661534183891,1.33861062549094,-0.5165089386721801,-0.6592126803551212,-0.6280262022760364,0.35716716059034354,2.2060121759713525,-0.38602249819141204,-0.3635121380170173,-0.13994315740604238,-0.4248855613868506,-0.08602139992103093,-0.45603350888805383,0.163440518745766,0.03798436184906112,-0.08437748386269617,1.6854135963811347,1.7302429271802569,1.8205071684667993,1.8022047316034793,-0.8535988421984807,-1.115852448032927,-1.4158690008663943,-1.1707090860327327,1.7878079810502894,-1.491745613827982,2.2978914327887803,2.194689414170604,-0.354556808206841,0.007006295041446424,1.0351138903238184,-0.2859487925933251,-0.0631515564569803,-0.9436349580863032,0.0043006183933488994
48027,Bell,Texas,0.742016328717699,2.121316371656067,-0.05464145573454153,-1.9271152835004832,-0.16601084104401717,-1.0593562146745965,1.124372723073118,-0.12618050837253483,0.9884243296784908,4.302764296871574,1.1342720256804097,-0.11999694658430474,-0.06115622404631684,0.9372470796692594,-0.039317592014215016,2.1345431900713923,1.0255317796236254,0.19684899623449612,0.5366706760905161,0.24460837375234729,0.5081366538945322,0.28592412295773434,0.39370756745926155,-0.12943556647395435,-0.1629022651004671,1.6703285180278395,-0.6417072086722535,0.22348980575093735,-0.6914771227720499,-0.1954246898980762,-0.3477159120982044,-0.37488199745148587,0.011203444490719089,-0.16312020766597976,-0.08602139992103093,0.4095757032934883,-0.20115634928385315,0.018741119588589712,0.07007826468378194,1.1675736267762338,1.2323235539692938,1.5582116993607038,1.3908220140765026,-0.31876413166328305,0.08205626902268773,-1.1564753600474864,-1.468273979779678,1.3322724792484526,-0.8722433114176973,0.5155536082411245,0.9063797258207039,-0.8343984225900698,0.3046737443737671,0.4907891250823656,0.5889055361446036,-0.0010941973917777486,-0.6824296278239856,0.6840893397499254
48029,Bexar,Texas,5.547070065320465,1.3383963701211932,0.8580686015234393,-1.6603719106415085,-0.29138759644270057,0.0020004632991665414,-0.0687527214361933,-0.14688391398042755,0.8002633070262387,0.7925947875572614,3.657805838103699,0.12092275965468287,0.2219953866809618,1.4274673441340773,-0.5387157802704237,1.6143695880747864,1.4269843478085122,0.7867586649141795,1.0226400555091175,2.2194345493708623,3.2880839546870284,2.2083836087219177,1.7826670943357963,-0.5677926596469799,-0.23558266349911872,-0.44444107381495307,-0.6532041776587708,0.2320819089841634,-0.5592256893820484,0.8445050852362865,-0.40522529961243586,-0.37513914038536794,0.3102731512717635,-0.3469572930792192,-0.08602139992103093,2.698977698279699,-0.6656606729419342,-0.518068145072456,0.19544045380633335,1.4782776085391742,1.5395504012696757,1.6729659670946204,1.6422225636763215,-0.9536302718497023,-1.1390922996865633,-0.9656357528735754,-1.0706657165833289,1.6017050626312455,-1.3693439492388533,1.1352745185005104,1.335816288604004,-1.5541608441649128,0.007006295041446424,0.2186267424616392,5.129220769620598,0.2627831270664301,-0.5069677093096521,0.8859268460909516
48031,Blanco,Texas,-0.28596696195199167,-1.5477688565118037,-0.017119311650088162,1.4344551900546607,-0.07939652116531075,0.619786449825638,-0.5733706650510604,-0.13803489836215485,-0.26555448764441236,-0.19989818361988076,0.7118512697109693,-1.0148415697576887,0.870532700172193,1.9372964191774877,-1.1094565668489478,-0.8627417424772551,-0.24659920391779538,0.16867312984585797,-0.23785876800457983,-0.2754774470108746,-0.4111966026624648,-0.5556943498348993,-0.6788271953231868,-0.8166935512378222,-0.8137948675655124,-0.12890199873015548,-0.5798378426544498,1.0293839453446678,-0.7089888155664762,3.1602659767800807,-0.6241684792281541,-0.4058528347809783,-0.1859155461945034,-0.402600204518775,-0.08602139992103093,-0.5574166737562982,-1.1723670506694002,1.380454881780881,-0.20863758780614813,1.2153742393551479,1.2535116124038033,1.394277031169395,1.367967418658337,-0.6508684781053384,-0.09963711663301388,-1.0212201044776272,-1.3400132497163395,1.3211618572532864,-1.004636948626347,-0.5804817206473762,-0.38192996252919614,-1.0743192297816841,0.6023411937060877,-0.0535356401590872,-0.31585610283662835,-0.06739165076935517,1.0842551889000378,0.5000135339669094
48035,Bosque,Texas,-0.26618594311348753,-0.7893027186629955,-0.9835310829924461,1.21698508635474,-0.2761514202527092,0.622645195995243,-0.5204778160495619,-0.20858375697431283,-0.3938884395355687,-0.3664281308241128,0.6564114431339876,-0.13720549702994866,-0.03726852452314279,2.1922109566991934,-0.39603058362579246,-0.7141911404433924,-0.3577799320865938,0.3517142620393776,-1.033773989029892,-0.27507411806995063,-0.4022347103079799,-0.4986463402960627,-0.5218384266223831,-0.7008437140352866,-0.6174130382114493,3.7338224048342656,-0.5988080803829081,0.5952810515881756,-0.6747508735615914,-0.39178298729673944,-0.40796687119170827,-0.37133856242940255,-0.1264472736901792,-0.2611263535898584,-0.08602139992103093,-0.4922580329741203,-0.9694385626539962,1.1550324318853187,0.0065519899344808,1.0162050202763397,1.0840071449277306,1.4106704979885274,1.2422671438584285,-0.7175560978728194,0.0841689828093819,-0.559869986163998,-0.9654919179313913,1.17950142681491,-0.7348536878992872,-0.24757379364853255,0.47694316303740386,-0.354556808206841,0.3046737443737671,1.0351138903238184,-0.28147579688109137,-0.06699060827110044,-0.5320462903063299,-1.1921921191962543
48037,Bowie,Texas,-0.04781567888504953,0.4587282264369893,0.4227603320342056,-0.6331595118522773,0.003916610868288603,-0.9190010164646393,1.090084432678575,-0.1459120704889945,-0.10731979830578173,0.06905548781405982,-0.1386345073848634,0.396259566784955,-0.30991778459799146,1.074508753719408,0.3173953995973624,1.005054560112412,0.8763153510991359,0.31829720649529086,0.8523327120592193,-0.045705103157555244,0.004351498836343801,0.5125586312846978,-0.34198615200282073,-0.6820400161419169,1.654142469842558,-0.39357063568947115,-0.35990555257803974,0.21439450492222686,0.2579692999616085,-0.26205247108772295,1.1912699769882236,-0.07119545720431689,-0.02038268992000723,-0.10307489038970478,-0.08602139992103093,0.0748954471911512,0.07692034677431078,-0.1071183971808099,-0.05266274887766816,0.8967034888290549,0.9674728235379306,1.0336207611485175,0.9908665942586098,0.7162277271280223,2.7102722196702804,-0.6284240198089952,0.1708981504297873,0.9822878864007007,0.9662796505741151,0.7921232706709331,0.47694316303740386,0.1252848061763878,0.007006295041446424,0.762951507703092,-0.012852753125064188,-0.04975493830370338,-0.18165765216951546,0.009144718545533712
48039,Brazoria,Texas,0.7752287589262623,0.8171746252017245,1.6725580512761717,-1.5858104831852604,0.2117176256964093,-0.6108415537212531,0.36823326948759116,-0.21851962917521617,1.9907453860191104,-0.059481087504635245,1.56607472882169,-1.0148415697576887,1.92076776541519,0.8980294585120717,0.17471020295273174,-0.06355429740256867,0.14875792368524962,0.05874618522352071,0.4046234850171071,0.2005716632375057,0.2691857509259627,0.25150769598143324,0.12506587449140857,-0.29330380878425194,0.7446380004907468,-0.3481006875526639,-0.7184851160582233,-0.4785313620559717,-0.34033985354027557,-0.3405658465989571,0.9797905586037927,3.615762088398809,0.05865710534089387,0.729110559197026,-0.08602139992103093,0.2435652958486799,0.04814297295391447,-0.1519607496059297,0.44958278541094,1.7252474401968962,1.719648897963003,1.6401790334563582,1.8022047316034793,0.06669031059275732,-0.3531627710363185,0.6259295147224382,3.031112430842234,1.7683643925587462,0.8757273987097088,0.4848236457489236,0.47694316303740386,-1.0743192297816841,-0.29066115429087425,-0.59786040540054,0.5364460927078208,-0.021876388770669056,-1.054564737337695,0.26103792645913426
48041,Brazos,Texas,0.35039960204418596,3.4815171251357344,-1.7448757852738432,-2.3384754698307844,0.14122645713593554,-0.30583856784311564,0.08972908799881213,-0.24755147942326408,1.8126040136843842,0.13089353834886416,1.1810032892680844,0.9469331810454987,-0.08586763734615206,1.1137263748765933,-0.8954287718820013,3.021081691777744,2.6619054785318514,0.5205758736754318,2.1027683634535763,0.30583056810245784,0.8393234892057734,0.36436510863972504,0.3711720838592508,-0.5770002267517726,3.103464641651541,-0.4528433770522108,-0.30565461985290693,-0.52338258989273,0.13100678623702172,-0.4207460399336824,0.23636026736148433,-0.24489062929989067,-0.1255981802990541,-0.32964004806121694,-0.08602139992103093,0.5427354448714868,0.8361414304668906,-1.0472309280802905,-0.29971599203293314,1.279108389460366,1.423016079879875,1.541818232541574,1.4136766094946682,0.5094961058488313,0.5933330054026856,-0.8229692504231761,-0.570448869336309,1.4239351107085785,-0.0023171952306746102,0.18776734165764766,0.9063797258207039,-1.0743192297816841,-0.29066115429087425,0.762951507703092,0.0683910727611557,0.010217969167096948,-1.4170635596135364,0.25780852635767787
48043,Brewster,Texas,-0.29395668943073605,-1.0089229526097943,0.11873338603396995,0.8703698617707896,0.40973644611034454,0.5144509924995176,-0.5534283532567296,0.008891380835013025,0.061206227356256616,0.1638717668659118,2.5448727014115544,-0.2404567997037988,-0.49017381605734506,1.8392523662845242,-0.7527435752373701,1.7010425176334298,-0.3706724974131335,-1.9002020392123389,0.114504983788179,-0.2944701884683441,-0.47901224097603873,-0.688908926824665,-1.2275480311358544,-0.8221378450950972,-0.8336075343534716,-0.12789327680385568,-0.8221190415737653,-0.5485924693503654,-0.712312470068841,4.8985055621119775,-0.6174576378399111,-0.3937274646441195,-0.0409957271527001,-0.4278668409884491,-0.08602139992103093,-0.7770476143191761,-1.1866925712548242,1.489204348593584,3.8705519861145743,1.1596068580130814,1.3912339922281118,1.2631292966163485,1.1851306553130152,-1.4244448674081183,-2.129955065646146,-1.137947242846136,-1.4221001169568763,1.2711640582750359,-2.0263161489723402,0.18524292135813036,0.47694316303740386,-1.5541608441649128,0.007006295041446424,0.762951507703092,-0.33550733922928694,-0.07057884529206071,0.6944559430686988,0.6146572375686123
48047,Brooks,Texas,-0.30013642732668566,1.3372422426879824,-1.411542279170897,-0.5290024978266064,0.4228904027798833,0.6788855704721439,-0.6337833053273073,-0.2969913942617335,-0.25868743822419565,-0.4994316411022403,5.864907596987219,2.5989540238271296,-1.6688395876447637,1.3294232912411135,0.816793587853571,1.2694533413148235,0.8076367622151611,0.7854056501763316,0.14727904161559166,-0.2788260857103081,-0.42908262070239866,-0.605930569869904,-1.0301650816464358,-0.8120711142322383,0.09644628869356703,2.326859240958125,-0.5215144636918229,-0.603393660709013,-0.6091322964258098,1.5502685807483478,-0.5129167509581394,0.015194596139464858,-0.1004334466961288,-0.4074742005855822,-0.08602139992103093,-0.676462456525063,-0.7559454059542423,1.0269970209503616,-0.03735270071396369,1.9722172718546185,2.1328160374359286,2.2631307725833336,2.1335963651668752,-1.3297484473382952,-1.6060020465459828,-1.339903720340857,-1.0655352873807955,2.148903195893208,-1.8083662462090448,0.3516604749493861,3.912435665303804,-0.354556808206841,-1.1836635022878363,2.3959258034274504,-0.34718578828549546,-0.06931713595621221,1.6022914575006202,2.114713584695119
48049,Brown,Texas,-0.2100147615464648,-0.08506601844215322,-0.04678217208679602,0.101668019836819,-0.2596682976449055,0.4897437420159598,-0.3911045536409447,-0.185887351881908,-0.33857001035929396,-0.2136522023315834,0.9553909285483634,-0.13720549702994866,0.02183293895229646,1.603946639341412,-0.1820027886588462,-0.10412692990283436,-0.3975011030262129,-0.25176345099313513,-0.4611168694263489,-0.20826917100823164,-0.3509259100120836,-0.47128998194491495,-0.21714982618778741,-0.5081753960649149,-0.6151075099391139,0.32014169220579014,-0.6792603054531251,0.05673627468358434,-0.6952023780804955,2.8267091259312918,-0.5949983665352877,-0.3977250248804457,-0.10192141037302083,-0.28893667292040137,-0.08602139992103093,-0.37041815489947844,-0.7786892173636176,0.9169796462951806,-0.027374361930226326,0.9843379452237305,0.98866088197244,1.345096630712003,1.139421464476684,-1.077669244617217,0.563755012388967,-1.399193695385179,-1.4503174775708105,1.1072823838463273,-1.1626350156725185,-0.27318209572536667,0.47694316303740386,-0.5944776153984553,0.3046737443737671,0.4907891250823656,-0.20371304715585672,-0.06261213594130159,-0.3830912617988184,-0.7465349051952684
48051,Burleson,Texas,-0.2668947092607955,-0.3703101643120167,-0.18120721801369782,0.43140396428440014,-0.308954009980102,-0.059360125777625165,0.20317381151815309,-0.17361548414320846,-0.44126527068739557,-0.29496849645629436,0.8168224177612762,-0.11999694658430474,0.41344019693996303,1.66277307107719,-0.6100583785927393,-0.8130937360976233,-1.1599413493756536,-0.4802568816868482,-1.84002064664669,-0.2378515864276471,-0.32131481870869766,-0.4034770872290273,-0.2310689220188431,-0.46360553770214075,3.567769998295008,-0.4740996702213156,-0.1479575069899882,-0.386002901960418,0.10282397917317146,-0.37240138072998386,-0.19154690989679524,-0.3118620479666751,-0.07974137126929488,-0.2609777958314004,-0.08602139992103093,-0.3482045384861379,1.1578838372819855,-0.9753875552584047,-0.23594398207477874,1.3189422332761278,1.4547981675316397,1.5746051661798361,1.4708130980400815,0.26541941749985076,0.7855899599918588,-0.9026401543889835,-0.6397096635705118,1.4655999431904536,-0.10348591800332174,-0.13489726451046238,0.47694316303740386,-0.354556808206841,0.3046737443737671,0.2186267424616392,-0.29453919021640157,-0.06518937744245937,-0.39030398826350127,-0.6771028030139554
48053,Burnet,Texas,-0.17987462757148018,-0.5477863679694014,-0.5222514925724059,0.7647554006955319,-0.4703408705296037,0.5878046395568877,-0.5502656263576817,-0.14122334894918356,-0.256979996034164,-0.13063294941681247,0.9203170049924881,-0.6878791112904907,0.48771172246891226,1.7804259345487459,-0.8954287718820013,-0.6888533334739976,0.7233041225367715,1.0301516482204454,0.9126675942491833,-0.21693563722527676,-0.33255471733653735,-0.4453532887193324,-0.31216097642243984,-0.8150248402013271,-0.8259630040133736,0.5824951234004103,-0.5511112579197255,1.577369311362983,-0.698519242350386,1.8033721908871676,-0.6047926226209811,-0.40226271450896,-0.0650393861076767,-0.21678114139705854,-0.08602139992103093,-0.38367677321574756,-1.1762298919456373,1.3092011913526187,0.020618469010958332,1.1596068580130814,1.2641056416210572,1.541818232541574,1.3108309301129237,-0.6882135451751278,-0.33414834695607065,-1.1546225483273513,-1.4503174775708105,1.3156065462557018,-1.1632595139612383,-0.262938774894633,0.04750660025410388,-0.8343984225900698,0.6023411937060877,0.2186267424616392,-0.13906983715562557,-0.061026653034731496,0.66724355583834,0.17222942366908317
48055,Caldwell,Texas,-0.19302780429693503,0.9002696470958552,0.37723757407949754,-1.0172719372029668,0.18360979116608026,0.26303433023291894,-0.22243791546256456,-0.07410415653269166,-0.24070594447970725,0.03409031449583836,3.162836758428418,-0.01674564391045318,-0.028894101127087516,2.721648842321197,-0.39603058362579246,0.5209976378207352,1.1894735919123063,0.6242248318887822,1.527654733267486,-0.22913086948274022,-0.33578454109661565,-0.4589686358493649,0.27030628919594113,-0.46930198679003254,2.2633013642538473,-0.35490503940925267,-0.12538424411652374,-0.4614875852419117,0.2438327575127942,0.5237174006005948,-0.29782696720423396,-0.3748006292387312,-0.20097364794881029,-0.3921322408731682,-0.08602139992103093,-0.23325535853403676,0.562022756668665,-0.44570628137220536,-0.33253281219706043,1.3747096146181943,1.5077683136179125,1.738539834371145,1.59651337283999,-0.402790532570309,-0.47147474309119414,-1.0897741381226245,-1.4426218337670105,1.5572625746505795,-1.04647833397059,0.33629549370328565,1.7652528513873038,-0.5944776153984553,-0.29066115429087425,0.4907891250823656,-0.23554805011196364,-0.05419449191896392,-1.094109592161178,-0.7416908050430836
48057,Calhoun,Texas,-0.2585564562798625,0.43995013757730134,-0.3305312892024429,-0.24070714564151072,0.5852952626736159,0.2616876392364523,-0.4759354283649264,-0.21296149848625603,1.2731598563131994,-0.33000439350790484,2.8488304613352513,0.03488000742647284,0.012840730223745309,1.66277307107719,-0.5387157802704237,-0.14208830848171652,0.47150725585152786,1.0622145362460853,-0.221350392838918,-0.1749126265975421,-0.2960933230983325,-0.46417040564680595,-0.9055941516007285,-0.45321798778151823,0.1716317741488862,-0.27173258702989067,-0.8237780460103241,-0.6208304134527592,-0.6701055753083628,-0.32796576884564543,-0.4640169871805301,3.959701808439472,0.38512620834144795,3.9489378683207796,-0.08602139992103093,-0.5319960035374486,-0.36858919733371875,0.5880302920686675,0.028697944817193465,1.7730480527758103,1.8573712777873115,1.8369006352859292,1.973614197239719,-0.2987578457330387,-1.2257135649410258,-0.29491791018468483,-0.3626664866337006,1.8961365455031642,-0.6898898111114441,-0.3141553790483013,1.335816288604004,-0.5944776153984553,-0.29066115429087425,0.2186267424616392,-0.29831971378908445,-0.0665749995955022,-0.32719048799681966,0.02529171905281604
48059,Callahan,Texas,-0.28007424505784445,-0.6052513302262637,0.3375742991980365,0.3894883901750225,-0.2040038957742865,0.6370802511995616,-0.5560776435097573,-0.16320346898455795,-0.3265075449393745,-0.03312314824120811,0.017752011416811556,-0.41254230416021886,-0.33703169641308844,1.290205670083928,-0.6100583785927393,-1.2959802225073032,-1.0765380265738123,-0.02646970906345492,-2.4971116726043796,-0.27801266326585217,-0.4123791795317133,-0.5643109158158419,-0.5192917483641649,-0.4198129374277913,-0.7627453739609692,0.4068730851646995,-0.7105795257476475,-0.08338412599222633,-0.6920825472683286,3.062423667620096,-0.6078071297675687,-0.4039955769853143,-0.2477110883087132,-0.394446765136196,-0.08602139992103093,-0.5178185500933106,-0.7584891794153255,0.9609783420192567,-0.0688738261405012,0.88076995130275,0.914502677451658,1.1647684957015643,0.9794392965495278,-0.9322902335241083,0.6440381362833466,-0.9582245059930352,-1.4734044089822116,0.9822878864007007,-0.9278236591137814,-0.6624282872932454,-0.38192996252919614,-0.354556808206841,0.6023411937060877,0.4907891250823656,-0.31536950079261966,-0.06765314353832849,0.15565034477708387,0.02529171905281604
48061,Cameron,Texas,0.9184434524684617,2.057059367017614,-0.9189384359352759,-1.4374814517980132,-0.5859286046053561,0.7153625636566059,-0.6553342325449334,-0.2921526767288068,-0.3486167711547294,-0.37139477740957405,5.76456313091485,1.8934034555558081,-1.0178997756382706,3.7216981818294252,1.1021639811428334,0.7062142382304222,1.9299896984181182,1.6878555744343016,1.7072762944005442,0.23455854426345743,0.44773772760197933,0.23032146813573073,-0.17299915157912027,0.36296728677662604,-0.6559008895240113,-0.26634088819870033,-0.8065820193776188,-0.6247600919455976,-0.6053195654639264,-0.1271309644763154,-0.426296350469856,2.9008801995450586,1.7184819403546352,1.9454120072331553,-0.08602139992103093,0.21585324781983542,0.060601652991360264,-0.15210913710351961,0.20955905853317355,2.211220334749188,2.270538417260237,2.148376504849417,2.247869342257702,-1.2297170176870738,-1.576424053532264,-0.422761918874004,-0.20618839595642788,2.276675348837626,-1.2344523188753236,0.5411619103179587,3.0535625397372037,-1.0743192297816841,0.3046737443737671,1.3072762729445448,0.8233354285774049,-0.001463908920664613,0.00841487142821917,1.7126532720637946
48063,Camp,Texas,-0.28256078414488767,0.8208470787478307,-1.0693500823055473,-0.22367536702710153,-0.6600731434309663,-0.3374645664367699,0.5110539650264968,-0.18026561464134352,-0.20952389944295433,0.29487969876530684,1.1585778011443213,0.361842465893671,-0.5924516099927742,1.9569052297560805,0.17471020295273174,-0.10062087868794152,1.190653695049586,0.6912957884445088,2.0893230285344577,-0.2020306053573293,-0.13281515541507588,0.28532387823913236,-0.4213923797296819,-0.8220130269236811,2.051464154757115,-0.35721125362122524,-0.5480107367096054,-0.2868228570600884,2.5832554883507024,-0.3332906312800269,0.8333111608747669,-0.12780209914311555,-0.13346809401097526,-0.14277340183574233,-0.08602139992103093,-0.09894406941775583,0.11888137630613786,-0.07286155518035665,-0.5885963463436106,0.9445041014079689,0.98866088197244,1.1647684957015643,1.0708576782221886,0.5828524875930603,2.2856167485447445,-0.49131595251900095,0.11959385840445164,1.046173962872909,0.812028573260264,0.18776734165764766,0.9063797258207039,-0.354556808206841,0.007006295041446424,0.762951507703092,-0.32414705304800717,-0.057413152479881165,-0.7718158554601113,-0.8579492086955152
48065,Carson,Texas,-0.30355432027672036,-0.18883539400641136,-0.2512028717571941,0.29907383971767393,0.12452063902937589,0.6380590920178305,-0.584361140036201,-0.06179243179290316,-0.2863620396629667,-0.500300232322085,-0.0037659105265374164,-1.0320501202033303,0.9636123569349057,0.7019413527261464,-0.9667713702043169,-1.1599818292102735,-2.4509593767813347,-1.854924022163699,-3.090134370228502,-0.27543775020414774,-0.42238991357759237,-0.5383708607979064,-0.7143306859470928,0.6654468173796362,-0.8279139158680869,1.2327376250148443,-0.8314404373819856,-0.6393997489025706,-0.7127453779516705,1.2533993696153825,-0.6266458323168901,0.18174994250188142,-0.2423921967204479,-0.4004072973055703,-0.08602139992103093,-0.564479154408592,0.2805974186357044,-0.029098478566683288,-0.05200000846591248,0.2752955253031734,0.2047027198956051,0.7057514247659,0.15667386149557633,-1.443117400943013,-0.6890842631206976,-0.854467049665472,-0.28314483399443113,0.3073176001943225,-1.2363258137414834,0.18524292135813036,-0.8113665253124961,-0.8343984225900698,0.9000086430384084,-0.3256980227798136,-0.3540917942177726,-0.06954790898771762,-0.5304456886196794,-0.3541627928683135
48067,Cass,Texas,-0.23297058411919144,-0.39408571543335463,-0.5777509333023136,0.6507936638795719,-0.7758027610896311,-0.3131193361360467,0.4842591557834163,-0.22145645448259466,-0.41171280165736496,-0.2508886487991861,-0.35970895295306926,0.4823023190131645,-0.768314501309935,0.9764647008264448,0.24605280127504683,-0.9553559140101895,-0.19772897049525184,0.12692298024607895,0.08883129273865874,-0.23016265363990243,-0.32557096042811423,-0.22678102250626328,-0.4088994565290563,-0.8221988482510404,0.4142450354560214,-0.19233002206913358,-0.41676427228867396,1.2274920398223366,1.4396647817714252,-0.001999740647177999,0.8352439967012311,-0.22884821676869624,-0.1923678778362556,-0.19625768783857644,-0.08602139992103093,-0.33551131987975175,-0.6221183323926551,0.7496877271393576,-0.024812758540968333,0.9604376389342733,1.0204429696242032,1.0828011616059097,1.036575785094941,0.6588763741279887,2.501113554787554,-0.3986753665122481,-0.195927537551361,1.0378409963765336,0.8657354260901879,0.06484749168884384,0.47694316303740386,0.6051264205596165,0.007006295041446424,1.3072762729445448,-0.2271260916579671,-0.06434915790122124,-0.2390583546727186,-0.827269907731679
48069,Castro,Texas,-0.29885654796150557,1.5835406748706737,-1.560005694299027,-0.6819750813388312,0.568460006219146,0.5321989569484515,-0.512279064777255,-0.0840371224765903,-0.4137368484756613,-0.5724082231131545,4.018177207898927,0.13813131010032487,-0.27360573561017804,3.427566023150534,-0.8240861735596857,0.8860824526536375,-0.7352914393183457,-0.020263801409481627,-1.8158517813241084,-0.27398151965534845,-0.4469456649124418,-0.6129784273371146,-0.4354560168702395,1.599004070532263,-0.7653237634630973,1.3107516671572388,-0.8311550403792258,-0.6393997489025706,-0.7127453779516705,-0.26389778298238886,-0.6264004916383188,-0.09735190273488356,-0.23599033771846195,-0.4137367787639476,-0.08602139992103093,-0.5212607357463349,1.2281227386609825,-0.9689612367892797,-0.07042270260842472,0.2912290628294783,0.18351466146109574,0.5746036902128511,0.01954628898658416,-1.456454924896509,-1.318672971555571,-1.3139643562589662,-0.08818852429815674,0.2517644902184889,-1.5360849923271054,0.1852429213581305,1.335816288604004,-1.0743192297816841,-0.29066115429087425,-0.3256980227798136,-0.3539046395854616,-0.06913778024313419,-1.4846101427591787,-1.2083391197035362
48071,Chambers,Texas,-0.19252112436518182,1.1876232798865018,1.1603713195075172,-1.6720196532394438,0.1905475604031737,0.16926838312377585,-0.11285817095931987,-0.18880398879748567,-0.08679131886791838,0.058102016106234215,1.0083416584421767,-1.0148415697576887,2.582964999036052,0.7999854056191101,0.388737997919678,-1.3991859223260588,-0.13793312490264587,0.15409753021723213,0.7679509770681415,0.01468280500865772,-0.09761534867920188,-0.09118788991537274,-0.6496145042637796,-0.5126289269654866,1.3567020085999235,-0.4903556877174334,-0.8273571133408565,-0.6131493269580982,-0.5570913346450835,-0.44785980499831046,0.07551365426438436,4.550230205187163,0.040303173980189316,2.351262394836557,-0.08602139992103093,-0.23452293494822496,0.1091395325661648,-0.004856478347967904,-0.09071447364251743,1.613712677512764,1.571332488921439,1.4762443652650494,1.7107863499308167,0.5961900115465567,0.4369921851873143,1.100249315077013,4.708762780070701,1.64059223961433,1.9255090220481041,-0.40122360610953733,0.04750660025410388,-0.8343984225900698,0.3046737443737671,-0.0535356401590872,-0.26038346981963784,-0.06037137887011248,-0.904160827281266,0.26103792645913426
48073,Cherokee,Texas,-0.1667214508460253,0.7644299162669226,-0.44919959238116514,-0.48054517934781116,0.41012674669238974,-0.20946905061847781,0.32833154347074683,-0.07264926632647717,-0.3954546473494714,-0.2901149554806263,1.0080545864446926,0.34463391544802896,-0.6278026595744829,2.0745580932276346,-0.1106601903365306,-0.031070281485937615,0.47109951739978334,0.9203690298030636,-0.0649938433031158,-0.21809847099462717,-0.3167314838834274,-0.1717658164506652,-0.2954129142936155,-0.8221632875918,1.2999538726391913,-0.12717172441079153,-0.6626479767052765,1.0041194059366898,1.3873847187110098,-0.09766184534603739,0.6792834992746529,-0.1527275832860262,-0.18356090503809985,-0.30313749558091113,-0.08602139992103093,-0.2804864350174187,-0.22131354402214687,0.3362608722989183,0.05096304404359261,1.1197730141973197,1.1581653494485118,1.1975554293398263,1.1851306553130152,0.7135602223373231,1.8820884152861512,-0.5302249986418373,-0.13692760172222523,1.185056737812493,0.6783859394741744,0.5155536082411245,0.9063797258207039,0.1252848061763878,0.007006295041446424,0.4907891250823656,-0.1793455140289601,-0.0605205064783679,-1.1633983511104968,-1.2325596204644595
48075,Childress,Texas,-0.29951259596562535,1.4119678231705353,-0.6416441653852657,-0.9812685299024588,5.071747672401611,0.0541486423919375,0.0570350371068032,-0.1822108362429913,-0.3238951170501298,-0.5093259821451135,1.5774596291050647,1.2738956395126944,-0.7981054828991807,2.211819767277786,-0.8954287718820013,1.4478624661389394,-0.834126975704967,-0.3674659536979684,-1.7648842777681977,-0.2721261562525825,-0.4209688181309791,-0.5707059188871385,-0.7180441601175369,0.18410592310746313,-0.8326860149679856,-0.4140654818413131,-0.8309098717973489,-0.623662180426068,-0.5725662868409965,3.3509375806967805,-0.6125761440606154,-0.3911325954387536,1.2488221361284986,-0.4103329539013027,-0.08602139992103093,-0.575492120687498,-0.19550237708316406,0.438530366387063,-0.20863758780614813,0.5222653569608955,0.6496519470202948,1.394277031169395,0.6594749606952129,-1.3991035718964755,-0.3151339228758228,-1.2231765819723484,-0.9321441281149234,0.7489648245021994,-1.3874543996117346,-0.2783037561407335,0.9063797258207039,-0.354556808206841,0.3046737443737671,0.762951507703092,-0.3519020850197335,-0.06874769262032066,-2.513083315203108,-3.0943087789540855
48077,Clay,Texas,-0.2902429891217009,-1.0170843644766003,-0.15973029174181808,1.0165686217426702,-0.044369984202943205,0.6733737813212015,-0.6087792114074041,-0.0549582000605551,-0.40051354259175465,-0.4173387796757199,-0.2067151604812158,-0.5157936068340706,0.29249155740021393,1.368640912398299,-0.6100583785927393,-1.5802278665128762,-0.7483231966725097,-0.4827009715433861,0.3068543433357634,-0.27222751904517994,-0.3797840949925024,-0.5513911654261774,-0.7641201312486192,-0.3654914153943134,-0.817853740498113,3.9086044647218428,-0.5369267181624273,-0.6390794430449277,-0.7122399562423656,0.1577596193220009,-0.61302359708518,-0.370722487126546,-0.059017011580674184,-0.21115898310386894,-0.08602139992103093,-0.5690509877629824,-0.7299385239568631,0.9553395245150024,0.09141999524661133,0.6975342697502468,0.87212656058264,1.3123096970737407,0.9451574034222802,-0.7522336601519095,0.4686828919877275,-0.8563198613856071,-0.6961443847983807,0.9239571209260756,-0.6717793607385628,-0.4165885873556378,-0.38192996252919614,-0.354556808206841,0.9000086430384084,0.762951507703092,-0.32736611272375693,-0.06892776547622226,-0.08112401865456677,-0.4784946967743856
48079,Cochran,Texas,-0.31255447883323845,0.9287629799744437,0.0018321051753577415,-0.8565637666304119,0.30462420338605384,0.33697734507480076,-0.3810803507697343,0.09400619980903595,-0.46714936391275913,0.28619129364181145,3.6722987367387043,0.8608904288172887,-0.8223363964959636,3.2706955385217924,-0.39603058362579246,-0.8508822196426901,-0.7609138142793455,-1.1417827025687668,0.824175205191386,-0.28946079170836325,-0.4709330198222403,-0.6540111194533301,-0.6171563145422003,0.781337379533705,-0.8118739057624249,-0.4452569363715206,-0.8315503616676112,-0.6393997489025706,-0.7127453779516705,2.6611994010201965,-0.6234143261420938,-0.3961006466799022,-0.25302032031768523,-0.4257684632510598,-0.08602139992103093,-0.5953197390812838,0.4019640758245557,-0.13377878862957995,-0.16267021070763257,0.4505644380925247,0.3742071873716777,0.6237840906702457,0.2138103500409896,-1.4257786198034677,-1.6250164706262307,-1.341756532060992,-0.8397964024693199,0.4128685091484068,-1.8046192564767245,0.1852429213581305,2.624125976953904,0.1252848061763878,-0.588328603623195,1.0351138903238184,-0.3662194143915276,-0.07011991188943467,-0.8474625495529798,-0.6480382021008477
48081,Coke,Texas,-0.3109905072519886,-0.6441395554863417,-1.547413950628053,1.3640726614237666,-0.0005513072728938728,0.6152098824049173,-0.5886694600513039,0.08855523444910307,-0.5846251668211383,-0.36499539608913867,0.8867429648631843,-0.2404567997037988,-0.5001956670067227,1.4666849652912626,-0.46737318194810806,-0.3157311539153778,-1.9905204960827367,-2.0579870014147974,-1.6438263281457326,-0.2854067874293585,-0.43890959221950365,-0.6010357456177647,-0.8887949552603897,-0.6260098626965459,-0.831127528600315,-0.18973333267933457,-0.7553247284523322,-0.48532518654511037,-0.6747389388519898,4.35571507548018,-0.6215533930242022,-0.40311765791263904,-0.2562310028789335,-0.31812376877493376,-0.08602139992103093,-0.6406092328448002,-0.9924578039225499,1.2414603090073308,-0.04896182770190883,0.9445041014079689,1.0098489404069493,1.4434574316267896,1.036575785094941,-1.1390218548032995,-0.7165495423477221,-1.4140161891462593,-1.701708508494954,1.0906164508535765,-1.6360047185223123,0.18524292135813036,0.47694316303740386,-0.354556808206841,0.3046737443737671,0.762951507703092,-0.3590888229004772,-0.07012621512090052,2.128506942754378,1.5544126670924305
48083,Coleman,Texas,-0.29696748116392857,-1.0360371277192575,-1.0205975921671053,1.4627564924068048,0.38633898907400316,0.4908628158228759,-0.4436441616136629,-0.07226106830855095,-0.19563353555416052,-0.49527327807790605,0.5581981587349772,0.5511365207957325,-0.7473784428197967,2.702040031742604,0.10336760463041615,-0.36934744137788167,-1.3453455789993891,-0.13589490425311257,-3.021378115431503,-0.2833931712518454,-0.4411915124570345,-0.6213835408747478,-0.5691418125184725,-0.24233648025489743,-0.8192411543515393,0.44706311765767365,-0.7783357850241448,-0.40437799417700876,-0.7023975380489738,3.1130478255574805,-0.6095269409756904,-0.40170842042419425,-0.24805994775080095,-0.3131786343753536,-0.08602139992103093,-0.5608123107711046,-0.6093048244819158,0.8345000095603382,0.21430993923766947,1.0082382515131874,1.0416310280587127,1.3123096970737407,1.127994166767602,-1.0269866535939314,0.4961481712147523,-1.369548707863018,-1.5657521346278154,1.1211706613402856,-1.1769984763130794,-0.411466926940271,0.04750660025410388,-0.354556808206841,0.6023411937060877,0.762951507703092,-0.33082847342151106,-0.06955525168085099,0.006430917463807653,-0.8918579097608071
48085,Collin,Texas,2.709592156644872,0.6178238289240497,2.583080629429946,-1.8556087140335071,-0.36217729232530005,-0.9290412009202039,0.08024484456379156,-0.23362971344672473,5.5112451612498,0.09331048950538355,0.4132886416005097,-1.4450553308987382,2.822940279303341,0.13328584594695764,-0.6100583785927393,0.8127133331237143,0.5488862169057426,0.15650439761708507,0.5184411701136654,1.7835611395320932,3.535731941442963,1.165505083815383,0.2786384557866084,-0.29797478934036187,-0.1488524085584609,1.3464332613206862,-0.2987860574032305,-0.6104288784465592,-0.6761358646034002,-0.4017345691917463,-0.5432490856839369,-0.2452897284668375,-0.16785836283307753,-0.07016063688986127,-0.08602139992103093,1.9133349393263899,-0.3607470106948813,-0.47532378727469005,-0.07998403618925949,0.8489028762501408,0.9780668527551853,1.3614900975311353,1.11656686905852,-0.27608405501209515,1.489123650961029,-0.6395408901298056,-0.03431901767155439,1.054506929369286,0.08698606005629181,0.24410560622668276,-0.8113665253124961,-2.0340024585481418,0.007006295041446424,-0.59786040540054,1.833277970917438,0.1733506064339026,-1.2888645517140855,0.2255145253431138
48087,Collingsworth,Texas,-0.31235825018914903,0.39682348454033606,-0.32562140592784844,-0.20342060366370407,-0.4856078967249215,0.2114020945163453,-0.23140278227874952,0.1809422304763101,-0.41228840462875027,-0.5640146736572805,1.743701292204496,0.9125160801542147,-1.0576439653621723,4.015830340508314,-0.6100583785927393,-0.4636162582071514,-0.8853323737746562,-1.1417827025687668,-0.04868121685534046,-0.2900765164874265,-0.46697155432878834,-0.6659618231849112,-0.7628735584722469,0.004380224558823106,-0.831105037030087,1.0374995881579148,-0.8214456960277713,-0.6390108747422575,-0.5872604950012846,2.5227399125490693,-0.6088895826651526,-0.3799292623441173,0.10537317948395106,-0.4249338093470134,-0.08602139992103093,-0.6380578511439395,-0.37174950499791565,0.6368931949812382,-0.05517222661656331,0.3708967504610015,0.42717733345795034,1.115588095244172,0.4652108996408083,-1.3924348099197272,0.04191470707549792,-0.9044929661091187,-1.281013313887204,0.5434183175916155,-1.256309758980525,-0.9236329684769536,0.9063797258207039,-0.1146360010152266,0.007006295041446424,0.4907891250823656,-0.36460988455365273,-0.07022552792258736,-0.8556912548303413,-1.0000428131595975
48089,Colorado,Texas,-0.25796191277612895,0.0034023466454286325,-1.2391422410100217,0.613980114564961,0.1405018277804539,-0.06271822641217122,0.20745206938896776,-0.1867701597967767,-0.34763442675548695,-0.1854760847322518,1.5005192680529011,-0.15441404747558876,-0.007889399822227574,2.5451695471138622,-0.6100583785927393,-1.3342248582135148,-0.37170747537872806,0.07918841993586516,-0.03704174309760799,-0.25438928367793623,-0.36358271115726015,-0.45611015924341275,-0.4295246264716176,0.04322804218076598,2.4461076914942756,-0.45967903520306436,-0.38107143581688185,0.28067442932476455,-0.2797737875729628,-0.3164074169603565,-0.3328297049201274,-0.32415008837150966,-0.05301564707795747,-0.3116812052781102,-0.08602139992103093,-0.4365293867006639,1.1493899478801735,-0.9289968781754749,-0.014998243229799816,1.5181114523549357,1.6666787518767303,1.8696875689241914,1.7336409453489823,0.13871293994163694,-0.498940022318219,-0.6969780534539921,0.3299414557083267,1.7044783160865373,-0.23712855178941142,0.5360402499025918,0.47694316303740386,-0.5944776153984553,0.6023411937060877,-0.3256980227798136,-0.27896792480812355,-0.06627130692377009,0.15555754529819343,-0.09904018485325662
48091,Comal,Texas,0.13659238598725962,-0.2316133668662915,0.8350089877787157,-0.2024682532214415,-0.24471569847535268,0.5378195177989112,-0.5006014757688114,-0.1757621240486047,0.009940689253002878,-0.03234027346575292,1.313583315778727,-1.3418040282248862,2.214009869906568,0.6235061104117755,-0.6814009769150549,-0.4035789247531819,-0.06906088593698231,-0.34597784472039445,0.7895725015752318,0.18972465413567477,0.38975155328796174,0.5745800785178329,0.7513981505567027,-0.7724729007558088,-0.7758597100690624,0.053992610375065954,-0.6424788067196686,2.364689775480188,-0.6965526241543631,0.908124003482724,-0.5938114939522849,-0.40017290676013134,0.5974667183022454,-0.2189101543562449,-0.08602139992103093,0.5592195958250771,-1.1116611912395788,0.8393467954938467,-0.3117868033526632,1.350809308328737,1.4018280214453671,1.5582116993607038,1.516522288876413,-0.6508684781053384,-0.7904945248820192,-1.210206899931403,-0.9218832697098563,1.4711552541880366,-1.170753493425879,-0.11441062284899507,-0.38192996252919614,-1.5541608441649128,0.3046737443737671,-0.3256980227798136,0.2414342457959378,-0.014055935320114326,0.009404596274630845,0.2142116249880163
48093,Comanche,Texas,-0.2809763110635091,-0.40169201353905015,-0.9696897253070702,0.8529936110336439,-0.09860394841143905,0.6618028254793067,-0.615317971048585,-0.1201747316302869,-0.3696777778435548,-0.42686784134462635,1.3545476538495107,-0.17162259792123075,-0.10982397968404788,2.407907873063713,-0.5387157802704237,-1.0292679600856252,-0.9105618920991947,-0.061227697108368395,-1.858147295638626,-0.2717559632040203,-0.4352342318728144,-0.5830268652615598,-0.3548581261561387,-0.48669980624953096,-0.23700336132637823,1.7242303230389664,-0.5555912960323447,-0.06054003850229975,-0.7024754013246489,1.3389474618284458,-0.527143687123794,-0.3862534811491453,-0.2025209582608442,-0.31424550274862695,-0.08602139992103093,-0.4850209789372675,-0.58645743002129,0.7795656854365595,-0.034173036041832465,0.9524708701711208,0.9674728235379306,1.3614900975311353,1.11656686905852,-1.0643317206637208,0.6355872811365699,-1.206501276491133,-1.3810566833366078,1.0878387953547841,-1.0533478151465103,-0.34488534154050227,0.04750660025410388,-0.8343984225900698,0.3046737443737671,0.2186267424616392,-0.30915596699989334,-0.06788026076085867,-0.05253414071841073,-0.6044413007311862
48095,Concho,Texas,-0.3129264346212885,-1.5069926255585468,0.2205208340633702,1.2785398659024472,1.4073051168264428,0.5487951790567449,-0.53141479230617,-0.23659063888581605,0.05667517745086528,-0.5444582844326067,1.7938845171561884,0.10371420920904087,-0.8512350214938265,1.976514040334671,-0.6100583785927393,-0.4528050875455504,-0.9746213153276945,-1.1920222320980962,-0.2207066700337162,-0.28571228016977246,-0.42783427466976826,-0.596438224250589,-0.9219173105883961,-0.17921227079967147,-0.8276501191492619,-0.4099118160240991,-0.8157546528275288,-0.5889978493180048,-0.7055023849584516,4.036240124095826,-0.6262295287041446,-0.40420573891201583,-0.23701231696333153,-0.33552425048948475,-0.08602139992103093,-0.6447871845359124,-0.5509560501366555,0.8140268230887211,-0.0002764702630469121,1.0241717890394921,1.062819086493222,1.3614900975311353,1.127994166767602,-1.0243191488032322,-0.4883764533847478,-1.4455139883885553,-1.76840408812789,1.140614249831827,-1.5417054769255858,3.3580751387697134,0.9063797258207039,-0.354556808206841,0.007006295041446424,-0.0535356401590872,-0.3631126474951645,-0.07031568500758766,0.6023401190878929,0.14316482275597486
48097,Cooke,Texas,-0.2000773915554899,0.32736326822555084,-0.3777850258103623,-0.11344985143441719,-0.07819142629563951,0.47316243955688736,-0.41507707239981756,-0.10004644341838033,-0.24854404738002298,-0.2553412115396976,0.6574629109273111,-0.3092910014863668,0.3750688635104967,1.996122850913266,-0.8240861735596857,0.282650968258665,0.056884092203262605,0.1690572806491003,-0.19361291018164964,-0.19148800877591252,-0.23465071346677974,-0.3482904405380224,-0.4511336112529146,-0.47340940267008996,0.1190730357158213,2.7710627547609,0.15394865041382685,-0.5602928208724554,-0.6931236534982121,-0.3910812691349202,-0.6100249003454544,-0.37184985101661705,-0.14411448303462607,-0.17928250705907978,-0.08602139992103093,-0.3533888636195247,-0.4122522078153675,0.5533698118823522,-0.07074290303208192,0.729401344802856,0.8509385021481315,1.2139488961589564,0.9680119988404441,-0.5094907241982787,0.6778415568704539,-0.5635756096042682,0.4658978295754653,0.9184018099284925,-0.11472688720028298,-0.5036568144168738,0.04750660025410388,-0.5944776153984553,0.6023411937060877,0.4907891250823656,-0.22257823409280897,-0.06128586518189194,-0.5524685466111859,-0.3541627928683135
48099,Coryell,Texas,-0.09846609934597504,1.7571565907220432,0.9965614683297066,-2.1151394752677173,-0.10968698518464357,-0.5731691451288404,0.6475320817740178,-0.10332846283118273,0.5810658811055891,4.559811419091997,0.6552782807850093,-0.46416795549714485,-0.18114386417996123,0.8195942161977029,0.03202500630810057,1.6879414467809495,0.7012977641826101,0.12299453920627333,0.311433059584725,-0.16226966869219797,-0.22560852688120983,-0.36922237346672243,-0.4903439552868513,-0.5855284993300225,-0.7593355341659679,2.612389416454888,-0.5922223363883952,0.447232524212495,-0.6840453232730026,0.6517515969359652,-0.46617709659433165,-0.3924582171271432,0.010005848367627353,-0.4143470547096944,-0.08602139992103093,-0.36241415347871947,-0.9201140380958965,1.051020226326095,0.046994048094538915,1.0401053265657965,1.1263832617967486,1.4762443652650494,1.3108309301129237,-0.4454706092214969,-0.20104737839433587,-0.8767007903070928,-1.4118392585518091,1.2267215702943683,-0.90721521558602,1.1660044809927115,0.47694316303740386,-0.354556808206841,0.007006295041446424,0.762951507703092,-0.18365007057211388,-0.0558548446580221,-0.9713796586583944,0.28525842722005773
48103,Crane,Texas,-0.3068609193689133,1.6408458845795282,0.12390014729603493,-1.5733839876466986,0.16339230368063407,0.45969720279923393,-0.4249588914042613,-0.12627419440282386,-0.25750662744703384,-0.0024470282749142775,4.047391480747279,-0.8427560653012686,0.8857714050404246,1.6823818816557823,0.03202500630810057,-1.722674672983916,-0.7387051550535367,-0.6353434352689077,1.095612263266893,-0.28551964844139704,-0.42022404815872993,-0.586296538394438,-0.7451618540481224,-0.8221988482510404,-0.8336075343534716,-0.2671508054328112,-0.8315503616676112,-0.6393997489025706,-0.7127453779516705,4.960545203633224,-0.6233329760534534,-0.4044099305416356,0.09933599461522473,-0.4162862644566947,-0.08602139992103093,-0.5908322567152138,-1.1867526365145502,1.408867454877204,-0.1533546123356509,1.0480720953289488,1.2111354955347844,1.787720234828537,1.1965579530220973,-1.456454924896509,-1.3123348301954882,-1.7882841566135408,-1.7273606545076217,1.2767193692726189,-2.0931374658653854,0.18524292135813036,1.335816288604004,-1.3142400369732985,0.007006295041446424,-1.4143475532627192,-0.3638051196347153,-0.06961587727239807,-0.1583574734541922,1.7982323747523898
48105,Crockett,Texas,-0.31076499075057246,0.26156787551943694,0.07444503863851776,-0.2780523565277934,0.05780080489853729,0.5434287943861512,-0.5877384303998431,0.03540618307139233,-0.29392837989180964,-0.4913488192784769,4.039434631160051,-0.11999694658430474,-0.106872338651012,1.7804259345487459,-0.7527435752373701,-0.27087930629834256,-0.43184504192940787,-0.30483233223375183,-0.3592521374462618,-0.28025220460885086,-0.38969815726972135,-0.565341342737201,-1.1481054593535704,-0.8210961714282821,-0.8335782725245112,-0.3724397951949842,-0.8291097959675793,-0.6240704797223329,-0.7118915450129345,5.12284489019033,-0.6146401866096918,-0.3927583437139089,-0.22235335606560896,-0.42652681562757,-0.08602139992103093,-0.6830938894764276,-1.185653672321934,1.4476313982152789,1.351587378853397,1.095872707907863,1.2005414663175304,1.3778835643502652,1.1622760598948496,-1.27773210391966,-0.9552862002441673,-1.4584836704295006,-1.868447457577294,1.2128332928004115,-1.8271011948706462,0.1852429213581305,1.335816288604004,-1.0743192297816841,0.007006295041446424,-0.3256980227798136,-0.3631126474951645,-0.07063179507871951,0.09691195406849844,0.4531872324957914
48107,Crosby,Texas,-0.3041078607801964,0.6849902422072441,-0.7784455643768772,-0.2433886611647625,-0.1902169290505455,0.5035100678606068,-0.3911777560466321,-0.14287402824499953,-0.4500415015577085,-0.2793499351913944,3.3681264993674596,1.3083127404039803,-1.1566955470056786,1.8980787980203024,0.03202500630810057,-0.44885466861006706,-0.01758256314756061,-0.22170568254852713,0.7723493551323614,-0.2881862274778188,-0.4535507208817607,-0.623763470797857,-0.4826893982445807,1.1120138187535544,-0.7286692932740839,0.6217820391581012,-0.8273258648463564,-0.6295618210394656,-0.7127453779516705,1.032065089604804,-0.6049532549345265,-0.23117485024230852,-0.09119930760525678,-0.3714102232960179,-0.08602139992103093,-0.5428036453374647,0.7652053341548718,-0.5096024658328879,-0.06866532353904997,0.5461656632503528,0.5331176256304956,1.0172272943293854,0.4766381973498903,-1.4044385814778737,-0.8073962351755729,-1.408457753985854,-0.6243183759629112,0.6184150160589906,-1.5229705282639843,0.16728069999618037,2.194689414170604,-0.354556808206841,-0.588328603623195,1.0351138903238184,-0.35313730559298634,-0.06955845528829326,-0.3536495822507612,-0.3541627928683135
48111,Dallam,Texas,-0.2995682428945462,2.1685946972280026,-0.31254181827803007,-1.842232972588304,1.1750634255103285,0.4771172769235142,-0.4997008420024188,0.008648945588686681,-0.23649650497123634,-0.06800648717553959,2.714340297980896,-0.5330021572797127,0.004878163716020625,4.309962499187205,-1.39482696013821,0.879275342315869,-1.5880285569707664,-2.339618273572396,-1.1084808837578337,-0.2799966013660463,-0.45707968277608557,-0.6426418186186681,-0.7350572435210773,0.5717968405573043,-0.8161384819343968,2.926131880836445,-0.8315166349064548,-0.6393997489025706,-0.7127453779516705,0.09188727768037046,-0.6259508447523957,-0.3653733688793285,-0.21135611441262117,-0.42575271433718004,-0.08602139992103093,-0.6173707343154583,0.1937154730026032,0.07820500077411893,0.3811566995275349,0.03629246240860373,-0.14490024427379475,0.2631278206493658,-0.17471777206782046,-1.4097735910592724,-1.7348775875343294,-1.2342934522931588,-1.8145779509506916,-0.023223404161887774,-2.030687636993381,0.18524292135813036,0.9063797258207039,-0.5944776153984553,0.007006295041446424,-0.0535356401590872,-0.3582466270550776,-0.06987725237787913,-1.23511002607693,-0.20399568815059002
48113,Dallas,Texas,7.397951354514833,1.4092536338548756,1.1328633678445932,-1.8625039622682094,-0.3225585132441441,-1.1581983845242396,0.9391940605473131,-0.17624411016332103,1.8920513066708315,-0.011290389698011653,2.2263385126912087,-0.08557984569302073,0.41769605145271244,2.6039959788496403,-0.32468798530347687,2.6660443073511155,2.0593770863642975,1.4056152071136971,1.0300099787030828,5.5835541067197765,5.48491332678865,3.9298875443368964,2.205255157258616,-0.7112914360548326,-0.5069675780302003,0.06806954654389216,-0.474220163884162,-0.5147916623969175,-0.6622853255329981,-0.4247376869193479,-0.3267063357302543,-0.01580467259654416,-0.1115414744585645,-0.10542825905123028,-0.08602139992103093,4.7728999350471915,-0.9297507651107586,-1.1566946259206867,-0.06336340024500445,0.9843379452237305,1.1157892325794947,1.5090312989033117,1.2765490369856762,-0.4814819238959366,1.734198450217557,-0.8711423551466876,-0.4191012078615697,1.2017226708052438,-0.108481904313082,3.5578198949690196,1.335816288604004,-1.3142400369732985,0.007006295041446424,0.2186267424616392,5.604163080036309,0.5359224587113596,-1.0747290402016156,0.5016282340176378
48115,Dawson,Texas,-0.28363271972304765,1.452189378647866,-0.32758935798338834,-1.1747286878187622,2.105909748874906,0.28568404749487547,-0.25217408313009204,-0.15728083695260675,-0.09677887594188281,0.13835118192254886,3.4751619795735627,1.0501844837193504,-0.5187292269815991,2.2314285778563767,-0.039317592014215016,0.2810781986847046,0.7915674289470117,0.7412820914204233,0.7223350938738118,-0.27847351172165913,-0.4316265480792278,-0.5927966741283489,-0.21128849283322837,1.6991393987500079,-0.8265014492864654,0.30999386028112197,-0.8259218824502972,-0.6386069568439913,-0.7127453779516705,0.4223933520415098,-0.5993732588776339,-0.1391372263322081,-0.23108855487929442,-0.41206532917479,-0.08602139992103093,-0.44960846723728676,1.299036558896439,-1.0688397763275095,-0.06816640659986314,0.7055010385133993,0.7555922391928401,1.131981562063302,0.6594749606952129,-1.4404498961523136,-0.9531734864574731,-1.6585873362040868,-1.0065353515516597,0.7961849679816592,-1.7602798779776014,-0.3295203602944018,2.624125976953904,-0.1146360010152266,-0.588328603623195,1.579438655565271,-0.3335047846635589,-0.0679382986351034,-0.25759026329910034,0.4531872324957914
48117,Deaf Smith,Texas,-0.2665930443303297,2.1928559499186235,-0.9502333472389742,-1.5470027973834857,-0.0864890712036509,0.5615588671370829,-0.5382929552154473,-0.09171962166201758,-0.38602324387961023,-0.29798887280845965,4.62904715948326,0.43067666767623897,-0.6551224998337452,2.8196928952141604,-0.8954287718820013,0.9343507175493817,-0.4628286721291995,0.0864544196835556,-1.4110506275162524,-0.2684859657454523,-0.44483739686476126,-0.6108149149649119,-0.7257517288702234,0.8749667065293582,-0.808488496712069,1.8180089840063873,-0.8314487101092742,-0.6393997489025706,-0.7127453779516705,0.5269075418710499,-0.6259465245228176,-0.2487605102622825,-0.22513990375219656,-0.4105539337581424,-0.08602139992103093,-0.597792096836082,0.49568573991954773,-0.22382955380895472,0.3759590275342151,0.22749491272425992,0.11995048615756844,0.5746036902128511,-0.0033083064315806597,-1.4444511533383626,-1.3271238267023477,-1.1194191256447852,-0.3703621304375012,0.20732200223782135,-1.5360849923271054,-0.24757379364853255,1.7652528513873038,-0.8343984225900698,-0.29066115429087425,-0.0535356401590872,-0.3246523705552469,-0.06830078350038171,-0.30056963467763753,1.2104815562873221
48119,Delta,Texas,-0.3052969477876635,-0.07218908830554834,-0.4675127672629833,0.29933598989452304,-0.12672334884195732,0.21922693100722318,-0.15787275047855368,0.11984078711362868,-0.25466962964305895,-0.3120009748073437,-0.06598792810000371,0.2585911632198189,-0.30023914772222265,1.3294232912411135,-0.39603058362579246,-0.8200261557407822,-0.7171134030284451,-0.6025921684598016,-0.2023716687545157,-0.270338716793436,-0.37683712888886317,-0.5198820383110679,-0.30686618812176386,0.04138039309571181,2.2710667026022695,0.13000671923579796,-0.35042703085641513,-0.6237055661281864,-0.6518493254061974,-0.43295501514409535,0.16101658104793354,-0.12394569829112129,-0.22220460000770093,0.1222418225657689,-0.08602139992103093,-0.4323936256356964,1.0683673210167544,-0.8520105286458732,-0.5329484913205736,0.8409361074869884,0.9674728235379306,1.2467358297972186,1.0708576782221886,0.25875065552310256,2.055330945795076,0.6203710795620332,0.3607240309235278,1.0183974078849922,1.0256069880025196,-0.11441062284899507,0.04750660025410388,-0.1146360010152266,0.6023411937060877,1.3072762729445448,-0.3508165881523295,-0.06687798365661028,-0.46596544108645443,-0.9790517125001309
48121,Denton,Texas,2.277528899003082,0.7684147663395255,2.5305365970394678,-1.9681773758691068,-0.39711466313648136,-0.526631194560615,0.10210868309123378,-0.19492112877066006,3.075834439547202,0.21122071251776225,0.7062164828051926,-1.3762211291161703,2.415407888300225,0.30976514115429227,-0.6814009769150549,0.8070313276143425,0.615846464500807,0.2164252598036593,0.5910260730175211,1.2601334023612094,2.3489179690906927,1.019627453493351,0.5076416015266024,-0.4660100644825366,0.30934857391436527,1.5583601502915199,-0.3801939909730518,-0.6316686431240582,-0.7031222386718944,-0.4306615783684828,-0.5416531010107463,-0.2488844992467947,-0.1894513834411043,0.2555821698881258,-0.08602139992103093,1.4591588588685998,-0.3188698447880689,-0.31995490256460124,-0.030397649651269103,0.8728031825395975,1.0098489404069493,1.4270639648076573,1.1622760598948496,-0.5908496203146054,1.2820776998649968,-0.8044411332218254,-0.32931869681723286,1.0933941063523689,-0.24899401927509257,0.0955774541810448,-0.38192996252919614,-1.7940816513565272,0.6023411937060877,-0.59786040540054,1.458238803229357,0.12389395261051682,-1.2795175857182501,0.3740669300101094
48123,De Witt,Texas,-0.2618659841577881,-0.36406061335195694,0.6279949152902472,0.02264947900970911,1.113177692897591,0.1889517800023126,-0.0497865570060945,-0.2116922221691896,-0.49699527293437307,-0.520396021205611,1.8963512011630244,0.447885218121881,-0.2181423413149923,1.6235554499200047,-0.9667713702043169,-0.1431622858925494,-0.4887921103375815,-0.7167386548455366,0.026457741741749075,-0.23354100110596482,-0.28783419160226026,-0.4275242122665674,-0.3772860157025095,-0.7710001389107591,3.190712731813607,-0.4881901404390266,-0.09259787684740808,-0.44824876945632725,-0.06592173254571775,0.6554183551696301,-0.3458058478461728,-0.36427808884388535,-0.20416672462556562,-0.3913766011949657,-0.08602139992103093,-0.38534130671351624,0.6846026136051421,-0.499220481091927,-0.06206770550741466,1.5818456024601548,1.7090548687457476,1.935261436200716,1.7793501361853137,-0.6602047448727858,-0.809508948962267,-1.308405921098561,-0.43962292467170383,1.7600314260623708,-1.0964381970681936,-0.6521849664625118,1.335816288604004,-0.354556808206841,0.007006295041446424,0.4907891250823656,-0.29289222945206445,-0.06625694806040835,-0.5703296459597178,-0.6997086037241504
48127,Dimmit,Texas,-0.29125927777094,1.4091914882665455,-1.0675390125042155,-0.7666076216220266,-0.5973136141483963,0.6571787910420138,-0.5748187712013286,-0.2575547723191259,-0.3664632601424332,-0.6406670017389657,5.591438689965132,1.858986354664524,-1.0575753225474507,1.701990692234375,-1.0381139685266323,0.6684115934321989,0.3431346470925553,0.46453770244282194,-0.13458381191240373,-0.2594128726017575,-0.32978989083794363,-0.49594210968809604,-0.9316929644755548,-0.7466049890097444,-0.7953628304013358,0.2639516193743324,-0.8245114308123309,-0.6393997489025706,-0.6971007970081995,4.1768943030052075,-0.38371613094027796,-0.24230137581251474,-0.10579969549787721,-0.3972724874774355,-0.08602139992103093,-0.577909512629814,-1.0950158523051963,1.3140998599912785,0.2538211822126773,1.6216794462759163,1.920935453090838,2.2631307725833336,1.9393323041124697,-1.3590910000359868,-1.7517792978278832,-1.8753663074598885,-1.6375781434632848,1.9239131004910812,-2.1849387143072323,-0.5395084373244416,3.912435665303804,-0.1146360010152266,-1.1836635022878363,1.8516010381859975,-0.340410790595836,-0.06930279244135215,-0.19060972983447827,0.3433876290462732
48129,Donley,Texas,-0.3113097448968505,0.11244688613327242,-2.1154242076307463,0.9499233240423888,-0.39339994487927177,0.3631913181351819,-0.26646295200309866,-0.19381911720858627,-0.3676591469289778,-0.10445398047138267,0.10885758804589427,0.32742536500238506,-1.0041712126939177,1.858861176863117,-0.39603058362579246,0.14737500876434953,-0.3717955540279017,-0.17233081083832955,-0.6514631557830205,-0.28973671273037177,-0.4657825310763963,-0.6363296627497067,-0.8935609633536833,-0.4987956634451523,-0.8179277910950231,1.4690544035000062,-0.7686929930147873,-0.5484865109790086,-0.7068487182137074,2.785714707662309,-0.6007440970946051,-0.31182873400316885,0.610857988598356,-0.41417057516835853,-0.08602139992103093,-0.6630284947213013,-0.8612267856304895,1.1235538987901235,-0.04517154826838477,0.36292998169784907,0.35301912893716836,0.9844403606911231,0.3509379225499818,-1.4577886772918587,-0.7080986872009454,-0.8767007903070928,-1.0065353515516597,0.47119927462303113,-1.4324182763995779,0.1852429213581305,0.04750660025410388,-0.1146360010152266,0.3046737443737671,0.762951507703092,-0.3596315713341792,-0.07015482023331239,0.8106626163835348,0.1835323240241801
48131,Duval,Texas,-0.2882338421090841,1.1291710474547094,-0.9386234373445161,-0.5728324365355804,0.5006961365249908,0.6774357340940563,-0.609100823623466,-0.2499737582698506,-0.48719735424629346,-0.29941400549214797,5.716472184123011,1.618066648425536,-1.2782619718779236,1.976514040334671,0.388737997919678,0.7678743635189337,-0.7464384646921535,-0.5289128661678411,-1.293983318988362,-0.28282670892761735,-0.41271249936867516,-0.5675539262493072,-1.030666214344401,-0.789152847765675,0.05507611216863247,-0.2666915987579383,-0.811330829505199,-0.577859142832346,-0.6163454138499533,4.160887587933847,-0.5017863741333675,-0.3352567007729962,-0.16322259294453387,-0.42547825619820456,-0.08602139992103093,-0.6593214628332038,-0.7520988730847465,1.0158570108242742,0.5971281620236061,1.796948359065267,1.920935453090838,2.1647699716685467,1.985041494948801,-1.232384522477773,-1.6102274741193714,-1.8197819558558368,-1.2322742364631354,1.9794662104669147,-1.9663643132552164,-0.07343733952606046,3.0535625397372037,-0.8343984225900698,-0.8859960529555155,1.0351138903238184,-0.33191397028891506,-0.0695899164563369,1.223133026019123,1.7982323747523898
48133,Eastland,Texas,-0.26713779847660774,0.0408114912092828,-1.1712303644576174,0.5456944851950285,-0.020596102647930308,0.5925278880801531,-0.5272173282199197,-0.15909937542017452,-0.35246547866659006,-0.16139740617420845,0.5192288799093251,0.37905101633931104,-0.5993158914649507,2.407907873063713,-0.46737318194810806,-0.6138277749355844,-0.9037207021174127,-0.4149020417415763,-1.2771404937391946,-0.24611530784055313,-0.3529440742774961,-0.535695573725272,-0.3045779517351462,-0.5453760381198922,-0.13749126603949102,0.9355916433998336,-0.5608374777347253,0.41090763892298565,-0.6979122325824475,1.684501459747196,-0.6045193896197548,-0.4034444824901154,-0.22727055851272981,-0.345060806604424,-0.08602139992103093,-0.42494601019517125,-0.5992038318615931,0.7660216655134735,-0.04591620041642487,0.8728031825395975,0.914502677451658,1.1811619625206942,0.9908665942586098,-0.9496290146636533,0.7855899599918588,-0.887817660627903,-1.3297523913112725,0.9850655418994924,-0.8353979123832149,-0.49853515400150705,0.47694316303740386,0.1252848061763878,0.3046737443737671,1.3072762729445448,-0.2912639841509585,-0.06676878384941977,-0.4495399966975796,-0.8692521090506127
48135,Ector,Texas,0.1659212463142926,2.3703019311951206,0.10260935067253342,-2.2348145247734794,0.45605056777930497,0.32973374679535766,-0.3156420799334898,-0.12176980353167947,-0.15274641119013233,0.4524912781684498,3.792722241054534,-0.41254230416021886,0.6755871063623817,1.996122850913266,-0.8954287718820013,0.8293253247375707,0.39432307473450173,0.2525503278494006,0.10806589695403004,-0.017244405291804283,0.18271694878570668,0.04630827235358302,0.2609333432238745,-0.82069082799067,-0.8336075343534716,-0.37657949781337247,-0.8315503616676112,-0.6393997489025706,-0.7127453779516705,4.5369151374576395,-0.5737443987590387,-0.3794053348376785,-0.11537221795165557,-0.4262070903096098,-0.08602139992103093,0.13823906027280275,-1.1852678013906812,1.0926598163761279,-0.0685312861524028,0.9126370263553591,0.98866088197244,1.4762443652650494,0.9794392965495278,-1.4577886772918587,-1.1221905893930095,-1.634500783842331,-1.645273787267085,1.0656175513644521,-1.9657398149664962,0.14679405833471307,1.335816288604004,-1.0743192297816841,0.007006295041446424,-0.3256980227798136,-0.014424852036476875,-0.032323342862448104,-1.587399098691311,-0.5753766998180784
48139,Ellis,Texas,0.220405447299293,0.9197202148807856,1.0684506760078811,-1.37942765074208,-0.2987856651497232,-0.03176298820102735,0.15369034951050578,-0.18298672967012736,-0.24694830292739312,0.0750583631715396,1.2301042489214553,-0.9976330193120466,1.552636350062367,1.3882497229768895,-0.6100583785927393,-0.3416292826126344,0.1367099003150592,-0.12928856028390212,0.9217474469561852,0.11338654003702428,0.2543829441109098,0.14489914093758738,-0.011356767763493347,-0.006380523798158107,0.526698099889471,1.8712301322157538,-0.36274055526156357,-0.603854183540401,-0.6897704050487912,-0.4285504253893076,-0.3974200143716458,-0.17144586028940476,-0.05530545029208624,-0.29795851254161987,-0.08602139992103093,0.146967549890916,0.23204045138375873,-0.28904530491503716,-0.03124655310003481,1.0082382515131874,1.0946011741449853,1.4762443652650494,1.2536944415675104,-0.3894530086168128,1.0517918971153284,-0.3801472493108976,-0.4344924954691704,1.1933897043088684,-0.10535941286948194,0.24410560622668276,0.04750660025410388,-1.0743192297816841,0.3046737443737671,-0.3256980227798136,0.15043966356631303,-0.03026317578222697,-0.6661283827644586,0.4289667317348685
48141,El Paso,Texas,2.1370379761922726,1.840839677677604,-0.13048919537897682,-1.6309440289625676,-0.2801132407759137,0.43797543389086285,-0.40724912161045673,-0.21088857732654961,-0.007925960282000427,0.5322579051197732,5.2574995389373695,0.7404305756977946,-0.4868789609507004,2.4471254942208986,-0.1106601903365306,1.2929006369679084,1.5571663457830254,1.2658011651445822,1.0327290628520347,1.0873597809494024,1.7744510906432176,0.5950014462961586,-0.12775710949696603,-0.5151867529255262,-0.8334455581365834,0.6925579163160026,-0.8315003263658769,-0.6342549594341587,-0.7127453779516705,2.5700239344571703,-0.6267725267092039,-0.4053992674777643,0.5116027829171546,-0.4191253424200786,-0.08602139992103093,0.9312180314334372,-0.8843874229597087,0.4577825299543269,0.015740997441295694,0.8967034888290549,1.1581653494485118,1.5582116993607038,0.9794392965495278,-1.477794963222103,-2.508130833464409,-1.8179291441357017,-1.1296656524124646,1.1183930058414933,-2.321079341248202,0.8382182144092346,1.7652528513873038,-1.5541608441649128,-0.8859960529555155,0.4907891250823656,2.0563101462424975,0.10211305330502903,-0.2925590129351262,1.0457821511130447
48143,Erath,Texas,-0.19585701131470154,2.208956072435686,-1.7123500112535885,-1.1822880253028154,-0.4721687531141922,0.5745033633084717,-0.5431480096082738,-0.1263073270524108,-0.23140704637443732,-0.07770970657923132,0.8468249405395949,0.12092275965468287,-0.18382093395411003,2.329472630749342,-0.5387157802704237,1.0075856586066043,0.7727288310795064,0.22424670622173537,0.748041752684896,-0.23397172798643465,-0.3310544996767455,-0.43536106531983737,-0.3840909851537201,-0.6834189303196362,-0.34766181310329664,2.2249909585200984,-0.3132555805716875,0.31398711268930435,-0.6968222912979497,0.6962017789629894,-0.5412169846084646,-0.3998362032880342,-0.1263346177464645,-0.38019431335624165,-0.08602139992103093,-0.4029591544698808,-0.8302233515818019,0.9811312291871852,0.07150799680801898,0.9604376389342733,1.0204429696242032,1.394277031169395,1.139421464476684,-1.000311605686939,0.534177019375248,-0.919315459870199,-1.2220133780580682,1.115615350342701,-0.9178316864942604,-0.6265766643856777,0.04750660025410388,-0.5944776153984553,0.3046737443737671,0.4907891250823656,-0.2508760144982373,-0.06269281600193191,-1.5104397232823519,-1.2164126199571774
48145,Falls,Texas,-0.270251097710444,-0.014298797374119186,0.6248142307851424,-0.2979952713608182,-1.204655156267884,-0.8084665398699737,0.9840018767577677,-0.1559747770043666,-0.37838441539218465,0.39052419551711387,1.0250450176932082,1.2222699881757704,-0.9773318721377079,1.8784699874417097,-0.46737318194810806,-0.09846896911155348,0.7990546787334895,1.1056896564378977,0.5120225884045537,-0.24669961959437967,-0.28851670119886186,-0.3978228753840313,-0.4633101074787675,0.7388210477267947,1.2467731019255026,0.5843231291985909,-0.5869755584415125,-0.5204402595491842,-0.5763746475971905,-0.42700651737380446,-0.29092567706353156,-0.314639426409879,-0.21129503432352392,-0.3660463888871028,-0.08602139992103093,-0.401522383882779,1.291607866146435,-1.0823777884462062,-0.16375740284377105,1.1357065517236244,1.1793534078830212,1.4434574316267896,1.367967418658337,0.14671545431373448,0.7686882496983047,-1.0378954099588427,-0.4088403494565026,1.2822746802702019,-0.1534457811009256,0.648716779040662,1.7652528513873038,0.36520561336800217,-0.588328603623195,1.579438655565271,-0.3087816577352713,-0.0662133660661653,-0.9183438006554514,-1.0000428131595975
48147,Fannin,Texas,-0.21689740801825705,-0.15101378966090703,0.7583721690782942,-0.23855659908579618,1.405523865919106,0.3068737681526684,-0.22405396198236532,-0.06949161382286716,-0.31249449350479536,-0.08190807665805187,0.15708971194748725,-0.22324824925815678,0.027530292574202916,1.8980787980203024,-0.8240861735596857,-0.19964709175071946,-0.36078448532491514,-0.12978606031934187,-0.4893542974724269,-0.2314199785598067,-0.3079500340601649,-0.39823139996616047,-0.2605398838541497,-0.19232000262398644,0.6461959958987002,1.8126074440725768,-0.021128480406489347,-0.5436905586153318,-0.15582509094477542,-0.3606541172729208,-0.5353493145117674,-0.31928617725989034,-0.1508315333708846,-0.3275233246788487,-0.08602139992103093,-0.3490618324285888,0.10303068882661934,0.05053287410029892,-0.07052695390915023,0.7692351886186176,0.9356907358861674,1.2467358297972186,1.0137211896767755,0.04801777705786255,1.6116610505892934,-0.45425971811629995,0.31198495349945926,0.9711772644055339,0.4217171428102359,0.2133756437344818,0.04750660025410388,-0.1146360010152266,0.6023411937060877,0.4907891250823656,-0.23287173886991586,-0.06262540557426195,-0.5156436110972349,-0.5560002992093397
48149,Fayette,Texas,-0.24667730134812235,-0.9516699306100782,-1.0485508973417252,1.3989518652886184,-0.3545278736542691,0.34690265580747576,-0.24613022979476765,-0.18288374667030183,-0.4670274010984803,-0.31645188846367095,0.8428027972742234,-0.6190449095079227,0.44432946356475705,1.917687608598895,-0.9667713702043169,-1.2413879172562161,-1.1221533308248115,-0.6583248814090432,-1.0976396789769414,-0.24340836997007254,-0.32721117558926643,-0.405287314414744,-0.21291247425200466,-0.7629716302865752,3.799594959855741,-0.48460206499268915,-0.38962425734109024,-0.14085801875301845,-0.19359267691517792,0.18603503744031266,-0.19373808117606203,-0.3393853945075847,-0.12194499061605218,-0.3248277536637951,-0.08602139992103093,-0.3468205170695883,0.9680176327003401,-0.7913931850914488,-0.025266996351272806,1.4384437647234125,1.5607384597041851,1.8041137016476672,1.6422225636763215,-0.18805639691902018,-0.13132782343342705,-0.8637311082661473,-0.26775354638683035,1.6155933401252038,-0.48318087754510947,-0.26806043530999984,0.04750660025410388,-0.5944776153984553,0.007006295041446424,-0.0535356401590872,-0.2480312640871096,-0.06536510524551535,-0.21685433245656555,-0.8547198085940588
48151,Fisher,Texas,-0.30969305517241247,-0.5384180985457249,-1.0808079667166752,1.034295543787648,-0.00877857054431951,0.4795618237971838,-0.386929804753476,-0.07666742567803284,-0.3772707899466984,-0.3150466942195207,1.3239089405397795,-0.20603969881251477,-0.3204887780651432,1.505902586448448,-0.7527435752373701,-0.2646170055064417,-0.9908659733465723,-1.0764542838316442,-0.6099980364795857,-0.2895142445313193,-0.46716918948981667,-0.6480829295240877,-0.5320061249156414,0.513776311948145,-0.8158338500523589,-0.24073837538959697,-0.8139811323272312,-0.6278194652308583,-0.6620567685749094,2.8275603359497077,-0.6246149713025873,-0.40399688382084326,-0.2086010381882538,-0.42152256038946845,-0.08602139992103093,-0.5689702285213313,0.13672482534259858,0.11271641197294822,-0.06848660702352034,0.8250025699606841,0.9356907358861674,1.4926378320841818,0.9680119988404441,-1.2310507700824234,-0.22217451626127785,-1.5085095868731473,-0.9988397077478594,1.0211750633837844,-1.3936993824989348,0.18524292135813036,0.47694316303740386,-0.5944776153984553,0.3046737443737671,0.762951507703092,-0.35835891983446416,-0.07000123540160602,-1.9792060225694645,-2.634119264496546
48153,Floyd,Texas,-0.30418108042351333,0.7635784079804726,-0.7241021924348215,-0.34285437131259056,0.09826195396138442,0.46277127710027177,-0.37078186505126964,-0.13404580036002942,-0.3877299315307958,-0.41737902732700777,3.5318538573622202,0.4823023190131645,-0.734473593652105,2.7608664634783824,0.3173953995973624,-0.40530434532351034,-1.4686667150207657,-1.5806634114712228,-0.9623092217739858,-0.28530179254559623,-0.4505451130114421,-0.631170321354669,-0.434877625856259,1.2902854755415758,-0.7607323213583878,1.300404463270179,-0.8216248212480062,-0.5639483426773777,-0.7124610957458756,-0.0603489941530639,-0.6260125054126474,0.5811653889886063,-0.20674202741195072,-0.30365287494250215,-0.08602139992103093,-0.5308213948481207,0.9262281115857298,-0.6713253113806483,-0.0009094245888810165,0.426664131803068,0.3742071873716777,0.8041122256806844,0.29380143400456854,-1.411107343454622,-0.9341590623772253,-1.2546743812146444,-0.9013615528997222,0.4545333416302804,-1.5791753742487884,-0.3704936436173364,1.335816288604004,-0.8343984225900698,-0.29066115429087425,-0.0535356401590872,-0.35309987466652415,-0.06968578302255317,-0.22337170797130707,-0.20399568815059002
48157,Fort Bend,Texas,2.056349929257006,0.858898982371158,1.782040889890763,-1.6787747046321537,-0.4421549757045918,-1.8930752429964255,0.7866099577577405,-0.26536016493224174,7.063886439648575,0.019759067955094738,1.0902968121073113,-1.3590125786705283,3.132793944957386,0.6235061104117755,-0.32468798530347687,-0.687202464815028,0.34045520000512214,0.5753501503346825,0.6223994937606535,1.1201192097614272,2.5148401328242858,0.957836620784587,0.6030961494859397,0.0830244195778897,1.744302553887536,-0.4525271861167367,-0.7368522876307547,-0.6082952630480432,-0.47403399156314946,-0.397725222485985,0.29567077151913973,-0.18215979840018406,-0.07534228912776364,-0.2819473114714874,-0.08602139992103093,1.484297909854836,0.871018325658841,-1.4876424389898388,-0.08073613485878008,1.661513290091678,1.7408369563975108,1.738539834371145,1.745068243058066,0.2280743504300615,-0.12287696828665003,0.16457939640880903,1.2739404289744976,1.7544761150647894,0.43608060345079674,0.31580885204181836,0.04750660025410388,-2.0340024585481418,-0.8859960529555155,-0.8700227880212664,1.390208094384296,0.12092177040411482,-1.511219727923447,-0.388071493933606
48159,Franklin,Texas,-0.2894990775456008,-0.32060309345084914,-0.46172786406183347,0.5253140182407311,-0.12821002086696112,0.45113237255440164,-0.3812852615125069,-0.14320678711506526,-0.2115303029936737,-0.3525038625869396,0.38046511496742397,-0.01674564391045318,-0.34952468869244957,1.074508753719408,-0.25334538698116177,-0.8741507268474081,-0.13191118713526812,-0.006118137558261801,0.49820981503503176,-0.22988885210864232,-0.3339600274123193,0.136656905238445,-0.6698831620278184,-0.8064367688288937,3.336919398714856,-0.4598612113598387,-0.41377532688077034,-0.5581085043677297,0.9212901932651765,-0.3706512340867491,0.986553791109753,-0.06674007801799016,-0.20668152878302049,-0.16789648506593546,-0.08602139992103093,-0.2840199219489167,0.7158670985251758,-0.5733602396911703,-0.520475567840902,0.9126370263553591,0.9674728235379306,1.131981562063302,1.048003082804023,0.49349107710463574,2.122937786969291,-0.1133423616114495,0.20424594024625503,1.0183974078849938,0.8701069141112282,-0.411466926940271,-0.38192996252919614,-0.8343984225900698,0.6023411937060877,0.2186267424616392,-0.3310530589802843,-0.06327743327762077,1.0852593035890052,1.3186664596861117
48161,Freestone,Texas,-0.26316343623736427,-0.3684356917096778,0.5533744185527042,0.06384247380368376,0.8689253678227546,-0.30511508177506463,0.4085332576037434,-0.07503282653280663,-0.2619554019264061,-0.309760426912809,0.45266133784189977,0.1725484109916089,-0.2204075542008105,1.760817123970153,0.6027657928866248,-0.7201547536440756,-0.2674464591212742,0.17798238713346393,-0.42554770891526905,-0.13080088243477225,-0.10103627102881552,0.06666219402401051,-0.5730172355200577,-0.821309463730644,2.995503155890419,-0.10393726707324699,-0.7250786541096639,-0.5240757421050736,1.6400688531263963,-0.41101953927732315,0.8506690378769968,0.1397369134369414,0.37771976259344014,-0.23633157064088892,-0.08602139992103093,-0.1909553399399904,0.5467374087747945,-0.4491078545983653,-0.07585866328911735,1.095872707907863,1.1793534078830212,1.328703163892873,1.2422671438584285,0.00133644322062589,0.9144655009802052,-0.5154025048807568,-0.9860136347415255,1.2183886037979945,-0.14282931019268474,1.949618524543836,0.9063797258207039,0.1252848061763878,0.007006295041446424,1.0351138903238184,-0.2967663303409029,-0.06626465717897527,0.08407273371186422,0.23358802559675496
48163,Frio,Texas,-0.2614383814408172,2.02865479443333,-0.14674960327302147,-1.7958764894734789,4.131945936334099,0.35677607103747566,-0.41102784707643686,-0.20897584337257516,0.3168517921405183,-0.4436537430011241,5.0356349585862175,2.2719915653599303,-1.054486395884971,2.152993335542008,-0.9667713702043169,0.31512357837742005,-0.4653092766741507,-0.7110304186674358,-0.26990450264765375,-0.26206093296819616,-0.3861538043903024,-0.5178165577388922,-0.7073908482762896,-0.1047738280859865,-0.4010024862225283,-0.23763659069792556,-0.7578166462494633,-0.6346703928981292,-0.49483702926456036,3.202117519948102,-0.4051688356835151,-0.3352673102525984,-0.21572068619869075,-0.4160537291198983,-0.08602139992103093,-0.5418260824811317,-0.2846105018979821,0.5106284149966175,0.10464501739580356,1.5898123712233065,1.7726190440492757,1.8532941021050615,1.7222136476399004,-1.1923719506172843,-1.3968433816632566,-1.628942348681926,-1.3297523913112725,1.7516984595659972,-1.8439626486660876,3.4758733283231504,2.624125976953904,-0.354556808206841,-0.588328603623195,0.4907891250823656,-0.32530741176833555,-0.06714448264353566,-0.8416525602460625,0.5920514368584173
48165,Gaines,Texas,-0.2579648415618616,2.985911734205566,-0.6926086436717764,-2.405931365877208,0.2552837774164841,0.6183701285063528,-0.5304939897253602,-0.1887744563379119,-0.46323503806403643,-0.37212182809759115,2.354110320086964,-0.22324824925815678,0.7858961096202574,4.702138710759061,-1.1094565668489478,-0.700372606737343,-0.6255170180545322,0.12943275146665362,-1.4321710443281237,-0.27147780423613405,-0.3953954971594716,-0.5304030677365876,-0.4427927409269633,1.2115784985344953,-0.8304897711020216,-0.03864158053553651,-0.8312124341597482,-0.6393521505666319,-0.7127453779516705,1.537333975184673,-0.624805219719901,-0.3134518833200426,-0.17329571262286805,-0.3958565506203617,-0.08602139992103093,-0.4788454042099082,0.8171670343389628,-0.5877335931098886,0.37896742221229696,0.6497336571713328,0.7132161223238221,0.9516534270528632,0.568056579022552,-1.4684586964546555,-1.6017766189725946,-1.60856141976044,-0.9808832055389921,0.712855303017908,-1.9420088799951347,-0.6624282872932454,1.335816288604004,-0.1146360010152266,0.007006295041446424,-0.0535356401590872,-0.3390819927064277,-0.06789758958523485,-1.9766535875948965,-1.0000428131595975
48167,Galveston,Texas,0.6811415172639961,0.4543408316984623,1.0469289118191456,-0.9399644209522857,-0.4343292351904852,-0.26536272576687286,0.2301954257942921,-0.2097224587177673,0.7860525084071481,0.02307496836807414,1.1217654801224717,-0.5502107077253546,1.2007046389838802,1.0941175642980008,0.10336760463041615,0.5044470114426239,0.46503603633215224,0.04241916372605134,0.6932986054219399,0.7094992273717037,1.0159523628813032,0.6525851493624988,0.21850965158124097,-0.6856861121354728,-0.5290122084794869,-0.37678453110815197,-0.8158634066609092,-0.5952947505635867,-0.6172397871711636,-0.3767209417286026,-0.37241256900171943,2.7916805020075484,0.5189225921831205,4.292722458939059,-0.08602139992103093,0.7381764982939876,-0.9145139714964599,0.5704145657051074,-0.12289833948081069,1.7172806714337439,1.6984608395284937,1.6565725002754905,1.8821958155670564,0.26008440791845217,0.010224000275084752,0.5814620334391968,4.213676362026215,1.7822526700527048,1.3465991084046227,0.9918680268702393,0.47694316303740386,-0.8343984225900698,0.9000086430384084,0.2186267424616392,0.6739111701402754,0.01548615709425337,-0.7067035021206844,0.07211802052393398
48169,Garza,Texas,-0.30266689819971904,1.0529946175767513,1.9795350797996691,-1.9559468344773074,6.77693221868966,0.2730249836457893,-0.16217231739449736,-0.19547171433436278,-0.3396078228757363,-0.06590282738298085,3.0327937497291635,1.669692299762462,-0.4631285470569699,2.309863820170749,-0.9667713702043169,0.1303206408755812,-1.0948742314544957,-2.3971072259164923,0.649903665432469,-0.290363304387084,-0.45615028972065125,-0.6395597038399791,-0.9477380727629925,-0.38111008126852114,-0.8244375024335014,1.149705940108463,-0.8270180882477873,-0.6201683276155734,-0.7106992314962062,2.9221515538159766,-0.6095001848012287,-0.3434376646492184,1.757858937081041,-0.3850275764644475,-0.08602139992103093,-0.6761345180167321,-0.7482961119505667,1.0194186353992467,-0.07253751470885846,0.7055010385133993,0.7132161223238221,1.345096630712003,0.7051841515315435,-1.432447381780216,-0.6383791322400366,-1.4658949173100408,-0.8295355440642528,0.8322944894659497,-1.5554444392774267,3.537333253307552,1.7652528513873038,-0.1146360010152266,0.007006295041446424,0.762951507703092,-0.36047376717957885,-0.06943589389515328,-1.092907694182175,0.0043006183933488994
48171,Gillespie,Texas,-0.24186823517506584,-1.1314218285455266,-1.976939968807246,2.0269078941189935,-0.5958359777476685,0.708617995381287,-0.6527936458735373,-0.1768873552660086,-0.46231403956483125,-0.12524283728089078,1.0094427463117674,-1.0320501202033303,0.4407600371992253,2.4275166836423057,-1.1094565668489478,-0.10586479267778577,0.474343786608599,0.6126465356445381,0.43919773084533187,-0.2627345863150568,-0.4125427431542634,-0.6005320425682585,-0.4096718559318226,-0.7334713015415107,-0.6408424178285514,-0.4470278256342304,-0.751629378953948,0.43491511371958774,-0.7049056024650132,3.832413792705525,-0.6237417947605357,-0.40543731085777346,-0.19271588170265996,-0.41936388125944846,-0.08602139992103093,-0.49726269966075376,-1.0121659534497092,1.1987335745380465,0.05061305753401374,1.143673320486777,1.1157892325794947,1.148375028882432,1.1737033576039333,-0.8709376233380258,-0.37217719511656666,-1.0286313513581675,-1.4297957607606764,1.1711684603185362,-1.212594878770122,-0.5907250414781099,-0.38192996252919614,-1.3142400369732985,0.6023411937060877,-0.0535356401590872,-0.21643956215300705,-0.06557181934773501,1.8867411482992873,0.6308042380758947
48175,Goliad,Texas,-0.29848166338772286,-0.7297917392986513,-0.6358232486074673,0.9889941564482784,-0.39294558309715155,0.4369247437949933,-0.33561543712715064,-0.19536062613375663,-0.4274604069489808,-0.4720805888098147,1.8723631886184071,-0.18883114836687276,0.07111847992252339,1.0156823219836302,-0.39603058362579246,-1.0360186030541367,-1.5790572758099244,-1.3135373657229825,-1.33779605989763,-0.2831564173381637,-0.4414586953613375,-0.5753280590651337,-0.7537855471119277,-0.7447430274804115,2.6123281219043752,-0.4908647102452903,-0.28460125112183166,-0.5317687808211333,0.3991263703041911,1.261587902915319,-0.39146492930842,-0.27824861633863224,-0.16923772861586725,-0.37272939474075395,-0.08602139992103093,-0.5952870597929438,0.4487457967441994,-0.1792750655001763,-0.10014176983670511,1.6535465213285254,1.7302429271802569,1.8532941021050615,1.8022047316034793,-0.6895472975704774,-1.1179651618196214,-1.310258732818696,-0.9783179909377252,1.7822526700527064,-1.3331230484930907,-0.3756153040327032,0.47694316303740386,-0.8343984225900698,0.007006295041446424,0.2186267424616392,-0.3440041595362079,-0.06902523424102892,-0.06268529635271684,-0.12326068561417954
48177,Gonzales,Texas,-0.2598831962167654,0.9486574207339015,-0.6243637904134979,-0.5630355597756523,0.27373060216322737,0.23406113069165085,-0.16577616724880942,-0.1126755499825779,-0.4410548098539039,-0.1456530369596018,2.9836134725337256,0.2930082641111029,-0.5008820951539403,2.6236047894282333,-0.8954287718820013,0.5342261695779124,0.6505715362011291,0.9220896158027685,0.05011499305189438,-0.23729649789805574,-0.31721389624848556,-0.47671650810136507,-0.4224997831773773,-0.7887006231654331,2.432697701822774,-0.5075042811286522,-0.24819149042326116,-0.5969554001206495,-0.1329157559195538,1.5086910695837688,-0.22050160308851735,-0.3435500589422787,-0.16871364327939903,-0.38076043434749296,-0.08602139992103093,-0.42419017395256664,0.32418399706727574,-0.13204162621040783,0.05683834949162892,1.4703108397760218,1.6137086057904577,1.8532941021050615,1.676504456803569,-0.7402298885937629,-0.6954224044807801,-1.1972372178904576,-1.0373179267668609,1.6572581726070805,-1.2082233907490818,-0.22708715198706525,1.335816288604004,-0.5944776153984553,-0.29066115429087425,0.2186267424616392,-0.3018382208765319,-0.06681595192425208,-0.5849874016949946,-0.2669689901289903
48179,Gray,Texas,-0.2568108999831867,0.626134924385148,0.5378168153756735,-0.8446882128652782,1.6958780271229983,0.3549980559045755,-0.2743545564875083,-0.05254457122847681,-0.32975916037472747,-0.47218112749078167,1.4415978174413955,0.00046290653518882833,-0.21821098412971404,2.3686902519065276,-0.25334538698116177,-0.24084394422500968,-0.2517513925599386,-0.39369185431106346,0.22302674221972682,-0.2395362050568686,-0.37715788916235427,-0.4804388303158608,-0.6435257171028502,-0.09013525859963196,-0.8246749872256859,3.2497719918712598,-0.8099676352605946,-0.6390149379376353,-0.7125935763134736,0.6186888496109393,-0.5829542370324484,0.003748791013295844,-0.08099082583560166,-0.4104964438220175,-0.08602139992103093,-0.5041385043731499,-0.4619023551932224,0.6667242990291442,-0.04794165425909397,0.2912290628294783,0.2364848075473684,0.7713252920424222,0.2023830523319068,-1.421777362617419,-0.7757055283751597,-0.7358870995768285,-0.2574926879817635,0.34342712167861394,-1.2057253975942013,-0.3500070019558691,0.9063797258207039,-0.1146360010152266,0.007006295041446424,0.762951507703092,-0.30099602503113226,-0.0659629731729905,-0.5664330496782155,-0.11034308520835356
48181,Grayson,Texas,0.07802545769090669,0.3489523158041425,0.03232001832588173,-0.3375789479509372,-0.5183584116906519,0.24319482617762353,-0.22124146714685794,0.009672671411519437,0.030948909203775937,-0.13190642205431868,0.319600025735783,-0.49858505638843054,0.11786423674804503,1.9569052297560805,-0.6100583785927393,0.4945899036969847,0.34169408244180177,0.08466337323558598,0.39186630662159144,-0.03032143950537765,-0.0711292379236321,-0.045756405724899224,0.15999819845844784,-0.3410648275756622,0.42685015681497857,1.82313087496367,0.08161162863876581,-0.4670608579962374,-0.6729746574323997,-0.3667988094295966,-0.5901211789537758,-0.3603683059665182,-0.21363820456040977,-0.009144487046915105,-0.08602139992103093,0.00010495259370670242,-0.14267790627402424,0.13866913502496706,-0.010939889022981222,0.729401344802856,0.8933146190171494,1.2303423629780863,0.9794392965495278,-0.1520450822445805,1.2567251344246662,-0.45425971811629995,0.701897572892008,0.9350677429212425,0.3180504268827086,-0.047829037449226335,0.04750660025410388,-0.354556808206841,0.6023411937060877,0.762951507703092,0.1556238468813287,-0.041783023308922904,-0.5110100491231571,-0.444585995709093
48183,Gregg,Texas,0.042098043108151205,1.0608129335501928,-0.2346031550004398,-0.8604699133371271,-0.6444911470969947,-0.6369175576046351,0.7743386953046806,-0.1876439331461133,-0.04811785539032466,0.04163952712539894,0.6789156904932938,0.34463391544802896,-0.17743715218498593,2.0745580932276346,-0.1106601903365306,1.5386233149554682,0.7916209563596958,-0.020717079588509123,0.6570167391173231,1.0274726447748659,1.9013837032561096,3.0836442603535557,0.36199371918135237,-0.8217880065940529,0.551211306266381,-0.3984698579570504,-0.5574117202221793,0.14816918115622849,0.6212379261237109,-0.2575046036305299,1.0237410766527257,-5.2865031495303e-05,0.03663303430203686,-0.2541084475080999,-0.08602139992103093,1.9462989604248415,-0.5597386533833388,-0.2960915990355166,-0.5345792795247815,1.0480720953289488,1.1051952033622392,1.2139488961589564,1.1051395713494363,0.5255011345930266,1.9475825426736721,-0.4839047056384609,-0.008666871658886792,1.1295036278366595,0.6565284993689727,1.5808589746374246,0.9063797258207039,-0.1146360010152266,-0.29066115429087425,1.0351138903238184,0.07924604143519567,0.023124988890195975,-0.5976740341795758,-0.37353919347705217
48185,Grimes,Texas,-0.23632697256883992,0.06074026195241739,0.5224021951287093,-0.3161243084036943,1.9744676559753767,-0.22227921937740303,0.3843635380428321,-0.15929326107986955,-0.46255435757141466,0.008607008427990137,1.072209914332625,0.2413826127741769,-0.279440374861528,2.1137757143848224,0.03202500630810057,-0.6004035832624977,-0.01635543612308619,-0.02494848197524524,0.592541446846645,-0.2245533265391293,-0.33093995533539794,-0.1277646363781419,-0.5004664105997516,-0.7971325289532479,3.8427324809033454,-0.39557339174508505,-0.7989918611522479,0.28716548629636607,0.8302657775616868,-0.32747102511068715,0.051708445976102975,-0.28724948645949994,-0.1962279436320904,-0.3164769021032803,-0.08602139992103093,-0.32681898252463026,0.9539010145782267,-0.7863040333890758,-0.14302628704233475,1.3109754645129752,1.4547981675316397,1.5090312989033117,1.4136766094946682,0.5068286010581321,0.1538885377702907,-0.4690822118773804,-0.20105796675389445,1.4378233882025369,0.07574509085933102,1.0738145935161085,1.335816288604004,0.1252848061763878,0.3046737443737671,0.4907891250823656,-0.26856212725163003,-0.06335294559421616,-0.4035512193232909,-0.14748118637510246
48187,Guadalupe,Texas,0.16774880861148336,0.5761921783376087,1.442625871874016,-1.2492877525172992,-0.2589097581531089,0.08281694042048873,-0.038503222504572866,-0.16644202084980708,0.3845411981429993,0.9454191117312044,2.0647131591352488,-1.2213441751053924,1.5842120448343786,0.7999854056191101,-0.6814009769150549,-0.6281779654151708,-0.2001455108571737,0.12724263304779093,-0.19582864688644275,0.020565818318843698,0.09868310773870094,-0.09412660707016195,0.5875502206744236,-0.1895979238006548,1.0133890259714733,-0.3624895664554623,-0.12083546969146629,-0.5868646855627465,-0.509253234536155,1.157065518152832,-0.4035463578483907,-0.38258660204947254,-0.10309371216855329,-0.3742994587695798,-0.08602139992103093,0.1615936043271794,0.27186017686688146,-0.33407342382595173,-0.20772166566405878,1.4065766896708034,1.5077683136179125,1.7221463675520126,1.6307952659672393,-0.652202230500688,-0.8285233730425149,-1.1286831842454605,-1.0398831413681278,1.5739285076433285,-1.1838679574889999,-0.29879039780220085,0.47694316303740386,-1.3142400369732985,0.3046737443737671,-0.59786040540054,0.12313380271213317,-0.022054737924556134,-0.5439062578826626,0.4531872324957914
48189,Hale,Texas,-0.22307128834274131,1.6578461041171788,-0.36633835446884716,-1.3448985642394116,0.9373046219367817,0.32851914289133194,-0.28087966913223034,-0.09229844026372641,-0.35899419359061197,0.04992406173772751,3.637957239482273,0.5855536216870165,-0.44857627033595576,2.407907873063713,0.388737997919678,1.1514181355612196,-0.4586569296892275,-1.0956951271097914,-0.360886088904689,-0.2279192968599132,-0.3521825909583345,-0.48409574366172203,-0.19544809211505385,1.7517788514177155,-0.8143022063013735,1.1702748238483327,-0.8311965937132224,-0.6393997489025706,-0.7127453779516705,-0.44722498318390774,-0.6267714626667036,-0.15421400050733464,-0.22535237305200068,-0.3968966844579321,-0.08602139992103093,-0.3734197377823015,1.3563866754035478,-1.1574899385286581,0.008220010746090637,0.4107305942767631,0.363613158154423,0.7549318252232922,0.2138103500409896,-1.4497861629197608,-1.0693727447256545,-1.243557510893834,-1.027057068361794,0.41842382014598983,-1.6641071415147144,-0.24245213323316572,1.335816288604004,-0.8343984225900698,-0.29066115429087425,0.2186267424616392,-0.2737275951034146,-0.0639341680630475,-1.362843937061966,-1.0646308151887258
48191,Hall,Texas,-0.31222938361691127,-0.24041946992363494,-1.1845727016303882,0.8114318416492706,-0.5092454733019348,0.1522207271109766,-0.04929077649668687,-0.0911443788231503,-0.45180326994968106,-0.5680939889270769,1.8213247282345466,1.876194905110166,-1.3578876369551702,3.6040453183578687,0.17471020295273174,0.7885138711456278,0.1303293363911488,0.2548031426672914,-0.38988872729178786,-0.28732651150884975,-0.46197679964991634,-0.6555082225913211,-0.8134794805939091,0.13122336373971247,-0.8311527152463096,0.2390133318246667,-0.8233494175230355,-0.595409743621465,-0.5930510389605976,2.865607879295353,-0.5466689847195539,-0.34235908993696124,1.131257872557206,-0.42058562810826045,-0.08602139992103093,-0.6461666277557183,-0.24687809597347368,0.518991423143913,-0.06680369316894973,0.5142985881977431,0.5860877717167683,1.328703163892873,0.5794838767316348,-1.4631236868732573,-0.7799309559485484,-1.2139125233716732,-1.0450135705706614,0.6989670255239503,-1.5791753742487884,0.18524292135813036,1.7652528513873038,0.1252848061763878,-0.588328603623195,1.579438655565271,-0.361577979510214,-0.07020386736825936,-0.003055363299163594,-0.5931384003760887
48193,Hamilton,Texas,-0.2961298484443828,-0.5689994609200859,-1.0534936998068234,1.0488665753344408,-0.017921410060952624,0.6116174008859917,-0.6145470676611853,-0.053543724674391516,-0.26604747882972585,-0.3172133166218274,0.26169006315741594,-0.03395419435609518,-0.2208194110891411,2.5451695471138622,-0.6814009769150549,-1.2754368915237893,-0.5142252104448436,0.35301282081371527,-1.3062915374396777,-0.2808950257954288,-0.4168360168389316,-0.5431216265569032,-0.6147736623412896,-0.590835713741755,-0.7424096311075502,2.3549320743148714,-0.6225104720705207,0.1507917264941103,-0.7026246758083086,1.3472308914348525,-0.5708782397225857,-0.4031221090045865,-0.19449983090021272,-0.4093512125973792,-0.08602139992103093,-0.5384777849767683,-0.917680942823269,1.1246671767723844,-0.11717941098386266,0.9763711764605781,1.031036998841458,1.3778835643502652,1.1737033576039333,-0.9643002910124991,-0.2348507989814432,-0.9248738950306042,-1.3194915329062054,1.129503627836661,-1.1538920396304377,-0.3500070019558691,0.04750660025410388,0.1252848061763878,0.3046737443737671,1.0351138903238184,-0.3335609310532522,-0.06877336148748524,-0.9420156616851036,-1.6136288324363173
48195,Hansford,Texas,-0.3050977903578414,1.6730165709512856,-0.9144866659496182,-1.0858873213199942,0.17641019055181748,0.6580279383464062,-0.6109692527438154,-0.07158192438209142,-0.4999695127011201,-0.541568720312858,2.8377741934219847,-0.4813765059427885,0.20462875455635537,3.4863924548863126,-1.1094565668489478,0.15126907317144564,1.7966493296319228,3.12609442720044,-0.020703766171616983,-0.28921399021177585,-0.4469796995729706,-0.5554060651104659,-0.9032055817354689,1.15775658787131,-0.8034172013818145,0.7328742396835237,-0.8315503616676112,-0.6393997489025706,-0.7127453779516705,1.041472788948836,-0.6247770691673785,-0.2857768137528168,-0.22926040296735742,-0.3941119781859516,-0.08602139992103093,-0.6320593873662208,0.7764225374015673,-0.481973428089466,-0.0547552214136609,0.14782722509273669,0.13054451537482312,0.6893579579467677,0.11096467065924588,-1.2844008658964081,-0.5137290188250785,-0.7488567816177739,-1.4092740439505425,0.22954324622815514,-1.348735505711092,0.18524292135813036,1.7652528513873038,-0.1146360010152266,-0.588328603623195,0.4907891250823656,-0.3590701074372461,-0.06966232750317529,-1.8765046012014324,-2.020533245219826
48197,Hardeman,Texas,-0.30939139024194673,-0.5137542545095573,-0.2998331890879351,0.6226340465350901,0.20381080941872048,0.3744815995904482,-0.25641895577405704,-0.08584933530040595,-0.3231180559601283,-0.4307731652870917,1.0370144590368866,0.8092647774803626,-1.0752851687456657,2.917736948107124,-0.6814009769150549,0.4419771850999414,-0.6505203012833468,-0.904531733534314,-0.5178415437054555,-0.277842087990084,-0.42496199426966746,-0.5869351355048815,-0.6878362230820104,0.5126693371306782,-0.8265305995273498,-0.4951754360822107,-0.8263037163092006,-0.4853368272259187,-0.5625279343488261,2.8610899525491207,-0.5780110105889372,-0.3844898884509352,-0.046213449941905564,-0.4001309167484373,-0.08602139992103093,-0.5752483327125484,0.13079475336083965,0.12119221598950237,-0.2210658321569374,0.5700659695398096,0.7132161223238221,1.4598508984459195,0.7737479377860395,-1.3217459329661974,0.00811128648839059,-1.247263134334104,-0.9834484201402588,0.8211838674707838,-1.2762937042195666,0.18524292135813036,0.47694316303740386,-0.1146360010152266,0.007006295041446424,1.0351138903238184,-0.3583963507609264,-0.06970903044529195,-0.24160937542724123,-0.5931384003760887
48199,Hardin,Texas,-0.15220638875487538,0.2889446075355578,0.4750443793365355,-0.5027795271231086,-0.3946162135373086,0.4159481165041872,-0.30280226916978603,-0.24503848244577434,-0.32340879021779256,-0.4905565981418161,-0.27292328847594227,-0.41254230416021886,0.47322808856261994,0.8588118373548884,0.4600805962419936,-1.1856237613664178,-0.7959541432800658,-0.5804736855432219,-0.14009180957065315,-0.21310372325195726,-0.28806628705327997,-0.21895446018358594,0.10025506195918914,-0.8153389135365735,-0.4310229550320696,-0.19280885983471663,-0.8269674684512242,1.4780567549594719,0.9668183780879261,-0.15575472517395852,2.967113667475849,0.11029881398361346,-0.2133618190745853,-0.3832592355221907,-0.08602139992103093,-0.1793014860938682,-0.997834772645827,1.0475261939593585,-0.07165882517417117,1.4384437647234125,1.4547981675316397,1.2959162302546108,1.436531204912834,0.8829467765467248,1.0222139041016094,1.3652013910563259,4.595893337614964,1.4517116656964952,2.29458751068165,-0.3295203602944018,-0.38192996252919614,0.1252848061763878,0.6023411937060877,0.762951507703092,-0.1645977290028506,-0.05746264766511625,0.9967056314443947,1.9257936787599184
48201,Harris,Texas,13.483408708943836,1.352730933109983,1.3086801057679798,-1.8979905205840741,-0.18595162921199881,-0.9644593065104241,0.6898611258558079,-0.19101577739655343,2.152201385450727,0.13165579088782856,2.439664253357524,0.08650565876339886,0.40609541576473424,2.4275166836423057,-0.039317592014215016,2.0995496354997107,1.7589779730899249,0.7622800872912526,1.2784796753614898,5.726584203807351,6.804614027563437,3.1369074152284853,1.424144787549353,-0.7842960178697659,0.3067540868918492,-0.43003073273504383,-0.8049299329563823,-0.38356697350873387,-0.40453617472006287,-0.42184438316150974,-0.05097708670079324,0.07704967815209127,0.21181787566033822,-0.1408910766259529,-0.08602139992103093,4.713678206688943,-0.6334362600166871,-1.4192098225442915,0.583851014224051,1.613712677512764,1.656084722659475,1.6401790334563582,1.6993590522217346,0.4214684477557563,0.0038858589150022682,0.27945372305718275,2.0512004531583283,1.6878123830937881,0.7920446280212226,2.103268337004841,0.9063797258207039,-1.3142400369732985,0.3046737443737671,0.2186267424616392,9.838705075242535,0.4837590549558234,-1.2277859485188651,0.31916712828535027
48203,Harrison,Texas,-0.12599082766167863,0.5215224139589867,-0.03301613143328104,-0.46402588546034557,-0.4718270264132738,-0.6227091557597138,0.7725943810428122,-0.15044027047450256,-0.33089512069911814,-0.055127489459703805,0.27791128126473635,0.5683450712413746,-0.0378176670409169,1.603946639341412,0.03202500630810057,-0.08635666209718104,0.10350958749668815,0.06982171566960511,0.29555153458933753,-0.030242438454981754,-0.02588111758809079,0.1617280095759146,-0.3164756872297118,-0.8221988482510404,0.5878478133555073,-0.24790748985489933,-0.5851936130372561,1.2584535906449015,1.3689020574524375,-0.07781177087598694,0.8464116137519188,-0.2096923225954476,0.22902985586116947,-0.2658241243235811,-0.08602139992103093,-0.044681215628379706,-0.5435657164310845,0.5477563148832556,-0.05803169086503733,1.0719724016184056,1.136977291014004,1.1647684957015643,1.0937122736403544,0.6988889459884774,2.0025131011277213,-0.16522108977523098,0.24785458846779007,1.135058938834244,0.9238137669411516,-0.037585716618492686,0.47694316303740386,0.1252848061763878,-0.29066115429087425,0.762951507703092,-0.12870147052559427,-0.05568616560527134,-0.18372232926005724,0.1770735238212674
48205,Hartley,Texas,-0.3045793952831575,-0.35887897563975946,2.930320932681663,-1.1287231145083962,4.5818197674239896,0.30737388416909317,-0.2105790377569968,-0.23565211811461476,-0.32391917140406706,-0.5510041745974417,1.3028480603265846,-1.0148415697576887,1.1720119424301827,2.1726021461205987,-1.6088547551051564,1.0871724606723754,-1.3115475557192369,-0.1821215636507989,-2.7304016451305997,-0.28606499526615425,-0.4618943788031066,-0.6505042349690501,-0.8598537474918978,0.4542284784127552,-0.820574476060182,1.015705942532294,-0.8315503616676112,-0.6393997489025706,-0.7127453779516705,1.947881137061464,-0.6237946669706391,-0.3773466610466842,-0.1960137201797988,-0.42462052646480025,-0.08602139992103093,-0.6567855431631907,0.07594745194486593,0.2097182040190979,0.3495015367143503,0.11596015004012696,-0.017771893666740122,0.4270624888406746,-0.04901749726791112,-1.4017710766871747,-1.6609326050000324,-1.0693932092011387,-1.2630568116783365,0.09621578228615407,-1.8152357273849653,0.18524292135813036,0.04750660025410388,-0.8343984225900698,0.9000086430384084,-0.3256980227798136,-0.36412328250964404,-0.0700924875260348,-2.8223675723768418,-3.583562894324733
48207,Haskell,Texas,-0.30433923485307796,-0.7737254688966527,0.23465838890170754,0.5959542847416606,1.33931820499799,0.41599103425441497,-0.3172176822662795,-0.14911089918286569,-0.19929944029412877,-0.058810767037234556,1.3537924347949615,1.0673930341649922,-1.1744053932038938,2.9569545692643073,-0.46737318194810806,-0.4836303262087949,-0.9279475504249712,-0.3260416008777197,-1.54999426277571,-0.2781962801983395,-0.436429295511373,-0.5973364073399988,-0.4972652721517437,1.3219009763102392,-0.8161842480857983,0.5607390753204288,-0.8152644947318809,-0.6258875913081191,-0.6583574647711457,0.7973964434311669,-0.6101240551021226,-0.39760937373580263,-0.2511603338971862,-0.3326709407045406,-0.08602139992103093,-0.5304414162208965,0.9322663849334574,-0.6773598963636459,-0.0620081333355715,0.7373681135660084,0.8509385021481315,1.4762443652650494,0.9223028080041145,-1.1496918739660964,0.09050712416946476,-1.2824665570166702,-0.9449702011212572,0.954511331412784,-1.173875984869479,1.0225979893624404,1.7652528513873038,0.6051264205596165,-0.29066115429087425,1.3072762729445448,-0.35107860463756496,-0.06958968153818305,-1.160295349078356,-1.6136288324363173
48209,Hays,Texas,0.35326981206221,1.8190617791060029,0.3190543875032003,-1.834761083840696,-0.17740399477042848,0.3667423021741088,-0.3505947290912457,-0.13076819396824624,0.1921888127491484,0.20868239003629607,2.178013234023704,-0.5674192581709984,1.1784643670140287,0.9568558902478499,-0.8240861735596857,1.1511126534612905,1.635305974432333,0.6772428208339951,1.7986587416118838,0.1035935892107978,0.21321908920508967,0.03835010916429129,0.3470807276677326,-0.6922139957378998,-0.7442793718888194,0.2942668226385298,-0.5854826399150996,1.9687442539926205,-0.6880558128919259,1.221733045937469,-0.5856448772346575,-0.39982547738107443,-0.009932779676567484,-0.3908120218504167,-0.08602139992103093,0.1935156846911894,-1.0183466083703772,0.9065108035193931,-0.23363556041585432,1.2870751582235185,1.3700459337936024,1.541818232541574,1.4822403957491637,-0.47214565712848916,-0.12921510964673288,-1.1824147241293772,-1.1347960816149982,1.4294904217061615,-0.9340686420009819,0.03411752919664288,0.04750660025410388,-1.7940816513565272,1.197676092370729,-0.3256980227798136,0.1798978026920698,-6.600804435746778e-05,-1.5055453364262295,-0.6932498035212378
48211,Hemphill,Texas,-0.30972527181547194,1.161955774907049,-0.15053475901372998,-0.995518394073936,-0.0739281701540103,0.6189205962867864,-0.6285992021753022,-0.12480821074774716,-0.17476635761602635,0.0016263919655826202,1.7568154674910652,-0.9287988175294786,1.0692536487917013,2.2510373884349715,-0.9667713702043169,0.05581135039798427,-1.20565645159618,-0.6878889206481074,-1.8690232850337878,-0.2686330190088066,-0.30239675772147245,-0.4751805633911291,-1.0264547258615833,-0.6985390388177791,-0.8329771388693309,3.9613183335613056,-0.8276000744860406,-0.6392430129813644,-0.7088810179523115,0.9510734247140316,-0.4497381194156975,0.06270609642902555,-0.10316472495087062,-0.4171629492869778,-0.08602139992103093,-0.5902879196680555,-1.0647087969339444,1.289978871652067,-0.06035500556692246,0.16376076261904102,0.2152967491128598,0.8041122256806844,0.23666494545915523,-1.361758504826686,-0.11231339935317922,-1.015661669317222,-0.8603181192794538,0.3073176001943225,-1.2225868513896425,0.18524292135813036,0.04750660025410388,-1.0743192297816841,0.6023411937060877,-0.3256980227798136,-0.3650403402079681,-0.07001438879455851,-2.2899264794662884,-2.634119264496546
48213,Henderson,Texas,-0.0785913593640252,-0.40466589966032335,-0.488898515781508,0.6162909159974573,-0.48804900677920077,0.3428442244862894,-0.23057980151601182,-0.13530810989070835,-0.38085776893321677,-0.18902569264695784,0.27204612694452457,0.5167194199044486,-0.39990851469822475,2.2314285778563767,-0.32468798530347687,-0.4444811204800892,0.1143538412751436,0.15528663892033134,0.49231447807313783,-0.16419967282603934,-0.2023645250199348,0.21050955988065906,-0.19821849614736345,-0.7877509378377412,2.7798142532121295,-0.31394470667796337,-0.7128547098475296,-0.42613614398367494,1.4510181892144054,-0.41469889583444,0.7033695359815649,-0.031275399567776016,-0.21601290512787646,0.28260577637186135,-0.08602139992103093,-0.07683376068459633,0.4821840401899642,-0.4356177553790254,-0.0337113517100476,1.0480720953289488,1.1263832617967486,1.3614900975311353,1.1965579530220973,0.27475568426729813,1.5440542094150789,-0.6302768315291302,-0.9629267033301246,1.1822790823137008,0.13819491973133596,-0.022220735372392206,0.47694316303740386,0.36520561336800217,0.007006295041446424,1.0351138903238184,0.01048542952412176,-0.05263989906800981,0.37039929373918307,0.03820931945864144
48215,Hidalgo,Texas,2.2233463629485475,2.6565961079605196,-0.8383922905331549,-2.029936437049836,-0.4547859693097864,0.7062686839629492,-0.6501265097971654,-0.3173245379674386,-0.26937254314851633,-0.4970499670545108,5.9431254602519505,2.134323161794794,-0.9655253080055644,4.192309635715651,1.6729047677213575,0.44039120274383303,2.2122877617408854,2.3814090388312863,1.7024329133067067,0.43566502298057064,0.9243709878891785,0.84068941345205,0.33143636936532794,0.37121617345046465,0.4811802427848645,0.17089179244680236,-0.7908476734270263,-0.6164491825031617,-0.6096445675705967,0.6391499513548357,-0.5396866954637682,-0.30029441523120204,0.3479111707944518,-0.3458230204734261,-0.08602139992103093,0.7486032783603663,0.5832356305556495,-0.8902305266738828,0.4389044736080448,2.083752034538751,2.2175682711739646,2.2959177062215934,2.213587449130454,-1.3430859712917913,-1.4940282158511902,-0.7636792753788544,-0.6422748781717785,2.235010516355749,-1.4842516343633414,0.22874062498058229,3.0535625397372037,-1.0743192297816841,-1.1836635022878363,1.3072762729445448,1.5953857177868827,0.0439061050779974,-0.48629499817592564,1.8757379771873446
48217,Hill,Texas,-0.21357323621166804,-0.00896178402245911,-0.4221384821829747,0.21848870695240902,-0.16447243588950586,0.3182071851652836,-0.1968576814049804,-0.18261258083252366,-0.3594550550699182,0.1135952424792798,0.822920229306144,-0.2404567997037988,-0.17242622671029711,2.1137757143848224,-0.46737318194810806,-0.11722526069401948,0.26021909897874906,0.37287464844495344,0.2599249448455075,-0.22417628111243112,-0.2539197969446718,-0.3182236479716111,-0.06721457265587366,0.19717464662957113,0.07375014231133105,2.1764987591575826,-0.5214362315477205,-0.4240436454671976,-0.6997216983171677,-0.4401387213633002,-0.36337158707067835,-0.33640959586094704,-0.16371923071611413,-0.15691414450225022,-0.08602139992103093,-0.2511377219225315,0.2275139921214695,-0.1127694556904801,-0.005950719631112499,1.0480720953289488,1.1157892325794947,1.4106704979885274,1.2422671438584285,-0.35077418915167397,0.7031941223107846,-0.8414973676245266,-0.7936225396465179,1.1989450153064516,-0.4332210144475056,-0.28854707697146714,0.47694316303740386,-0.354556808206841,0.3046737443737671,0.4907891250823656,-0.21413756017558133,-0.06311160455508347,-0.14167532099426042,-0.3719244934263237
48219,Hockley,Texas,-0.2534867281765977,1.3844772380988777,-0.4660210815965774,-1.0434053709557836,-0.08842589303542651,0.48386352090795115,-0.4077999658241725,-0.15820164170871615,-0.4264719888756227,-0.3856905344561814,2.7971774156120492,0.1725484109916089,-0.3138990678518538,2.015731661491859,-0.6814009769150549,0.13107004284166257,0.052201512532240424,0.056120088119295336,0.034990688570158836,-0.25710872970530646,-0.3958120887218253,-0.49129562498858437,-0.11469883667413569,1.4284991633340012,-0.7452359816498071,0.1446379761072041,-0.8314944795069783,-0.6393997489025706,-0.7125901247954578,0.9265520144544247,-0.6245140155988925,-0.2842506140173094,-0.2354445203885601,-0.4199607053126428,-0.08602139992103093,-0.3731388020421871,1.069328683764488,-0.8785274405666856,-0.06332616763760247,0.49836505067143877,0.480147479544223,0.7877187588615544,0.3052287317136505,-1.4017710766871747,-1.390505240303174,-1.4177218125865294,-0.9449702011212572,0.5073087961073242,-1.7752678369068824,-0.38073696444807004,1.335816288604004,-0.5944776153984553,-0.29066115429087425,0.2186267424616392,-0.30324188061886465,-0.06558963901965136,-0.2578456213853114,0.6970069401557514
48221,Hood,Texas,-0.1403711656091254,-0.7856969342747991,-0.8362459801596237,1.140312575301413,-0.5922068886964683,0.6662888895209222,-0.6120836216341055,-0.16774135847803592,-0.28882866080586567,-0.2530458704491316,0.2184362916173862,-0.9115902670838365,1.2913131544166094,1.1725528066123716,-0.39603058362579246,-0.7072587348441943,-0.08185913150015121,-0.4292797428582213,1.277257455890878,-0.09089933047639392,0.09400319600473311,0.09746059581792793,0.25587925569582465,-0.7919406252437192,-0.5820867631812867,3.6694343551342077,-0.5289017430807027,0.13918839535814082,-0.6765808344648091,-0.3919572913412271,-0.5300050106930364,-0.3868958016190077,0.01902659427890201,-0.1122977504179069,-0.08602139992103093,0.11234434476056925,-1.0431502975995945,0.9656698046853639,-0.41462326499700136,1.0002714827500347,1.0734131157104758,1.4106704979885274,1.1737033576039333,-0.894945166454319,0.9060146458334286,-0.424614730594139,-0.8911006944946551,1.1545025273257856,-0.5112833005375113,-0.31927703946366814,-0.38192996252919614,-0.8343984225900698,0.9000086430384084,0.2186267424616392,-0.06447000071644739,-0.04137273999887329,0.05969007800330113,-0.5624590994122525
48223,Hopkins,Texas,-0.2122992144179533,0.3584688921103564,-0.1196567810095072,-0.2706592662856119,-0.36599856386522606,0.2673249134816262,-0.15049523586924302,-0.16017422376936424,-0.34065867662900007,-0.09231501005757385,0.5508338163297316,0.03488000742647284,-0.3699802474795354,2.2902550095921566,-0.6100583785927393,0.24649042169555058,0.03613947947074478,0.03503513356060732,-0.04868121685534046,-0.19610911289261537,-0.3063237353136092,0.10285861687851494,-0.6345339881887785,-0.8006649690437093,4.4667018630903135,-0.4762939974476364,-0.3939738150360729,-0.627852344573243,-0.05472349867321312,-0.4277805839406717,0.5200692569683457,-0.20717328348315514,-0.19738174079631385,-0.21269173325748983,-0.08602139992103093,-0.2706231094621352,1.2327595370985176,-1.0816777305158471,-0.1495941189880484,0.9046702575922073,0.9992549111896947,1.1975554293398263,1.0937122736403544,0.33210703726733176,2.135614069689456,0.3294796395008292,0.1118982146006515,1.046173962872909,0.9250627635185923,-0.10928896243362825,0.47694316303740386,-0.1146360010152266,0.3046737443737671,0.762951507703092,-0.22914736168692626,-0.061104268980101774,-0.5765281759674091,-0.5834502000717195
48225,Houston,Texas,-0.2536419538204296,-0.9322783942037961,0.6666251700521744,0.5268989694743271,1.5756042563310877,-0.844582167311095,1.0326557108561816,-0.2493643736737556,-0.33139584199808253,-0.5243887003641732,0.13060412877820413,1.1018101350562763,-0.8320150333717323,1.9372964191774877,-0.6100583785927393,0.20570421093778904,1.1769225622756405,0.6452464972494155,1.7721527129560959,-0.2506987602222608,-0.3952716074986981,-0.3033677286900305,-0.5890651266457791,-0.7910419991939971,2.3676819316309516,-0.3167895092732445,-0.7945915321220397,1.4655314916454831,0.7296791076965911,-0.2770418527887968,0.24706667733552437,-0.28097276137139887,-0.2402436333650478,-0.36560601268353365,-0.08602139992103093,-0.4361730436460997,0.29245997172731847,-0.09602546613910654,0.18080803909734525,1.143673320486777,1.2217295247520399,1.2795227634354809,1.1851306553130152,0.6655451361047369,0.8341823770858249,-0.34123820318806125,-0.3780577742413013,1.2239439147955775,0.3511488361848711,2.7076242660181262,1.335816288604004,0.845047227751231,-0.29066115429087425,1.3072762729445448,-0.27511253938251623,-0.06700390915770837,0.17392354044609673,0.020447618900631227
48227,Howard,Texas,-0.21352930442567788,0.5352641862137325,1.9553052016463717,-1.4669049094993314,3.2125193920861523,0.2187892199373415,-0.1865574811904426,-0.08307668737418339,-0.11808853873993864,0.12414832599041055,2.414923537418198,0.43067666767623897,0.3699892952210861,1.4274673441340773,-0.6100583785927393,0.7676598544021626,0.03291668479481287,-0.4155433953885866,0.132613113102407,-0.22076977706649892,-0.24666716287260732,-0.28100655150236475,-0.2136388382070418,0.3168678476756862,-0.8223355453921982,0.12172000939647383,-0.7990331947189521,-0.6348907802393197,-0.7065042745653539,2.5242721016430356,-0.5502474098464997,-0.3675397109662793,0.11913769501323739,-0.3783471573106959,-0.08602139992103093,-0.27531977586976997,-0.060098177659694274,0.1772933025588841,-0.06668454882526333,0.8329693387238359,0.914502677451658,1.4270639648076573,0.8765936171677833,-1.4084398386639227,-0.47992559823797115,-1.6104142314805752,-1.0578396435769952,0.9850655418994924,-1.6016573126427098,1.9342535432977355,1.335816288604004,-0.354556808206841,0.007006295041446424,0.762951507703092,-0.27791985886718173,-0.06240648418349608,-1.449537123548374,-0.872481509152069
48229,Hudspeth,Texas,-0.306600257438705,0.46119750801530923,1.2441582220297505,-1.0445050094954131,1.3781827228700638,0.3730491043088165,-0.3763903207508653,0.007135877131428873,-0.02897397969262924,-0.01768167806381087,4.825541818657101,2.3236172166968583,-1.1266299941575457,3.957003908772538,0.24605280127504683,-0.04106797111506998,0.7443901152413924,2.226403628216741,-1.2599678789047288,-0.2890824293773293,-0.4668485813979345,-0.6857822301244496,-1.2020657743888365,-0.7605971401537465,-0.8335895558338343,1.4429320002963961,-0.8315281470321031,-0.622737752810137,-0.7127453779516705,3.4578893503334993,-0.6019476438743856,-0.3994330687649053,0.5565140630415946,-0.42482051428029244,-0.08602139992103093,-0.7642471234699171,-1.1260898920992266,1.4247587629702398,2.6642378458540494,0.8090690324343792,0.8827205897998948,1.0664076947867775,0.7508933423678746,-1.4791287156174526,-2.4003824303430044,-1.7049076292074634,-1.091187433393463,0.8767369774466174,-2.242392556869476,0.18524292135813036,3.482999102520504,0.1252848061763878,-0.8859960529555155,1.0351138903238184,-0.3632249402745511,-0.07066620797809316,-2.0014975346325437,-1.9688628435965234
48231,Hunt,Texas,-0.03214960400095732,0.6851861469542663,0.25969352089634534,-0.7605806681556114,-0.37086342004107187,0.1426239344436814,-0.10237671479727009,-0.07667591434068861,-0.040140101617212716,0.3005798911775383,0.5646362984765309,0.052088557872114846,0.1229438050374556,1.5451202076056314,-0.25334538698116177,0.33693214025220364,1.0233557858311493,0.8320136924530692,1.0793700530517019,-0.10589417347306244,-0.06885105814803658,0.000869623405248694,0.010578120569029497,-0.4704522067370073,1.6014059900232425,1.360407873075944,-0.11511736677280522,-0.6127990807256285,-0.458565232760725,-0.3926149248458869,-0.4188374430684657,-0.33645849575154685,-0.22695859550333997,-0.041206721397030424,-0.08602139992103093,-0.03974642164795479,0.2613926334855162,-0.2369715522073566,-0.08324561259767523,0.8728031825395975,0.9992549111896947,1.3123096970737407,1.11656686905852,0.02934524352296803,1.4616583717340046,-0.10778392645104412,-0.2190144689627619,1.0600622403668674,0.35614482249463136,-0.10928896243362825,0.47694316303740386,-0.1146360010152266,0.3046737443737671,0.762951507703092,-0.033926364723286626,-0.047501827001856706,-0.3343467808866596,0.21582632503874474
48233,Hutchinson,Texas,-0.259587388857765,0.5964063838274557,-0.07128556187763889,-0.513956187154866,0.2258348299663752,0.4826856661227715,-0.45596218720039106,0.05682892782830146,-0.32022727234664355,-0.30228900963454847,1.0266734348629318,-0.5330021572797127,0.15197971566476198,1.6431642604985952,0.3173953995973624,-1.0734198926322076,-0.9892068668597968,-0.5622162399218973,-0.971535046593479,-0.20888546497802443,-0.3380293864995847,-0.43062814745755507,-0.8906539169686565,-0.11433226120137482,-0.83324028235011,1.2248329988522295,-0.8304159009946966,-0.6393198524174336,-0.7124301993721834,2.4407075597900043,-0.5158812762079484,-0.2573193588990631,-0.21407454591163644,-0.35608335236724775,-0.08602139992103093,-0.5361187170453352,-0.48960300544976393,0.707462359879441,-0.07335663207170268,0.2991958315926307,0.2788609244163863,0.9352599602337309,0.2709468385864029,-1.4257786198034677,-0.4926018809581361,-1.0230729161977623,-0.6576661657793791,0.40175788715323907,-1.3181350895638095,-0.4165885873556378,0.47694316303740386,-0.354556808206841,0.3046737443737671,0.762951507703092,-0.30101474049436333,-0.06599667468291466,-0.5207732975470137,-0.1926927877954925
48237,Jack,Texas,-0.2947416040070936,0.4101020493404412,0.6429477829206961,-0.6980183799412674,2.914919872839631,0.48735209277443575,-0.4052872796025341,-0.20264992395239456,-0.39026920254346154,-0.16527379811968276,0.5450796860606474,0.1897569614372509,-0.02498146068794694,2.4863431153780837,-0.5387157802704237,-1.1878654790382894,-0.48843933167122094,0.5416336976515704,-1.72425381274861,-0.26626114249701316,-0.3727270789170998,-0.5466865104458486,-0.7047452147207429,-0.7395350650251883,-0.80100767327276,3.5807932252883625,0.2992993306428511,-0.5188522582362478,-0.7101392584729871,0.04901882629162356,-0.603065120470099,-0.3964333385217016,-0.20479518543183103,-0.36769550040071075,-0.08602139992103093,-0.5478885835126173,-1.090608830761061,1.2968542395836689,-0.054710542284778445,0.7851687261449225,0.8933146190171494,1.2467358297972186,0.9908665942586098,-0.929622728733409,0.4285413300405377,-0.6932724300137221,-0.7397530330199158,0.9600666424103678,-0.7223637221248866,-0.04270737703385951,0.47694316303740386,0.36520561336800217,0.6023411937060877,0.762951507703092,-0.34615643780778477,-0.06885854459353699,-1.195380369310045,-1.03395151422489
48239,Jackson,Texas,-0.27768142711424687,0.516676555859794,-0.3895271036110864,-0.2820127556174936,-0.12792267300626414,0.30162125340702217,-0.20648178859550145,-0.16705963305440016,-0.2398144974009674,-0.3495385679435647,1.7059921098677944,-0.11999694658430474,0.0053586634190729765,2.015731661491859,-0.6814009769150549,0.24970304233970195,-0.1982367102342093,-0.27720446913174257,-0.1789163577535327,-0.24312052692331879,-0.36809150667038065,-0.4635879811800494,-0.5671572918973027,0.3129213343602117,2.452174814127005,-0.4910063824205892,-0.7508959341461393,-0.22220910146228187,-0.04660890268371141,-0.19323586238715296,-0.33552727746415667,0.38539272375426326,-0.19876008050030877,-0.13502852385931982,-0.08602139992103093,-0.47557280811036806,1.4176821071006669,-1.1729798020079847,-0.10190659542756024,1.6933803651442871,1.8044011317010389,1.8696875689241914,1.8593412201488926,-0.11870127236083998,-1.1200778756063154,-0.2745369812631993,0.014420059752514088,1.8322504690309553,-0.47568689808046866,-0.5856033810627431,0.47694316303740386,-0.5944776153984553,0.3046737443737671,0.4907891250823656,-0.31915002436530254,-0.06728610379732043,0.12944199204515602,0.4531872324957914
48241,Jasper,Texas,-0.2168534762322669,0.06454266012924721,-0.34875470276743387,0.11422407326429666,-0.25818241506731465,-0.25178467458183323,0.4304219207057942,-0.247239006962142,-0.4072171207674627,-0.2741968483902787,-0.21092308512313232,0.8608904288172887,-0.5814001168225701,1.133335185455186,1.5302195710767263,-0.737357667567561,0.0770335972512146,-0.018721200403193767,1.014614041152379,-0.2122920305570587,-0.266993950335423,-0.23613557733010307,-0.250974723887498,-0.8206795854056936,-0.39984623560625404,-0.129491588447019,-0.8221759573220141,2.2391883746410124,-0.14093708464324287,0.13586835799898744,1.918303439785196,-0.12641759222508728,-0.11717660491152401,-0.1662714535397919,-0.08602139992103093,-0.2743735518155226,-0.9889863428301279,1.0799693009168072,-0.017961958778999355,1.342842539565585,1.380639963010858,1.1975554293398263,1.345112823240173,1.1683697891515437,1.1003843142092953,0.6629857491251395,2.477026076968612,1.360049034236371,1.6988161432427273,-0.14514058534119603,0.9063797258207039,0.6051264205596165,-0.29066115429087425,1.3072762729445448,-0.2221852093649558,-0.06322386213757732,1.738739024433557,1.9903816807890478
48245,Jefferson,Texas,0.41586967831245986,0.7896109337213475,0.5206912113915865,-0.9867666422175584,0.49154134755026135,-1.6475223761473887,1.6542986587257795,-0.19074280186104428,0.8367949444575947,0.039941240471787424,0.8851722107040595,0.41346811723059507,-0.037680381411473375,1.917687608598895,1.31619177610978,1.2996052553472885,0.43116955823628594,-0.34725927255997596,0.4639342832442578,0.5365710578051512,0.6135403957045875,0.7482938736884236,-0.502953357931238,-0.5827889826967737,1.3683437119146453,-0.4915324436207124,-0.8313675137448917,-0.5965823866618866,-0.6401024539731449,-0.4477684117978985,0.12344113462297526,6.926058105712908,-0.039062942405390266,1.1356141796906254,-0.08602139992103093,0.41743663771460743,0.04532584993097769,-0.22428785674571847,0.0872127106101847,1.6057459087496115,1.581926518138693,1.4598508984459195,1.6422225636763215,0.6175300498721507,0.5151625952950002,2.0915035853492685,5.070458038849314,1.6211486511227884,2.3807682745250176,2.1596066015738757,1.335816288604004,-0.354556808206841,-0.29066115429087425,1.0351138903238184,0.42673604724709263,-0.023512329793212196,-0.15272865031667007,0.8520181450256591
48247,Jim Hogg,Texas,-0.30568061871864427,1.4569895423549437,-1.053662229336906,-0.8175539252338873,0.5538723137271833,0.7334458689176763,-0.6366187190140515,-0.2745540963639505,-0.4322027321699396,-0.6073481272275915,5.959142999887437,1.4287725935234743,-1.162392900627585,1.2705968595053354,0.6027657928866248,-0.01064786415997088,0.8967632884470376,0.06935651359538124,2.151782707447104,-0.29018171346595795,-0.4582585452743168,-0.6379265951726409,-1.0469795490322782,-0.8221988482510404,-0.6037533005460917,3.71797958569453,-0.8310588355862205,-0.6331058160322853,-0.7041795327555254,1.4608119071723895,-0.6198832415725235,-0.40369431282022,-0.15570788995856225,-0.427532157154526,-0.08602139992103093,-0.7031965090638876,-1.0827470925141758,1.3562624292597827,0.10623857299260928,1.9084831217493994,2.1116279790014194,2.3123111730407255,2.122169067457793,-1.31240966619875,-1.360927247289455,-1.4862758462315266,-0.9013615528997222,2.1266819519028743,-1.7371734412949598,-0.293668737386834,3.0535625397372037,-0.5944776153984553,-0.8859960529555155,1.579438655565271,-0.3583776352976953,-0.06993249725690784,-1.6501932328252484,-1.7896311379656922
48249,Jim Wells,Texas,-0.202347200498315,1.2535396400504957,-0.44983597364135586,-0.9308355661848927,-0.19389480165756967,0.6878709082269947,-0.6227194093823948,-0.21505166202207485,-0.4225460194624764,-0.30363517398639595,5.050688462837763,1.1190186855019182,-0.7741491405612849,1.9569052297560805,0.5314231945643092,0.12170756814412831,0.4171941282304321,0.41972323646024906,0.4026473282403146,-0.21951572608993136,-0.3083761539798295,-0.39543606842393364,-0.5151468289721457,-0.1037965750749484,1.5172632992974928,-0.5082121292924597,-0.7204124804907421,-0.6374234189079195,-0.3900110874870238,1.789422381505901,-0.25708286692934496,-0.287013768846514,-0.07346155670778837,-0.3985368850033788,-0.08602139992103093,-0.4150700933049722,0.5843378114471601,-0.38890604774579696,-0.093194165295491,1.8686492779336379,1.9739055991771108,2.1155895712111548,2.030750685785132,-1.2443882940359194,-1.5679731983854872,-1.6956435706067878,-1.0629700727795286,2.02113104294879,-1.8764365596795296,-0.4165885873556378,2.194689414170604,-0.8343984225900698,-0.588328603623195,0.762951507703092,-0.23135578634819648,-0.061139149198701094,-0.6770118684069489,-0.40744789454234415
48251,Johnson,Texas,0.19402001663360097,0.7981749252877851,0.8192884559092376,-1.1433631614259498,-0.023556585431184784,0.43498182435781857,-0.37831220329516163,-0.15782204294347893,-0.17677621203041324,1.5777654096481035,0.9228232028853608,-0.6018363590622807,0.7424452079013804,1.6431642604985952,-0.5387157802704237,-0.21376453236850512,0.13172496297770536,0.00663054648215086,0.5681663594809703,0.0712374556223052,0.32146754502616026,0.1943389336682372,0.640159209617823,-0.4925338487631149,-0.08501915576489846,3.0691319786840743,-0.44753992527261854,-0.34509326078064134,-0.6879657882585202,-0.41457630910243404,-0.484121374094632,-0.3871930339256142,-0.013347924620077485,-0.34639594289259,-0.08602139992103093,0.35270652395354263,-0.5234312358782747,0.35661580295637313,-0.1930818044335903,1.0082382515131874,1.0416310280587127,1.328703163892873,1.1737033576039333,-0.8109187655472929,0.6947432671640076,-0.5005800111196763,-0.7833616812414508,1.135058938834244,-0.5337652389314328,0.14679405833471307,0.04750660025410388,-0.354556808206841,0.6023411937060877,-0.0535356401590872,0.18283613041935304,-0.02080688174604051,-0.23809663578383966,0.7260715410688591
48253,Jones,Texas,-0.2620915006592043,-0.2130493669417915,2.2151823028827993,-0.9069214928767114,5.750014331224304,-0.13359430638201897,0.2262636978026541,-0.13465550978470828,-0.25229248998243503,-0.2394928116226728,1.3106390245936312,1.0157673828280662,-0.3176744226615508,1.6823818816557823,0.24605280127504683,-0.3728434982967153,-0.8099825805270624,-0.3300963140008307,-1.2629785334085797,-0.2604270784407751,-0.3605457193677316,-0.5034273075583512,-0.3044596787355715,1.2111325251339018,-0.79546281184776,-0.1395280182073604,-0.7870183527024172,-0.6222305033173949,-0.6949851013146676,1.4700091590471431,-0.6072805889599222,-0.4000362469022614,-0.2482881293457808,-0.351229224401492,-0.08602139992103093,-0.4191026125232682,0.8325770837733938,-0.6285084924807294,-0.04200677663921433,0.8011022636712268,0.8933146190171494,1.3778835643502652,0.9680119988404441,-1.0576629586869726,0.17501567563723308,-1.369548707863018,-1.2630568116783365,0.9822878864007007,-1.212594878770122,0.12118575625787893,0.9063797258207039,-0.1146360010152266,0.3046737443737671,0.4907891250823656,-0.31289905964611403,-0.06640729522802076,-0.3477245700793742,0.5678309360974945
48255,Karnes,Texas,-0.2752183183130651,0.8764922914921722,0.8928190710087025,-1.2521349737421905,3.8539159860862986,0.17913586101009313,-0.059145676184324675,-0.23106471430024916,-0.4681117853938469,-0.5816463836730894,3.3520360317926476,1.1190186855019182,-0.060332510269655665,1.505902586448448,-1.0381139685266323,-0.36122243921802233,-1.1448837745909768,-0.9389661943309271,-1.173159523181878,-0.14491705209855327,-0.09780415495898284,-0.1411372013282218,-0.5341850741259623,-0.6229502201971248,2.5764193832378295,-0.5111776600763164,-0.7227466197367585,-0.6285818135776619,-0.41458197982845735,1.860751801977958,-0.4822185973969187,-0.36329454565110864,-0.09541175190341036,-0.37823025330363075,-0.08602139992103093,-0.25386404044919614,0.5524179361678401,-0.4274708285165611,-0.17871001797641636,1.5818456024601548,1.6666787518767303,1.8369006352859292,1.7107863499308167,-0.8562663469891799,-0.9109192107235891,-1.269496874975725,-1.2527959532732695,1.7155889380817049,-1.4030668568297355,2.4412979244190516,1.7652528513873038,-0.5944776153984553,0.007006295041446424,-0.0535356401590872,-0.3260747457608108,-0.0665595253012089,-0.9291496706670909,-0.47042119652074443
48257,Kaufman,Texas,0.0778555881184114,1.108416512494711,1.3243531325816054,-1.6807138195443745,-0.338727913646385,-0.19220674931897064,0.29710113063361976,-0.16342469333491724,-0.03557632078005982,-0.037311035784169076,0.9687461806729124,-0.8083389644099845,1.3239184914094475,1.035291132562223,-0.5387157802704237,-0.6181650795317871,0.7239564210352747,0.8103610260254905,1.2482383593360646,-0.006467103593373069,0.20251118116427425,0.09280666089697198,-0.09613860873227406,-0.548083315402961,2.824898123159455,0.5795948266008607,-0.3626847205467833,-0.6237240917602879,-0.3721128440037818,-0.384526863761665,-0.16319439077261783,-0.1483179313973197,-0.19021317210822142,-0.1565358199119412,-0.08602139992103093,0.06519382715665231,0.7385666454922291,-0.7461962677936548,-0.1385881602400157,0.9763711764605781,1.062819086493222,1.3614900975311353,1.1851306553130152,-0.24674150231440342,1.377149820266236,-0.36903037899008717,-0.5447967233236414,1.1378365943330364,0.03452820380380781,0.41824206034915484,0.04750660025410388,-0.5944776153984553,0.3046737443737671,-0.0535356401590872,0.007771687355611766,-0.03561973312439265,-0.9155758434641639,0.0010712182918925486
48259,Kendall,Texas,-0.18199506844193872,-0.2607203108250133,0.6175060719725918,-0.0673323118542135,-0.4648006181315393,0.6255136383365772,-0.592841552733099,-0.1819111662273169,-0.026828951431719837,-0.03523615368363707,1.0639960363639216,-1.2213441751053924,2.6892240762253437,0.9568558902478499,-0.8954287718820013,-0.3095861200320212,-0.08929726631569754,-0.07453912219319367,0.20401692667165303,-0.2155694798738494,-0.28284749489079775,-0.41497364570019596,-0.3883806775201101,-0.8028231660945511,-0.8033498990136559,-0.33207220573357704,-0.6549582274420864,1.2956733706054357,-0.706785660019637,3.0532564691782653,-0.6221782565679508,-0.40582153741140403,-0.14833187231762174,-0.4124761954050828,-0.08602139992103093,-0.37877134707514626,-1.1539837271199436,1.2854551706341457,-0.24641379127622257,1.279108389460366,1.2535116124038033,1.2795227634354809,1.345112823240173,-0.7068860787100224,-0.48626373959805363,-1.050865091999788,-1.3605349665264737,1.3183842017544942,-1.1601370225176377,-0.27318209572536667,-0.8113665253124961,-1.5541608441649128,0.9000086430384084,-0.59786040540054,-0.19171643522471946,-0.0559186784203211,-0.5786267933629022,-0.526935698296232
48265,Kerr,Texas,-0.16685617498972846,-0.8492395838540169,-1.696485406999634,1.6272675525829916,-0.858701770137469,0.5798200759278554,-0.5524731207999541,-0.10939727568219433,-0.16897870676025228,-0.007419107822928656,1.2696289715692906,-0.3437081023776508,0.1418892219006626,2.3490814413279346,-0.6814009769150549,0.10798384088671928,0.00025773335484868777,-0.24708489587880755,0.33922788020509087,-0.2371198668437443,-0.3406059827730831,-0.46390898193788227,-0.35278451779708436,-0.8087598581201607,-0.7993165886673204,-0.47163467848004553,-0.7150770374030667,1.0634341275657682,-0.7103248304839243,3.459466173829194,-0.6176627080371876,-0.4049443675862514,-0.193569013042116,-0.4112429200574433,-0.08602139992103093,-0.40778357596056547,-1.1580041335904412,1.3018894267318075,0.08462132113500512,1.143673320486777,1.1157892325794947,1.115588095244172,1.1508487621857675,-1.077669244617217,-0.6806334079739206,-1.0638347740407335,-1.6683607186784861,1.1600578383233686,-1.4705126720115005,-0.19123552907949748,0.04750660025410388,-1.0743192297816841,0.007006295041446424,0.4907891250823656,-0.07390259418492351,-0.06095246010903481,0.7628984763984639,-0.27665719043335935
48267,Kimble,Texas,-0.308208160805945,-1.432796008919526,-1.46782883371901,2.0510117900029874,-0.4641282188953721,0.6591915590520311,-0.6429294303683663,-0.18423864260729747,-0.3651728035855446,-0.46878279489318936,1.0887189561015684,0.43067666767623897,-0.7526639395533726,2.3490814413279346,-0.6814009769150549,-0.5658309626441144,-0.7103654405108003,-0.14377444846862555,-1.221582033980629,-0.28499685196258795,-0.43404098957693116,-0.6017425451676327,-0.9574884909372964,-0.8045112132378184,-0.8180411563779599,-0.4707798037606727,-0.6885927986651861,-0.20215545313122427,-0.7116180202360006,4.641172879766715,-0.6235304983420399,-0.40602857941218756,-0.12295555147695135,-0.41581409402506814,-0.08602139992103093,-0.6580133866062521,-1.1622933917516174,1.4140919671129515,0.19185867697426032,1.0799391703815582,1.1157892325794947,1.3123096970737407,1.1737033576039333,-1.1843694362451866,-1.0609218895788777,-1.2861721804569404,-1.524708701007547,1.1767237713161194,-1.6728501175567951,0.18524292135813036,0.9063797258207039,-0.354556808206841,-0.29066115429087425,1.579438655565271,-0.35313730559298634,-0.07016473632891077,-0.15598109167889615,-0.9467577114855668
48271,Kinney,Texas,-0.31017044724683895,-0.48847977462755765,-0.7092015873152355,0.8032218201924471,2.1825985824607845,0.5684622327059126,-0.5085063384836589,-0.06502033508037032,-0.35391682120886847,0.692919780312164,3.7612731680620595,0.7576391261434348,-0.5934812522136007,1.3294232912411135,-0.25334538698116177,-0.5922459986222055,-2.734064924862977,-3.0179374961470975,-1.8918110723379373,-0.28271451019373744,-0.39278980933871305,-0.5522671293877677,-1.0516458195518275,-0.7956097738745505,-0.831500289755432,-0.03263627829499446,-0.7877328750510741,-0.3706254351496227,-0.6930073941591617,4.454918874598712,-0.5763602012967843,-0.35390037597477186,0.032531596472838674,-0.4201946463645405,-0.08602139992103093,-0.6537704588385921,-1.1596188611322524,1.409659921096793,0.2765777518567828,1.4304769959602601,1.581926518138693,1.6729659670946204,1.59651337283999,-1.2430545416405698,-1.2468407028079678,-0.3449438266283316,-1.8145779509506916,1.5850391296384947,-1.5086070676234233,0.6896900623635966,2.624125976953904,-0.354556808206841,-0.588328603623195,1.3072762729445448,-0.3593695548489438,-0.0703278398811892,-0.3270237159504377,-0.733617304789443
48273,Kleberg,Texas,-0.23105515825002032,2.9569531435407597,-2.1994262827917277,-1.628830690246231,0.3511708232034558,0.36661275284163547,-0.3935401344446435,-0.19619409346837105,0.26227350003076294,0.4950484826367474,4.569717078506378,1.5148153457516844,-0.5870974704444766,1.5647290181842264,0.24605280127504683,2.325898135724242,1.5091909324149684,-0.009095133901479747,1.2704072383464342,-0.22779028043715585,-0.34981050806148933,-0.5303945803619768,-0.8964378450671507,-0.33616879819397333,0.6860352383206217,0.1406730611979519,-0.7790167945504669,-0.6004340508539089,-0.578052147353635,0.9902418588238322,-0.5201778163860228,1.7713883297792061,1.78104203971436,1.088743912959105,-0.08602139992103093,-0.5795267262161646,-0.02057984478211682,0.27020889144024807,0.0719324485324018,2.0040843469072276,2.1010339497841652,2.0828026375728923,2.156450960585041,-1.2403870368498704,-1.7876954322016847,-1.5603883150369287,-1.1065787210010636,2.1266819519028743,-1.904538982671932,-0.31927703946366814,2.194689414170604,-1.0743192297816841,-0.588328603623195,1.0351138903238184,-0.2830853267189663,-0.06500306041027222,0.26357215886780916,1.7982323747523898
48275,Knox,Texas,-0.310179233604037,0.5206514760271138,-1.3375239576813287,0.1864443345536688,-0.5147134384211542,0.38518345610682353,-0.20374332464705291,-0.12383514512398196,-0.47781597924067315,-0.4008161521698855,1.800047938602421,0.7920562270347207,-1.0237344148896206,2.5843871682710478,-0.5387157802704237,-1.3950709830036094,-1.3820832829284784,-1.533016428314013,0.35060416769795005,-0.2863595201607364,-0.451030687790796,-0.6359107342856519,-0.6888769611347453,0.713824996126332,-0.8289954018489059,-0.39850394687325846,-0.8173032428042423,-0.4802804639384455,-0.6353961653253856,2.4881110309388332,-0.5638363774272106,-0.3782930308148701,-0.23637896331838265,-0.3684488661517826,-0.08602139992103093,-0.6019983590149,0.3277424485850587,-0.0587355895438099,-0.10300123408517912,0.7214345760397035,0.8191564144963674,1.4926378320841818,0.9223028080041145,-1.2937371326638554,-0.1841456681007822,-1.2509687577743742,-1.2117525196530012,0.9434007094176171,-1.3768379287034938,0.1852429213581305,1.335816288604004,-0.354556808206841,-0.29066115429087425,0.4907891250823656,-0.3606983527383521,-0.06999368575510202,-0.10498382718049819,-0.22014268865787237
48277,Lamar,Texas,-0.17488397668299763,0.3078562219347817,-0.316452996790612,-0.12602281666936552,-0.8652880975501099,-0.1807670308698093,0.28614020487384667,0.05403418758390282,-0.2815361739591661,-0.009993924193518746,-0.09545067749838212,0.6715963739152266,-0.5945108944344272,1.9569052297560805,-0.39603058362579246,0.8819051668325693,0.47647269644197343,0.09604528441047892,0.39547056378741363,-0.17697686403572893,-0.27866426768716995,-0.3597845074574572,-0.1738332399638047,-0.4050144623077518,2.7483058338346558,0.2182383172283672,0.08107663401693187,-0.5933313684399758,-0.5125677760398454,-0.4201324265068287,-0.12355065487974827,-0.18269410959999918,-0.18146134446853743,-0.2486931120666544,-0.08602139992103093,-0.2919856340204422,0.8447790332971771,-0.6952520608865613,-0.04514920870394359,0.7692351886186176,0.8933146190171494,1.1647684957015643,0.9794392965495278,0.20673431210446755,1.9158918358732586,0.6018429623606827,0.991766822835153,0.937845398420034,1.1074162638248453,-0.1195322832643619,0.47694316303740386,0.36520561336800217,0.007006295041446424,1.3072762729445448,-0.16149096210648745,-0.05971099312676983,1.4327734425593237,1.6529093701868514
48279,Lamb,Texas,-0.28314947007715585,0.9904318569809613,-0.726768353620648,-0.5505222652249927,-0.2013879369593108,0.4135367181462709,-0.34789967719695764,-0.04650569575831585,-0.43822362253672914,-0.18533419835371573,3.3269656475747835,0.6888049243608686,-0.8925579959563287,2.9569545692643073,-0.1106601903365306,0.018175884588210105,-0.9027789940602745,-0.8664700807480388,-0.8853504664047127,-0.2710801972153908,-0.4361291815213484,-0.5620737855914963,-0.3252353646826813,1.322192420216813,-0.8172125066870463,0.09036597419588303,-0.8314505683688168,-0.6393997489025706,-0.7126067538860363,1.2518419126080793,-0.6261394856204047,-0.3162407690746506,-0.22951403348706392,-0.40457970909745633,-0.08602139992103093,-0.4698713234393028,0.9320880766463658,-0.7033366411917045,0.017840916498768736,0.37886351922415396,0.31064301206815037,0.6401775574893755,0.14524656378649353,-1.4404498961523136,-1.124303303179704,-1.1527697366072163,-0.4498837830767709,0.3573153991725723,-1.504860077891103,-0.032464056203125854,2.194689414170604,-0.354556808206841,-0.588328603623195,0.4907891250823656,-0.32674850243713055,-0.0682393651184069,-0.6137558483465495,-0.5414679987527858
48281,Lampasas,Texas,-0.258152283848753,-0.5206214649448588,0.5978475453159975,0.18189987994987533,-0.41769783010189465,0.3806571558737746,-0.36830907150332476,-0.06946706172485706,0.06171397146912455,2.063310114472014,0.6920705136456334,-0.3609166528232928,0.21245403543463653,1.3098144806625207,-0.46737318194810806,-0.7055167526762389,0.689073406605681,1.3405890498081978,0.2276462637894317,-0.2587409131563459,-0.3545889122061663,-0.4776896287678768,-0.6442579160587885,-0.7446366425378181,-0.7981479230345983,0.844455879370797,-0.6742871052168309,0.4439107424362832,-0.6795471385787112,2.7221344469389677,-0.6055116825530525,-0.40421834089687014,-0.14390439605297897,-0.4061158760647272,-0.08602139992103093,-0.5006509444217245,-1.0943379803258626,1.280085755429893,-0.2083546199898928,1.0799391703815582,1.136977291014004,1.4762443652650494,1.2422671438584285,-0.7495661553612103,-0.3616136261830955,-1.2250293936924834,-1.6504042164696189,1.2267215702943683,-1.2725467144872462,-0.47292685192467293,0.04750660025410388,-0.5944776153984553,0.6023411937060877,0.4907891250823656,-0.2797914051902921,-0.06461049132610798,0.12699378245722426,-0.11357248530981048
48283,La Salle,Texas,-0.2988858358188323,2.2057919873113785,-0.8840000248471304,-1.5919058775940063,3.9818857313002187,0.6761358213200557,-0.5884509100245829,-0.2506270339501768,-0.49248908247760254,-0.5720539625267279,5.548389663931883,2.08269751045787,-0.9636719520080768,1.2705968595053354,-1.1094565668489478,0.35590251745483087,-0.38812793526287337,0.5100930283556034,-1.6230114685742132,-0.2504992353117464,-0.33782500008682004,-0.49680553758686535,-0.9634253892846527,-0.7620412075795544,-0.3291975142923758,0.07747190171932725,-0.8299859209250181,-0.6390165189041658,-0.6928087827976244,3.995525516247656,-0.3833383166206757,-0.0017657165398514713,-0.14004798899619117,-0.3963418175186634,-0.08602139992103093,-0.5873886635833067,-0.8992820322082299,1.1278958047126042,0.371833654634073,1.6376129838022206,1.8467772485700562,2.1319830380302847,1.8821958155670564,-1.2563920655940661,-1.4390976573971406,-1.8012538386544863,-1.3528393227226736,1.8739153015128305,-1.9501273577484952,0.18776734165764766,2.194689414170604,-0.8343984225900698,-0.29066115429087425,0.2186267424616392,-0.35478426635732346,-0.06983611411951421,-1.571960043790582,-1.2761565218341215
48285,Lavaca,Texas,-0.2618835568721842,-0.19501838100900398,-1.1020604658140565,0.7285121530181647,-0.5011898142069791,0.364949485936964,-0.2254410433558547,-0.25533032656744303,-0.4431066680373439,-0.2814180079086506,0.7060502395531472,-0.6018363590622807,-0.21210177361947702,1.3882497229768895,-0.6814009769150549,-0.32623055163645037,-0.835360519664263,-0.4556335177212363,-1.1482393526119998,-0.26863371635487954,-0.3916526992947929,-0.5213019911393505,-0.2647484821273331,-0.697830608252509,3.6376366584326534,-0.48066616986951144,-0.2411248634004728,0.019365683092849074,0.04303506737827465,-0.046213248283112296,-0.272287125974921,-0.33201717221824506,-0.1660465552681869,-0.4077864076447382,-0.08602139992103093,-0.4255015703774088,0.9588734731735677,-0.748533845018127,-0.017187520545037673,1.5659120649338498,1.7302429271802569,1.968048369838976,1.8022047316034793,-0.31076161729118523,-0.8052835213888787,-0.9081985895493887,-0.2780144047918972,1.7711420480575386,-0.7573356262932088,-0.22708715198706525,0.04750660025410388,-0.354556808206841,0.6023411937060877,0.2186267424616392,-0.2777139887716396,-0.06654591800942324,0.5686740898376962,0.0898797210819442
48287,Lee,Texas,-0.27042096728293924,-0.3006706993811152,0.5335046659828393,0.011307385039280976,0.13299616810294715,0.047285779687378356,0.07360947887560843,-0.17516379137886096,-0.383433299045465,0.27829492953676455,1.0554463416362778,-0.6534620103992067,0.24217637420916055,2.015731661491859,-0.9667713702043169,-1.101463113069783,0.17576904836211316,1.0216306775410324,-0.514846903321306,-0.248380232106559,-0.3408620230198025,-0.46652435822542043,-0.1270202783803226,-0.814991847789171,4.143001767932104,-0.4783335451529715,-0.18863622023839918,-0.3998397748600577,0.14551881196961156,-0.1749016084193902,-0.12987186474683593,-0.25167457245579256,-0.1277787453905588,-0.34990836547132176,-0.08602139992103093,-0.3496383951030065,1.0721835591266198,-0.8914489082308182,-0.2677480753175715,1.3587760770918893,1.4547981675316397,1.590998632998966,1.5050949911673293,-0.02267109989566724,0.7560119669781398,-1.0656875857608685,-0.660231380380646,1.4905988426795782,-0.30707236012605676,-0.08368066035679413,0.47694316303740386,-0.354556808206841,0.3046737443737671,-0.0535356401590872,-0.30917468246312446,-0.06520264230426033,0.9181170095439677,1.5043569655198563
48289,Leon,Texas,-0.26993771763704744,-0.48637702865909405,-1.3277001836730278,1.1093077804843157,-0.1454257453695865,0.2950894785739246,-0.18499198462660377,-0.20161332263328027,-0.3802876549118069,-0.5391306885698263,0.3782502887374048,-0.01674564391045318,-0.35693811268240017,2.839301705792753,0.3173953995973624,-0.7085469551269851,-0.34893849542293254,-0.37935727744636766,0.3811146305159132,-0.2046895866860029,-0.3093565158977925,-0.1434009986122386,-0.6173386307097617,-0.8076948945126584,3.0210414285030134,-0.35884027942588975,-0.8058964678464998,-0.3853996738615327,3.369875979822412,-0.369986333145064,0.2629191050124218,-0.2361854244371836,0.08244668414601583,-0.33320771549326245,-0.08602139992103093,-0.35337404099234904,0.5716983399257194,-0.4032539026220694,0.06479868095417766,1.1357065517236244,1.2005414663175304,1.328703163892873,1.2422671438584285,0.4694835339883426,0.8109425254321887,-0.3782944375907626,-0.7141008870072482,1.237832192289536,0.15817886497037698,-0.047829037449226335,0.47694316303740386,0.36520561336800217,0.007006295041446424,1.3072762729445448,-0.2831789040351218,-0.06752079651249968,0.639198843740489,-0.1555546866287436
48291,Liberty,Texas,-0.06253575597748688,1.2816656791524534,0.5522899213214751,-1.4558238628405697,-0.2953367450365412,0.11075388996168752,-0.009133741646020405,-0.1398663443519885,-0.3590796021054308,0.052561052831729696,1.3509993271213234,-0.01674564391045318,-0.1680330865681042,2.152993335542008,0.745450989531256,-0.4872112153290427,0.4263829148845951,0.8122588024524429,0.276410470813633,-0.19383932141308138,-0.2883502626747773,-0.15018868506103722,0.007063527203390848,-0.6425066125710694,1.264628084908188,-0.33225155338153395,-0.817436557120293,0.12156549744386892,0.5634808243678554,-0.3823991419970155,2.921516486563941,0.6556431672004049,-0.08280025468707906,-0.3196152045276951,-0.08602139992103093,-0.1770623362759028,-0.06040339149737626,0.13516907163344752,0.13609167760753693,1.494211146065479,1.5077683136179125,1.4434574316267896,1.5508041820036604,0.9416318819421083,0.7137576912442555,0.6500160670841941,4.095676490367944,1.537818986159038,1.8680551794858609,0.7255416852711645,0.9063797258207039,0.36520561336800217,0.007006295041446424,0.762951507703092,-0.12278738414456561,-0.05520243122467362,-0.711593622799342,0.3110936280317091
48293,Limestone,Texas,-0.2522683533118038,0.06235355313291663,-0.26807556862895043,0.07606122732013487,0.5886922952007283,-0.3878767208219635,0.5363661782841818,-0.1592811443705968,-0.35346358945133727,-0.3252596407944535,0.9214307208513476,0.8092647774803626,-0.8290633923386965,2.1137757143848224,-0.039317592014215016,-0.29915737554589134,0.46549770074586516,0.6749256456100775,0.45768837729668055,-0.18638529853829627,-0.24162559198627132,-0.28338830989243896,-0.477765460669096,-0.5618204708956986,2.168468840455049,1.4307209048442395,-0.2985070698021669,-0.5682734998090498,-0.04243391982986894,-0.4024741427123397,-0.3934293291668447,-0.29871065348922055,-0.05359105709040368,-0.24215306877343226,-0.08602139992103093,-0.3393360620949278,0.4280164285226836,-0.26962399820553185,-0.045074743489139556,1.0879059391447106,1.1581653494485118,1.3614900975311353,1.2765490369856762,0.19739804533702016,0.7179831188176438,-0.7970298863412854,-0.49092721669703926,1.2239439147955775,-0.08350197276428073,0.06484749168884384,1.335816288604004,0.1252848061763878,-0.29066115429087425,1.0351138903238184,-0.2809517639106205,-0.06563559016618849,0.0289868251127687,0.13024722235014946
48295,Lipscomb,Texas,-0.311441540254821,0.12931602449122537,-0.012864149438846275,-0.11272977620954248,0.49039427793486906,0.5161594993209272,-0.4797843059287715,0.05506662778714705,-0.2874251876749339,0.5262506113681477,1.773595326857084,-0.3609166528232928,0.6635059709713512,3.4079572125719415,-0.8954287718820013,-0.2892499976970403,-1.2747404874411685,-0.9978692866170222,-1.4599457484286718,-0.28631130635058333,-0.3679332948762642,-0.5331235829113824,-0.997464031130275,-0.4116161487826551,-0.8282295856625437,4.516460827348374,-0.8300252553567343,-0.6393997489025706,-0.7116861062375749,0.2318572526271862,-0.6128207374349048,-0.38529360979983146,-0.006690974036685783,-0.42525572354928615,-0.08602139992103093,-0.6257199370720937,-0.7800490223031883,1.0285238477594614,-0.04575982346533642,0.06019276869806104,0.11995048615756844,0.6893579579467677,0.14524656378649353,-1.3377509617103929,-0.11442611313987339,-0.9452548239520899,-0.8603181192794538,0.20454434673902983,-1.1882394455100402,-0.9236329684769536,0.47694316303740386,-0.8343984225900698,0.3046737443737671,0.2186267424616392,-0.36533978761966573,-0.07016429564863794,-0.7394744815842546,-0.3541627928683135
48297,Live Oak,Texas,-0.2851586170897727,-0.5252560612935858,0.5223529827074513,0.22376726382009338,2.209647241009934,0.42347591096985326,-0.36341959857929657,-0.17532846566455462,-0.3639822376712417,-0.14861052355860557,2.2302339304902654,0.34463391544802896,-0.10700962428045553,2.0745580932276346,-0.6100583785927393,-1.2828671142693993,-1.1697176526210833,-0.9927109902658362,-0.3979450157326476,-0.2174690244166666,-0.2038600425209495,-0.25190548459347784,-0.9699359243309942,-0.7017433003533032,1.2198265526584169,-0.5003792160642223,-0.7752649748045551,-0.63535620153339,-0.37332617251376865,2.9753716042994753,-0.540263163000753,-0.27565840909038053,-0.07628344469575842,-0.13865606911893655,-0.08602139992103093,-0.45774223220552573,-0.1390013534921929,0.3327623917017327,0.06349553969510749,1.6933803651442871,1.7832130732665297,1.9188679693815838,1.8250593270216433,-1.014982882035785,-0.9447226313106963,-1.6104142314805752,-0.9295789135136567,1.8266951580333723,-1.5235950265527043,-0.38585862486343686,1.335816288604004,-0.1146360010152266,0.007006295041446424,0.762951507703092,-0.330267009524578,-0.06852298009226457,-0.23388226271182933,0.04951221981373896
48299,Llano,Texas,-0.25707741948486035,-2.415122405374671,-2.7012274069162427,3.5702642573119854,-0.7256275195482669,0.6886799240434992,-0.6119872742392277,-0.17950284661567925,-0.4181862811325147,-0.4890584360064613,0.07520506864242019,-0.6362534599535646,-0.00720297167500993,2.2510373884349715,-0.32468798530347687,-0.7957110086107076,0.5353361444915385,0.6317994936475717,1.2258094348241073,-0.25571986475518943,-0.39207402282036646,-0.5602423378921185,-0.5261425981227883,-0.817664066239893,-0.8070663625260315,0.591339654493963,-0.780728889524848,0.19169916347810173,-0.6762424228529723,3.250330432128948,-0.6229870350336218,-0.40384597263996863,-0.23784376465814205,-0.17489442058004234,-0.08602139992103093,-0.5075030350438158,-1.1702780982688386,1.3568746001408223,-0.020501222603816167,1.1914739330656905,1.3064817584900759,1.5746051661798361,1.3336855255310893,-0.8922776616636197,-0.788381811095325,-1.2713496866958598,-1.4990565549948793,1.3489384122412034,-1.4442837438852585,-0.18611386866413065,0.04750660025410388,-0.354556808206841,0.6023411937060877,1.0351138903238184,-0.24075094889021037,-0.06617058963237578,1.8269699699223036,0.3789110301622936
48303,Lubbock,Texas,0.588679751683366,2.264826012189971,-1.0138295776645834,-1.5816353805923828,-0.35207310462753294,0.12128765098765142,-0.1322492193887938,-0.16705848020604305,0.34303370099541525,0.26183250095451843,1.9052957146511234,0.5855536216870165,-0.06788321988904976,1.1529439960337788,-0.8240861735596857,2.021801288495573,1.513373043027515,-0.07920995976341991,1.5281508075845711,0.24053282492435238,0.41127548755249616,0.5335123695039269,0.5447839492818766,1.73883951519004,-0.8038619119434046,0.4391684028977936,-0.8270970015101213,-0.6389233396332994,-0.7127453779516705,-0.3817912634367215,-0.6219889817875832,-0.3466651739829641,-0.23020657214858578,-0.4025653882173023,-0.08602139992103093,0.5059584965101822,1.3483703500462731,-1.5293527864654233,-0.06920147308563887,0.5381988944872004,0.5437116548477495,0.9680468938719932,0.41950170880447707,-1.3991035718964755,-1.065147317152266,-1.3176699796992364,-0.47810114369070544,0.5961937720686569,-1.530464507728625,0.15703737916544672,0.9063797258207039,-1.0743192297816841,-0.29066115429087425,0.762951507703092,0.4930823644013542,0.0012392875191061079,-0.9662072331079471,-0.06674618383869196
48305,Lynn,Texas,-0.3034811006334034,0.6581653792319174,0.09361882508944991,-0.6529788386550089,0.553629518380546,0.5553185764422338,-0.4849236308667429,-0.029359522501718423,-0.48800172310562784,-0.6365582611065165,2.657925314215826,0.2585911632198189,-0.6853939811260433,1.8392523662845242,-0.6814009769150549,0.41872668345808167,-0.41579502864580087,-0.22594683814471012,-0.8106386819951259,-0.2907902732470864,-0.46103943913637524,-0.6316966204562972,-0.3959012751334234,1.9240484124366402,-0.8197149051993744,0.48521200048996127,-0.8267188649508526,-0.6389193718670304,-0.7127453779516705,-0.0580710794516647,-0.6132904972677407,-0.15086688316440275,-0.20305149211785156,-0.3541960870950167,-0.08602139992103093,-0.524691545155224,1.52355850512362,-1.254708878775595,-0.07474168506705728,0.6338001196450279,0.6390579178030409,1.0664076947867775,0.5452019836043864,-1.400437324291825,-1.031343896565159,-1.5677995619174692,-0.6243183759629112,0.701744681022741,-1.641000704832073,-0.3909802852788037,1.7652528513873038,-0.354556808206841,-0.29066115429087425,1.0351138903238184,-0.3563750807319672,-0.06949617913028452,-0.26148866241044355,0.4531872324957914
48307,McCulloch,Texas,-0.29752687923886995,-0.21707501024751655,-0.87812963607079,0.6373110065509926,0.15514232253514237,0.5401956659069772,-0.4556113970103538,-0.12887363312808475,-0.33289364047672015,-0.2860506588326917,1.6718508103528849,0.5339279703500905,-0.8552849475624106,1.8000347451273386,0.8881361861758866,-0.07060153216455835,0.3507392305686244,0.6544199093981873,0.04515084851468363,-0.2790692423361358,-0.4476781678761729,-0.6115047189485354,-0.688320437956057,-0.3580895993323673,-0.7879073380463123,-0.2527898681094286,-0.7458550238363346,-0.11914235625782867,-0.6900147018520072,3.6703688479811456,-0.6249774592146959,-0.4046313351979318,-0.19210070168645968,-0.3835714612193701,-0.08602139992103093,-0.5909117692355168,-0.7091002159721977,0.9445181032621132,0.05955632983197537,1.0879059391447106,1.1157892325794947,1.394277031169395,1.1851306553130152,-0.9696353005938976,-0.2137236611145012,-1.4881286579516613,-1.7453171567164891,1.1961673598076608,-1.443659245596539,-0.08880232077216095,0.9063797258207039,-0.354556808206841,0.007006295041446424,1.3072762729445448,-0.33743503194209057,-0.06933415168098096,0.5871905185214155,0.12217372209650829
48309,McLennan,Texas,0.4306834765483429,1.7433908888562684,-0.923066487783657,-1.1464489152819717,-0.5586193189703221,-0.2808350651331662,0.3580209574535207,-0.17436160000552442,0.13467436584620013,0.07421334091396757,1.2366203050550622,0.6027621721326586,-0.3187727076970991,1.2117704277695571,-0.46737318194810806,1.5274451434176126,1.350620574665564,0.5542235667239421,1.134793757166816,0.14213579480584332,0.19389720213007564,0.057407277499207064,0.6912312159420988,-0.003174034677602404,0.5018839860674501,1.7876690760149148,-0.6515249283749177,-0.34447588388093536,-0.6873320140705175,-0.4397306933953435,-0.2247607717586389,-0.320958427332804,-0.14024086269242772,-0.21819034458230444,-0.08602139992103093,0.296100498130597,0.22396963316468366,-0.3455842820014023,0.04956309800527713,1.0879059391447106,1.136977291014004,1.4434574316267896,1.345112823240173,-0.14804382505853148,0.1940300997174809,-0.6932724300137221,-0.9783179909377252,1.2489428142847037,-0.4838053758338294,0.24410560622668276,0.9063797258207039,-0.354556808206841,0.007006295041446424,0.762951507703092,0.44941918868319,-0.020255043485904116,-0.7446571580431885,-0.15878408673019997
48313,Madison,Texas,-0.2790755291230014,1.1305141879948732,-0.04848029877941118,-1.0173767851615245,3.414231983686478,-0.5556996075153785,0.7009220469134866,-0.14625808621418412,-0.32288568966029585,-0.3894093666840791,1.0357543201355617,0.5683450712413746,-0.6485327896204558,2.38829906248512,0.17471020295273174,-0.3105036579132608,0.19633545455766233,0.7488712738209748,-0.35543989210349247,-0.19152056809973578,-0.28271785111955333,-0.11259080223967047,-0.7355672601883174,-0.804526875725337,4.6995532510411655,-0.44822299995104775,-0.8170376400900088,-0.5123583462289779,0.8836117402230129,-0.41737042500950505,0.5027086698296936,-0.21478350067365518,-0.23727855616403648,-0.37656310417174405,-0.08602139992103093,-0.36420844714999334,1.3343187161577643,-1.1400118236247883,-0.3882253463489797,1.1994407018288429,1.3064817584900759,1.394277031169395,1.3108309301129237,0.5815187351977109,0.513049881508306,-0.424614730594139,-0.41653599326030294,1.3156065462557018,0.17941180678685872,1.4016008600995857,0.9063797258207039,-0.1146360010152266,0.3046737443737671,0.2186267424616392,-0.3307536115685867,-0.06456340056485779,0.015248238772881178,1.1265171536494551
48315,Marion,Texas,-0.29205004991876293,-1.5767402378646274,-0.43572463255618715,1.6696187750414078,-0.4385750415632245,-0.6235730415857204,0.7601386858520535,-0.06974346149296906,-0.22269312779976513,-0.47237832097568355,-0.3762085169096433,1.1878528872844862,-1.2249951476538343,1.6431642604985952,0.17471020295273174,-0.7035715094768492,-0.44562516998336366,-1.2834044216123512,1.800555865845933,-0.2648612132507083,-0.3648079578962159,-0.3381673814387109,-0.3992647916291907,-0.8221090072791343,-0.035195179782966934,-0.2712143331000957,-0.47802587121045964,1.2215842080514885,1.0472418801044332,0.03155053967086688,1.4166874453900942,-0.14394185515533683,-0.18415287113834417,0.2404857761793122,-0.08602139992103093,-0.3902807119367376,-0.8253947326982312,0.9709630444953676,-0.4268951323967023,1.0241717890394921,1.0840071449277306,1.131981562063302,1.0594303805131067,0.6682126408954361,2.264489610677803,-0.19857170073766195,0.09650692699305076,1.0906164508535765,0.9388017258704333,0.8023665915016668,0.9063797258207039,0.6051264205596165,0.007006295041446424,1.3072762729445448,-0.32017937484301323,-0.06598635810031309,1.6602385749685995,0.5839779366047761
48317,Martin,Texas,-0.30400828206528535,1.8627020837826542,0.10267944268177231,-1.767207523129556,0.06175393262267812,0.5300160650497282,-0.4810306362458012,-0.10201585279422375,-0.46357194854300465,-0.3521667921856153,2.720396712850609,-0.41254230416021886,0.8939398999923146,1.6823818816557823,-0.9667713702043169,-0.26416190131909895,-0.8740971778657435,-0.3907298702418192,-1.3797259643795434,-0.2691598759260782,-0.3983498910521395,-0.5472082727804775,-0.37180954050333626,0.75552302783562,-0.8318124036412812,-0.49246961632797287,-0.8286113776897073,-0.639243535040751,-0.7127453779516705,2.56007367269833,-0.5028826301905219,-0.34763687465249843,-0.08730381945517006,-0.40477238415299394,-0.08602139992103093,-0.46569426819394505,0.3675247412654813,-0.15625972313127148,-0.05808381651540009,0.8250025699606841,0.9356907358861674,1.394277031169395,0.8994482125859489,-1.4551211725011595,-0.7947199524554079,-1.7567863573712448,-1.460578335975878,0.9878431973982846,-1.863946593905129,0.1852429213581305,0.9063797258207039,-0.8343984225900698,0.007006295041446424,-0.59786040540054,-0.3623827444291514,-0.0695713478585441,-2.4112550150358367,-2.685789666119849
48319,Mason,Texas,-0.30839267430710365,-1.17093099870637,-1.5139335634691018,1.8327215939797,0.49830802694601617,0.7203453962989115,-0.6322619163033558,-0.23470938693609847,-0.5159961334744373,0.4753808700641546,1.125203151507748,-0.4813765059427885,-0.05545887042441038,3.447174833729127,-0.5387157802704237,0.13632978354342196,0.6246779563833555,1.287851184999161,-0.313756801525655,-0.28972880604562323,-0.4747335828768716,-0.684826576984915,-0.7898049410458471,-0.7948809436052043,-0.7193040252411061,-0.22788077080814687,-0.762294684537307,-0.28182177105533807,-0.7107773990862547,4.490673129042899,-0.6227286176910605,-0.40532249654951247,-0.16041872063435023,-0.40804750825981584,-0.08602139992103093,-0.6541404292719087,-1.108134133463313,1.3597651197569791,-0.04602789823863087,1.1197730141973197,1.1581653494485118,1.4434574316267896,1.1851306553130152,-1.014982882035785,-0.8496505109094572,-1.0545707154400583,-1.5144478426024797,1.2267215702943683,-1.4505287267724591,0.1852429213581305,0.04750660025410388,-1.0743192297816841,0.6023411937060877,0.2186267424616392,-0.3523138252108178,-0.06993031890175617,1.9107897178494921,0.8713945456343978
48321,Matagorda,Texas,-0.2135908089260641,0.7000326552211197,-0.3945073359518328,-0.4484549355876057,0.10724629053853574,-0.07998884950148266,0.09339375610326243,-0.12977064549264924,0.11241621208726169,0.037108161394340505,2.406513768480326,0.5167194199044486,-0.4424670598257187,1.760817123970153,1.2448491777874646,0.11356471632379996,0.22135389218488954,0.4494595383174154,-0.08450380338823002,-0.23879383742444862,-0.37125614772415616,-0.459406464385106,-0.8471475435746765,-0.1934673439211554,0.9336080568174556,-0.29870241570610717,-0.746794977828258,-0.506443557952605,-0.42223682070745866,-0.27082064198545724,-0.2530224109905768,2.791763713679434,0.2177192967132358,2.300532687003381,-0.08602139992103093,-0.5504321043453622,0.23195057252312132,0.01213243011594955,0.4605664045945315,1.7411809777232012,1.7514309856147663,1.738539834371145,1.8250593270216433,-0.05601490977940775,-1.166557578913588,0.713011665568786,1.261114355968164,1.8044739140430386,0.17628931534325823,0.31580885204181836,1.335816288604004,-0.5944776153984553,0.007006295041446424,1.0351138903238184,-0.24438174875704444,-0.06613495552745467,-0.020222958935734198,0.5419957352858431
48323,Maverick,Texas,-0.1489261487342765,2.6394135950655575,-1.141550021646622,-1.863128638520328,0.04183625634023598,0.6585593780094628,-0.6587701846521382,-0.13073459742078777,-0.39234445354972086,-0.5791860494426241,6.131900205045179,2.134323161794794,-1.0780308813345365,3.2706955385217924,2.600358545911459,0.7283760365194909,1.8212797887626795,1.7402515750143928,1.4182323386719906,-0.13773349634077536,-0.1666424193613834,-0.47734061961334967,-1.1419149357141145,-0.742831450963376,-0.8120828779606034,0.4000979204560358,-0.8262783107887977,-0.6393443319016447,-0.7083731576715665,4.152236895723061,-0.5894244145520485,-0.2728882694459313,-0.019626830540453624,-0.37571224803537034,-0.08602139992103093,-0.5542068190351964,-1.0988658978738919,1.307609722981878,0.22110116682779515,1.5738788336970022,1.8573712777873115,2.148376504849417,1.8593412201488926,-1.3697610191987837,-1.8151607114287096,-1.60856141976044,-1.6811867916848198,1.8516940575224983,-2.129358366611148,0.13655073750397942,3.482999102520504,-0.5944776153984553,-1.1836635022878363,1.3072762729445448,-0.18525960040998876,-0.061371327023603164,0.13630907604488546,1.2379314571497013
48325,Medina,Texas,-0.16983182129412885,0.3869036442739785,0.39585110473525476,-0.5535876468505427,0.7138095432861662,0.5285445138127014,-0.47910684566501754,-0.16583651896675805,-0.26731025620967264,0.2267313572926365,3.0806057233580337,-0.39533375371457685,0.3413652414821103,1.2509880489267426,-0.5387157802704237,-1.0840344167790446,-0.8534310094725741,-0.2959769159442609,-1.102575512047916,-0.25194559322321647,-0.3559082473056903,-0.47860489355909264,-0.5406626986361245,-0.28277640574901025,-0.7751605393548954,-0.2686896925972766,-0.6719699179536783,0.6646057572993789,-0.5518538622097526,2.648716523193351,-0.5676350399122176,-0.39248854451618487,-0.0332451675723267,-0.38137962096876965,-0.08602139992103093,-0.4717193169315999,-0.6291771965399887,0.8153559718172606,0.25378394960527534,1.5260782211180883,1.6137086057904577,1.6401790334563582,1.5850860751309082,-1.062997968268371,-1.3820543851563971,-1.3287868500200466,-1.2168829488555348,1.6183709956239962,-1.6503681791628735,-0.27318209572536667,0.9063797258207039,-1.0743192297816841,0.3046737443737671,-0.3256980227798136,-0.19701291131912171,-0.0628033498330944,0.5175186514844066,1.510815765722769
48329,Midland,Texas,0.1969927341522687,1.8339473860990392,0.6370732842240442,-2.0068539093047075,0.32366423485847384,0.1942178909432056,-0.19833581252345112,-0.16859551510898615,0.22007661673529924,-0.06513610426164816,2.6029132661992183,-0.7911304139643425,2.065398176033948,1.290205670083928,-1.3234843618158942,0.5782407400246184,0.6360887761441086,0.05766225895378593,0.9734313965726964,0.03481199236173802,0.22364356479474684,0.23824970241565346,0.4397992572163581,-0.4920412761506143,-0.8233103102713026,-0.3808988321539256,-0.830536988285351,-0.6391618532713194,-0.7125889680524625,3.875177520684968,-0.5255252852864817,-0.33380351706791567,0.0010803184707740728,-0.4117746405869869,-0.08602139992103093,0.2762157557043984,-0.8570117520597063,0.7139533408741899,-0.06833023007243207,0.9365373326448165,1.0522250572759673,1.541818232541574,1.048003082804023,-1.4391161437569642,-0.8644395074163167,-1.7104660643678684,-1.6478390018683517,1.1183930058414933,-1.9070369758268124,-0.15026224575656286,0.47694316303740386,-1.5541608441649128,0.007006295041446424,-0.59786040540054,-0.021574158990758378,-0.029874163293175666,-1.5976832676371775,-0.34608929261467236
48331,Milam,Texas,-0.24820905628631273,-0.01756919204795854,-0.5939838222013992,0.3120005470913307,-0.3059512029679373,0.1061174868610618,-0.0183851407048694,-0.1387623470723539,-0.2819073155111783,-0.4024218258960893,1.2255845344950174,0.31021681455674494,-0.46216754765086515,1.4666849652912626,0.745450989531256,0.019038143147607406,0.03005612583983916,0.22893157997115615,-0.17732195163682363,-0.24700126008458684,-0.34490436490764104,-0.4569023145718335,-0.44859545971410586,-0.17822076098566184,2.49950073123455,-0.22631984672309216,-0.02592706490409306,-0.483942060964028,-0.036259476399628704,-0.12461101268399681,-0.24085949953469651,-0.3234606441248215,-0.09230049957087127,-0.3449433618374467,-0.08602139992103093,-0.4348348473021754,0.9555053591485928,-0.7412298116582705,0.02094611595609602,1.2392745456446046,1.3170757877073298,1.525424765722444,1.4136766094946682,0.005337700406674903,0.988410483514502,-0.9767526231943858,-0.8526224754756536,1.3794926227279107,-0.24212453809917212,0.013630887535175579,0.9063797258207039,-0.1146360010152266,0.3046737443737671,1.0351138903238184,-0.26611040156835547,-0.06580772138698827,-0.7124670502425788,-1.0646308151887258
48333,Mills,Texas,-0.3066383316532298,-0.9998615544509237,-1.5832755527836626,1.709652158399701,-0.025240176930386916,0.6980834496846842,-0.6128140844632473,-0.175414393419866,-0.4868600471010409,-0.6741479668854033,0.6101179504619869,-0.22324824925815678,-0.6072098151579536,2.9569545692643073,-0.46737318194810806,-1.6772731154289813,-0.18245475172555523,0.40628662996418086,0.22573331394378396,-0.2844493192918043,-0.4350050161822031,-0.6193156627137975,-0.6241614304500701,-0.6526258489915554,-0.713129643460155,0.2387299274561418,-0.6532916284147252,0.18768926627167212,-0.6745484691715713,3.2787151621311215,-0.6207174803698831,-0.40353773983681873,-0.21164809980435748,-0.3923389604193561,-0.08602139992103093,-0.57345008699157,-0.9652723334305352,1.186035214987772,-0.1816662870041356,1.032138557802644,1.0098489404069493,1.3614900975311353,1.1508487621857675,-1.0189841392218335,-0.09752440284631972,-1.3213756031395065,-1.6427085726658182,1.135058938834244,-1.351233498865972,-0.9236329684769536,0.47694316303740386,-0.354556808206841,0.3046737443737671,1.0351138903238184,-0.35034870157155196,-0.06953006812433953,-1.616453843938804,-2.38707015673513
48335,Mitchell,Texas,-0.29588383044283784,1.0262551541206884,0.5710554116358886,-1.2298646369161172,4.765061846912441,-0.09367847996610093,0.15535047913910854,0.005303292877673227,-0.2251424725351377,0.4758422602528685,2.216409891909842,0.8608904288172887,-0.7732567839699019,1.584337828762817,-0.1820027886588462,-0.911557168827955,-0.6122132584359525,1.1983745829074257,-3.5439256518886997,-0.2665704956087769,-0.37498113492713325,-0.5722996881905118,-0.650656699516057,-0.05556222790948166,-0.828136448561018,-0.032330549384441076,-0.8287797927238987,-0.6361216921201354,-0.6839576219869155,3.512987365795657,-0.6250028225575212,-0.4018044534897935,-0.14394542152131218,-0.3756259298720374,-0.08602139992103093,-0.5427108038546643,-0.42942712796942883,0.6518041329491032,-0.05757745305473286,0.8887367200659024,0.98866088197244,1.525424765722444,0.9565847011313622,-1.2870683706871073,-0.6235901357331771,-1.632647972122196,-1.2579263824758031,1.0600622403668674,-1.643498697986953,-0.2168438311563316,0.9063797258207039,-0.354556808206841,0.3046737443737671,-0.0535356401590872,-0.3500118232333921,-0.06893904441557443,-0.7335221264316304,0.0043006183933488994
48337,Montague,Texas,-0.26286762887836385,-0.38632136559562325,-0.39938576036058654,0.5548115254517972,-0.4179843226745694,0.6841492821871744,-0.625197825117451,-0.07537082410389966,-0.4318916533774617,-0.37319000220943843,0.10054401062277797,-0.2748739005950828,-0.1422920310474425,1.9372964191774877,-0.7527435752373701,-0.09451306348310377,-0.19487773042155607,-0.13783047578759838,-0.13249872304433932,-0.23286884624514928,-0.25252829129242405,-0.32885626349963026,-0.508176061242529,-0.7025852602524186,-0.3591058185465919,3.3899879027159088,0.22754151717608412,-0.6368847591601873,-0.7073338014389436,-0.12388915392699201,-0.6193238285859188,-0.38325640451241366,-0.12594783144183017,-0.3305650997036568,-0.08602139992103093,-0.3763026411919951,-0.8542732461350556,0.9930045470687665,-0.041128087104526964,0.729401344802856,0.8509385021481315,1.2139488961589564,0.9565847011313622,-0.768238688896105,0.534177019375248,-0.6803027479727767,-0.6114923029565773,0.9156241544297002,-0.5799781122967163,-0.49341349358614023,0.04750660025410388,0.1252848061763878,0.6023411937060877,1.3072762729445448,-0.2799036979696787,-0.06647200477474471,-0.47307254956052863,-1.0242633139205206
48339,Montgomery,Texas,1.4580077904281812,0.7398161749644722,1.259474095556262,-1.3088185657263023,-0.25357449562217577,0.21052085882702254,-0.277896927675613,-0.1920489963947589,0.6967007082060743,0.1077376584273004,1.1058051484632059,-0.9632159184207626,2.2728367621231205,1.074508753719408,-0.39603058362579246,0.06867974313447683,0.22719171292822873,0.17912681883129009,0.32203375711242804,0.48469245324169996,1.23428788650222,1.6818512113843587,1.8922147536202303,-0.8221287036850576,0.013835595937532705,-0.19431899669934047,-0.8272125149159232,1.281138033905917,0.9831116243911626,-0.3284205019165267,0.5034467764530511,-0.164607809053625,0.1017809412580383,-0.12385835695290708,-0.08602139992103093,1.5664354700831014,-0.8032284461777287,0.10463382755118175,0.0619764493131057,1.4543773022497175,1.5501444304869296,1.5582116993607038,1.5279495865854948,0.6428713453837931,-0.1186515407132617,0.15902096124840398,0.9378973162085507,1.548929608154204,0.5478657971316852,0.0033875667044419265,0.04750660025410388,-1.3142400369732985,0.007006295041446424,-0.3256980227798136,1.2831182137759223,0.047100507827416635,-1.0333736233005681,-0.11034308520835356
48341,Moore,Texas,-0.2595815312862996,2.1622999214926666,-0.33897251517471666,-1.823270765684724,0.8245380354189017,0.06577148788456637,-0.40204603679325174,-0.07009249954027968,1.5867216775037836,0.3874093715821752,3.4132566035077936,-0.44695940505150283,-0.04275994970088395,3.0157810010000876,-1.1807991651712635,0.7104300323441192,-0.22594398064919627,-0.2723907592543807,-0.5010129667640929,-0.23699191983301904,-0.363399839971065,-0.5081054605998775,-0.6939500123557515,0.6882706630980554,-0.8079445998977353,1.5302056770173043,-0.8311037467458674,-0.6393997489025706,-0.7127453779516705,0.983067313416389,-0.6214457283190983,-0.2869374574488225,-0.22061883493241802,-0.3641420719690818,-0.08602139992103093,-0.5227241296544494,0.31210616962354,-0.07775896230073871,-0.0626559807043664,0.21156137519795506,0.11995048615756844,0.6893579579467677,0.1223919683683287,-1.407106086268573,-1.010216758698217,-1.1268303725253255,-0.8731441922857879,0.2517644902184889,-1.5498239546789463,-0.28854707697146714,1.335816288604004,-0.8343984225900698,-0.29066115429087425,-0.3256980227798136,-0.3297804074805693,-0.06607352125092332,-1.6438071857798624,-0.7755995061083761
48343,Morris,Texas,-0.284628506872158,-0.09434701793286185,-0.9071271942599322,0.5386853781144006,-0.9230423042411131,-0.7032377517339556,0.9023938063808868,-0.11606941559695905,-0.31221336566423225,0.2623299226555593,0.06461607047262738,0.6199707225783005,-0.8524019493440964,1.3490321018197062,0.9594787844982022,-0.1625175174243718,-0.0900781901550962,-0.3468036861466647,0.48568731426816714,-0.07897381723640305,-0.12064261908602597,0.3277882811100256,-0.6897160748799253,-0.8221988482510404,1.9196896908296244,-0.3773051749157829,-0.5226672313964421,-0.08878603974303974,1.9549235243136802,-0.30923363778552027,1.2915071033367456,-0.1198664919758005,-0.06546510320757594,-0.2599610735619698,-0.08602139992103093,-0.12790029891188023,0.05907247167057792,-0.0022127303767715397,-0.5472755986488653,0.928570563881664,0.9674728235379306,1.131981562063302,1.036575785094941,0.6241988118488988,2.416605003319786,-0.5654284213244033,0.019550488955047518,1.0211750633837844,0.8207715493023447,-0.08368066035679413,0.9063797258207039,0.1252848061763878,0.007006295041446424,1.3072762729445448,-0.31377868641797585,-0.06087407701752974,0.530660408597463,-0.06513148378796407
48347,Nacogdoches,Texas,-0.12994175961506066,2.2511252779428483,-2.081982340232458,-1.0370542965447993,-0.8757849604298323,-0.4476893410193888,0.5774950440602923,-0.20206653960285484,-0.1007609055465135,-0.2604241966548528,0.7354286318864095,1.1018101350562763,-0.6531318582068141,1.8392523662845242,-0.1820027886588462,1.857476153750317,1.3863849832190147,-0.2316532540944405,1.5603068517534506,-0.1629240635264829,-0.23636414869686684,-0.19040624612107568,-0.23372482433623532,-0.8221603553106203,0.7054394319579242,-0.07759369561404202,-0.709474058406386,1.4298192124035456,1.3303814031572818,-0.08038270552101302,0.6301104563876441,-0.1704750703822949,-0.1816243602575525,-0.1700843760566952,-0.08602139992103093,-0.23437180429804577,-0.49031939681888664,0.5778847904867067,-0.009286761254332173,1.1357065517236244,1.1899474371002767,1.2631292966163485,1.2879763346947597,0.648206354965192,0.9355926388471468,-0.3097404039457653,0.28120237828425826,1.2350545367907437,0.5441188073993648,0.11606409584251211,0.9063797258207039,-0.1146360010152266,0.007006295041446424,1.579438655565271,-0.15963813124660822,-0.05698805556850628,-0.9198775904640399,-0.5479267989556985
48349,Navarro,Texas,-0.17414006510689753,0.8275995258303468,-0.4736652257867351,-0.5265578014791258,-0.4328985798951828,-0.22361871607221956,0.2549790457299259,-0.16161991299252024,-0.280802629052076,6.294528255272316,1.348557829561734,-0.18883114836687276,-0.4855061046562651,2.309863820170749,-0.46737318194810806,0.3320403316509797,0.29352930409296435,0.638818101011006,-0.27890924366768827,-0.16843684658749541,-0.2385735276216791,-0.26719877559250865,-0.3926256620413814,-0.4838304025583628,1.7410711407543273,1.535339282802497,-0.31890973501389525,-0.6142417796894626,-0.611422889985618,-0.42156616308233935,-0.24616130242085443,-0.1338507784910521,-0.2433509402091509,0.1812887076311962,-0.08602139992103093,-0.3058899970329821,0.3114164774014144,-0.17070285106256197,0.06873044429582939,1.0480720953289488,1.1475713202312579,1.4106704979885274,1.2536944415675104,-0.10269624361664441,0.4602320368409508,-0.5209609400411619,-0.7577095352287833,1.2100556373016176,-0.2721004559577341,0.24922726664204958,0.9063797258207039,-0.1146360010152266,-0.29066115429087425,0.762951507703092,-0.1836313551088828,-0.06123627237055303,-0.35398406352901735,-0.1797751873896671
48351,Newton,Texas,-0.28109346249281625,-0.41903988679305104,0.035306368412748805,0.36847013967151426,0.560357947993213,-0.5001576855696495,0.6845024998240754,-0.17343713706946381,-0.4047815036467306,-0.4551669654005732,-0.41991559025926695,1.4287725935234743,-0.6748916304736133,1.9569052297560805,1.6729047677213575,-1.6003101197550664,-0.18784126519418798,0.5116242442722929,-0.21746450517336904,-0.277479419144967,-0.4122055006204123,-0.3303185351479734,-0.6091880986588716,-0.8176962407046665,-0.6589956967612733,-0.08982967160177242,-0.8239297904533412,2.6593196319371866,-0.14126089117200297,0.13355003723989886,2.077370959940416,-0.20099787232018274,-0.1300948400192662,-0.3629736950295197,-0.08602139992103093,-0.46163794718329404,-1.1033100544222114,1.2719654004479501,-0.04034620234908489,1.3587760770918893,1.3700459337936024,1.1975554293398263,1.345112823240173,1.0883446454305663,1.3074302653053274,0.6111070209613577,1.9178092938924565,1.3628266897351617,1.568920499188958,-0.529265116493708,0.9063797258207039,1.0849680349428452,0.007006295041446424,1.8516010381859975,-0.3194869027034624,-0.06786261211787027,1.1166817673009135,1.4074749624761635
48353,Nolan,Texas,-0.27781615125795006,0.7786820460309061,-0.7311112144567847,-0.3532784442902862,-0.06673700378646444,0.38796180644699035,-0.2848525790225146,-0.14563868953784773,-0.3240403156864789,-0.07534050903022828,2.1070960355448367,0.5167194199044486,-0.6406388659274529,1.701990692234375,-0.7527435752373701,0.5373266719441588,0.21136617496820664,-0.44838874032151205,0.7007825256128528,-0.22241945804422472,-0.29617273171890746,-0.4311841358197971,-0.7200796892232987,-0.24288950622343758,-0.8311784575807455,-0.3180238642007014,-0.7635737987798357,-0.39866095028871057,-0.649896952429754,3.7356329374864243,-0.5995992041801642,-0.399235893804224,-0.16411828364998463,-0.4113233682846375,-0.08602139992103093,-0.480128838363886,-0.6152507960314514,0.8054471005918102,-0.05966992559072559,0.8728031825395975,0.9250967066689126,1.3123096970737407,0.9337301057131965,-1.1256843308498032,-0.355275484823013,-1.7679032276920552,-1.3451436789188733,0.99617616389466,-1.5554444392774267,-0.1963571894948643,1.335816288604004,-0.354556808206841,0.007006295041446424,0.762951507703092,-0.3160432574689394,-0.06752037936012932,1.3395117987182732,1.7982323747523898
48355,Nueces,Texas,0.7401711937061121,0.9324347757269615,0.3447489265587421,-1.0307251293755273,-0.28707037103745214,0.38148950705913265,-0.3925456395945036,-0.21560792791006614,0.2882848912690912,0.19439198924501613,3.931511077909166,0.34463391544802896,0.02451000872644528,1.584337828762817,0.10336760463041615,1.6856077981199324,1.4804356195423154,0.9196212414578628,0.966238360421274,0.6140242747714966,0.7637257659891584,-0.06568065100388928,-0.2724283371604655,0.8202331569303934,-0.5160455280009452,-0.3824999488072749,-0.8051271905340097,-0.6240097640536177,-0.6198648415113486,-0.2541030666663779,-0.4931654748557057,0.5019040004816183,0.6271281507251795,1.937372416632707,-0.08602139992103093,0.26156306586789135,0.5741196885215949,-0.6710965492358728,0.1286600491700967,1.9403501968020092,2.0268757452633834,2.0172287702963705,2.06503257891238,-1.1523593787567958,-1.5214934950782146,-1.4936870931120667,-0.7294921746148487,2.0516852534354975,-1.6703521244019148,0.1519157187500799,1.335816288604004,-1.0743192297816841,0.9000086430384084,0.4907891250823656,0.7395837306182171,-0.005914394992684606,-0.5456965791703442,0.3369288288433605
48357,Ochiltree,Texas,-0.2921027680619511,1.952664662465094,-0.2330624942570273,-1.6828829147761424,0.05763076958326599,0.6139411022267386,-0.587686817173163,-0.0602813595480142,-0.38907294428235056,-0.22697144815738096,3.2796835410128033,-0.5330021572797127,0.46986459064125347,3.0353898115786806,-0.8954287718820013,-0.22853710295256094,0.6625681307068733,1.8812684149187224,-0.9248698272700153,-0.2792153123860346,-0.400716041534401,-0.5205988019025886,-0.7787979242967669,1.179801840741853,-0.7842836531230909,1.6660561953415511,-0.8313291434426825,-0.6392439518878129,-0.7121307841843033,0.11746411735051197,-0.621730547657804,-0.24928673622703695,-0.19648972603534468,-0.36765229223379153,-0.08602139992103093,-0.5702087938006227,0.8067864938831718,-0.5381968362044464,-0.05625941875270189,0.17172753138219343,0.18351466146109574,0.7057514247659,0.1338192660774107,-1.3030733994313026,-0.14400410615359238,-0.5394890572425124,-1.2066220904504676,0.2600974567148643,-1.1282876097929158,-0.5241434560783412,1.335816288604004,-0.5944776153984553,-0.29066115429087425,-0.0535356401590872,-0.3524822643798977,-0.06864864839439874,-2.056968238452323,-1.9139630418717641
48361,Orange,Texas,-0.0766612895661907,0.5100298173155713,0.37793013824560207,-0.658096448965884,-0.20729372480185496,0.16779740581372696,-0.08199239540244134,-0.20531187660992165,-0.14659878425654552,-0.24226868931797546,-0.09267659213349129,-0.3437081023776508,0.49793950186245517,0.9764647008264448,0.8881361861758866,-0.45540473616352944,-0.9825484555924678,-1.1423018338481274,-0.32460501061584907,0.2088827041864358,0.3950117965307519,1.1499530686608408,1.071773348751492,-0.8104569690880713,0.1994680310031203,-0.42921440075625067,-0.8310152579949397,-0.1743586672210345,0.20413850441160555,-0.35080041813699425,2.4301013713265287,2.8904168113723108,-0.023451502266656103,0.5270666652838639,-0.08602139992103093,0.8500257566513167,-0.7077403064550638,0.32109587999306055,-0.45730672612266,1.549978527407545,1.5183623428351665,1.4106704979885274,1.5508041820036604,0.6908864316163799,0.8405205184459077,2.1396766900727795,4.521502114178228,1.554484919151787,2.3938827385881387,0.2133756437344818,0.04750660025410388,0.1252848061763878,0.3046737443737671,1.0351138903238184,-0.07195618600888874,-0.024926122257530013,-0.17755798525346558,0.25942322640840637
48363,Palo Pinto,Texas,-0.23542197777744256,0.10836307767266803,-0.4921789321107641,0.14528096008016814,-0.4183310182300411,0.557098132148439,-0.4923669626376509,-0.15273140391280535,-0.2539166284769131,-0.12406940452718507,0.7462278864656491,0.46509376856752255,-0.3818554544264007,2.211819767277786,-0.5387157802704237,-0.13455816960590955,0.7022890025254759,0.10737215096391405,1.775598446923457,-0.22860109591800665,-0.27676788953118386,-0.4623661137527031,-0.5932481104227428,-0.7507885251163435,-0.730096416543356,2.655799284406293,-0.4605255264637839,1.1271407386051215,-0.6886936094728638,0.1071068618893114,-0.5991889053725619,-0.39530666873948833,-0.23071180891713683,-0.129964086491109,-0.08602139992103093,-0.4517853629387107,-1.0696030090510578,1.2349410210474576,-0.006196454839965763,0.8967034888290549,0.98866088197244,1.3614900975311353,1.0708576782221886,-0.9629665386171495,0.5806567226825207,-1.050865091999788,-0.970622347133925,1.0628398958656597,-0.8697453182628172,-0.3346420207097686,0.47694316303740386,-0.1146360010152266,0.007006295041446424,1.0351138903238184,-0.2568462472689593,-0.0646928017318516,-0.31253545066071553,-0.3331716922088469
48365,Panola,Texas,-0.25298004824484444,0.13123592285048805,-0.33438846578706005,0.04562622327624999,-0.19232073057760382,-0.250700638464861,0.39616578787354984,-0.1695465454557545,-0.2790405565172717,-0.28528369880407306,-0.04943579051328686,-0.03395419435609518,0.07963018894802218,1.5451202076056314,0.10336760463041615,-0.6315129361524626,-1.0517668057242358,-0.5722491958437737,-1.4071454468392568,-0.11228373045820442,-0.21049036845019203,-0.2434967933116761,-0.41264398796001306,-0.8221988482510404,0.8420705168985732,-0.15919060838188503,-0.7521866465180023,1.162595214907583,1.386891183819628,-0.12436164908030276,1.2392961254744745,-0.1395515963449033,0.01593974447087292,-0.2548540125347905,-0.08602139992103093,-0.2829553495724308,-0.4285338105954936,0.5387906638256275,-0.12821515581781703,1.1038394766710153,1.1687593786657673,1.2303423629780863,1.139421464476684,1.0323270448258826,1.4130659546400377,-0.18189639525644646,-0.07023202208928929,1.1767237713161194,0.8226450441685049,0.08021247293494432,0.47694316303740386,0.1252848061763878,0.3046737443737671,0.762951507703092,-0.279772689727061,-0.06498338040507926,-1.2485533663184272,-1.5797201313710247
48367,Parker,Texas,0.09754874338493522,0.23223046038614573,1.1509574009496906,-0.7871464547789294,-0.10232580332166273,0.6486413159356286,-0.5704602296648352,-0.1603798712756153,-0.2984880492593732,-0.2968642110533027,0.23356160561802541,-1.083675771540258,1.8381904593049074,1.074508753719408,-0.7527435752373701,-0.8932574624891143,-0.16153143291437608,0.10065475612787161,0.20355821140844352,-0.07280162883751477,0.07387032413618164,0.11691784886439491,0.19910953293239972,-0.7889128668818252,-0.23013078486905136,3.4742027598422562,-0.12934755917046056,-0.49738425929162466,-0.6800369973718662,-0.20297738395291565,-0.607284160509336,-0.40209404130185067,-0.03508325781776883,-0.34418826479655995,-0.08602139992103093,0.10133436618224155,-0.8809143638255678,0.8126940041502199,-0.06229110115182674,0.928570563881664,0.9992549111896947,1.3123096970737407,1.0937122736403544,-0.9749703101752961,1.1024970279959898,-0.7729433339795295,-0.7756660374376506,1.0739505178608257,-0.5799781122967163,-0.36537198320196956,-0.38192996252919614,-0.5944776153984553,1.197676092370729,-0.0535356401590872,0.10097469424650674,-0.03804502320602292,0.008127698332225835,0.9101473468518745
48369,Parmer,Texas,-0.2927793175661996,1.3269100668544027,-0.08996807080730271,-1.1776508645650874,0.7592810433026058,0.5572511079615634,-0.5696575077913787,-0.09204360455897082,-0.2616432762169867,0.7484617231878083,3.9491948613529857,-0.46416795549714485,-0.35110347343105014,3.211869106786014,-1.252141763493579,0.5775465482593559,-0.14893802151325686,0.03455304521071001,-0.620746992755127,-0.27272729324343903,-0.43714824132957864,-0.5803500193121608,-0.3365229492440524,1.8298129844734585,-0.6996902781533498,0.4577951968956354,-0.8314929861588439,-0.6393997489025706,-0.7125859759399273,0.07471876946152693,-0.6253004725859768,-0.28494603747174413,-0.21945146091612036,-0.41301872452741173,-0.08602139992103093,-0.47988522382677146,1.4850812224754864,-1.2366448209298546,-0.08093719093875106,0.2912290628294783,0.19410869067835043,0.5909971570319834,0.05382818211383261,-1.477794963222103,-1.3778289575830085,-1.0953325732830295,-0.11640588491209106,0.26565276771244734,-1.4967416001377423,0.18524292135813036,1.7652528513873038,-0.8343984225900698,-0.29066115429087425,-0.0535356401590872,-0.348552017101366,-0.06861933024949025,-0.4323041280608882,0.7890448430472587
48371,Pecos,Texas,-0.27456812788041063,0.724487338484815,1.5413956285840502,-1.4350982875678349,3.0129277176273197,0.39428341873510375,-0.378360520055293,-0.1526024762313181,-0.1549063339202355,-0.15420636587824954,4.258264447153122,0.7232220252521526,-0.20310956489092585,2.5451695471138622,-0.46737318194810806,-0.07089660431777278,-0.33768234315893797,0.07360184338871394,-0.8140103214660492,-0.2859388153594898,-0.43130216657846115,-0.5763466576574432,-1.0209927420534077,-0.7832351608130161,-0.8328657595829388,-0.22510893929830095,-0.8313265523493004,-0.6341757107749164,-0.7127453779516705,4.918473232751576,-0.6157632024920172,-0.36253976291973333,-0.07745291608354869,-0.4247951040055444,-0.08602139992103093,-0.6659477341878687,-1.1480523565314729,1.4036720532666693,2.8078886917324657,1.0480720953289488,1.1687593786657673,1.4270639648076573,1.0822849759312707,-1.4404498961523136,-1.5637477708120986,-1.4269858711872045,-1.4836652673872788,1.1767237713161194,-1.978854279029617,0.06484749168884384,1.7652528513873038,-0.8343984225900698,0.007006295041446424,-0.3256980227798136,-0.3341598258766475,-0.07019503176245045,-1.8415116729286263,-1.6346199330957838
48373,Polk,Texas,-0.17050837079837738,-0.6571409566565316,0.6259072466742716,0.2936984188771863,1.814863181524222,0.011979266224377082,0.009841123743348128,0.013601589980782655,-0.30767170728473636,-0.15129667104506053,0.41367147326838993,0.37905101633931104,-0.36421425104290717,2.1922109566991934,0.6027657928866248,-0.5480702013450097,0.22282860774947075,0.5522634518292387,0.20300375015279484,-0.2322186386465361,-0.33086934903887966,-0.2610867870545075,-0.09873877990530174,-0.8221988482510404,-0.20636256606467906,0.1031133355888354,-0.8277067490825615,2.6393431043213815,0.38560603150878336,-0.2289134459848579,0.8508548111154669,-0.2592964514279155,-0.21603566002097704,-0.019429543440983427,-0.08602139992103093,-0.26486261082164614,-0.9029338307098133,0.992201061852968,0.08639359324734064,1.2631748519340618,1.3170757877073298,1.2467358297972186,1.3222582278220074,1.0269920352444841,0.32290564070582733,0.21645812457259084,1.4432445926581043,1.3183842017544942,1.0006270564537179,1.3708708976073847,0.9063797258207039,0.6051264205596165,0.007006295041446424,1.3072762729445448,-0.02670219591608071,-0.061208854221322544,1.3960241234129087,-0.2976482910928259
48375,Potter,Texas,0.022973072273766815,1.3615146606563244,0.4567459666252638,-1.4818046131485136,0.6090856687396865,-0.3211710484465464,0.10716216087349266,-0.13053838242727014,1.50671612449707,0.15552814965305692,2.104533495598307,0.9985588323824247,-1.0010822860314383,2.643213600006826,-0.8954287718820013,2.02845159194471,1.6532211553601848,0.438636556569991,1.3813204026566486,0.04703275387328977,-0.07774335765846066,-0.08606397883947979,-0.636867476118756,-0.6621594174081524,-0.8320922310082064,1.3073818135276871,-0.8292374703894241,-0.63932218241026,-0.7127453779516705,3.0111427415162932,-0.5968220366448028,0.0050696992367453,-0.20084164784900874,-0.4013817639089937,-0.08602139992103093,-0.21652343427683904,-1.0284880885747323,1.0933979276768797,-0.05333293581090424,0.2912290628294783,0.2152967491128598,0.7713252920424222,0.16810115920465915,-1.4457849057337122,-1.0165549000582994,-0.8452029910647968,-0.42936206626663675,0.3295388441846555,-1.3668459560839732,0.5718918728101596,1.7652528513873038,-0.1146360010152266,-0.29066115429087425,0.762951507703092,-0.02396973828433961,-0.04425060311311352,-0.7245056895963066,0.12378842214723675
48377,Presidio,Texas,-0.3012757249766972,0.5470389492004082,-1.8660617559369044,0.42535518626836444,0.5667726133789169,0.4582132281628703,-0.5751655696673291,-0.08913011393749386,0.46575490102931266,-0.4198935449688872,5.1860090544500475,0.8092647774803626,-1.5254447476909976,4.0746567722440945,1.7442473660436733,1.6846496639745896,1.6523253470570984,2.111401134863923,0.3470357878009491,-0.29138860526267096,-0.4625198571271217,-0.6659573518934528,-1.2042552377334315,-0.8180449351159119,-0.8336075343534716,-0.07886339307244729,-0.8226073526382125,-0.6189187472467873,-0.7105498832473802,4.882800442029869,-0.5683665516080421,-0.4017968633738013,-0.23466867114188558,-0.42711923049493383,-0.08602139992103093,-0.7572079267903983,-1.1826625879345507,1.4767208692696305,2.130888191341806,1.127739782960472,1.2852937000555664,1.1975554293398263,1.0937122736403544,-1.4097735910592724,-2.2250271860473854,-1.4992455282724721,-1.2758828846846704,1.1989450153064516,-2.1337298546321883,-0.3500070019558691,4.341872228087103,0.1252848061763878,-1.481330951620157,2.9402505686689033,-0.3420016049704798,-0.07052601837620728,-0.6684405983727075,-1.356891524370532
48379,Rains,Texas,-0.2842594798698407,-1.0687899261699194,-0.5735131798970092,1.2702751104534131,-0.045913989470512125,0.5543652189669066,-0.495459695283203,-0.1318949051427955,-0.28802985070911874,-0.325845119694175,-0.025207993105803475,-0.18883114836687276,0.6819708881315059,2.015731661491859,-0.6814009769150549,-0.7538245775309154,-0.049991665846718415,0.6798623271009258,-0.7110967042473431,-0.24533048339710636,-0.35134719346753257,0.10836262969398779,-0.6340371290218696,-0.8220529165494754,3.688352392215056,-0.47979340323016545,-0.39836770896739226,-0.6294515900263953,0.09066367196233507,-0.41570644984618077,0.6817200884567344,-0.1379797156200493,-0.21050588354916544,0.4334781744871671,-0.08602139992103093,-0.2924568947652896,0.8595091252563675,-0.7093695058145225,-0.5472234729985024,0.9524708701711208,1.031036998841458,1.2467358297972186,1.127994166767602,0.12670916838349014,2.1123742180358196,-0.01329052872415626,-0.21644925436149517,1.0878387953547841,0.6265525815104107,-0.20660051032559795,0.04750660025410388,0.1252848061763878,0.6023411937060877,0.762951507703092,-0.31901901612268485,-0.06077494216051208,0.3238236786016291,0.05597102001665166
48381,Randall,Texas,0.08242156507565569,0.773851719502844,0.39155336011685915,-0.9079350620962173,-0.4444068561013356,0.4526063886811272,-0.42134504391429634,-0.16683102722818388,0.12197145232856102,-0.25905813993215965,0.9555176319270493,-0.9460073679751205,1.0277247458850336,0.2705475199971068,-1.1094565668489478,0.09651576911388121,-0.2685117016462228,-0.46837652981343547,0.01692308977914908,-0.13157440573499946,-0.10309100812110229,-0.07722182796488339,-0.04438466026073358,0.2508690942343961,-0.8289754025279696,3.09535266068968,-0.8251113576516758,-0.6197877626695598,-0.7119808909826539,-0.054631506572031176,-0.6238513464219838,0.06773689446522478,-0.20088053435350903,-0.37981477667494457,-0.08602139992103093,-0.09725927576677638,-0.12808666414944234,0.16651856161763715,-0.05290103756504103,0.30716260035578313,0.19410869067835043,0.6893579579467677,0.06525547982291542,-1.4791287156174526,-1.1644448651268937,-1.1323888076857307,-0.04201466147535453,0.2906516672015718,-1.4286712866672575,-0.2783037561407335,-0.38192996252919614,-1.3142400369732985,0.6023411937060877,-0.3256980227798136,0.05036808166960312,-0.03966501992806239,-0.5451238098424105,0.3143230281331655
48383,Reagan,Texas,-0.3096374082434916,1.5925574664125268,0.7016582469028877,-1.8166304986785164,1.5257382585686932,0.5246319270829495,-0.40967325241948277,-0.08214949070393723,-0.3060632797723189,-0.21339618215327646,4.371571337159919,-0.9632159184207626,0.8005170291559931,1.584337828762817,-0.9667713702043169,0.533801422185781,-2.421696227977079,-2.1110339876088653,-2.886770799702165,-0.2490413926283144,-0.2814083895349433,-0.3222199226508236,-0.741070905014071,-0.4921802593419849,-0.8326990347682433,-0.5195738548349487,-0.8279668011682387,-0.6393997489025706,-0.712625426945019,4.5210887590477995,-0.5278689871412611,-0.3137305515251582,-0.1663402105930655,-0.42279052603416806,-0.08602139992103093,-0.4495200627142896,-0.8613968534498976,1.0315406345736917,0.1358087097912818,0.9843379452237305,1.0522250572759673,1.3778835643502652,1.0137211896767755,-1.2710633419429118,-0.5538705807722683,-1.7938425917739458,-1.6478390018683517,1.0989494173499519,-1.7646513659986416,-0.9236329684769536,1.335816288604004,-1.3142400369732985,0.007006295041446424,-0.8700227880212664,-0.3682219689572557,-0.07020513704962975,-1.7441054903839217,-0.8918579097608071
48385,Real,Texas,-0.3108001361793646,-1.803829143413129,-1.579043092251525,2.448224087823352,-0.2959391232427687,0.6181531851969563,-0.6029449309603081,-0.013178759071996247,-0.42435720844794356,1.3694389571959908,1.298079085007085,0.5511365207957325,-1.0219497017068548,2.0353404720704513,-0.039317592014215016,-0.5971768053381156,-1.091850254841704,-0.7992425800708831,-1.1286351767744736,-0.28874426725032915,-0.45792812224911933,-0.6288964798781367,-0.9734885788351407,-0.8204186928331154,-0.817408462172804,-0.5070089708460874,-0.6972406849038727,1.9973749774260283,-0.7091187243574479,2.9204112921164325,-0.6037122336073343,-0.40501167224033463,-0.11370711334622535,-0.4198423542789179,-0.08602139992103093,-0.6796729566533265,-1.1776700164658593,1.438392591767108,-0.21857124746100304,1.231307776881452,1.2535116124038033,1.2139488961589564,1.2536944415675104,-1.112346806896307,-0.9447226313106963,-0.8637311082661473,-1.7735345173304236,1.2683864027762435,-1.5229705282639843,0.18524292135813036,1.335816288604004,0.1252848061763878,-0.29066115429087425,2.123763420806724,-0.3529688664239064,-0.06985839519138921,2.688395822574625,0.7228421409674027
48387,Red River,Texas,-0.28569751366458535,-0.9821582880774721,-0.4772095839932145,1.142502175487433,-0.6662159042445246,-0.3350411810628053,0.4600419454059855,-0.04777547524996399,-0.46090519127430063,-0.43837532283634956,-0.200149945699373,0.8780989792629307,-0.9882460796784684,1.858861176863117,0.4600805962419936,-0.6084461566389799,0.041343869337346247,0.039888050561780256,0.6510321461507331,-0.2761680590426058,-0.4291182020460501,-0.21102284678547995,-0.9147734673741221,-0.6408837816595321,2.5613328686253145,-0.4135750627002774,-0.2348367142259609,-0.22950205975993956,0.3720450166733101,-0.34676956050718716,1.4586344460623386,-0.07930100632151602,-0.18107680300098628,-0.337716348442641,-0.08602139992103093,-0.508627408701438,0.5279336768363418,-0.2936769995191573,0.047433392861882515,0.8250025699606841,0.8933146190171494,1.0828011616059097,0.9680119988404441,0.538838658546523,2.2095590522237534,0.08676130416313665,1.189288347132694,0.9406230539188264,1.2241974438154934,-0.3295203602944018,0.9063797258207039,0.6051264205596165,0.007006295041446424,1.3072762729445448,-0.3116076926831679,-0.06851110225557354,3.9216221637148427,3.0544690142189372
48389,Reeves,Texas,-0.274120023663311,1.226339983697159,1.6007880010443114,-1.9270238562907038,5.030770122128166,0.3416681146672548,-0.31391740259643114,-0.22392100233217865,-0.08991093879766282,-0.16076274358160153,4.661392793300417,1.3083127404039803,-0.4620989048361434,2.0353404720704513,-1.5375121567828411,-0.10332394420101466,-0.1098804288682354,-0.7174773677627021,0.9331697764495408,-0.23746075024058316,-0.3306860427234561,-0.5136337136713537,-1.001546329119718,-0.7593915097060231,-0.8328297552520639,-0.006237190091959777,-0.8298589310002262,-0.636827793948296,-0.7126919782566181,4.627931300991604,-0.608255469617599,-0.3672775103965216,-0.049063732531274086,-0.40458871381025835,-0.08602139992103093,-0.5986769494926862,-1.1245589994756653,1.3517883110426328,1.2272602562166215,1.0162050202763397,1.2111354955347844,1.6565725002754905,1.0822849759312707,-1.495133744361648,-2.0623482244719313,-1.5900333025590896,-1.578578207634149,1.2156109482992021,-2.229902591095075,3.2556419304623767,2.194689414170604,-0.8343984225900698,0.007006295041446424,-0.59786040540054,-0.3368548525819264,-0.06962468052389667,-1.5896319330066842,-0.9419136113333819
48391,Refugio,Texas,-0.3005611012579239,-0.3002605178795412,-0.725288489793935,0.6378306245851113,-0.2681383626305766,0.32650601726781125,-0.22696747573797083,-0.1529586620367441,-0.300099667411574,-0.6078367291515263,2.9337728410438606,0.6027621721326586,-0.6067293154549013,1.368640912398299,-0.1820027886588462,-0.13397885676653756,0.00012908769111125777,0.4024910602585524,-0.43683544410543546,-0.27764505114257265,-0.40337177800111357,-0.5231674609925873,-0.9200719355616868,-0.21762717813207016,1.5698426653507453,-0.4319840029047306,-0.772812757509264,-0.5795551383659995,-0.31744528973348124,1.3118158595841376,-0.19440049493613298,1.3994971863379169,-0.2031121016613553,0.057769273725973354,-0.08602139992103093,-0.6100366745833301,0.4960486662040688,-0.21889601166900483,-0.13033741443973132,1.7411809777232012,1.7514309856147663,1.7221463675520126,1.8707685178579745,-0.7175560978728194,-1.0186676138449937,-0.8674367317064176,-0.6858835263933136,1.8128068805394137,-1.0964381970681936,0.1852429213581305,1.335816288604004,-0.8343984225900698,-0.29066115429087425,0.762951507703092,-0.34435975333759883,-0.06911431128434528,0.32911930686382884,0.04143871956009779
48395,Robertson,Texas,-0.27090421692883104,0.0618436349031027,-0.2340012533171926,0.05956139676939707,-0.3943703712383425,-0.5531966292920922,0.6992811328512759,-0.18033846589786515,-0.294400581899692,-0.11037506785765742,0.870020551667193,1.0673930341649922,-0.5975998210969066,1.603946639341412,-0.25334538698116177,-0.5553438449856277,-0.2809781986798753,-0.1602089264038427,0.037382284660995656,-0.18055707945733998,-0.23263785324975045,-0.3937397827192181,-0.5674652945788821,-0.5209707315222072,3.517644851289657,-0.4331943951006932,-0.12441587896388316,-0.4179965809863823,0.49889649611924297,-0.40304603657943067,-0.15111373687154206,-0.2919777900583296,-0.0762482078948945,-0.3153505289685251,-0.08602139992103093,-0.39780686895563594,1.078719741179194,-0.8770076078471443,-0.09551747999737605,1.1835071643025386,1.2746996708383125,1.4434574316267896,1.3565401209492551,0.3107669989417378,0.7940408151386354,-0.9378435770715496,-0.5858401569439098,1.3211618572532864,-0.07850598645452003,-0.05295069786459316,0.9063797258207039,-0.354556808206841,0.007006295041446424,0.2186267424616392,-0.3058807609344502,-0.06676246347705399,0.9029429229466803,1.2007933559829524
48397,Rockwall,Texas,-0.013636749384702537,0.613540798594897,1.8173614718445266,-1.4703212328370447,-0.2973441979089033,0.11679066275379549,-0.16384746958744706,-0.20996354447615,0.7210892445567947,0.10573795855471972,0.6361708673300128,-1.6687664866920842,3.4349596153625934,0.6038972998331827,-0.6100583785927393,-1.2568594600450844,-0.180780483548377,0.1500923485178371,0.42106409793349153,1.1051682386688366,2.7426021769478925,1.221297911788655,0.28166799238938467,-0.3900043263713244,0.1521761497441318,1.1773775224180911,-0.5103088458096147,-0.6302635852900209,-0.6757562665135052,-0.3508829943429406,-0.5878800241064005,-0.2669964022872402,-0.22233492439515515,0.7669144051025254,-0.08602139992103093,1.5526424107614356,-0.31515079173540594,-0.3639305657535027,-0.6291947814547569,0.928570563881664,1.0416310280587127,1.394277031169395,1.1737033576039333,-0.3694467226865685,1.9222299772333415,-0.4876103290787309,-0.4627098560831047,1.1183930058414933,0.11821097449229406,-0.2373304728177989,-0.8113665253124961,-1.5541608441649128,0.6023411937060877,-0.8700227880212664,-0.10435265286192874,0.07667107820488998,-1.355779169630542,-0.5834502000717195
48399,Runnels,Texas,-0.2908492477683651,-0.06112602971264953,-0.30363874098717136,0.20753166089363434,0.28367311101351367,0.49144435943938275,-0.5089584724655905,-0.08683867889609742,-0.1117080143921375,-0.4088386827625649,1.7983177715824055,0.46509376856752255,-0.4854374618415433,1.6431642604985952,-0.8240861735596857,0.0603817163358601,-0.3918433400163035,-0.5265534140957323,-0.1675351663240361,-0.2701297921333384,-0.4072011572047416,-0.5793312835500085,-0.5452327680742071,0.5150651260198917,-0.819923206420368,0.08282950541556525,-0.8125281391066044,-0.5819561042106463,-0.7086082875109521,2.473944817512559,-0.6241346526275049,-0.4037777325761376,-0.2499214752627709,-0.37748776357376307,-0.08602139992103093,-0.5268398446936245,0.13614345293017455,0.09509256295627948,0.047195104174509554,0.9524708701711208,0.98866088197244,1.3123096970737407,1.036575785094941,-1.0523279491055741,-0.05104469953904705,-1.5418601978355782,-1.5554912762227482,1.0656175513644521,-1.4061893482733359,-0.21172217074096478,0.9063797258207039,-0.5944776153984553,0.007006295041446424,0.4907891250823656,-0.32899435802486293,-0.06885849778934341,-0.07511674251087366,-0.4284389952018113
48401,Rusk,Texas,-0.1615667879565128,0.20109951231212658,0.8361201105480031,-0.6016716071082514,1.670686362452051,-0.3757695482236517,0.5274369101617847,-0.17515079808859396,-0.35474199932985656,-0.15300536190840652,0.5556214772072301,0.15533986054596688,0.0215583676934094,1.7412083133915603,-0.25334538698116177,-0.7715867357114483,-0.3721035374878085,-0.43753321127778805,0.49565006011976304,-0.15302901753117737,-0.20140513065894006,0.022895822322485947,-0.31254538856780767,-0.8221988482510404,1.5301935449604889,-0.17330539432806372,-0.6302677544007881,0.9384469875936392,1.455088179912635,-0.1778115861092953,0.4160147485119287,-0.2312309943557732,-0.0331744639764938,-0.28095621157827927,-0.08602139992103093,-0.16988036033678655,-0.11716860888796479,0.1872567089187986,-0.041142980147487754,1.095872707907863,1.1475713202312579,1.2139488961589564,1.1737033576039333,0.8055891376164471,1.590533912722351,-0.5913677854062939,-0.04201466147535453,1.173946115817327,0.6377935507073715,0.8535831956553351,0.47694316303740386,-0.1146360010152266,0.3046737443737671,0.2186267424616392,-0.18787976526234326,-0.05876144935675761,-0.6800829636550557,-0.3041070912957392
48403,Sabine,Texas,-0.2900350453346808,-1.5936651810700975,-1.722529794014546,2.3260630007668737,-0.4971648204631303,0.3269345121799187,-0.19314965058800382,-0.1793654093650798,-0.4754855786274649,-0.2679465534104437,-0.3518151668067762,0.5339279703500905,-0.8198652551659801,1.6235554499200047,1.8869325626883042,-2.0583494441660717,0.0313553414329965,0.6269471372230094,1.1822839971573387,-0.26505824113467225,-0.4007000453516907,-0.49006972889360023,-0.22330011127661384,-0.8221988482510404,-0.5654940991150965,-0.18748018341971842,-0.7781255602528355,2.525968888300784,0.18392409389848216,-0.011634595418785108,0.7757177694560902,-0.1877973753351608,-0.1755413234286266,0.7609507389308713,-0.08602139992103093,-0.4054334082800486,-1.0654353859080443,1.21087750827995,-0.31034962470694577,1.231307776881452,1.2852937000555664,1.1975554293398263,1.2765490369856762,1.175038551128292,1.7236348812840858,0.19422438393096997,0.3222458119045266,1.2794970247714113,1.203589000287732,-0.20147884991023113,0.47694316303740386,0.6051264205596165,0.007006295041446424,2.123763420806724,-0.31362896271212704,-0.06706711108705199,0.9677203657762378,-0.20722508825204639
48405,San Augustine,Texas,-0.29678589644850256,-1.1151500309110203,-1.186520255057465,1.6182740823766748,-0.3365504558733264,-0.5771086933703103,0.7695381661380422,-0.18712126932228823,-0.47551298521307883,-0.1569060151688695,-0.14736580425453782,1.3771469421865483,-1.0727453846009605,1.8196435557059314,0.6027657928866248,-0.7319298573541759,-0.6568084889873509,-0.5175692254313025,-0.26358691496087633,-0.22885632334381673,-0.3704773838788075,-0.4920718041865038,-0.4230449934977991,-0.8221988482510404,-0.2424583641751231,-0.17259961063553095,-0.71804124664952,2.5680170443978043,0.3771781228869429,-0.12237906088972149,0.659180011433305,-0.0663748055239193,0.008470677019947467,0.3723372477602268,-0.08602139992103093,-0.4438412681043219,-0.9192666302254855,1.0853511203963515,-0.2989117677130498,1.1914739330656905,1.2641056416210572,1.2303423629780863,1.2879763346947597,1.263066209221367,1.1088351693560718,0.486968635712309,0.314550168100726,1.2683864027762435,1.1598741200773286,0.16215903958081354,0.9063797258207039,0.6051264205596165,0.007006295041446424,2.123763420806724,-0.33019214767165356,-0.0679803990539195,3.101584432017219,2.0178315816514263
48407,San Jacinto,Texas,-0.23638847706922614,-0.5313744646363189,-0.5714299162151885,0.7741271519525158,-0.1186182706822243,0.1458592471421993,-0.013260753346016013,-0.14058614453044072,-0.3859896337889518,-0.0185807987537408,0.2890048535903086,0.396259566784955,-0.8984612780224004,2.1137757143848224,0.4600805962419936,-1.1146562571993677,0.30398777215120554,0.9332587248578348,0.1497169162213799,-0.26630985584586275,-0.37981048293068204,-0.3206275861261976,0.03732753533330062,-0.8221386895434094,0.07947446996904424,-0.14818638139352322,-0.8260507787840553,2.1964534703084846,1.0477183777445085,-0.2953623722747121,0.697207441435099,-0.23060885901785966,-0.216081193618628,0.34594397105523117,-0.08602139992103093,-0.270147566904344,-0.7735376865800505,0.8686811117145229,-0.2724319373287437,1.3269090020392802,1.412422050662621,1.3778835643502652,1.3908220140765026,0.9549694058956042,-0.14400410615359238,0.36838868562366556,1.0969406214870907,1.4044915222170369,0.795791617753543,-0.08880232077216095,0.47694316303740386,0.36520561336800217,0.007006295041446424,1.0351138903238184,-0.2559853359603286,-0.061273815277001015,0.12311009636847756,0.16092652331398563
48409,San Patricio,Texas,-0.12547243258699473,0.9385438076845485,0.3430969141204128,-1.0355305309533218,0.17067684391022084,0.5761342774854147,-0.5441748899420512,-0.19077186136129143,-0.12730064524856644,0.17727559841425342,3.500086785180182,-0.01674564391045318,0.10846017113116328,1.3490321018197062,1.1021639811428334,0.4057276141965766,0.6896639976282015,0.3868226598126708,0.8416240622499618,-0.043022393805755586,0.06387689759351572,-0.11711177351916655,-0.36614648705347574,1.1687951729861428,0.05018842833435361,-0.4016800105010863,-0.7506346427732344,-0.6135292531342786,-0.4533893769165233,0.18190469513205612,-0.44178169585168725,1.8019905820982738,0.18191405828311166,-0.2513055015657909,-0.08602139992103093,-0.12987198346795475,1.1735349706624714,-1.0848652548584226,-0.21705215707900125,1.8208486653547244,1.8467772485700562,1.8532941021050615,1.9393323041124697,-0.989641586524142,-1.2426152752345794,-1.269496874975725,-0.6294488051654448,1.9044695119995396,-1.4118098328718163,-0.22196549157169843,1.7652528513873038,-0.8343984225900698,0.007006295041446424,0.4907891250823656,-0.13991203300102523,-0.05100983761496182,0.15406055714123523,0.8713945456343978
48411,San Saba,Texas,-0.30317650691720494,0.10303983054950107,-1.6445400149748786,0.7240812520906843,1.866842354676409,0.4678954370608193,-0.4029913091521134,-0.07196353621114715,-0.3700571730540909,-0.3749921086686221,1.4990352410541623,1.0673930341649922,-0.6631537091561917,3.7020893712508327,-0.6814009769150549,0.3821735647450862,0.31893478617554294,0.7274450982140723,-0.3566795993676293,-0.28949218096033424,-0.47301180279192545,-0.6786839349182857,-0.69300849044961,-0.6436986582151939,-0.7462482935557732,0.25472486838454755,-0.7204851380668167,0.7622727187491958,-0.6044381527800151,2.89204569160141,-0.6222547223030533,-0.40241747147717005,-0.22182626169876518,-0.3920921430385912,-0.08602139992103093,-0.6250974351326264,-0.9714680795471211,1.2143567067714565,0.10775021685313084,1.127739782960472,1.1475713202312579,1.4762443652650494,1.2536944415675104,-0.9602990338264503,-0.4313331811440043,-1.3862240133442334,-1.6324477142607514,1.248942814284702,-1.4417857507303784,-0.037585716618492686,0.9063797258207039,-0.1146360010152266,0.007006295041446424,0.4907891250823656,-0.34832743154259277,-0.06977708253036721,-0.46966017040138613,-0.8918579097608071
48413,Schleicher,Texas,-0.3127302059771991,0.029533020716909664,0.36265019513270425,-0.20781437565551256,-0.19075079421495364,0.6525395219704487,-0.5359978234303062,-0.11709225332684936,-0.43734504193413737,-0.5515194055489416,3.2209047780415254,0.08650565876339886,-0.16720937279144302,2.5647783576924548,-0.7527435752373701,-0.9212053420237827,-0.03973494996219577,0.3772951754773702,0.04515084851468363,-0.2882345898037461,-0.4537140061661956,-0.6441273728090811,-1.1305781552990477,-0.7439833481698009,-0.8332938592061839,-0.503066474764028,-0.8298062355423879,-0.6353598981798835,-0.7112378663682072,5.166883811145394,-0.6263044260230961,-0.4062617303182623,-0.24265101803153166,-0.42696466866483074,-0.08602139992103093,-0.7263245076170587,-1.1095977315050265,1.3923522995776794,0.23561443719309674,0.9923047139868824,1.0204429696242032,1.2467358297972186,1.0937122736403544,-1.1323530928265513,-0.8454250833360685,-1.1879731592897822,-1.678621577083553,1.0906164508535765,-1.589167346868309,0.1852429213581305,0.9063797258207039,-1.3142400369732985,0.007006295041446424,-0.0535356401590872,-0.36526492576674136,-0.07044380608404628,0.9121003529431113,1.3848691617659683
48415,Scurry,Texas,-0.27199079643565444,0.9000726498038858,0.3404887432370576,-0.9987888832979879,1.8125576178090892,0.3608305273557328,-0.27581793187929854,-0.14027554794570785,-0.30451671917912665,-0.14223512655215656,2.2328421253920343,0.03488000742647284,0.039611427965233474,2.09416690380623,-0.5387157802704237,-0.43967581922602,-0.5910213100334288,-0.44286477013025516,-0.4415035922179788,-0.24212632995336625,-0.32930624899158867,-0.4762575644476611,-0.48794664043889774,0.09130452237633582,-0.82228633887424,1.8713862825743544,-0.8272977949495008,-0.6267106248258206,-0.6675079628368396,1.5449648716902842,-0.6215516479488149,-0.35257133156915216,0.04578413844907308,-0.3921150911831763,-0.08602139992103093,-0.4465030154437947,-0.2821713025956559,0.4671028732599558,-0.06420485717228976,0.8170358011975316,0.8509385021481315,1.4106704979885274,0.8537390217496176,-1.3430859712917913,-0.6066884254396234,-1.4844230345113913,-1.060404858178262,0.954511331412784,-1.5666854084743875,-0.28854707697146714,1.335816288604004,-0.354556808206841,0.007006295041446424,0.2186267424616392,-0.32201349023966136,-0.06703924134309167,-1.0431838802785574,-0.6851763032675966
48417,Shackelford,Texas,-0.3113478191113753,-0.3234591657700711,-0.32947235666372593,0.46207969349873007,-0.540440834158197,0.6448212369480149,-0.5277374788499499,-0.19288958884175691,-0.4414169630983711,-0.47017111342849544,0.10988605502955114,-0.3092910014863668,0.6433936262578742,2.09416690380623,-1.252141763493579,-0.9703174783960824,-0.7762356311427784,-0.5911574589273108,-0.30932584288318254,-0.2826500396410921,-0.41356922404201296,-0.5955766912986993,-0.94229417703054,-0.5899029974393388,-0.8235534847949034,1.9612981405749972,-0.7894009168443437,-0.5922950965597044,-0.7071985075931685,2.638963075108353,-0.6239452632446609,-0.40562442010755745,-0.22335469969223876,-0.39855480856497383,-0.08602139992103093,-0.6451136415052858,-0.9534789259597648,1.2055089293538024,-0.05817317477316491,0.8329693387238359,0.9568787943206767,1.2795227634354809,0.9680119988404441,-0.8749388805240745,0.4222031886804552,-0.9952807403957363,-1.2553611678745362,0.9933985083958676,-0.9259501642476211,0.1852429213581305,-0.38192996252919614,-0.5944776153984553,0.6023411937060877,0.4907891250823656,-0.362307882576227,-0.0701437745131853,1.9550243683015962,2.2874864901230376
48419,Shelby,Texas,-0.24688817392087514,0.6657682625759352,-0.4414351610412733,-0.39351693196155874,-0.2014687758947308,-0.4336863356784652,0.536661882503612,-0.20446809830962917,-0.11190795254596674,-0.2355928330098576,0.6422364774929895,1.1878528872844862,-1.0992415110835616,2.7412576528997894,-0.039317592014215016,-0.25125545013202877,0.14016360792583682,0.4101438880744484,-0.0036801242799214735,-0.20304043015944492,-0.30910500911113414,-0.4013518457144949,-0.23477623268677109,-0.8221988482510404,0.4568814537641619,-0.11740641305408889,-0.7362858458468459,1.7442867991703068,1.1297772623268716,-0.13504777396769016,0.8851180296865757,-0.16368927070831268,-0.18447609649987146,-0.08872780604532514,-0.08602139992103093,-0.3375016365538984,-0.6028260017406918,0.7317906046467576,-0.11839319398516802,1.1038394766710153,1.1581653494485118,1.1647684957015643,1.1508487621857675,1.3097475430586032,1.279964986078303,0.12011191512556796,-0.21644925436149517,1.1656131493209516,0.9793941146372357,0.22361896456521546,1.335816288604004,0.36520561336800217,-0.29066115429087425,1.3072762729445448,-0.28005342167552755,-0.06455540618791243,-0.5212305553183693,-0.38161269373069334
48421,Sherman,Texas,-0.31205951404441595,0.9403876835072047,-0.0334325864658068,-0.8497109441694752,0.9529229632666202,0.603483698902132,-0.5523660639406253,-0.15970884960431386,-0.31736439520678195,-0.8388121841029915,2.4766471797689564,-0.5846278086166387,-0.01708753699494402,3.231477917364607,-1.1094565668489478,-0.11638689460512046,-0.48952303084239546,-0.2525973429045223,-0.6812098718050488,-0.29053064267540546,-0.45254559692900886,-0.613903678983263,-0.812081663362653,1.1217102770220202,-0.8195383170072262,1.6372959634278357,-0.8314953483141345,-0.6393997489025706,-0.7127453779516705,0.36342586054129317,-0.6267619957033421,-0.359164322770787,-0.22692392780570228,-0.4238250817806741,-0.08602139992103093,-0.6293141450844363,0.7336358628787665,-0.441560538982843,-0.05264040931322698,0.1239269188032794,0.0457922816367872,0.5746036902128511,-0.0033083064315806597,-1.3284146949429454,-1.5426206329451566,-1.074951644361544,-1.622186855855684,0.15176889226198773,-1.8352196726240069,0.18524292135813036,0.47694316303740386,-0.8343984225900698,0.3046737443737671,0.2186267424616392,-0.36912031119234867,-0.07020485634539575,-2.155753876819717,-2.1158005482127904
48423,Smith,Texas,0.3607675035378645,0.848287189069474,-0.24898647828166925,-0.6575109129741809,-0.8210975637126692,-0.44396083965645106,0.5512832020550588,-0.22460202794857112,0.02898563641487023,-0.06140126544706229,0.7408999181635555,-0.2748739005950828,0.26194550484902873,1.8196435557059314,-0.46737318194810806,0.6408861261978452,0.7495914083237954,0.4876261522581961,0.6797850476405661,0.21874085901986445,0.3989711659399866,1.0266454931914195,0.08942881747225004,-0.8221988482510404,1.7032381649830877,-0.36409010502592964,-0.5906344837066849,-0.032114153575176566,1.8904065261684022,-0.28432341684897333,0.743510893369942,-0.2483625156328095,-0.08252514449810124,-0.2113573647729746,-0.08602139992103093,0.5433181822783628,-0.03886855087436903,-0.19677949849602946,-0.03274330391759541,1.0560388640921012,1.0840071449277306,1.2631292966163485,1.139421464476684,0.5508424301046696,2.0595563733684648,-0.685861183133182,-0.7115356724059815,1.1433919053306179,0.4623095315770383,0.38239043744158707,0.47694316303740386,-0.8343984225900698,0.007006295041446424,0.4907891250823656,0.478203571132627,-0.01962049845235726,-0.6003654337701748,-0.37353919347705217
48425,Somervell,Texas,-0.29417634836068685,-0.28911028725389193,0.5593598444101954,-0.012219332371959678,-0.2982718569842945,0.5982953838094207,-0.5787148621075492,-0.02074331786362253,-0.18952243933846727,-0.35532751958087205,0.5989964871513089,-0.8771731661925526,0.8357307931082584,1.1725528066123716,-0.25334538698116177,-1.0755143648485788,-0.2913734056696933,0.6208761949049807,-1.238746436182462,-0.1799300603518395,-0.21080913177756236,-0.2244138096537174,-0.3600694208082965,-0.8139383722774921,-0.5729680857270628,3.051259933408993,-0.6247816241517944,1.2320682849080222,-0.689973069098455,-0.3358135184302904,-0.47137731103549807,-0.38499264696424573,0.11638506708046388,-0.17188552787025102,-0.08602139992103093,-0.27638216722708187,-1.0606837762944799,1.1505422315406226,-0.5969513434446205,1.0241717890394921,1.0840071449277306,1.4270639648076573,1.1965579530220973,-0.8709376233380258,0.8468586598059906,-0.19671888901752693,-0.9475354157225241,1.173946115817327,-0.4544539562639873,0.18524292135813036,0.04750660025410388,-0.354556808206841,0.3046737443737671,1.3072762729445448,-0.34042950605906713,-0.06094615982316254,-0.48196682160699544,-0.4332830953539955
48427,Starr,Texas,-0.13161409626841952,2.86103526320548,-1.199129776318826,-2.0386286586480153,-0.5664637682730249,0.7985343662164043,-0.6866761084249228,-0.3493074867899094,-0.5834483593821695,-0.6277598050005965,6.2207985737924005,3.098001986750748,-1.592920634562492,3.8001334241437963,4.241238307324717,-0.43223842738246404,1.3818704801717427,1.8076396037294473,1.1821370351602543,-0.22408682631798393,-0.25946050019333533,-0.44007216152835654,-0.8882199438847896,-0.49197283032116546,0.19958901312848804,0.23316512509861692,-0.8217905017838132,-0.637768734351848,-0.667132304630547,3.105156595911794,-0.4880369851925122,-0.3233340301253793,0.15233842748052875,-0.4046234636292892,-0.08602139992103093,-0.5183071684685083,-0.3940979761945327,0.60692054071176,0.1743519049738375,2.01205111567038,2.2493503588257293,2.39427850713638,2.2364420445486197,-1.3537559904545884,-1.3630399610761492,-1.1416528662864058,-0.6807530971907801,2.240565827353334,-1.5872938520021491,-0.49341349358614023,4.341872228087103,0.1252848061763878,-1.481330951620157,2.123763420806724,-0.19779896077482806,-0.05987751262951478,0.1705293553510367,2.161539886166237
48429,Stephens,Texas,-0.29347929735630957,0.07661167292524548,-0.13218275842731403,-0.004751511933157234,1.1826951466847575,0.5219988199383896,-0.47909967788187163,-0.15440444356983632,-0.2806580480096356,-0.23910461272669178,1.052294469354117,0.43067666767623897,-0.6221739487672983,2.38829906248512,-0.6814009769150549,-1.2984615502629682,0.20310016770503211,1.268881473861513,-0.9243123441230124,-0.2697599102366578,-0.39376192496698,-0.5799213736283646,-0.829963897566182,-0.6650781584220049,-0.8156784674011339,3.0445059437730784,-0.5158349945576306,0.046856818888272964,-0.6972819590397256,0.7932524947774409,-0.6167358387838441,-0.398979115347107,-0.25699967429434095,-0.17438029153648144,-0.08602139992103093,-0.6004777120511607,-1.0239349769241188,1.2547369787957259,-0.05382440622861077,0.8329693387238359,0.9250967066689126,1.2631292966163485,0.9908665942586098,-0.901613928431067,0.7137576912442555,-1.1138606904843802,-1.204056875849201,0.9878431973982846,-0.8797372908823381,-0.21172217074096478,0.47694316303740386,-0.1146360010152266,0.3046737443737671,1.0351138903238184,-0.33786548759640594,-0.06876331233713656,0.6418852254210164,0.8826974459894953
48435,Sutton,Texas,-0.3098512096019771,0.06116277399425672,0.017074575276591515,-0.06485151794029546,0.45886521045405154,0.6854136512758597,-0.6293215113691688,-0.18254580467574733,-0.40990146682906897,-0.6263098719998629,3.8816960974048293,-0.2404567997037988,0.528897411301971,1.7412083133915603,-0.1820027886588462,0.3032658726882435,0.2815981017349923,2.2170312836441197,-2.265059312664506,-0.26954985618916394,-0.3546616397119959,-0.530549695659205,-1.0392679976141788,-0.8212894279727238,-0.8336075343534716,-0.4601675673614428,-0.8255071885757392,-0.6250326194017974,-0.7103191802453823,5.166356251974006,-0.6266566834484115,-0.4062617303182623,-0.21675011206771116,-0.4275625640853641,-0.08602139992103093,-0.628712623318414,-1.1858571981659491,1.4243510902920762,0.34248691347981214,1.0640056328552538,1.136977291014004,1.2631292966163485,1.1737033576039333,-1.1750331694777392,-1.2616296993148273,-1.1249775608051904,-1.6734911478810197,1.168390804819744,-1.7096955165912777,0.1852429213581305,1.335816288604004,-1.3142400369732985,0.007006295041446424,-0.3256980227798136,-0.3618961423851427,-0.07034637031596712,-0.8731490744610452,-0.8918579097608071
48437,Swisher,Texas,-0.2992460764639517,1.0040974534815947,-0.6792912568621744,-0.5867565438534958,1.5488894253940013,0.14793755547104678,-0.051308035141603335,-0.09348164267406865,-0.30944859024420696,0.08324732776163227,2.5382323221573326,1.0501844837193504,-0.7779931381857037,2.839301705792753,-0.1820027886588462,0.06765537922567888,-0.2087313842180955,0.1729124016313403,-0.6974167032929137,-0.2837572804950331,-0.4284515610938083,-0.6083050762451216,-0.4695389757192327,1.10187688058995,-0.832056606098558,2.3750566915237403,-0.8310994535633233,-0.6386852381186979,-0.7127453779516705,-0.4361692657780632,-0.6268783757608254,0.22167874551319142,-0.24104129432587393,-0.4004638333656806,-0.08602139992103093,-0.5254366454197766,0.7084430606675246,-0.4619149002856141,-0.06910466830639367,0.3310629066452399,0.2576728659818777,0.7221448915850299,0.09953737295016307,-1.4631236868732573,-1.2468407028079678,-1.4103105657059891,-0.26005790258303024,0.3295388441846555,-1.5922898383119093,-0.4165885873556378,2.194689414170604,-0.1146360010152266,-0.588328603623195,1.3072762729445448,-0.34866430988075264,-0.06917210702715768,0.6281634756259368,1.2976753590266452
48439,Tarrant,Texas,5.836905630211968,1.2045680353526669,1.2355340420221772,-1.7250628860894843,-0.5247941591996482,-0.7306002956380797,0.5684533093029511,-0.19193258182078737,1.6607539983556847,0.7474841744625402,1.4156080891866287,-0.7395047626274167,0.9890101983819585,1.3882497229768895,-0.46737318194810806,1.3683364334703776,1.1580172986104347,0.45000508357495456,0.9965646021740544,3.8509030071056585,5.268954906043205,3.992603778886355,2.5776117606590807,-0.7843568049040259,-0.5367435018371444,0.7527083576522419,-0.44008975686466767,-0.6335339329343646,-0.6938271215041065,-0.4278736551362958,-0.5899720652500352,-0.31572409749241215,-0.09883753334867577,-0.057496299648095744,-0.08602139992103093,4.466944824958369,-1.015165939156791,-0.941561328922126,-0.06806960182061793,0.9763711764605781,1.0946011741449853,1.4598508984459195,1.2308398461493464,-0.7335611266170149,1.0560173246887166,-0.7785017691399349,-0.6063618737540439,1.173946115817327,-0.4413394922008663,0.8638265164860688,0.47694316303740386,-1.3142400369732985,-0.29066115429087425,-0.0535356401590872,4.7022461914662035,0.4165928836181222,-0.8826507745111529,0.6760158394962842
48441,Taylor,Texas,0.08336170529584518,1.8972059450982566,-1.0938016429978121,-1.2031266373837886,-0.6393406597464227,0.09594931269345527,-0.05317167955283334,-0.16607683466455206,0.42839653088691304,0.40519630892999153,1.0921511614186754,-0.08557984569302073,-0.08627949423448265,1.3098144806625207,-0.7527435752373701,1.6346674652473434,0.6258386487700139,-0.22587153698578577,0.48820403557788317,0.05374435555717225,0.10741672954551645,-0.06689537728460246,-0.009964141285493356,0.009885237444878887,-0.8268120118619137,-0.2886067567601284,-0.7213990473947792,0.04913672126429285,-0.6315581992098399,2.5439633672453787,-0.6211521158365517,-0.40372252902314354,-0.14920871804947455,-0.3846033702866328,-0.08602139992103093,0.017820348148190657,-0.3643866006425568,0.34657064918092395,-0.05547753399725973,0.8568696450132933,0.9039086482344041,1.2467358297972186,0.9565847011313622,-1.0056466152683374,0.1644521067037619,-1.5622411267570637,-1.4964913403936126,0.9795102309019093,-1.3131391032540491,0.14679405833471307,0.47694316303740386,-0.8343984225900698,0.007006295041446424,0.762951507703092,0.08456123299282904,-0.03947442723751179,-0.6326946649520838,-0.10549898505616932
48445,Terry,Texas,-0.2847778749445246,1.4157900617777888,-0.5295609477007176,-1.0406092980846686,1.2176009821724607,0.4307673603103595,-0.3480144458812991,-0.16042765198685438,-0.3645592649021804,-0.2859651216678369,3.319270985228535,1.2222699881757704,-0.8764955773114358,2.839301705792753,-0.25334538698116177,0.24990406005000085,0.24196456746540734,0.07912662741361598,0.3454514463891906,-0.27332970310703414,-0.4374863434436496,-0.5883122373207184,-0.3410397687033632,1.7550162307841588,-0.8185701189072422,0.05237270617516806,-0.8312083884365481,-0.6393997489025706,-0.7127453779516705,0.6264628857414473,-0.6218142952709903,-0.33290643087176536,-0.23153177959651575,-0.40092678176359053,-0.08602139992103093,-0.4840827490353832,1.3576431159853712,-1.1109346171189831,-0.0765437432653143,0.578032738302962,0.5966818009340221,0.9352599602337309,0.4423563042226427,-1.407106086268573,-1.6038893327592887,-1.540007386115443,-0.893665909095922,0.6239703270565736,-1.8695670785036094,0.3721471166108534,2.194689414170604,-0.1146360010152266,-0.588328603623195,0.762951507703092,-0.33837080510364576,-0.06799284209962653,-0.8677643236868118,-0.22014268865787237
48449,Titus,Texas,-0.2249925717833778,1.6341120122555886,-0.6160449971322839,-1.198674505063708,-0.47666263167855616,-0.011128556422452087,0.000785140725834474,0.0025880774146653353,-0.17821848410725494,0.22698261824249563,2.4649476116973856,0.31021681455674494,-0.3979865158860153,2.6039959788496403,0.10336760463041615,0.5681002215480273,0.8183131290505002,1.2167727875870138,0.051806530481123526,-0.07892551033374759,-0.08653949395459513,0.33095567316734686,-0.7286767418275161,-0.8186494491673755,2.82044556898222,-0.4545509148869804,-0.3688104469967346,-0.5032958940747393,0.6248833537872502,-0.36535873190122115,1.376388109113219,0.011847381469807697,-0.06698436522135202,-0.08775258023022309,-0.08602139992103093,-0.1271713907449072,0.47014563189895037,-0.4021813534947839,-0.42299315514097213,0.9126370263553591,0.9462847651034221,1.1647684957015643,1.0594303805131067,0.552176182500019,2.2729404658245795,-0.5098440697203515,0.3838109623349286,1.0211750633837844,0.8519964637383469,-0.23220881240243207,1.335816288604004,-0.354556808206841,-0.588328603623195,0.4907891250823656,-0.2729789765741704,-0.05479372024283176,-0.8334569174413099,-0.2427484893680668
48451,Tom Green,Texas,0.028200954806596238,1.2736778915558087,-0.4491501844054637,-0.9497300823791898,-0.12881277351786452,0.4017994214275503,-0.35965462992055836,-0.1621155387294363,0.060735657134104636,0.537803465121437,2.2233216118717176,-0.2748739005950828,-0.06506886448545741,1.133335185455186,-0.6814009769150549,1.001913466911875,0.6239739895890162,0.0231400856152311,0.6684829248836133,-0.10347228591526066,-0.15228523436622596,-0.3435724865504705,-0.4769923396449091,-0.013434282069711005,-0.8274206396930863,-0.43774097825286007,-0.7980061354794716,-0.6154043061761493,-0.7016683661426981,3.569179777772275,-0.6054084192643127,-0.4026645168117885,-0.17600948865830723,-0.35101209427175506,-0.08602139992103093,-0.3155808677343234,-0.3876229878170909,0.513101814248357,0.40754717165407617,0.9843379452237305,1.031036998841458,1.4598508984459195,1.127994166767602,-1.1416893595939988,-0.6700698390404494,-1.2991418624978859,-1.7940562341405577,1.135058938834244,-1.6072777972411902,-0.22196549157169843,0.47694316303740386,-1.0743192297816841,0.007006295041446424,0.2186267424616392,0.0337674657836144,-0.05470758810928001,0.011029972397617344,0.7842007428950746
48453,Travis,Texas,3.410227994758926,0.6893131951494045,2.859447858644357,-2.0591062236218645,0.219609290432284,-0.2702985638873121,-0.05352576397390155,-0.13856368651970447,2.3178810088518533,0.1982472189607676,1.714955364865439,-0.6362534599535646,1.7138783218437919,0.9176382690906666,-0.9667713702043169,2.374845034533499,1.6896466828840344,0.8825748108189424,0.9522695569184895,1.5764450976998303,2.3198021956809045,1.5539269259623791,1.2534217630813769,-0.5295755287224809,-0.31799715518116894,-0.042205506776180846,-0.6302358175144,1.0082623794507481,-0.581332672960488,0.307698000045314,-0.45751401737701297,-0.38487319310509027,0.08429644230643668,-0.1374911909973533,-0.08602139992103093,1.903817333778859,-0.6653224170046173,-0.17510013982415742,0.021854591576704878,1.295041926986671,1.4018280214453671,1.6401790334563582,1.516522288876413,-0.33610291280282795,0.55530415724219,-1.0916269498427593,-1.1707090860327327,1.4655999431904536,-0.6461749309010412,1.483547426745455,-0.38192996252919614,-2.0340024585481418,0.9000086430384084,-0.0535356401590872,2.174910036738,0.18961909350776396,-1.7390603171699486,-0.7142409041807044
48455,Trinity,Texas,-0.27800066475910873,-1.0956408429588362,-1.0730585204702634,1.543794705909767,-0.902587621429871,0.18753755037320063,-0.07014823257729158,-0.1592105423763318,-0.4013042416635069,-0.3185143928420714,0.06486190725272227,0.5855536216870165,-0.8191788270187624,1.8980787980203024,0.6027657928866248,-0.7105715609046616,-0.1835909807434314,0.2949773785085387,-0.4018403639897674,-0.27158516168132285,-0.4018769786448512,-0.23737743034160597,-0.3812476787493245,-0.8221988482510404,0.41427446649063765,0.03006270483149221,-0.820740925742332,2.9573215739235663,-0.09829462444183625,-0.23924710293684562,0.41418216589709567,-0.26488492719873635,-0.23747474065786214,-0.20557423355065602,-0.08602139992103093,-0.36324276924422616,-0.6221050152972288,0.761647358150626,-0.20825781521064768,1.1675736267762338,1.2429175831865493,1.2631292966163485,1.2422671438584285,0.8656079954071799,0.15177582398359654,-0.18004358353631145,0.27094151987919096,1.248942814284702,0.45544005040111873,0.33629549370328565,0.47694316303740386,0.6051264205596165,0.3046737443737671,1.579438655565271,-0.2980951282303112,-0.06659721979548469,1.9723137900971492,1.174958155171301
48457,Tyler,Texas,-0.25743766012997965,-0.30440070789040174,-0.5008132892764325,0.5298523034262892,1.7713042732729694,0.05225807962577942,0.0836725335649228,-0.22073655231493738,-0.39727669685230094,-0.3389728586245,-0.10869298472697611,0.46509376856752255,-0.512620016471362,1.6235554499200047,1.2448491777874646,-1.5227621462954997,-0.14647424236530782,0.4237113835897051,0.13960023010424533,-0.2663308712700371,-0.4071304236367717,-0.4474161083629253,-0.2161032017403296,-0.8221988482510404,-0.41639920731982644,0.051583388224038046,-0.8282945005143635,2.8738588221051975,0.3779925365766263,-0.1828586966525212,1.3107558046840266,-0.1986119531346292,-0.23703566831976602,-0.3334136559391518,-0.08602139992103093,-0.39099750892218027,-0.9979722155674937,1.1390559499411357,-0.04315354094719606,1.295041926986671,1.338263846141839,1.1647684957015643,1.3108309301129237,1.1683697891515437,0.9482689215673126,0.4072977317465016,2.194852470829268,1.3183842017544942,1.4989766908523137,1.1045445560083096,0.04750660025410388,0.36520561336800217,0.3046737443737671,1.3072762729445448,-0.2827297329175753,-0.06604467136152936,1.1010807469589203,1.2314726569467886
48459,Upshur,Texas,-0.19862471383208183,0.0791250432816508,0.009616785883814644,-0.077685698469488,-0.3398404221767213,0.2459718512626561,-0.11661162274663245,-0.13678643399737614,-0.4155375984710026,-0.2814904782484934,-0.05045885404914405,0.06929710831775686,-0.18148707825357005,1.3294232912411135,-0.1820027886588462,-0.8846904937690904,0.023706451332105995,0.3700216944468128,0.23289330318241677,-0.2174626296215483,-0.22229743833433913,0.25252657907405557,-0.4655644157388777,-0.822135114251177,1.5602825248334082,-0.30714533429008745,-0.5342311374620028,0.1602746121587982,2.988630823197582,-0.23312840657041983,0.47011216721965765,-0.1448466412176648,-0.09806519338465447,-0.30194573181521794,-0.08602139992103093,-0.15236970206218084,-0.10349104912424976,0.16639917234730642,-0.29865858598271605,0.9923047139868824,1.031036998841458,1.1647684957015643,1.0708576782221886,0.5841862399884101,2.403928720599621,-0.5783981033653487,-0.23697097117162935,1.0739505178608257,0.7314682940153783,-0.42171024777100463,0.04750660025410388,0.1252848061763878,0.6023411937060877,1.0351138903238184,-0.21310820969787064,-0.05615063662809474,-0.40325175450355555,-0.30249239124501076
48461,Upton,Texas,-0.3101997351041657,1.2483018297142812,-0.5077360660101317,-0.897174808589663,0.17124086572254493,0.42093234892383374,-0.4394890190962694,0.08205749387061521,-0.34343337527019974,-0.619394975871827,3.203711970610574,-0.11999694658430474,0.2187005315743171,1.701990692234375,-0.6814009769150549,-0.16369679650396163,-2.0689982765994683,-2.4082207629441186,-1.4170655035015096,-0.2717066770940555,-0.38356580376720106,-0.4449565485652247,-0.3691587409392305,-0.682660809384564,-0.8335412228239968,-0.35783296275876664,-0.8315093937100989,-0.6393997489025706,-0.7127453779516705,4.694389325443429,-0.5719313716314197,-0.35188677577384014,-0.1476514482929139,-0.423554750105807,-0.08602139992103093,-0.4258906931236815,-1.0493299275790628,1.2040515268886613,0.18299731641258318,1.0401053265657965,1.1475713202312579,1.5746051661798361,1.11656686905852,-1.4057723338732235,-0.9130319245102831,-1.8253403910162418,-1.722230225305088,1.2017226708052438,-1.962617323522896,0.18524292135813036,1.335816288604004,-0.8343984225900698,0.007006295041446424,-0.59786040540054,-0.36578895873721223,-0.07027254926840149,-1.3498892637721378,-0.8918579097608071
48463,Uvalde,Texas,-0.24259164525103719,1.5029082756868004,-1.1828075072934898,-0.7955413450511344,-0.4344306890674487,0.6462239469122986,-0.6119336702006788,-0.1842937959984909,-0.30317849641910005,-0.28368853449089065,4.522477526220421,0.9125160801542147,-0.7572630081397308,2.5647783576924548,-0.1106601903365306,-0.20946702703923115,0.009259932874494158,0.386457267630554,-0.3299786162167435,-0.2506442055161315,-0.37210390736721954,-0.570475794626019,-0.8756291288449362,-0.3402559097460255,-0.817898233921487,-0.4194946081954655,-0.7815905021670628,0.4245955911585891,-0.681348058474894,3.384734632427401,-0.5893289932862728,-0.4004607664936005,0.07714993377028448,-0.40985724238564786,-0.08602139992103093,-0.5991450594200305,-0.705111135509504,0.9441944177360462,0.42103282205508236,1.4782776085391742,1.6031145765732022,1.6401790334563582,1.5622314797127426,-1.1283518356405025,-1.1602194375535055,-0.884112037187633,-1.1886655882416002,1.59337209613487,-1.4586472045258196,-0.30391205821756767,2.194689414170604,-0.8343984225900698,-0.588328603623195,0.2186267424616392,-0.27546813318390717,-0.067301694366133,-1.4711810474525808,-1.6846756346683585
48465,Val Verde,Texas,-0.1773265839840507,2.063212548724587,-0.8690172042591605,-1.4680119103481821,0.47933070242340015,0.5931994726903028,-0.5462853207074406,-0.21374518470776835,-0.258203236988729,0.38055447418076155,5.20982248760696,1.0846015846106343,-0.7336498798754438,2.309863820170749,-0.46737318194810806,1.0007162613455567,0.6560211626128988,0.7911756751845519,-0.015082495531438082,-0.25914346971195606,-0.4064633253256162,-0.6008945095328946,-1.1688577478741435,-0.8221871594437495,-0.833149698523415,-0.29523121329427676,-0.8175175725560195,-0.6167123540602804,-0.7106498134857139,4.956099937386438,-0.5939675952308683,-0.3850438001106794,-0.08107132364560125,-0.32144380934295874,-0.08602139992103093,-0.7015755397035561,-1.186533963669445,1.4564663717458908,1.6662401440077421,1.295041926986671,1.4653921967488936,1.6401790334563582,1.4822403957491637,-1.2830671135010583,-1.5130426399314378,-0.9007873426688485,-1.9761864708304984,1.473932909686829,-1.8327216794691268,-0.3141553790483013,2.624125976953904,-0.8343984225900698,-0.29066115429087425,0.4907891250823656,-0.2162898384471582,-0.06771583680733702,0.2953277615386413,1.4801364647589328
48467,Van Zandt,Texas,-0.15517031991634506,-0.14254484590707148,-0.06347993907365453,0.16293793203113632,-0.5500691534947197,0.5696784934847041,-0.4791207848436544,-0.15783515912258647,-0.41274799961996195,0.0048584196227345515,0.1357077814110227,-0.15441404747558876,-0.011527469002481094,2.3686902519065276,-0.46737318194810806,-0.7886189540068382,-0.35022655463185576,0.009906738330158761,-0.3028317659550923,-0.21686613495637333,-0.2805542343092191,0.3727039721156494,-0.5047150888562408,-0.8220670340436033,4.395933902328876,-0.47396315518613924,-0.5904286547421844,-0.5760833523962166,0.9631286237811653,-0.4190149872354439,0.14900316037263664,-0.2722005560215106,-0.1841245861660706,-0.27637941406547745,-0.08602139992103093,-0.13905565439420634,1.1796650936244037,-1.0868601961075848,-0.0998364624560086,0.9923047139868824,1.0522250572759673,1.2467358297972186,1.139421464476684,0.117372901616043,1.9518079702470605,-0.46722940015724507,-0.5755792985388426,1.110060039345118,0.3342873823894297,-0.31927703946366814,0.04750660025410388,0.1252848061763878,0.6023411937060877,0.762951507703092,-0.13674911971496875,-0.05711787540388639,-0.16290229597704603,-0.25243668967243643
48469,Victoria,Texas,-0.05121599912068816,0.9306018132597865,-0.30263090816841903,-0.7066299124403946,-0.47770990743322955,0.2883376456106232,-0.2216007475051961,-0.22437205323198353,-0.08745709630898267,-0.11120338130475345,2.735068690394793,-0.03395419435609518,0.1113431693494774,1.6431642604985952,-0.32468798530347687,0.670224632892003,0.654849098818273,-0.11076305275663634,1.120886884840903,-0.07644698616598625,-0.06460405600165232,-0.2930781382467372,-0.24098605605993798,-0.31347649064166694,2.8998845766663974,-0.4949801949178227,-0.7198112259132713,-0.38247638452761706,-0.30724187469673747,0.4391336398732421,0.009397241822616474,0.22065872361416794,-0.14364737230674693,-0.32240038107237906,-0.08602139992103093,-0.20192449415907937,1.0034967247694553,-0.8884430764685857,-0.07806283364731607,1.6854135963811347,1.8044011317010389,1.8696875689241914,1.8707685178579745,-0.46014188557034263,-1.3334619680624302,-0.8748479785869577,-0.2728839755893638,1.8322504690309553,-0.9709140410354643,-0.047829037449226335,1.335816288604004,-0.5944776153984553,0.3046737443737671,0.2186267424616392,-0.04957249198448908,-0.04921713815307955,0.10123057176668972,0.7858154429458024
48471,Walker,Texas,-0.10719388082935413,0.8989865867821897,1.0507799436799048,-1.351525825224122,3.6336782417854403,-0.7811554369692555,0.9267709071007852,-0.22841196062835573,-0.15271009632698743,0.10686693257523712,0.5970860897773784,1.1878528872844862,-0.5630724852918589,1.44707615471267,-0.039317592014215016,2.493920726457081,1.5102466860666803,-0.07125798176008981,1.2050865793242067,-0.16539180428727832,-0.23943591004206552,-0.10255984980219844,-0.37234828595820113,-0.8054251458637961,1.3570234844138414,-0.16251149681250923,-0.8169180394515626,2.3688814292584843,-0.03257451617485519,-0.2725464764208762,0.2756260168928503,-0.2730553656323075,-0.18780173585109233,-0.29088147162268546,-0.08602139992103093,-0.2433458670464242,-0.17900961260927337,0.27909730089069945,-0.14302628704233467,1.247241314407757,1.3594519045763485,1.345096630712003,1.3336855255310893,0.8175929091745937,-0.1271023958600387,-0.15595703117455556,0.17859379423358743,1.3433831012436201,0.3361608772555899,4.290217334366476,1.335816288604004,-0.1146360010152266,0.6023411937060877,0.4907891250823656,-0.18709371580663692,-0.051846456633026616,-1.047876294267067,0.044668119661554144
48473,Waller,Texas,-0.15910660794106368,2.6627872518511593,-1.5279098573403376,-1.692248342184723,-0.11890797599295683,-0.8911771256097836,1.0018201395314332,-0.14579187329519652,-0.11781661510554552,0.0326450042923229,1.5285476698546603,-0.22324824925815678,0.4187256936735389,2.3686902519065276,-0.1106601903365306,0.40488025443508413,1.4557276969626596,0.8953713283565369,1.882638505328902,-0.06833759939200197,-0.12626284940728907,-0.2158335352041103,0.2225899270367605,-0.5538559785959072,4.001749287657931,-0.3677331592176407,-0.6399452141170933,-0.2127527003353094,-0.1891410291989078,-0.3702845460096642,0.01929805351639289,-0.2316043582263928,-0.08298290545952722,-0.3271604714217663,-0.08602139992103093,-0.0659030977802324,1.2653899827827486,-1.2017860905120805,-0.3543511201346355,1.4862443773023266,1.6243026350077117,1.6401790334563582,1.573658777421826,0.27875694145334695,-0.37428990890326086,-0.6098959026076447,0.44794132736659786,1.6044827181300376,-0.07663249158835983,-0.17074888741803015,0.9063797258207039,-0.5944776153984553,0.007006295041446424,-0.0535356401590872,-0.2376628974570783,-0.04857078250428944,-1.5992495903363737,-1.0000428131595975
48475,Ward,Texas,-0.28577073330790226,1.5768108314522398,-0.2527084533193044,-1.326832026297603,0.2925123554631427,0.38003503918047354,-0.2912081444187195,-0.07586743241709838,-0.3525048797573575,-0.23690531841592835,3.261025932683332,-0.3609166528232928,0.3894838546020672,1.8392523662845242,-1.1094565668489478,-0.00024721177401633123,-0.17015851881494096,0.4341280342855607,-0.9288758123617511,-0.24418541174739763,-0.28904484672806674,-0.3800125977518268,-0.5402574953031561,-0.8197141256089164,-0.8336075343534716,-0.2547971370189993,-0.8315503616676112,-0.6393997489025706,-0.7127453779516705,4.830675704310996,-0.6243087018643603,-0.40451691209681906,0.07213667040292153,-0.42151246296123335,-0.08602139992103093,-0.4159824116420027,-1.1843061153708678,1.3310004707225258,-0.11738791358531395,1.0162050202763397,1.2323235539692938,1.8532941021050615,1.1851306553130152,-1.4711262012453548,-1.8341751355089573,-1.8049594620947562,-1.7991866633430913,1.2794970247714113,-2.2773644610377985,-0.49341349358614023,1.335816288604004,-0.8343984225900698,0.007006295041446424,-0.59786040540054,-0.3420203204337109,-0.06788760996573696,-1.327281059569,-0.8159670073765815
48477,Washington,Texas,-0.21581961486863172,0.22291567359709685,-1.3177608745041622,0.4509002000365727,-0.5301971219489235,-0.41981755509689955,0.5223771067832258,-0.27476380912887993,0.02990487308003204,-0.22384534588909835,0.5008972408929425,-0.6706705608448487,0.22769274030286824,1.5451202076056314,-0.39603058362579246,-0.31258138206683306,0.375294873615298,0.15448089183716376,1.0674605408194746,-0.2032015009108847,-0.2410355664087663,-0.3125078914637284,-0.11545445685606166,-0.7728107582498657,4.942833165461046,-0.47293850378409263,-0.47310777129889686,-0.2977518926462349,-0.4186919297991108,-0.4057217442695511,-0.2224273994094191,-0.3377524355825984,-0.14319869310759475,-0.24255473927173526,-0.08602139992103093,-0.25403331659726586,1.4756276727546198,-1.324961573712541,-0.276966868910308,1.3906431521444986,1.5289563720524202,1.6073920998180984,1.4936676934582471,0.26808692229055,0.26374965467838973,-0.8285276855835814,-0.21388403976022802,1.5211530531662873,-0.12784135126340354,-0.12977560409509556,0.04750660025410388,-0.5944776153984553,0.3046737443737671,0.2186267424616392,-0.21638341576331374,-0.05881660247205581,0.21167875466969094,0.02529171905281604
48479,Webb,Texas,0.4893441259881415,2.8088043787513186,-0.5964470984000623,-2.2906559302279708,-0.37806905887332626,0.7404747190184958,-0.6622492443190596,-0.3200197231758121,-0.42027184727272393,-0.4748086862864858,6.151580207631585,1.1018101350562763,-0.21594577124389583,3.6040453183578687,-0.1820027886588462,1.1616559683147958,2.6637290102588946,2.7293737789691956,1.7672305840456903,-0.09134326954064234,-0.17503362914827086,-0.4700946678778639,-1.0447192065257458,-0.8186637205227001,-0.5760764134295587,-0.015159848245748783,-0.8294147183910445,-0.6264563062760526,-0.7017144628060924,4.404936344759111,-0.529838405254277,-0.30057768222006825,0.0691843503733923,-0.39637361952774985,-0.08602139992103093,-0.5180134701389131,-1.0667429454235715,1.2607532580011473,1.7741476867802342,1.7332142089600486,1.9739055991771108,2.2959177062215934,1.985041494948801,-1.2924033802685058,-1.5214934950782146,-1.8846303660605637,-1.2527959532732695,1.9933544879608731,-1.9950912345363383,0.3106871916264515,3.0535625397372037,-0.8343984225900698,-0.8859960529555155,0.762951507703092,0.2419021323767154,-0.05374762954123531,-1.0453358967835984,0.634033638177351
48481,Wharton,Texas,-0.19920168462141932,0.8176168614781758,-0.5107147035519068,-0.49890967457588387,-0.4181396343699904,-0.09726600251625227,0.2361966162705399,-0.2511127353272886,-0.4226679712623742,-0.33677572744117423,2.3585062350117996,0.32742536500238506,-0.3995653006246159,2.702040031742604,-0.39603058362579246,0.5717447265715849,0.804374566739673,1.2722059638082686,-0.04541017871993141,-0.23568702887261506,-0.32100313773771555,-0.3713222843511869,-0.2318569949262062,1.2494290048018526,1.3323762323750132,-0.5040654276046802,-0.694661742301232,-0.45175053727613085,-0.46483662536315523,-0.3933014666870972,-0.22842746234964756,-0.3502721468429061,-0.1948014971960024,-0.3603044571695756,-0.08602139992103093,-0.3368085452236717,1.8330995686721823,-1.6367664454009916,0.07489616408160142,1.6535465213285254,1.7408369563975108,1.8041137016476672,1.76792283847623,0.02667773873226861,-0.6954224044807801,0.16272658468867401,0.6685497830755402,1.7683643925587462,0.024536231184286866,0.2543489270574164,1.335816288604004,-0.5944776153984553,-0.588328603623195,0.4907891250823656,-0.22007036201984112,-0.06294522402687693,-0.11522316207587797,0.23358802559675496
48483,Wheeler,Texas,-0.3061023638641498,0.27830350013543775,-0.7078697843772469,0.09613597821417433,0.07787554045434586,0.49207351852930303,-0.45223885711257256,-0.06458655182788978,-0.27955685575464173,-0.6007557964937855,1.106892777417408,-0.49858505638843054,0.19371454701559482,2.8196928952141604,-0.6814009769150549,0.6190526506317182,-0.6715088558450132,-1.6611869272408644,0.17625866588101674,-0.2556436178874203,-0.29650427192867007,-0.5399284213056528,-0.9061834151673737,-0.43238083556876256,-0.8320807562041516,3.490201658210624,-0.7707378646902491,-0.6379148253108463,-0.6558632419234333,0.9625024205899189,-0.5597372283641252,-0.2621619458339194,0.03991822106387644,-0.4202076495239543,-0.08602139992103093,-0.5753075961831614,-0.8022370574061941,1.0283308553295114,-0.0584933751968222,0.2912290628294783,0.34242509971991364,0.918866493414601,0.32808332713181615,-1.3390847141057427,0.34825820614615766,-0.8581726731057423,-1.0065353515516597,0.4267567866423644,-1.0583438014562707,-0.30391205821756767,0.47694316303740386,-0.1146360010152266,0.3046737443737671,1.0351138903238184,-0.35590719415118965,-0.06973400358597766,-1.1208888301626043,-1.356891524370532
48485,Wichita,Texas,0.06636303290338469,1.277059732705936,-0.3563139983152822,-0.9990797606535766,0.7416861063806885,-0.08668966978145783,0.12137230225567171,-0.11737632636803091,0.3815854742766878,0.5690288918732964,0.722575526852699,-0.10278839613866274,-0.2874029413692527,1.3294232912411135,-0.5387157802704237,1.3936691006560094,0.869706066304788,0.21080324008794676,0.6866585294101287,0.34883062403325044,0.6688798958577161,0.11995658907891527,-0.432579399860439,0.2519309602375214,-0.8259436641980406,2.7666555177372194,-0.7673494225510856,-0.6390606386870057,-0.712299466487404,-0.06373450208449095,-0.6250109019194919,-0.34724108167608886,0.7455265089940775,-0.31635392178785954,-0.08602139992103093,0.19760243672019892,-0.12566930838868756,0.036866864936410094,-0.2687905883248276,0.6338001196450279,0.829750443713622,1.4106704979885274,0.8994482125859489,-0.9029476808264166,0.3672726302264055,-1.2491159460542391,-0.8705789776845209,0.8961805659381588,-0.9471831060641029,-0.20147884991023113,0.47694316303740386,-0.354556808206841,0.3046737443737671,1.0351138903238184,0.08128602692738594,-0.0271705198733363,-0.03759303196245564,0.6840893397499254
48487,Wilbarger,Texas,-0.28351263950800787,0.19180008327274792,0.03701428554597436,-0.19513546733923987,-0.3980972583689806,0.026959672066186456,-0.08100305382366375,-0.06994680477711095,0.5646024222189231,-0.11614788770021753,1.4394522231771247,0.06929710831775686,-0.9027857753498716,1.9569052297560805,-0.25334538698116177,1.3443063265216069,0.32885394672761203,0.9508558426218583,-0.860201782217702,-0.23909155165811785,-0.33676502241552325,-0.5321764389566088,-0.7298493044814035,0.6376222931960911,-0.8105799456083499,1.5617798500413769,-0.8052777234130443,-0.6389609428149499,-0.6950024401856357,0.9324843479464566,-0.5905210768172456,-0.239495699705851,0.32668864588404334,-0.35725172650403236,-0.08602139992103093,-0.5332261188611946,0.26104404189596614,-0.023581239151231545,-0.011721773778423296,0.6178665821187236,0.7767802976273495,1.4598508984459195,0.8880209148768669,-1.2030419697800812,0.3757234853731825,-1.239851887453564,-1.1322308670137313,0.8822922884442004,-1.1457735618770772,0.18524292135813036,1.335816288604004,0.1252848061763878,-0.29066115429087425,1.579438655565271,-0.3245026468493981,-0.06815829610819595,-0.8687915327825123,-1.03395151422489
48489,Willacy,Texas,-0.25835729885004044,1.6866430006327418,-0.3900269800251872,-1.3596312351139022,2.391014833529117,0.5859914012492696,-0.5188390519797119,-0.2913888926656916,-0.34384470986533067,-0.4631174886720138,5.658621707752997,2.7538309778379073,-1.3660561319070603,2.2706461990135622,3.099756734167668,0.13629828844395145,0.7431529028622985,0.3299252096640968,1.2590516003617709,-0.2585389080168983,-0.4042718770029068,-0.5183860814201665,-0.7361064083028184,0.627168276625929,-0.5743297787985782,0.24081883526665324,-0.8270180593518281,-0.5948947415634791,-0.6530245028492088,0.1912030425827342,-0.5726375285066939,2.4374405329541413,1.509651503908013,1.2385007689790715,-0.08602139992103093,-0.5545430878712581,0.35765035753320373,-0.10830068486621398,-0.15596834137527163,2.099685572065056,2.1751921543049475,2.099196104392025,2.167878258294123,-1.2617270751754643,-1.637692753346396,-0.33197414458738617,-0.19079710834882713,2.1850127173775,-1.2332033222978833,2.303013093204147,3.912435665303804,-0.1146360010152266,-0.8859960529555155,1.579438655565271,-0.3100543092349863,-0.0651924474650478,1.7241128339479719,4.179914949576499
48491,Williamson,Texas,1.408687038689891,0.5578114782174202,2.324488516807808,-1.6715370772663538,-0.3377033460043418,-0.19100798894377202,-0.14162829357979523,-0.19333652512290983,2.548909533243178,0.5600166859713426,1.0815016410937501,-1.5655151840182324,2.5356014568780347,0.11367703536836492,-0.8240861735596857,0.3970345601343788,0.37070054069396086,0.10774913837069625,0.4957548340789362,0.40755559328195884,0.9326575659487873,0.34096554096128584,0.5323976263708693,0.008770732333228202,-0.06581699802741556,1.2378581777458917,-0.6331178547491065,0.16297126478547302,-0.6704628199384163,-0.11895500058575156,-0.4000846405848549,-0.3815712842896104,0.4763194011364486,-0.33116613231880393,-0.08602139992103093,0.6279980134714501,-0.02114530407680244,-0.2505694763425329,0.10475671521800947,1.247241314407757,1.295887729272822,1.5582116993607038,1.4251039072037504,-0.3587767035237715,0.4602320368409508,-0.9378435770715496,-1.168143871431466,1.3850479337254955,-0.6324359685491998,-0.02734239578775903,-0.8113665253124961,-2.0340024585481418,0.007006295041446424,-0.59786040540054,1.0967683463838258,0.03801928299219325,-1.4000795326018822,-0.559229699310796
48493,Wilson,Texas,-0.1713372171607251,0.11798772005352401,1.0245887489458552,-0.6189630193292572,0.0653708319871264,0.6339145517977703,-0.5665840930828789,-0.18158261071978007,-0.3480521732334917,-0.147486863130507,2.1850702437141925,-1.0664672210946144,1.454065268121913,0.9372470796692594,-0.8240861735596857,-1.5748966685288277,-0.3983182267647431,0.12465535780658495,0.0013816229000075215,-0.25028866465106403,-0.3625992386382198,-0.33343700394887466,-0.16790872831859427,-0.5912149906980925,2.9311883102351097,-0.5109573315705671,-0.44965401484110845,-0.6364796636913946,-0.5181397138322718,1.3634367127419336,-0.49769992443710387,-0.3737755624131353,-0.02870867609779743,-0.39984363906167747,-0.08602139992103093,-0.3219168052427583,0.7441927930462443,-0.5845377426021214,-0.138074350257868,1.5260782211180883,1.6137086057904577,1.787720234828537,1.676504456803569,-1.0096478724543863,-0.9785260518978037,-1.1898259710099173,-1.224578592659335,1.6655911391034544,-1.4611451976806997,-0.32439869987903497,0.47694316303740386,-1.3142400369732985,0.6023411937060877,-0.59786040540054,-0.20698825322129982,-0.057671644608595196,-0.3766402591053394,0.3272406285389909
48495,Winkler,Texas,-0.2974507308098203,1.691584551373102,0.3715747906543966,-1.7434748673139635,0.7309310731645573,0.45355459822294625,-0.450566745259262,-0.0685533036970365,-0.29035377911833365,-0.6384604411563243,3.7415910822382408,-0.3437081023776508,0.6295964204987995,1.8000347451273386,-0.7527435752373701,-0.984199259096735,-1.1300409442105985,-0.977387396013943,-0.6033427247669257,-0.26628030492272814,-0.39962839825986246,-0.5830846514922022,-0.7828409835152602,-0.8111473572100921,-0.8336075343534716,-0.35269133532551417,-0.8315503616676112,-0.6393997489025706,-0.7127453779516705,4.931897643767075,-0.6257284731303898,-0.4017505095930726,1.2896716030553697,-0.42677938014821803,-0.08602139992103093,-0.5897621357905953,-1.175871057201624,1.3978261493584392,-0.11389549501100583,0.9206037951185116,1.0840071449277306,1.6565725002754905,1.036575785094941,-1.4657911916639565,-1.8067098562819326,-1.8012538386544863,-1.7324910837101553,1.1378365943330349,-2.249262038045397,-0.4370752290171051,1.7652528513873038,-0.5944776153984553,0.007006295041446424,-0.59786040540054,-0.35615049517319397,-0.06889668455138885,-1.3971179504556717,-0.5931384003760887
48497,Wise,Texas,-0.11594216381286197,0.3510182580386243,1.0385267028243474,-0.8405908870340132,0.023381921772852934,0.6416252162740426,-0.5834882245074063,-0.12068541937310308,-0.3338978087901393,-0.2884632605766112,0.7315908680752935,-1.0664672210946144,1.012211469757915,1.917687608598895,-0.5387157802704237,-0.7816664267684061,0.28254238437196416,0.7441916586103963,0.20515020618210877,-0.11776390947107977,0.014162769819516885,-0.06565487442816959,-0.12611068760673919,-0.7405358817901682,-0.02811437528860676,3.507987449738881,-0.051821170919963466,-0.6338188351152884,-0.7060183300847616,-0.4064100130567344,-0.618263544788777,-0.37812088012928646,0.3001569280604369,-0.212483850335233,-0.08602139992103093,-0.07742822845071679,-0.7418718011882499,0.754691602493096,-0.05285635843615858,0.8329693387238359,0.9568787943206767,1.3123096970737407,1.0708576782221886,-0.9349577383148076,0.5700931537490495,-0.9063457778292537,-0.5242750065135072,1.0239527188825768,-0.7023797768858452,-0.411466926940271,0.04750660025410388,-0.5944776153984553,0.3046737443737671,0.2186267424616392,-0.15553944479899656,-0.05502279410305658,-0.18340083720877048,0.8520181450256591
48499,Wood,Texas,-0.18753633104816464,-0.9199203789419333,-1.56636316334842,1.627581234228161,-0.18707411671869817,0.39727278699072494,-0.29768313404098445,-0.16949766064610072,-0.4074448925895927,-0.22210330671104886,0.04162057432364518,-0.03395419435609518,0.08395468627549335,2.0353404720704513,-0.039317592014215016,-1.0636787935900691,0.03274645403194057,0.19923608163389833,0.8292880318595777,-0.2033384650168722,-0.2620868974717618,0.38184990292215937,-0.45789898911949745,-0.8221445552054886,1.9329680096768544,-0.3740708337676915,-0.44389763199614957,-0.3414567735454142,2.4243238828674705,-0.3347371817077388,0.7413535808827958,-0.25234875848627075,-0.1666850685800124,0.122373470617442,-0.08602139992103093,-0.11477065349013048,0.06513416725871903,-0.013774537164359089,-0.2219221821271836,0.9923047139868824,1.031036998841458,1.2139488961589564,1.11656686905852,0.43080471452320374,2.5454805443081323,-0.3708831907102222,-0.3164926238108988,1.0933941063523689,0.7520767375431396,0.008509227119808753,0.04750660025410388,-0.1146360010152266,0.6023411937060877,1.0351138903238184,-0.10717868780982535,-0.057195442284386395,0.36476512043471354,-0.7239291044850734
48501,Yoakum,Texas,-0.295391794439748,2.4362223946969657,-1.061767137340715,-1.7156658004827456,0.38199071781047983,0.6154189504001508,-0.5749731216834343,-0.10909652713877512,-0.3987512694766849,-0.5625323503483387,4.149129153658609,-0.6706705608448487,0.47460094485705523,2.8196928952141604,-0.7527435752373701,-0.7905860488821743,-1.4922048105372074,-1.1174904124081144,-1.6193483980492047,-0.27123593189972334,-0.4132474327986031,-0.5647609896536867,-0.16412250504366693,0.8466496410560199,-0.8336075343534716,-0.4789337049204493,-0.8315503616676112,-0.6393997489025706,-0.7127453779516705,2.483653961759746,-0.6264755603220545,-0.40553236179834995,-0.20453733286488468,-0.4270295740456828,-0.08602139992103093,-0.42007783772331375,0.4564380542588433,-0.26239721920130227,-0.14422517700067924,0.5222653569608955,0.5013355379787315,0.7877187588615544,0.3623652202590638,-1.4457849057337122,-1.8193861390020978,-1.43995555322815,-0.9218832697098563,0.5350853510952409,-1.9245229279109732,0.1852429213581305,1.335816288604004,-0.5944776153984553,-0.29066115429087425,-1.1421851706419928,-0.35334317568852847,-0.06861137929100751,-0.7335490109972156,0.6033543372135148
48503,Young,Texas,-0.26816287348304485,-0.06247101983596607,-0.45591196871422335,0.28460551990649685,-0.17892216157520063,0.6144465882127326,-0.5613537174410363,-0.13464652772830601,-0.316797244456652,-0.39327707555136027,0.6881793933315975,-0.15441404747558876,-0.2113467026575376,2.2902550095921566,-0.6814009769150549,-0.4885927465603316,-1.250303214183314,-0.7273175055886486,-1.7577652646664756,-0.24176994993886305,-0.3407861587796959,-0.4870923835457613,-0.6392850785504887,-0.32680280277013785,-0.8206280676056218,3.5437571019862046,-0.3870769331403381,-0.42717956752886105,-0.7074410535632245,0.07328631831117993,-0.5629468608349628,-0.3626952778471125,-0.2094872145700039,-0.32096734552947265,-0.08602139992103093,-0.4948205327121893,-0.6931000722444707,0.8874766835299587,-0.04680233647259255,0.8090690324343792,0.8933146190171494,1.328703163892873,0.9680119988404441,-0.8282575466868379,0.441217612760703,-0.9693413763138456,-1.1168395794061308,0.9767325754031178,-0.8560063559109763,-0.6829149289547128,0.04750660025410388,-0.354556808206841,0.3046737443737671,0.2186267424616392,-0.2954001015250323,-0.06684217556896696,0.1279992877996354,-0.10388428500544086
48505,Zapata,Texas,-0.27938305162493254,2.586086635679996,-1.4361877941755696,-1.6672647506793061,-0.1434929357347386,0.7878005143811878,-0.6733323549116886,-0.3407154086255249,-0.5842870278087099,-0.7539251613403289,6.102766468645197,2.6849967760553395,-1.3490327138560627,3.427566023150534,0.745450989531256,-0.39492480034191235,1.2184175336581222,0.807496113145603,2.374624876676644,-0.2603348875846769,-0.2982725818555585,-0.45456878252958843,-1.1389685843765676,-0.8051587641581724,-0.1809387254864454,1.0542535499040449,-0.8286207805301761,-0.6386556398206611,-0.7082088680694734,3.0062099397787003,-0.461273260151159,0.09788488710302708,0.07234590109905009,-0.19436403580943099,-0.08602139992103093,-0.6108584705971647,-0.8746518291966022,1.114082492967728,0.0473589276470784,1.9244166592757044,2.22816230039122,2.4926393080511646,2.2250147468395363,-1.3190784281754984,-1.2912076923285463,-1.6863795120061125,-1.0244918537605272,2.218344583363,-1.8171092222511254,-0.3500070019558691,3.482999102520504,-0.354556808206841,-1.1836635022878363,1.579438655565271,-0.33934400919166313,-0.06808428198885419,0.8642732236569902,3.8989571407497916
48507,Zavala,Texas,-0.28623348145366534,2.235617370935832,-1.4936290368213134,-1.3157774554936608,0.3922589631744821,0.6869131064013358,-0.6162116223182562,-0.22483578432465212,-0.5608516054439626,-0.09333110002221517,6.054995231141459,2.5989540238271296,-1.5914104926386132,1.976514040334671,3.2424419308122996,-0.04724165336835185,0.46746074438736174,-0.28477843230968997,1.6602352736962063,-0.2802223840197024,-0.4074204742167113,-0.5918941557772891,-1.073858227654249,-0.3976115884039654,-0.8124543795917724,-0.3488901263278741,-0.8174674385268338,-0.6375315085488559,-0.6854333846979235,4.2896787228981195,-0.42782325302643687,-0.3349837571549794,-0.20158185238308265,-0.4070206020505025,-0.08602139992103093,-0.6773224562351557,-0.759121735014674,1.0304564046799933,0.22929978697771666,1.5738788336970022,1.8361832193528023,2.0828026375728923,1.8250593270216433,-1.2657283323615134,-1.6144529016927598,-1.6493232776034115,-1.3169263183049387,1.8266951580333723,-1.9463803680161749,-0.38073696444807004,4.341872228087103,-0.1146360010152266,-1.481330951620157,2.3959258034274504,-0.33881997622119225,-0.06898684223357031,-1.0329644291930902,-0.5931384003760887
49001,Beaver,Utah,-0.3012581522623011,1.9465437705019144,-1.291485448372092,-1.1501306083673104,0.3369062582629251,0.6289633026430884,-0.6569454741501828,0.011704715787517465,-0.22896958347886354,1.4332840721605338,0.1898274184473254,-0.9632159184207626,0.17758348555598016,0.2705475199971068,-0.6814009769150549,-0.3106304341320942,-0.6364284349346819,-0.9935374446652981,0.2276462637894317,-0.2822971883562115,-0.42004708804913593,-0.6085992086084274,-1.1141477780348898,-0.7587425747720083,-0.7916938760251488,-0.0292280885956497,-0.7884448059962054,1.514670797707126,-0.5834035837552803,2.866823780193892,-0.6256343203588136,-0.40119342059172414,-0.12478894993101791,-0.4204605378340976,-0.08602139992103093,-0.6982699679376917,-1.1053066820802195,1.3760683846433557,1.1889702427643993,-0.5452816573015156,-0.8970763186988656,-0.7532671221367492,-0.9289194208672759,-1.1550268835474948,-0.96162434160425,-1.9717125169069114,-1.6632302894759523,-0.7787456998332257,-1.894547010052411,-0.560763328048214,-0.8113665253124961,-2.0340024585481418,-2.374333299617119,-0.3256980227798136,-0.3539607859751549,-0.07034789521941155,-1.2312185790138792,-1.059786715036541
49003,Box Elder,Utah,-0.15676357935492163,1.9074927035648115,-0.6013712159361376,-1.4578426425078388,0.42599089410697405,0.6856248496979199,-0.6542807767840666,-0.13512501825910617,-0.12595475466849337,0.7145787315629192,-0.005894384846759073,-1.2041356246597503,0.9375280873406351,-0.3373256079392697,-0.9667713702043169,-0.7613522174958911,-0.6509266688957533,-0.34364808760878557,-0.5583899714421813,-0.2651009249171277,-0.4319413887674556,-0.6429597293963475,-1.1582481711474628,-0.6115009444395484,-0.7684025726554801,-0.007653050294753973,-0.8045356456137166,-0.4295385835780185,-0.7040007363986025,2.200038544825839,-0.6109423619257088,0.1463918735722891,16.22300205811304,0.5961109774674603,-0.08602139992103093,-0.7220598698779267,-0.9497898654659912,1.2351425633986624,4.269432355733736,-0.7763179514329328,-0.844106172612593,-0.704086721679357,-1.2031745658852593,-1.0923405209660626,-1.2003609995006952,-2.097703713876095,-1.524708701007547,-0.9037401972788515,-1.9445068731500148,-0.5804817206473762,-0.8113665253124961,-2.273923265739756,-2.374333299617119,-0.59786040540054,-0.21917201978474815,-0.0691468890696589,-1.0076856867469488,-0.15232528652728727
49005,Cache,Utah,0.05482068833090247,3.982753106954031,-2.633245435965373,-2.357830761300649,-0.008777096680515677,0.5422430371691551,-0.6192352928274755,-0.16255575056728155,0.4239895143319688,2.5137050196229525,0.08312539170778716,-0.2404567997037988,0.5119426360656951,-0.47458728198941663,-1.3234843618158942,1.065038656098037,0.6203705704273904,-0.25811799704739646,0.8859264198367561,-0.15683563400149017,-0.2302047911020802,-0.29419835274400785,-0.5406473954049789,-0.0994956161228848,-0.6250023988380053,-0.4812082072522019,0.2692628452738993,0.5622229713506643,-0.4932468834110743,1.275485960626689,-0.5815451027641806,-0.0241984862910795,-0.2511837520701914,-0.3614036992314641,-0.08602139992103093,-0.35054235481651874,-0.38076999280470775,0.5215332121649972,0.13346305552495558,-0.9595536329854363,-1.3208374873890467,-1.6713012640080787,-1.6602664742485655,-0.248075254709753,0.2616369408916952,-2.018032809910288,-0.3626664866337006,-1.367608665577062,-0.8072954893908126,-0.6829149289547128,-0.8113665253124961,-2.5138440729313705,-2.9696681982817603,-0.3256980227798136,-0.112362871124841,-0.048008406574702255,-1.4728549918330591,-0.10549898505616932
49007,Carbon,Utah,-0.26097856208078685,0.8247831254120368,-0.9346263241500331,-0.29439637173500194,-0.1721080332076078,0.6625337878376868,-0.6414850539567648,-0.04835983718238656,-0.28432678175551923,1.1022146526180963,0.26203869231723786,0.32742536500238506,-0.24793332290423808,-0.35693441851786023,-0.25334538698116177,-0.2652081178417275,0.14686788914289045,-0.26578799677553977,1.081413001104792,-0.27090792408589665,-0.393885658846336,-0.586751957589609,-0.6995743715078889,-0.79589031762326,-0.7867679005918647,-0.45892318572355834,-0.3424089501175692,1.7668530142462153,-0.5761857227048718,2.4254684491603804,-0.5991638394341646,-0.3883769997494506,0.15237684507578647,-0.39691298888434323,-0.08602139992103093,-0.5675937561969459,-1.139654366068588,1.353044706176468,0.3654594322468494,-1.0631216269064165,-1.3102434581717928,-1.3434319276254598,-1.306020245267003,-0.9282889763380594,-1.033456610351853,-2.056941856033124,-1.701708508494954,-1.2592801011241863,-1.8477096383984077,-0.4370752290171051,-0.38192996252919614,-1.7940816513565272,-2.0766658502847983,0.4907891250823656,-0.29324782325345544,-0.06800603771377053,-0.5079804512484002,-0.5624590994122525
49011,Davis,Utah,0.7202173765093799,2.180630648359911,0.2034744466787056,-2.110306637148684,0.21056003260436357,0.5326308057816709,-0.5731616675429818,-0.2242646820630523,0.5176809867267766,4.2422527739646725,0.027859232792363353,-1.5483066335725904,2.188886599718402,-0.7295018195111219,-1.1094565668489478,-0.6671034440165023,-0.5976101289077445,-0.7125042665330942,0.21986353856968502,0.5367703327945932,0.9593716711158246,0.5220925675888309,-0.27156064347986575,-0.7568338020496085,-0.594343621128851,0.2807296302519395,-0.46276128939596434,-0.4628668896294328,-0.6967363368958603,-0.16926497288147863,-0.5767633760053196,1.9389300540627796,6.2953856358384215,2.6589377193224646,-0.08602139992103093,0.5065233070823011,-1.014129267854368,0.7672749382613481,-0.2675023401087183,-0.529348119775211,-0.7381658804400477,-0.5073651198497859,-0.9746286117036063,-0.37211422747726763,0.6250237122030988,-1.993946257548532,-1.0578396435769952,-0.7009713458670583,-0.9190806830717007,-0.5446300977398085,-0.8113665253124961,-2.993685687314599,-2.374333299617119,-1.1421851706419928,0.38400864469048357,0.046322603259038274,-1.3103812866937268,0.1657706234661699
49013,Duchesne,Utah,-0.2625161745904425,2.002941728820687,-0.5341670757365289,-1.5792468247449813,0.23138440809576624,0.45686382279278176,-0.6502082691383673,0.5380747415997574,-0.3649752945780126,1.8576159904179945,-0.10537048688873356,-0.051162744801737194,0.25501258056213055,0.5842884892545901,-0.039317592014215016,-0.44135443120368695,0.07378048571597837,0.3452255862187715,0.06620115056983422,-0.28635127887571815,-0.45419339025358024,-0.6203323170896039,-0.8286513496048569,-0.7778489401220706,-0.46706690895447395,-0.162232091213783,-0.6596678188658408,1.8358887855753825,-0.6326735057706819,2.013114155758309,-0.5481901779111371,-0.30446549581399146,3.107888621147802,-0.3864052319245794,-0.07733453261358272,-0.6356551609681564,-0.9772305316010671,1.2245172005129619,1.6844915681562054,-1.1905899271168539,-1.6068762762549194,-1.9827771335715652,-1.7174029627939789,-0.873605128128725,-0.7228876837078045,-1.949478776265291,-1.3887523271404083,-1.5898211054803966,-1.6178942681494313,-0.6163333435549441,-0.38192996252919614,-1.5541608441649128,-2.0766658502847983,0.2186267424616392,-0.32023552123270654,-0.06960869620981912,-1.5815494085245307,-1.2470919209210134
49015,Emery,Utah,-0.2915873017729999,0.9102872469111261,-0.8995202199457433,-0.3906531202637769,0.3817453044792774,0.7166796167605128,-0.6643675609903436,-0.17201067275059936,-0.3733535678387064,0.5637200555869748,-0.23710757883362787,-0.6190449095079227,0.4235993335187842,-0.376543229096453,-0.039317592014215016,-0.6588421602695612,-1.4763006130457572,-1.2765101558001866,-1.3423422364538835,-0.28874490255557295,-0.4574460409399134,-0.6624781476728222,-1.111808631251039,-0.7802020952261687,-0.7732346155015833,-0.38888551431546897,-0.7730122503237762,-0.06585964517548328,-0.6869337828186554,4.051974867885785,-0.5886749890516607,-0.37643860820158515,5.61455698614047,-0.4094909758859738,-0.08602139992103093,-0.7287535895809868,-1.1180837374486685,1.4016512866782609,2.5891620162886455,-0.704617032564562,-0.5792554421812298,-0.24506965074369283,-0.6660915735583751,-1.2270495128963743,-1.637692753346396,-2.1199374545177156,-2.1044472008938366,-0.600975747910558,-2.2854829387911595,-0.560763328048214,-0.8113665253124961,-2.0340024585481418,-2.374333299617119,0.2186267424616392,-0.338052642228717,-0.07042130203497328,-0.9183870132676807,-0.9467577114855668
49017,Garfield,Utah,-0.3061170077928132,-0.24979654374864502,-0.937798852651106,0.6971730409922917,1.0323013206201732,0.5372213230408692,-0.6447989559955065,0.09299721206452277,-0.16136224838102642,2.1001229800778862,-0.23413815766295706,-0.8771731661925526,-0.07529664387900033,1.0941175642980008,1.5302195710767263,-0.9799166686870322,-0.35874640188471596,0.3547380488996215,-0.9185826562232624,-0.2916312783012927,-0.4582813915442169,-0.65762788682751,-1.099105751781146,-0.8055200523524116,-0.8089542873385991,-0.43855306904209895,-0.7449390805632028,1.2943501970374556,-0.4943197692650402,3.1280484516894447,-0.6052327490917014,-0.3882328438936823,3.2071719837479375,-0.3992785413974251,-0.08602139992103093,-0.7244826378296196,-1.1591750504156044,1.4397572108737948,3.1402343919242433,-0.656816419985648,-0.8229181141780844,-0.8352344562324036,-0.8603556346127798,-0.9429602526869053,-1.3250111129156534,-1.9643012700263711,-1.624752070456951,-0.7954116328259757,-1.890800020320091,-0.5607633280482139,-0.8113665253124961,-2.0340024585481418,-2.374333299617119,1.0351138903238184,-0.3546906890411679,-0.0706870122861397,-0.151952117060445,-0.28796009078845686
49019,Grand,Utah,-0.2923429284920307,-0.41444130837745685,0.6803702702882959,0.042980389618803204,0.11861185703064246,0.38522849167679624,-0.6129040180639155,0.39873949814856124,0.011710365226363111,1.012140905530324,0.05805312662888183,-0.39533375371457685,-0.15011731192572367,0.8980294585120717,-0.039317592014215016,0.7961982701665453,1.1629591419535188,1.4146916429094272,0.42208582344289264,-0.28695105549476874,-0.45308335298368546,-0.6771385397084438,-1.2145627631498854,-0.8050306468878345,-0.8229909695893096,-0.3751339320035993,-0.6780884698332893,1.0329861036548962,-0.6887805723815797,3.486888746095313,-0.5722507453160878,-0.35709554170619545,0.791071795152167,-0.39878446845031196,-0.08602139992103093,-0.7600958619955225,-1.1650445545178556,1.4608390650124514,2.0040888235735372,-0.6488496512224958,-0.4733151500086845,-0.031954582094989546,-0.6089550850129618,-1.0469929395241757,-1.2785314096083809,-2.131054324838526,-1.9941429730393658,-0.5037578054528491,-2.071904524048904,-0.42683190818637146,-0.8113665253124961,-2.273923265739756,-1.7789984009524775,-0.0535356401590872,-0.3401674895738317,-0.07033605794909599,-0.7394722962970153,-0.6092854008833704
49021,Iron,Utah,-0.16029862373426343,2.7505389811302248,-1.958535554032246,-1.5586331398766986,-0.04659450087984563,0.5720923456233759,-0.6382262313482632,0.042184942602552886,-0.11677614909983004,2.190028735932178,-0.060272320555599064,-0.2404567997037988,0.17744619992653662,0.09406822478977217,-0.7527435752373701,0.9421062576100433,0.2655320265777806,-0.28372292349038297,0.33399441679075675,-0.2623516089508573,-0.38482294438039066,-0.574411494221025,-0.9737244535882166,-0.7349395489839522,-0.7594127877611487,-0.09733858797041034,-0.7128567108668675,1.4721396860030447,-0.561643884932246,2.7306874659322093,-0.6220965446847612,-0.39751502980771025,0.16776062082084778,-0.4149005605136673,-0.08602139992103093,-0.6334951909702632,-1.0672629158154852,1.3111160386437168,1.7190359813037859,-0.5452816573015156,-0.9182643771333749,-0.9663821907854501,-0.917492123158193,-0.905615185617116,-0.7355639664279698,-2.0124743747498828,-1.547795632418948,-0.8176328768163087,-1.6965810525281568,-0.6675499477086123,-0.38192996252919614,-2.273923265739756,-2.6720007489494395,0.2186267424616392,-0.22184833102679594,-0.06741565687985933,-0.7290728159246512,0.3563052294520986
49023,Juab,Utah,-0.2857150863789814,2.6413706693331047,-1.0519445501139508,-1.9095567539864047,0.5424846678892807,0.6959845280951832,-0.6481702252418475,-0.1280894092808117,-0.42293141059983164,0.9974397996525786,-0.2848009344722911,-0.9460073679751205,0.7093593712054899,-0.14123750215334038,-1.0381139685266323,-0.8507931689532183,-0.8248763195981211,-0.4595742205571089,-0.8059500665697875,-0.28303239356244214,-0.4379810587874298,-0.6326062361953463,-1.1023852383371888,-0.7549538306947923,-0.8013048201984079,0.054222837695295824,-0.7227417010018119,-0.01160734859280069,-0.6936836069187179,3.787154798383169,-0.6209147494708437,-0.3051357393970294,2.3887511793540672,-0.4021571367532192,-0.08602139992103093,-0.7088650601601255,-1.1059249942733802,1.3812437702506393,1.7950873051831213,-0.5373148885383632,-0.7169778220055391,-0.3926108521158693,-0.9403467185763587,-1.1203493212684048,-0.8517632246961514,-2.042119362272044,-1.8299692385582924,-0.67041713538035,-1.9101594672704123,-0.5607633280482139,-0.8113665253124961,-1.7940816513565272,-2.374333299617119,-0.0535356401590872,-0.34531424196238514,-0.0701513408967667,-1.855366077349823,-1.6007112320304915
49025,Kane,Utah,-0.29781390024067234,-0.16295783806297104,-1.3366893230648471,0.8158246933937896,0.15158680867654714,0.6284295589154623,-0.6349818621452875,-0.05925083972691427,-0.21309485751616494,0.5348269056472107,-0.362293270757944,-0.8771731661925526,0.01133058829986649,-0.31771679736067504,-0.7527435752373701,-0.7280412544679876,-0.5982975426408427,-0.07486215101411027,-0.9199789667198408,-0.2945914166803227,-0.48025764229892015,-0.6826436816921719,-1.127712186695771,-0.8188610860949299,-0.8286854285826741,-0.44314637921217737,-0.7437590030023211,0.599002140730194,-0.6562854702258171,3.6432699196102343,-0.61029889946067,-0.3949686909740089,4.299902956197265,-0.2649761922925556,-0.08602139992103093,-0.7481008078548452,-1.1812390129768262,1.4714049973244963,2.3188532865500884,-0.3461124382227075,-0.44153306235692125,-0.17949578346716838,-0.4146910239585564,-0.8335925562682364,-1.4834646469177188,-2.0402665505519084,-1.6734911478810197,-0.3676526860120565,-1.9238984296222534,-0.45244021026320563,-0.8113665253124961,-2.273923265739756,-2.0766658502847983,0.2186267424616392,-0.3403733596693738,-0.07048817511592916,-0.35807149295163276,-0.7223144044343455
49027,Millard,Utah,-0.282285478286016,1.4426929871314862,-1.758957009534469,-0.4531335801963253,0.5697070099221537,0.5840456756266476,-0.642458306578333,-0.01670310125510383,0.0020193266146379626,0.46933065073034796,0.22186287496985896,-0.46416795549714485,0.2297520247445212,0.6235061104117755,-0.8954287718820013,-0.35839523893380887,-0.9644063823515806,-0.7462871715321789,-1.005046498511345,-0.28762654808096716,-0.44757989209495136,-0.6245267005999685,-1.0859176956375747,-0.7127122096244605,-0.8006429372897259,0.1789925704200544,-0.7836682608586444,-0.10913644225628893,-0.683690850114171,3.598473641067225,-0.5859173662177751,-0.2988973148168638,4.276067847376975,-0.4143336615860841,-0.08602139992103093,-0.7054481217061351,-1.0640333272724478,1.3390406102252248,4.347151700424682,-0.4815475071962969,-0.6428196174847571,-0.24506965074369283,-0.848928336903697,-1.273730846733611,-1.2362771338744967,-2.034708115391503,-1.9428386810140303,-0.584309814917808,-2.1206153905690677,-0.42683190818637146,-0.38192996252919614,-2.0340024585481418,-2.374333299617119,-0.0535356401590872,-0.3314647991713686,-0.07048594622521934,-0.3330536347038648,0.2917172274229704
49029,Morgan,Utah,-0.2854017063055849,2.1826007204482183,-0.517840052032744,-1.7528943192342652,0.632711460239298,0.7607346175150101,-0.6571940659544291,-0.311752627881992,-0.413723814523829,0.45176602810247457,-0.470419062478585,-1.8064348902572198,3.172744063125453,-0.7687194406683074,-1.1094565668489478,-1.6889017382148614,-1.0558669551249338,-0.31680411453452767,-1.4774876668079644,-0.26808882098536,-0.41697258145905464,-0.6317936458365453,-0.8598171135758672,-0.7369298056439411,-0.7535483502188955,-0.4507413429844776,1.3650346826881015,0.015247245420969635,-0.6175942532168592,1.862744681652275,-0.5837933859944909,-0.37808152922525234,-0.25901532862465737,-0.4067624692578618,-0.08602139992103093,-0.6330723080089719,-1.066569004398637,1.3102588309680157,-0.28509847036690583,-0.9037862516433701,-1.2996494289545382,-1.6385143303698175,-1.5345661994486561,-0.2560777690818508,0.08628169659607605,-1.9957990692686673,-0.9552310595263243,-1.3065002446036453,-0.9996409623165867,-0.5607633280482139,-1.6702396508790962,-2.753764880122985,-2.0766658502847983,-1.4143475532627192,-0.34697991818995333,-0.06673751552587874,-1.2009445096515774,-0.0392962829763127
49035,Salt Lake,Utah,3.0777610247425686,1.5723595833133153,0.8885749006465505,-1.891110361294923,0.07205680050100638,0.22089849218830537,-0.5143213329504764,-0.11467624805521101,1.3247649720849652,8.469081239909336,0.6491367923477905,-0.9460073679751205,1.6624648536171902,-0.08241107041756218,-1.0381139685266323,0.5544821626745304,0.5258147069655548,0.1553019521347592,0.6531086413060075,2.440423711874347,3.1413571262906674,1.6873675064652545,0.05839894009391028,-0.7353733140462755,-0.7181693146642585,-0.3834290425883551,-0.15691342732035646,0.1370475401375825,-0.6451261750831963,0.843414525163232,-0.5591578901579821,0.8469185046052048,2.441406016402836,-0.02684174340876789,-0.08602139992103093,2.0525001611118965,-1.0490279677992316,0.13375516354800587,-0.13873709066962375,-0.5134145822489063,-0.7805419973090664,-0.523758586668916,-0.9517740162854414,-0.5041557146168801,0.15177582398359654,-2.0032103161492074,-1.2066220904504676,-0.7037490013658498,-1.160137022517638,0.1980106624883813,-0.8113665253124961,-2.753764880122985,-1.481330951620157,-0.59786040540054,2.284245772934106,0.22979051905209152,-1.1459074690246578,0.2949466275244268
49037,San Juan,Utah,-0.2760764525327396,1.6987590129965675,-0.9866635179697151,-1.0736579928343195,-0.005812607757406915,-2.3370424061780284,-0.66458450948732,6.843134760590955,-0.39303084381982833,0.39300158430470344,-0.28581273011728425,1.2738956395126944,-0.4313469238407929,1.1137263748765933,0.745450989531256,-1.1133377422978963,0.3972056442247379,1.6077783162192556,-1.0867335568021526,-0.2958423326165857,-0.48391267421062173,-0.6809688764453595,-1.1325612700634105,-0.753399056563346,-0.8250398826022214,-0.40729871699522097,-0.7114904291787717,0.5072732441917546,-0.676381338172544,3.664563165414518,-0.5502278450291835,-0.3861089608764208,3.192066084606733,-0.3487688424244259,-0.08602139992103093,-0.7502056713579126,-1.1151338787519152,1.408044941109106,5.16765411626415,-0.4337468946173832,-0.33559277018437594,0.11558661927718697,-0.4146910239585564,-1.014982882035785,-1.6207910430528423,-2.1403183834392014,-2.0993167716913033,-0.32043254253259823,-2.1868122091733926,-0.560763328048214,1.335816288604004,-0.8343984225900698,-2.9696681982817603,1.579438655565271,-0.33507688357497156,-0.0704861334626797,-1.1336864473217867,-0.26535429007826183
49039,Sanpete,Utah,-0.23029660274525685,1.8226890812544694,-0.8674754702564024,-1.247190108653849,1.1972811937759555,0.5805647082902797,-0.6125028299355909,-0.08238920174969686,-0.2230392317726916,3.2459796661178975,-0.0186827588796884,-0.2404567997037988,-0.07371785914039974,0.5842884892545901,-0.6100583785927393,-0.7561903312311677,0.1602881259911817,0.03511213129035634,1.1948982988603558,-0.28693895414989173,-0.43109615552530633,-0.5704063553892785,-0.6150081895134696,-0.604672448107923,-0.562354311729774,-0.0887060739427346,-0.12999629321514172,1.3272414882725618,-0.35794393333609353,1.6111909332785317,-0.5286427680149305,-0.22341079300638747,-0.13433246497479967,-0.38629288544921137,-0.08602139992103093,-0.553480386926172,-0.8498326507747049,1.0651807636504067,0.45294116659860084,-0.9356533266959792,-1.3420255458235562,-1.6549077971889474,-1.4088659246487476,-0.8122525179426424,-0.4672493155178058,-1.921686600463265,-1.6888824354886203,-1.3009449336060614,-1.5773018793826283,-0.7034015706161801,-0.38192996252919614,-1.7940816513565272,-2.374333299617119,-0.0535356401590872,-0.2863418173211783,-0.06684945129161791,-1.2114681250226256,-0.6480382021008477
49041,Sevier,Utah,-0.2575899569880789,1.2159309985833242,-0.7150165716283313,-0.7641228512527133,0.4357836501082384,0.6866231771226297,-0.6542655493011884,-0.10536934425625037,-0.44837787810604496,0.5715269351873072,-0.30599829887892405,-0.41254230416021886,0.22384874267844942,-0.003975828103191509,-0.6814009769150549,-0.8064310535871247,-0.824309928866528,-0.40147639106993643,-0.9505763793404998,-0.27432595408809896,-0.34278520851282546,-0.5304376266116068,-0.7834328213632047,-0.7007926066770952,-0.7748569132620233,-0.3830334069136004,-0.28527237391281274,1.9876431649575492,-0.2576759717652912,1.8309451962227379,-0.6079480789593948,-0.3951573136458894,0.07225823071217193,-0.3941440306101216,-0.08602139992103093,-0.5564334998962339,-1.0406291992981458,1.25195211713623,0.6882586919007537,-0.855985639064456,-1.3632136042580654,-1.5893339299124232,-1.3631567338124164,-1.0043128628729878,-0.8792285039231759,-1.7975482152142161,-1.6042303536468168,-1.2565024456253948,-1.726556970386719,-0.7136448914469138,-0.38192996252919614,-1.7940816513565272,-2.6720007489494395,0.2186267424616392,-0.29824485193616007,-0.06853161562051932,-0.4267447774083167,-0.06836088388942042
49043,Summit,Utah,-0.19747662982487224,0.2325407153627552,1.6675119860048273,-1.0446855554410859,0.52657568247494,0.6189723817820616,-0.6186309806407867,-0.2570007010535968,0.23130842047610947,0.29402254041566644,0.1229969562353933,-1.6859750371377262,3.8961706874781292,-0.3373256079392697,-1.1094565668489478,-0.714004546581344,0.24175214003803008,0.4544300948207459,0.5810005282016584,-0.27327537787687484,-0.4043290996205274,-0.6048822005058668,-0.7478560665999757,-0.8162989408898477,-0.688934905995273,-0.3942700470234149,0.26820729952361955,1.8763802351209866,-0.4959820848234079,1.2313645227518633,-0.47957297981040103,-0.2007170024435767,2.5429545818585653,-0.38795312794966913,-0.06348088243690692,-0.5906142277025418,-1.1154812741765414,1.3394818145209706,0.6615778054364769,-1.2861911522746816,-1.9564792404243183,-2.7204831404324548,-2.105931084902789,-0.42413057089590295,0.08628169659607605,-1.8216347675759716,-0.8500572608743867,-1.9342503873305652,-0.9940204777181063,-0.5343867769090749,-1.6702396508790962,-3.2336064945062137,-0.8859960529555155,-1.4143475532627192,-0.26611040156835547,-0.06620535699892423,-1.8011139369222673,-1.5135174292911682
49045,Tooele,Utah,-0.10927917627102054,2.1119699002549246,0.7542889666884918,-2.321366138625444,0.32735457048645655,0.6248549229407957,-0.620999425871884,-0.11635048605658875,-0.16002881596708152,3.0089386167490306,0.22806407973938822,-1.5827237344638743,1.6799687713712401,-0.2588903656248968,-0.8240861735596857,-1.1541394726786276,-0.19270613551278246,0.11817741376374251,0.3365715900004274,-0.26273117178285726,-0.43114078136547895,-0.6483095784962968,-1.175775582698648,-0.8120770553227692,-0.7998194097071756,0.15009078392410724,-0.8116859931587055,-0.3463931560373201,-0.7101514996695975,2.003316886032851,-0.6191400448464077,-0.20145194779403333,27.301443931024558,-0.06442620812045784,-0.08602139992103093,-0.7279356762025211,-1.1614978492419255,1.4435062746656846,4.686869456882056,-0.5771487323541248,-0.6110375298329939,-0.24506965074369283,-0.9632013139945235,-1.1777006742684384,-1.0757108860857372,-2.018032809910288,-1.7735345173304236,-0.6370852693948493,-1.9813522721844974,-0.5907250414781099,-0.8113665253124961,-2.273923265739756,-2.374333299617119,-0.8700227880212664,-0.2293158008560062,-0.06881554897455625,-0.7571497567135227,1.7982323747523898
49047,Uintah,Utah,-0.216253075157068,2.085736621969595,-0.1535054441333609,-1.8451003441013303,0.3175895609909832,0.2509990666150771,-0.6469433060684374,0.9057449626685001,-0.269754027105949,1.4628303657487596,-0.096317604328989,-0.5846278086166387,0.46807987745848756,0.8588118373548884,0.17471020295273174,-0.5327465674165872,-0.25486781409391973,0.1514147154414964,-0.46253777236752386,-0.2778083489385388,-0.4381148520140778,-0.6205236769530587,-1.0640058897659506,-0.7796963639082359,-0.667083172206479,0.10719821963174381,-0.7768824021465808,0.9413157160462214,-0.6842443934838022,2.822481467695121,-0.477016450906756,-0.22696743157962357,2.609567131902393,-0.36854830224785523,-0.08602139992103093,-0.6931978908513207,-1.0695538683258003,1.3391189684721534,2.610429281636671,-1.1905899271168539,-1.108956903043956,-0.8516279230515335,-1.2488837567215898,-1.0203178916171833,-1.3672653886495376,-2.0810284083948796,-1.9223169642038962,-1.1537291921701027,-2.0512960805211424,-0.6624282872932454,0.04750660025410388,-1.5541608441649128,-2.0766658502847983,-0.0535356401590872,-0.2918441635111227,-0.06922829276044361,-1.9378261655465168,-1.6007112320304915
49049,Utah,Utah,1.5424856861015324,4.1429651610256775,-2.1059348558961224,-2.768040967337593,0.21348691282896132,0.5734815165978446,-0.6278832771355038,-0.21630693972159856,0.40790164222774944,6.290024407973343,0.17255867057020152,-0.8255475148556282,1.6325365863985009,-0.47458728198941663,-1.1094565668489478,0.48843714034465513,0.7634428802844901,0.16328591858143018,1.1947246996680945,0.1210648509729181,0.2792564480159788,-0.12485291758493385,-0.5659433820246823,-0.5258140278097834,-0.6663540132967954,0.43582327197721615,0.173203691762519,0.20248954452457255,-0.6621583245627833,1.1145510706117485,-0.5943695756759543,0.07357541991612881,-0.12341222426786622,0.12068085130267746,-0.08602139992103093,-0.0877971817933295,-0.8192449261913161,0.8343919918874588,0.8569447429962781,-0.728517338854019,-1.0559867569576835,-1.0811364585193668,-1.214601863594342,-0.596184629896004,-0.4207696122105331,-1.9513315879854256,-1.5144478426024797,-1.0092911062329348,-1.4299202832446976,-0.6675499477086123,-0.8113665253124961,-3.2336064945062137,-3.5650030969464015,-0.59786040540054,0.6721332011333205,-0.008823628267472714,-1.6203624182277345,0.28525842722005773
49051,Wasatch,Utah,-0.22106507011585722,1.484232923609314,0.33353339925323816,-1.5335005464419416,0.38500304964477877,0.6809338736563698,-0.6419147341894444,-0.20533807242628177,-0.13051425253784119,0.8087960155715196,0.279154776337424,-1.6343493858008,2.4995639791491087,-0.06280225983896945,-0.8954287718820013,-0.16905065374547204,0.6137452465181414,0.5207847806593207,0.9726650003043211,-0.27334662513104635,-0.400569771414209,-0.5757002481899696,-0.5041940972860055,-0.8081708608327406,-0.6962428934656699,-0.23714341159254568,1.179496585927937,0.7330102320979393,-0.43580349458800194,1.0674663598071483,-0.5697061406625378,-0.3690137241831503,-0.22288073785861684,-0.2021552656553286,-0.08602139992103093,-0.5130983282775752,-1.1107849128652671,1.301449752185947,0.15826741857617135,-1.079055164432721,-1.70222253921021,-2.2942530031350516,-1.843103237593888,-0.30676036010513646,-0.3003449263689633,-1.890188801220969,-1.0373179267668609,-1.6592624929501887,-1.1220426269057153,-0.7699831560159488,-1.240803088095796,-2.993685687314599,-2.374333299617119,-1.1421851706419928,-0.29714063960552495,-0.06497730055764418,-1.3651472206125734,-0.25889548987534916
49053,Washington,Utah,0.19911317502272724,0.6965209669816886,-1.7548746771470611,0.2322671774681075,-0.19954429851679883,0.5657878772684648,-0.6258609923967244,-0.07458659676871096,-0.05957620170985416,5.171706252711208,0.07958447879158626,-0.8599646157469105,0.5948631562495866,0.6235061104117755,-0.7527435752373701,0.14887152952695393,1.101490862694366,0.9434897059570626,1.2680325647817938,-0.213336333387223,-0.2707417591428383,-0.48985458963218714,-0.911236440955067,-0.8076685016851592,-0.8107812507689589,-0.07298189401933534,-0.7122969898040444,1.4954259019273173,-0.690979047447506,2.810247608451081,-0.5873216636621296,-0.38393411907490355,0.10476876935408505,-0.4118274301011962,-0.08602139992103093,-0.5428307732401219,-1.1621171414599678,1.3641924928692155,1.0698705782068656,-0.0035413814071578774,-0.25084053644634,0.19755395337284137,-0.06044479497699393,-0.40412428496565855,-0.744014821574747,-2.1625521240808223,-1.3425784643176064,-0.04822230365101307,-1.46489218741302,-0.529265116493708,-0.8113665253124961,-2.753764880122985,-2.6720007489494395,-0.0535356401590872,0.3491043057644757,-0.05560662149532182,-0.13072803168320968,-0.089351984548887
49055,Wayne,Utah,-0.31297036640727866,-0.16231984156442925,-0.8736396236081412,0.584630024911827,0.5053080510370768,0.6860194816810414,-0.6650827413909149,-0.18760104793299068,-0.1844848024013108,0.34511807115554444,-0.19592794629357496,-0.46416795549714485,-0.3546728997965819,0.7607677844619247,1.0308213828205177,-0.29547306940834955,-0.7609138142793455,-0.2525973429045223,-1.2892493888147807,-0.293235033854733,-0.45551900354939495,-0.6424884737075849,-1.1570860647477716,-0.7932383898545369,-0.8122456772269391,-0.4676157445209352,-0.8135967127273878,0.04095038727677345,-0.6283739279737148,3.972085307975288,-0.5783571366770743,-0.38070927663858856,7.367106503435622,-0.4181825944585001,-0.08602139992103093,-0.7345730280660746,-1.1485715168334687,1.4338045867263893,1.096529125106701,-0.6010490386435817,-0.5368793253122118,-0.24506965074369283,-0.6089550850129618,-1.2257157605010247,-1.6714961739335032,-2.060647479473394,-1.9556647540203642,-0.5398673269371405,-2.238645567137156,-0.560763328048214,-0.8113665253124961,-2.273923265739756,-2.374333299617119,0.2186267424616392,-0.3644975917742661,-0.07065983626734143,0.21559375603670897,0.08665032098048785
49057,Weber,Utah,0.4411978173286553,1.7221235174945937,0.2875710441127918,-1.7297744820764025,0.1341224975280709,0.5374668709718465,-0.5515361827597957,-0.10393958218858675,0.2560725323391572,1.9503593666596557,0.6441343010087144,-1.3073869273336023,1.106046197482567,-0.376543229096453,-0.7527435752373701,-0.222979951682093,0.05249695584558974,-0.04988194761741507,0.4599890138412719,0.3661876046812659,0.5967289494452505,0.41327063146615883,-0.11661179979045977,-0.5808012264606812,-0.5475727343509489,-0.3975543690585715,0.45693765722110874,-0.22342802354823438,-0.6461571090942195,0.737879527008852,-0.5575885506826861,1.4650329979538046,2.825374659023691,0.5160872534565653,-0.08602139992103093,0.36654882587616217,-0.8196399995851732,0.6386199855172564,-0.24932538117505934,-0.7763179514329328,-1.077174815392193,-1.1958907262532834,-1.3517294361033343,-0.30676036010513646,0.5088244539349173,-1.9698597051867763,-0.8731441922857879,-1.0842878047003108,-0.8697453182628172,-0.4831701727554066,-0.38192996252919614,-2.5138440729313705,-2.374333299617119,-0.59786040540054,0.29439900673996044,0.01173124470115206,-0.8448561806071678,0.4854812335103555
50001,Addison,Vermont,-0.2131983516378853,-0.3099986768018765,-0.12404171903772505,0.34737073495479776,-0.04705597379217421,0.639847661754826,-0.58434844688577,-0.27572701307793934,0.23321009476299753,-0.31517486914976645,-0.537832062933656,-1.1353014228771825,1.2254160522837154,-1.1020692205043836,-1.1807991651712635,-0.5426600770394024,0.7071882799349248,1.5640299798181763,-0.21121175865698769,-0.22803752867466698,-0.21845825499503663,-0.27641411328019516,-0.6405726707675117,-0.5842651639631158,1.2955224956259614,-0.5044103664295362,0.880562046882066,-0.16971508016372405,0.5646341869271457,-0.44156901460216236,-0.0016699259787758363,0.27694270380230007,-0.11492599727181026,-0.03673307258851159,-0.08602139992103093,-0.3830743981844331,0.01092187175731169,0.15476733631583026,-0.13863283936889806,-1.2782243835115292,-1.416183750344338,-1.32703846080633,-1.2831656498488382,-0.2214002068027607,0.18135381699731556,0.28130653477731776,1.0251146126516208,-1.3537203880831037,0.29431949191134676,-0.7802264768466824,-1.6702396508790962,-1.3142400369732985,1.4953435417030498,-1.1421851706419928,-0.2150920488003676,-0.061362178830869966,-0.5459067963236776,-0.8304993078331353
50003,Bennington,Vermont,-0.21702627459049487,-0.723803263558416,-0.446116310536729,0.8889996979145292,-0.6088506616582897,0.6834141346143943,-0.5874586742419478,-0.2839833611840712,-0.15909313527155056,-0.4203018510249643,-0.542108618669957,-0.7739218635187005,0.08416061471965865,-1.1216780310829764,-0.7527435752373701,-0.30038295063279685,1.0394092621568383,1.8573268632495357,0.09572348084093073,-0.2126339453861167,-0.20216213902658348,-0.3510424024153188,-0.3471369966086756,-0.8079861738055094,-0.42876229770954366,-0.4862394369492715,1.8756844782338862,-0.13184725011114845,2.407773758614731,-0.4310287470603613,-0.12232739399932398,-0.3132678575230176,-0.166348280973307,-0.40480716925950194,-0.08602139992103093,-0.3206997695266856,-0.9895721649501682,1.1005394002820224,-0.23533336731338583,-1.079055164432721,-1.3632136042580654,-1.6221208635506852,-1.3288748406851687,0.07736032975555429,-0.15668038887375735,0.27760091133704773,1.1969839909364948,-1.33149914409277,0.37487977115623256,-0.7597398351852152,-1.6702396508790962,-0.5944776153984553,1.4953435417030498,-0.59786040540054,-0.1918848743937994,-0.05993988370950653,0.018489107508637522,-0.6867910033183245
50005,Caledonia,Vermont,-0.2330672340483698,-0.6746871313707956,-0.028628651258269272,0.6358337592770829,-0.05756800025544997,0.7160342220224036,-0.6302323867611135,-0.2221928238383174,-0.27138584608489974,-0.5445269830388978,-0.5833153880062758,-0.37812520326893484,-0.328108130499259,-1.160895652240162,-0.7527435752373701,-0.17944335102851872,1.1322079413224968,1.4199732121935087,0.9379559481175153,-0.21978075932147756,-0.2146343451849222,-0.22014251215933636,-0.13397083888801828,-0.7996831743320816,-0.016815396099217263,-0.4844304668792728,0.7461775340893697,0.5251478691697989,3.0685642348719737,-0.3106078117510075,-0.22878293690933804,-0.2948995922412386,-0.1576993946608873,-0.3361821567025186,-0.08602139992103093,-0.22285639086946274,-0.7949971143915154,0.8691272614812962,-0.2502859824460311,-1.58892836527447,-1.7551926852964825,-1.8024489985611252,-1.6031299857031522,-0.0693524337329039,0.4729083195611158,0.05711631664097605,1.125157982101025,-1.7092602919284392,0.40048420099375415,-0.6675499477086123,-1.240803088095796,-0.354556808206841,1.197676092370729,-0.3256980227798136,-0.2331337553551513,-0.061347945719387724,-0.8797516095295544,-1.4263236265518449
50007,Chittenden,Vermont,0.15874865005496527,0.8579658194550172,0.08387034203153268,-0.8321961986589379,-0.5147339544852617,0.394039403645879,-0.48908520716072995,-0.28964995357856044,1.209224559394006,-0.41255673724556985,-0.525377517433364,-0.6878791112904907,1.4250980003093285,-1.356983758026089,-1.5375121567828411,1.1397629766795427,1.5989591290173488,0.7709945205717585,1.6559943149874872,0.13629950319377698,0.3467507820662276,0.21381570698278876,-0.02048522817150228,-0.7751768828832541,0.44946176825985645,-0.5099766101799466,0.7599863097395215,-0.12339924106564566,1.114819406627863,-0.43128894364173664,-0.16098643623045286,-0.019961286361903037,-0.13424281988381773,0.7078321256449944,-0.08602139992103093,0.20074107641823094,-0.5598842728572567,0.4576646869269988,-0.27879126667300624,-1.3021246898009862,-1.3420255458235562,-1.1467103257958913,-1.1688926727580118,-0.3574429511284219,-0.17358209916731102,-0.23192231170009292,1.5586792497151087,-1.2842790006133116,0.08261457203525148,-0.7699831560159488,-1.6702396508790962,-1.7940816513565272,1.4953435417030498,-0.8700227880212664,0.17645415745754678,-0.015566853201997815,-1.2111032141604177,-1.0517132147829003
50009,Essex,Vermont,-0.3028601980580758,-1.8805142704218771,-0.0364262198834806,1.7506222754641363,0.10058010070881998,0.7464584800377417,-0.6456428613665038,-0.1883036419077476,-0.35859199902859573,-0.773713309326014,-0.5960446451907366,0.052088557872114846,-0.6813440550574592,-1.0432427887686055,-0.5387157802704237,-1.1846682539684374,0.8031125495119282,1.6688807601988038,0.2542232660139093,-0.281360815279948,-0.43192200475865156,-0.5672349768501717,-0.7312057928320881,-0.8072919066397696,-0.6832458908681303,-0.49415519485618137,1.3623688209993658,0.19576510842752778,3.489843949055928,-0.3499230945002526,0.06978103705019126,-0.3486881138525439,-0.22483997090027533,-0.3009418608521648,-0.08602139992103093,-0.5831121603676248,-1.1040385262490142,1.3251180464596357,-0.23808113373965376,-1.620795440327079,-1.8823210359035372,-1.8516293990185184,-1.6488391765394828,-0.0346748714538138,0.3060039304122737,-0.02626021076510171,1.2970273603858984,-1.7731463684006474,0.38112475404343304,-0.7639302846159698,-0.8113665253124961,0.6051264205596165,0.9000086430384084,-0.3256980227798136,-0.3424133451615641,-0.06897680752566195,-0.4234732714786442,-1.2761565218341215
50011,Franklin,Vermont,-0.17622243176283126,-0.20879664619185184,1.3298261588290328,-0.4699165103444259,-0.09572290181516681,0.6989968829107868,-0.629776625667086,-0.05491594013331015,-0.2855692163034741,-0.5708120210878505,-0.5790933625609187,-0.8427560653012686,0.6407165564837254,-1.2589397051331257,-1.1807991651712635,-0.46959002358900476,0.9909610777348512,1.7582424645671502,0.21287695003043122,-0.16075591320347551,-0.1281578239756672,-0.07999579253437693,-0.5639286295371282,-0.5938040670944947,0.8093440137671435,-0.5140227253753122,0.6142913089164311,-0.049855930774146025,1.0818666458360877,-0.4183237062625442,0.16647560143949677,0.09520846001950636,-0.16071622335036673,0.2548541944168067,-0.08602139992103093,-0.25337317796249514,-0.21845874176308702,0.32177968956470826,-0.22484121854750075,-1.421626221248271,-1.458559867213356,-1.2450711267106755,-1.2831656498488382,-0.12937129152363697,-0.004564996231774751,-0.3004763453450902,1.8921571478797892,-1.4009405315625618,0.29744198335494726,-0.8263214205849839,-1.6702396508790962,-0.5944776153984553,0.9000086430384084,-1.1421851706419928,-0.18688784571109476,-0.05594958613031003,-0.20895075574759292,0.03013581920500028
50013,Grand Isle,Vermont,-0.29972053975264545,-1.3762116705051768,0.8596272559191148,0.8397676658695783,0.27030139285897403,0.6729216397481222,-0.6168267018651705,0.07364899762138073,-0.3590205475865289,-0.28427954381172366,-0.552178869532302,-1.1008843219858984,0.8677869875833224,-1.2785485157117182,-0.8240861735596857,-1.541410648012627,0.8959423514146109,2.008524903657556,-0.03121248128113381,-0.2531391249372293,-0.2904286504657456,-0.22081827423344044,-0.692954373954603,-0.6908062214057646,0.43886533643489517,-0.51901147862858,-0.6027249454395531,-0.5640595516322425,-0.5735665596207229,-0.45172062352307263,0.5013473732168839,-0.032971495247740255,-0.24341887342751647,4.553149688566025,-0.08602139992103093,-0.40509980656159905,-0.4816054967311509,0.6431218445317176,-0.5950375874241575,-1.3100914585641386,-1.2890553997372833,-0.8516279230515335,-1.1117561842125985,-0.1720513681748246,-0.4313331811440043,-0.717358982375478,0.9840711790313529,-1.2092823021459365,-0.2102751253744495,-0.7639302846159698,-1.6702396508790962,-1.0743192297816841,2.0906784403676912,-1.4143475532627192,-0.33953116382397414,-0.06311239236825324,1.4311707367832447,0.8439446447720185
50015,Lamoille,Vermont,-0.24663044077639953,-0.25974055044838135,1.018688987299651,-0.2680310941396136,-0.01345768328718184,0.7179283100184468,-0.6029902027221961,-0.2257364933392201,-0.33745408975817215,-0.3800578826965292,-0.569268520889091,-0.9287988175294786,0.33175524742106327,-0.9648075464542345,-0.6100583785927393,-0.19212208059702868,1.1589938280526753,1.911635895757952,0.2692039162666015,-0.2196620207630449,-0.2771120207330969,-0.29470474771492466,-0.25806768740807673,-0.788970071419029,-0.11230796191148995,-0.5047022364069267,1.2431855714287736,0.263412567804742,2.801856564122886,-0.39681024872668685,-0.2738806169655419,-0.2835873821910686,-0.12999896472578226,-0.36222327109475577,-0.08602139992103093,-0.3010417458694764,-0.8276576539317445,0.9346357091133188,-0.3946144617791637,-1.5809615965113175,-1.6704404515584466,-1.7040881976463398,-1.5002843063214086,-0.11603376757014057,0.1792411032106214,0.023765705678544746,1.7510703448101168,-1.6425965599574386,0.43295811200719625,-0.7639302846159698,-1.6702396508790962,-0.8343984225900698,1.4953435417030498,-0.59786040540054,-0.27616060532345804,-0.05944912440590824,-1.3798156273756956,-1.6475375335016096
50017,Orange,Vermont,-0.2362918271400478,-1.1181093273829554,0.5864709542851866,0.738019618452635,0.07339769762237154,0.7614618420334615,-0.647318653951152,-0.2448628278066128,-0.4008704269395403,-0.4777671371516156,-0.602163707974986,-0.8771731661925526,0.27704692408781695,-1.0824604099257908,-1.1807991651712635,-1.0973286974520653,1.1597413526901015,1.9591068274120695,0.7794504247976299,-0.25007824043309096,-0.2613268078643053,-0.2607563332636891,-0.09336302289925547,-0.7951309813981842,0.013328796637759151,-0.4970230407876712,0.9563784597073371,0.4611572200255432,3.0470494741997687,-0.38939687888815283,-0.34564728096473457,-0.31773863209748837,-0.2008914763298018,-0.38262594520587156,-0.08602139992103093,-0.24615611527273273,-0.7768751207597822,0.8615679368491086,-0.2245731437742064,-1.3578920711430524,-1.500935984082374,-1.572940463093293,-1.3974386269396648,-0.19205765410506895,0.20036824107756337,0.5369945521559557,0.5197673362020677,-1.4731595745311463,0.2768335398271859,-0.8211997601696172,-1.6702396508790962,-0.8343984225900698,0.9000086430384084,-0.8700227880212664,-0.24058250972113043,-0.06215679005649115,-0.3839711370860589,-0.8321140078838637
50019,Orleans,Vermont,-0.24172472467416464,-0.8616669691947058,-0.08552634458362587,0.8364307146311593,0.023766083277131898,0.7448170215624899,-0.6236506758700847,-0.18909010687015262,-0.41871225035523757,-0.3194441778975858,-0.5820175051199307,-0.3092910014863668,-0.4733563264505128,-1.00402516761142,0.17471020295273174,-0.8118013645139585,1.5312829198424762,2.416655354058759,0.799275871945744,-0.2281418268435599,-0.2839140120105579,-0.2685327325506148,-0.32534353128147436,-0.7687019849618216,0.3588963795307612,-0.4949587136650051,0.661021941742166,0.37292773665945017,2.3818682730835317,-0.37347851265867943,0.07916343807585048,-0.21401403518948983,-0.1398456626827169,-0.1258814923438186,-0.08602139992103093,-0.31418513625646943,-0.5944883842119562,0.7136180988447752,-0.20317184103953376,-1.58892836527447,-1.7975688021655005,-1.7040881976463398,-1.5802753902849875,0.03601400549971599,0.35459634750624053,-0.007732093563751208,1.925504937696257,-1.6981496699332723,0.5878336876097677,-0.7494965143544815,-0.8113665253124961,0.1252848061763878,1.197676092370729,-0.3256980227798136,-0.23633409956767,-0.06304331630097249,-0.9630897444369058,-1.6798315345161738
50021,Rutland,Vermont,-0.1504813339583283,-0.9118793478030858,0.0521451113337008,0.8141276000994708,-0.2379921063930664,0.7367555260354514,-0.635756049016186,-0.27938810339265113,-0.22846477992470984,-0.480292361569656,-0.586564640761457,-0.6362534599535646,-0.2621423855516433,-1.239330894554533,-0.8954287718820013,0.021903587868416074,1.6407453573248758,1.4475249003341386,1.9685785862999214,-0.18056424453065664,-0.13248070888214708,-0.2955908481618407,-0.38217170411900075,-0.7792628989496335,-0.06415523995005037,-0.48030591847139625,1.4484793483839684,0.3763696871652223,1.3088440880995529,-0.4208881771175189,0.006073656403740277,-0.12741247177003243,0.0018266959201850626,-0.3066726064929337,-0.08602139992103093,-0.28350220723566205,-0.7963113507591074,0.8965877818196708,-0.03642188552891356,-1.1905899271168539,-1.426777779561592,-1.523760062635901,-1.3403021383942515,0.00133644322062589,0.33346920963929855,-0.1856020186967165,0.9968972520376865,-1.373163976574645,0.2793315329820656,-0.764861495600582,-1.6702396508790962,-0.354556808206841,0.9000086430384084,-0.59786040540054,-0.06830667067882358,-0.05800473584692347,-0.7384501327062273,-1.495755728733158
50023,Washington,Vermont,-0.14984285866860458,-0.5534120138674126,0.6146356452221428,0.20374840858502893,-0.14341779025013507,0.7224899507086054,-0.6138462936178872,-0.25151157780224515,-0.17325749990980105,-0.4678927072494528,-0.5584574292392335,-1.0492586706489724,0.6972095929997375,-1.298157326290311,-1.252141763493579,0.14404254399586813,0.8765829942581403,1.5513697541098173,-0.054274068163158065,-0.17060716183626348,-0.17248821989011726,-0.2599773149651953,-0.17875426943357384,-0.8061724937767286,-0.1929898061183052,-0.5043498788194314,1.016982666215242,0.32935950518734247,3.531106201232419,-0.38701709407540863,-0.4127329767949556,-0.3156193221737013,-0.15475116141679093,-0.3481113815180221,-0.08602139992103093,-0.22576909131478126,-0.8811029038275416,0.9540986205501693,-0.22224238255084078,-1.5092606776429467,-1.6386583639066825,-1.753268598103733,-1.5002843063214086,-0.13470630110503531,0.37361077158648837,0.5147608115143348,1.1969839909364948,-1.6175976604683133,0.5122693946746426,-0.7904697976774161,-1.6702396508790962,-1.0743192297816841,1.7930109910353704,-0.8700227880212664,-0.11734118434431451,-0.05331434947843522,-0.5298537263219627,-0.8418022081882328
50025,Windham,Vermont,-0.19725111332345607,-1.2228885344432947,0.10420038409852178,1.0747298990038376,-0.5008432317431546,0.6666262109652935,-0.5630729571920905,-0.23200493702795857,-0.10275475777459132,-0.2401698883615141,-0.5268584021970525,-0.49858505638843054,-0.2508163211225522,-1.1020692205043836,-1.0381139685266323,0.5347171070012804,1.991772680497482,2.445709318503378,1.1064369104619196,-0.2017976389231672,-0.22130221055037022,-0.32083622248655724,-0.015844852688956825,-0.8038427473897342,-0.447657375673099,-0.4971387886473088,0.7254911981118918,0.7119127658264259,3.832880436969564,-0.3885865523351922,-0.31862588954704163,-0.3174603044975443,-0.16587432094755825,-0.3198000381033344,-0.08602139992103093,-0.22354891804321786,-0.9940421771865376,1.062942023981315,-0.14545385304494537,-1.0392213206169596,-1.2890553997372833,-1.4253992617211142,-1.237456459012508,0.2560831507324034,0.0524782760089691,0.05896912836111107,0.7583322941198771,-1.2426141681314362,0.33990786698790987,-0.7290098726930142,-1.6702396508790962,-0.5944776153984553,1.7930109910353704,-0.3256980227798136,-0.15608219323269856,-0.05982607191330135,-1.140225707663608,-1.873595540603559
50027,Windsor,Vermont,-0.15964550451587634,-1.409910704037544,0.3015754653215525,1.148733539804584,-0.4883160036220106,0.7182924323401638,-0.6228441588577971,-0.24554784794635895,-0.19345499080044312,-0.44534598738764664,-0.5692971375678372,-0.9115902670838365,0.42016719278269593,-1.0628515993471983,-1.3234843618158942,-0.2690612945458122,1.3422269201877552,1.7120226919863493,1.1006511066134272,-0.21209582617263556,-0.1766883304136856,-0.22019878027660705,-0.06843676476922853,-0.8123772991752316,-0.191350883230316,-0.4927899759677706,1.1083837326774777,0.734376398136484,2.5156826617466748,-0.37559955257501637,-0.4601619983670726,-0.34562898005881243,-0.13515587779214433,-0.38020272429362006,-0.08602139992103093,-0.19201815514191622,-0.8864707254466587,0.9447459405942374,-0.012585570270149875,-1.198556695880006,-1.384401662692574,-1.4417927285402465,-1.306020245267003,0.016007719569471637,0.2531860857449185,-0.0688748803282081,0.4043326791450628,-1.342609766087936,0.15755436668165707,-0.7443748539391147,-1.6702396508790962,-1.0743192297816841,0.6023411937060877,-0.8700227880212664,-0.08698470298346478,-0.059097127536219894,-0.40793931000572076,-1.1469805177758645
51001,Accomack,Virginia,-0.22626366479135984,-0.8345024994263461,-0.8024231455246116,1.1684318307144856,-0.6228455648782728,-1.0878456008792117,1.293499152567193,-0.22755193567648127,-0.31107723310751284,0.0550705457538297,-0.04513694095055603,0.32742536500238506,-0.5757027632006637,0.6431149209903683,-0.32468798530347687,0.5912714336774291,0.17453782600774007,-0.09068665948383618,0.18195421287983435,-0.256292269919653,-0.38324448440819026,-0.5380233161442014,-0.7566681032160931,-0.474958362864529,-0.8290904398375021,-0.5213437478091002,-0.8278294172571967,-0.48789956479337926,-0.5940781515155179,-0.45029693774477203,0.4010228415689112,2.033663888147662,0.09707280207066567,5.284544225056519,-0.08602139992103093,-0.5601128981856888,-0.842806901613916,1.061213656386785,0.23557720458569495,0.4664979756188296,0.46955345032696827,0.6073906238511133,0.5566292813134692,0.11203789203464438,-0.20949823354111252,-0.03922989280604716,0.314550168100726,0.523974729100074,0.05388765075412891,0.9406514227165711,0.9063797258207039,0.1252848061763878,-0.8859960529555155,-0.3256980227798136,-0.20852292120625032,-0.06572930648158182,0.7451748519067695,0.05920042011810801
51003,Albemarle,Virginia,-0.0007061603749311627,0.20523189033157718,-0.1689818611677617,-0.10492022682779018,-0.9918085155878064,-0.14250150393396802,0.020408780756876396,-0.29520616384303405,1.6133138608265758,-0.049834423845885795,-0.2872565085094529,-1.3418040282248862,2.101161082503987,-0.6118489560395658,-1.1094565668489478,1.025563552908007,0.1768657100856349,-0.4215045069315546,0.2478170199097528,-0.1677202530628169,-0.22203478785165223,-0.18761783726475864,0.4430155492228926,-0.7854773951865209,0.7529955203589526,-0.3757617830992695,1.484532274705334,-0.31476655453563673,1.4619080258644963,-0.34529124344072176,-0.5938906170689182,-0.3938067855415834,-0.2161922118889269,-0.3758596802748654,-0.08602139992103093,-0.04580388121553687,-0.4326820142616013,0.4404375506421756,-0.19921773813344076,0.24342845025056423,0.363613158154423,0.14837355291544918,0.2823741362954857,0.27875694145334695,-0.2137236611145012,-0.07443331548861315,0.09137649779051733,0.2739857342088219,0.06450412166237023,0.43872870201062214,-0.8113665253124961,-1.5541608441649128,0.9000086430384084,-1.1421851706419928,0.023024789888961044,-0.03939285293694973,-0.8138819792652531,-0.6674146027095864
51005,Alleghany,Virginia,-0.2773885485409791,-1.098343088609286,-0.34005523026585804,1.18123570156667,-0.5383885086143286,0.517340042267588,-0.3173721378247543,-0.3116455555449983,-0.5136729400303347,-0.3798300704245037,-0.58705904326078,-0.5157936068340706,-0.16343401798174598,-0.4549784714108239,-0.46737318194810806,-0.568502483328262,-0.9892068668597968,-1.2884701432207648,0.02229048863950285,-0.23666563860153678,-0.3204610476379904,-0.3254530267360747,-0.297626032665968,-0.8199272443017066,-0.47843640642912383,-0.47991507391931865,2.3932560011491573,-0.4291026180681405,2.312736264220345,-0.40328038451371373,-0.6254427114961473,-0.4036622065189392,-0.1674098029068191,-0.38750398488593396,-0.08602139992103093,-0.33898360748065076,-1.0238064253303913,1.1417163984935959,-0.40565765313459856,0.052225999934908604,0.03519825241953252,-0.5893324539454403,-0.12900858123149003,0.27875694145334695,-0.2411889403415257,-0.007732093563751208,-0.3113621946083654,-0.10377541362684671,-0.01917864902611602,0.3004438707957178,0.04750660025410388,0.6051264205596165,-0.29066115429087425,0.4907891250823656,-0.2910206831289541,-0.06396508877005976,1.9471759586785795,0.819724144011095
51007,Amelia,Virginia,-0.2824114160725211,-0.6459020955700269,0.5101265253607319,0.34100510944162765,-0.32876443601697186,-0.5300496584498628,0.7321534668319932,-0.2504254591601073,-0.3578135321722171,-0.4115119852813559,-0.4736588949144944,-0.8943817166381945,0.30024819546377335,-0.04319344926037889,-0.6100583785927393,-1.5740537031802389,-0.3562351408048309,0.7360074524812262,-1.6529068506008966,-0.27836462783893207,-0.4189911168102485,-0.5191785173862314,-0.12085880661010684,-0.5859846939310158,0.1751661768701163,-0.1940835039277459,-0.07820825180246196,0.7984134768663296,2.4410410912749896,-0.10675981313568572,0.16352506736612185,-0.3143396079336242,-0.19783058989600558,-0.36980463324032264,-0.08602139992103093,-0.3958357445699269,-0.4977154113414636,0.6547846406179192,-0.472884849059659,0.37886351922415396,0.5648997132822589,0.4270624888406746,0.4766381973498903,0.050685281848561976,-0.5517578669855742,-0.13742891397320506,-0.5499271525261749,0.46842161912423963,-0.31956232590045736,-0.14514058534119603,0.04750660025410388,0.1252848061763878,-0.29066115429087425,-1.1421851706419928,-0.3184014058360584,-0.06322234501016229,0.6308048975028927,0.5678309360974945
51009,Amherst,Virginia,-0.2283460314472936,-0.6874348725047916,0.4022712370494465,0.4329822830515074,-0.6542951366898886,-0.4658077924698593,0.6803512019950119,-0.19107895406800215,-0.3203163336805731,-0.2675672406989955,-0.5277676809885973,-0.4297508546058609,0.03405135997277055,-0.31771679736067504,-0.5387157802704237,-0.6827978715454563,-0.6652444949681694,-1.045217827751048,0.6605440614135845,-0.24370887916371795,-0.34083736966935274,-0.16745806453456746,0.14968405189447062,-0.8168350178228391,0.2630375309259721,-0.402084722525972,1.7593307667660154,-0.21519548224434906,1.6904339459476616,-0.32679782380835937,-0.6250836879917716,-0.4026059311226311,-0.25016224707187484,-0.350617041355065,-0.08602139992103093,-0.17040003798902004,-0.6852560639200264,0.7397875838230078,-0.38339255390819943,0.20359460643480262,0.26826689519913244,-0.11392191619064394,0.1223919683683287,0.8656079954071799,-0.0785099787660719,0.22757499489340127,0.5402890530122019,0.15176889226198773,0.5903316807646483,0.09045579376567797,0.04750660025410388,-0.1146360010152266,-0.29066115429087425,-0.59786040540054,-0.2288479142752286,-0.057081637295214545,1.2379150909709846,1.0296351506057624
51011,Appomattox,Virginia,-0.27431039473593505,-0.4331380331083905,0.131965317482407,0.33332063211252955,-0.6933546653900363,-0.3701947748032825,0.6344394669858505,-0.3229132958955939,-0.47239506036489526,-0.5362257732545916,-0.5666629147529183,-0.3264995519320088,-0.07639492891454856,0.01563298247540123,-0.39603058362579246,-0.7583646947085627,-1.016667939744373,-1.6078081859675297,0.7779758166167274,-0.2627859810768843,-0.39315522096101796,-0.3707966752977545,-0.10165174411682674,-0.790584559001564,0.8545478307554857,-0.009035926095247325,0.42740914956681686,0.2959930320847654,2.225737217336729,-0.15119166484908877,-0.5289388448437157,-0.40015669210335003,-0.2088561161898329,-0.3936817438779546,-0.08602139992103093,-0.32852546861612364,-0.39175978219090846,0.5227123019801964,-0.4908533053918667,0.28326229406632586,0.3848012165889316,0.11558661927718697,0.2709468385864029,0.324104522895234,-0.376402622689955,0.029324140838950127,-0.16514496233615952,0.28509635620398877,0.010172770543726024,0.02387420836590923,0.04750660025410388,-0.1146360010152266,0.007006295041446424,-0.59786040540054,-0.3024745466263894,-0.0609394844419342,-0.5466892558165346,-0.9855105127030436
51013,Arlington,Virginia,0.3727491659702484,0.43659083673048393,3.1331820104363404,-1.9626024314597195,0.030237218116611522,-0.5161387320567357,0.008929196463483372,-0.21590990545543298,3.905698735741809,0.4757122137427343,0.418828520870777,-1.1869270742141085,4.342623554428486,-1.1216780310829764,-1.4661695584605254,3.562148983696013,0.8021506981432356,-0.08656809631161363,-0.1865851069889514,4.470887124362778,6.462917726203415,7.81949635164568,4.823368658055421,-0.8207461542895387,-0.8114796830209278,-0.5174630232363128,-0.5444631765494224,-0.6366489129193106,-0.5391198020838129,-0.4539695594267362,-0.6103524075982071,-0.4062617303182623,-0.08950606104796786,-0.38842603772392204,-0.08602139992103093,6.883947151752142,-1.1753097609779029,-1.8293655004866463,-0.7205933861051992,0.18766106890849832,0.3953952458061863,0.4762428892980668,0.33951062484089894,0.1453817019183849,-0.09118626148623724,0.07193881040205619,-0.19336232295009428,0.33231649968344706,0.018291248297086768,2.046930072435806,-1.240803088095796,-2.753764880122985,0.3046737443737671,-1.4143475532627192,0.08727497516133904,1.8347762300586816,-1.8640792515415077,-0.9871252127537721
51015,Augusta,Virginia,-0.09961711213891732,-0.940859271106409,0.7545352952613982,0.49102357661966267,0.3250414522250059,0.5046113351767594,-0.34533216205734263,-0.3158638730956458,-0.34843725354957966,-0.4405707352318497,-0.4763862404107795,-1.2385527255510345,0.5422141173579933,-0.35693441851786023,-1.1094565668489478,-0.9516188074118174,-0.47527700915499077,-0.009158561838933684,-0.5403013465865784,-0.20172482815064433,-0.2750310999225911,-0.09756870372472033,0.09613655991857162,-0.6635397677502785,1.5653542467009582,-0.5031804110914666,1.0009420059148406,-0.33999273063388596,1.7452400467922615,-0.4374924386033927,-0.6209032883843538,-0.39784699037737836,-0.21786230829785655,-0.41693704362382183,-0.08602139992103093,-0.1323577149600221,0.05496084190110543,0.003709095149903778,-0.017046036636910098,0.028325693645451865,0.0457922816367872,-0.4581847193923938,-0.11758128352240721,0.15471796868583226,-0.19259652324755885,-0.1429873491336101,-0.13949281632349195,-0.08433182513530525,-0.06664051896883932,-0.24245213323316572,-0.38192996252919614,-0.1146360010152266,0.007006295041446424,-1.1421851706419928,-0.030669874121074633,-0.054607635636507355,0.39795972720770156,0.14962362295888812
51017,Bath,Virginia,-0.3087646300951537,-1.963658234166224,0.16308772539443642,1.7278597451135866,0.2577157548150769,0.5093906146698376,-0.3310291696760682,-0.3158567305541882,-0.46853372105146845,-0.8388121841029915,-0.5444708084826996,-0.7911304139643425,-0.09177091941222382,-0.2588903656248968,-1.1094565668489478,-0.4531818404625453,-0.9361154592829466,0.26728964601186256,-2.589527031931246,-0.282723718306638,-0.44698242133886407,-0.591500039085755,-0.3846432983793183,-0.814850315920623,-0.38248507096657536,-0.48932983348219933,2.3141284012907555,-0.32657410863160824,2.3887321750363903,-0.40620079948221643,-0.6182372860361056,-0.38934198118998015,-0.21917627002103113,-0.3554787787913774,-0.08602139992103093,-0.5018805567279105,-0.9753910328719962,1.1649739077857222,-0.34190798274088535,-0.0035413814071578774,-0.03895995210124948,-0.6876932548602247,-0.23185426061323375,0.31876951331383563,-0.05104469953904705,0.13678722060678344,-0.2857100485956978,-0.18432742309180486,0.11071699502765368,0.3052054144631292,0.04750660025410388,0.6051264205596165,-0.588328603623195,-0.8700227880212664,-0.35259455715928434,-0.06926681118059731,1.0220536339323212,-0.031222782722671535
51019,Bedford,Virginia,-0.08954501800423922,-0.8841967445977222,0.358235872858349,0.6361855709907358,-0.37897487712031946,0.29913976186172575,-0.17655471480279641,-0.3064571940066486,-0.11645304410324658,-0.47314368658974937,-0.5320536971920694,-1.0148415697576887,0.7460832770816339,-0.5138049031466021,-0.8240861735596857,-1.2953612828875114,-0.8706561188217579,-0.6329201670214689,-0.1618907337268448,-0.23040854160929714,-0.29879694351814545,0.20105141953623878,0.17941578665541724,-0.8053098442038878,1.222445407191818,-0.35860796412511503,1.3383391517971681,-0.3523063669223783,0.8880758536371257,-0.3052125214023405,-0.6254941486396557,-0.4036300231668323,-0.23562169379852635,-0.2560230007818492,-0.08602139992103093,-0.020106035091553086,-0.2397906162528118,0.24180989176644757,-0.1620893820321613,0.26732875654002153,0.3742071873716777,0.017225818362402626,0.2138103500409896,0.6135287926861016,-0.1989346646076417,0.045999446320165616,0.22220244245512247,0.24620917922090585,0.29806648164366717,-0.38585862486343686,-0.8113665253124961,-0.5944776153984553,0.007006295041446424,-1.1421851706419928,-0.004243640038756621,-0.049593746639769336,0.2049531749815759,-0.1749310872374823
51021,Bland,Virginia,-0.3025175301273525,-1.6905984811919852,1.6155775953841403,0.7529295807412475,2.1703894035424307,0.5575544698033749,-0.41120637828790285,-0.3514002873025187,-0.42602971344167306,-0.7110400932588118,-0.6312000630977828,-0.18883114836687276,-0.45983369195032514,-0.7687194406683074,-0.8954287718820013,-1.2082384945996698,-1.3657854554862834,-1.6602285488545554,0.4258104773453453,-0.2783720605781406,-0.3887045142060565,-0.49822614744143706,-0.5215614828797508,-0.8121984188059177,0.6035574683420146,-0.48077650094864405,1.777226711421561,-0.4430538471988315,2.3834987569201096,-0.3680720351666788,-0.6092147503696216,-0.39162538977608075,-0.2376005925242063,-0.42605249667858897,-0.08602139992103093,-0.4886683316770635,-0.5266106592237069,0.7229560844253178,-0.47277315123745295,0.06019276869806104,-0.1237121858392854,-0.9827756576045824,-0.24328155832231657,0.2867594558254447,-0.18203295431408803,-0.35050226178873667,-0.0368842322728211,-0.23710287756884776,-0.04665657372979786,0.16728069999618037,-0.38192996252919614,0.1252848061763878,0.3046737443737671,-0.59786040540054,-0.3428625162791106,-0.06722821808371048,0.004680223615521644,-0.7755995061083761
51023,Botetourt,Virginia,-0.22303321412821653,-1.2602148649326124,0.6615730459015734,0.8315365354730335,-0.1770239607230834,0.5808133478858752,-0.4526787847463635,-0.30370513670806876,-0.2910518058472243,-0.5867013588160164,-0.5761466534004004,-1.5138895326813062,1.2668763123756612,-0.8863723041398639,-1.0381139685266323,-1.8157361017288074,-1.2042340716895141,-0.792860939396232,-0.45580381453519186,-0.22023328068858103,-0.29000689849806,-0.1080176054549123,-0.11676421921917024,-0.7874725449808487,0.433701175637629,-0.46320079661379404,1.5535889440422013,-0.27511046940507106,2.348697253682622,-0.40490381022732946,-0.6188121293957382,-0.39824659144992575,-0.1802274084171954,-0.36537373902482195,-0.08602139992103093,-0.20232325477560636,-0.5791223230476815,0.6503844416721911,-0.33337426912434576,0.16376076261904102,0.2364848075473684,-0.21228271710543062,0.07668277753199744,0.44814349566274864,-0.304570353942352,-0.028113022485236727,0.07341999558164988,0.10177109328373792,0.12820294711181457,-0.011977414541658552,-0.8113665253124961,-0.8343984225900698,0.007006295041446424,-1.4143475532627192,-0.21241573755831983,-0.05808531063815256,0.48170919023234776,-0.011846382113932855
51025,Brunswick,Virginia,-0.2733731833014782,-0.8281553492156783,0.5522521644194893,0.48793219313643765,1.61210688106979,-2.726047896025744,3.045468406855103,-0.31874366399807247,-0.2567105750333534,-0.2950073639738336,-0.5259522856569876,1.1018101350562763,-0.8159526147268394,0.13328584594695764,0.4600805962419936,0.11539574503362347,0.36447007446375534,1.0852191610583897,-0.617239918038107,-0.2667453694241533,-0.41325408859863405,-0.37812560069631984,0.028347929410117392,-0.6586763739067474,-0.30960398932909705,-0.015244491521293063,-0.42879920094391916,2.1147699368106108,1.4131280514581968,0.07395114661635005,-0.1603077082920642,-0.3934512477234424,-0.19415654857300363,-0.3673463631210227,-0.08602139992103093,-0.30250789524783017,-0.7886406146187904,0.8973355118026503,-0.315979194946129,0.5541324320135047,0.6390579178030409,0.5418167565745913,0.568056579022552,0.26408566510450115,-0.6278155633065654,0.5592282927975762,-0.031753803070287676,0.5906384610710738,0.11883547278101399,1.2838026705461485,1.335816288604004,0.6051264205596165,-1.1836635022878363,-0.0535356401590872,-0.3006030003032791,-0.06492604461219438,0.8680001325775445,0.6081984373656997
51027,Buchanan,Virginia,-0.2593940889994083,-1.3937015647637885,0.8728476442503524,0.8492967808066347,0.27246789097845103,0.6097921515711473,-0.47161250300820823,-0.35784250110173227,-0.479675031126536,-0.6669002012780048,-0.6381661977696944,1.2394785386214122,-1.2932947483019899,0.07445941421117944,1.1021639811428334,-0.7033347868888774,-0.26965412589701876,0.5622465891684361,-1.1727362930103722,-0.2455237103788321,-0.2629183614662374,-0.3084314235938342,-0.24842108004641017,-0.8221988482510404,-0.7672194005658496,-0.3871299110218656,3.4471399271898253,-0.4640978983806203,-0.5061241543627208,-0.30756951207658645,-0.6266651882460755,-0.4062617303182623,0.057540541881946676,-0.4235953909361942,-0.08602139992103093,-0.30430941150170127,-1.156713015945553,1.255960977342296,-0.36474646412127526,0.24342845025056423,0.19410869067835043,-0.4417912525732615,0.07668277753199744,0.9229593484072135,-0.08484812012615438,0.14605127920745853,-0.3447099844248336,0.07954984929340414,0.37238177800135286,-0.47804851234003976,0.9063797258207039,1.8047304565176885,-0.588328603623195,1.8516010381859975,-0.2403766396255883,-0.06216922782616731,2.1632268501431944,0.5000135339669094
51029,Buckingham,Virginia,-0.2706874867846129,-0.9791553472660215,1.5068447399326845,0.15164167448613336,2.2044533332982623,-1.348217819933687,1.6681781893521967,-0.3161271838482596,-0.45324926137997246,-0.48786364906913116,-0.5282507895574288,0.396259566784955,-0.5848322575586583,0.01563298247540123,0.10336760463041615,-0.4427346276011456,-0.19921583652101924,0.34037976832912786,-0.6834275414172609,-0.2797585036551906,-0.4332562432262264,-0.5493524625577997,-0.20244997549400814,-0.801623123315797,0.0700311443535434,0.08563490103275073,0.3603345711771653,0.6679235773661999,2.6983864020223463,-0.06571529463752313,-0.45702956294753394,-0.38277130722586933,-0.21770195371010354,-0.37032265891120963,-0.08602139992103093,-0.43301456667564703,-0.7576104991789365,0.9235114037184675,-0.30527109705731226,0.315129369118935,0.480147479544223,0.2631278206493658,0.3623652202590638,0.23074185522076068,-0.5179544463984668,-0.26156729922225386,-0.43705771007043714,0.3684260211677392,-0.23962654494429197,1.0533279518546412,0.9063797258207039,0.6051264205596165,-0.588328603623195,-0.59786040540054,-0.3079581773531027,-0.06474432415809442,0.5904921040525549,0.9521295481708082
51031,Campbell,Virginia,-0.16016389959056027,-0.4912798229951531,0.5169233844329568,0.1951696489350777,-0.6592908114492899,-0.18406078002881182,0.3781368521499561,-0.2944201590276993,-0.1861213903046389,-0.21746990394788085,-0.4971305249232634,-0.6362534599535646,-0.462510761724474,-0.2981079867820823,-0.6100583785927393,-0.38545989122544333,-0.5366526709349007,-0.3835551338884789,-0.43093019670749205,-0.15633899780883997,-0.22106694101438085,0.11094714481896621,-0.15622782957531228,-0.7581830878616396,1.05116629766816,-0.11961077172937191,0.4127397829302456,0.18081463246834525,1.8759108098172295,-0.12898077692072507,-0.5921595447142329,-0.38901230353474414,-0.22128640420675508,-0.3709584226999685,-0.08602139992103093,-0.10361370987539079,-0.27088960406675544,0.3080979865144046,-0.3621103955172133,0.315129369118935,0.40598927502344095,0.11558661927718697,0.2823741362954857,0.38278962829061725,-0.3109084953024345,0.12011191512556796,0.03750699116391497,0.30453994469553025,0.13694592315389523,-0.11441062284899507,0.04750660025410388,-0.1146360010152266,-0.588328603623195,-0.8700227880212664,-0.1304232931428558,-0.04826128328960111,0.23356709413677187,0.03336521930645663
51033,Caroline,Virginia,-0.23092336289204984,-0.06655955099020504,1.1466720470035414,-0.5097428223481479,-0.24082528473241355,-1.022292069867424,1.2779152879806357,-0.15987710789397405,-0.04552507063809705,0.5975582041014635,-0.3254067359009147,-0.8427560653012686,0.6126416452625236,-0.4549784714108239,-0.5387157802704237,-0.9390383748014529,0.7462685416196111,1.2045667353013172,0.8865460720524728,-0.2516036463469455,-0.34845407194990285,-0.3775382475788794,-0.05459058309047606,-0.35920169261126345,-0.6697987137321377,-0.2679850165186162,0.1276063187546829,0.5524071399743482,2.5174880225003147,-0.16710863866954226,0.5246232336776855,-0.28887874809119213,-0.1592517473005407,-0.3153268005563229,-0.08602139992103093,-0.3022550436966303,-0.6567528556118993,0.7690023079623245,-0.34018038975743226,0.2593619877768691,0.5013355379787315,0.4270624888406746,0.3737925179681466,-0.12003502475618957,-0.41020604327706234,0.6741026194459496,-0.46014464148183803,0.38509195416048914,-0.06226903094779899,0.23898394581131593,0.04750660025410388,-0.354556808206841,-0.29066115429087425,-1.6865099358834457,-0.2637148222747743,-0.058917094417240155,0.6128910577719057,1.3848691617659683
51035,Carroll,Virginia,-0.23365884876637066,-1.4158264534897265,0.2418797802451397,1.183913106327789,-0.1930354398000864,0.768804072551633,-0.6187091578559678,-0.30125828217467354,-0.5505061838717666,-0.39439124981835144,-0.42550250552431235,-0.10278839613866274,-0.6880710509001922,0.07445941421117944,-0.32468798530347687,-0.8222364039441977,-0.724824118890097,-0.3414553135550216,-0.7524217071305132,-0.25276724262088146,-0.3597718078277444,-0.4113236974126319,1.041709666724857,-0.8169811179305082,1.3253718365827005,-0.4468317405397698,0.7429123317073406,-0.34658219455583417,2.88577605675411,-0.3445491808006359,-0.6169854862461978,-0.38733113190267215,-0.21557437434782237,-0.39862199864602876,-0.08602139992103093,-0.01893801544793432,-0.20470980590163088,0.2071993212847835,-0.38418933170660235,0.1239269188032794,0.03519825241953252,-0.7532671221367492,-0.10615398581332439,0.7935853660583005,-0.0024522824450805905,0.2664840410162373,0.42741961055646416,-0.10099775812805518,0.5647272509271266,-0.5702383998166426,-0.38192996252919614,0.6051264205596165,-0.29066115429087425,-0.0535356401590872,-0.21754377448364215,-0.057845020248938554,1.7437304347969407,0.958588348373721
51036,Charles City,Virginia,-0.30051716947193374,-1.868714994246593,0.5608685205506043,1.4422885446060585,-0.7128713083641596,-2.4718300870334344,2.3966248758087394,0.7443485158475848,-0.2054369748864885,0.6016745502455061,-0.5721179572601827,-0.3437081023776508,0.05100613520904638,0.4274180046258487,-0.39603058362579246,-1.5220415785038772,0.5526446329756356,1.2646535474198224,0.6626263754658023,-0.27467648069706574,-0.4335710472920106,-0.5859303341067864,-0.4027963299787202,-0.25660073116027404,-0.7881280019288561,-0.3583243026082678,-0.6057738995199621,1.0011066385681633,1.6712478796507038,-0.27653901201403863,1.2578556506008034,0.27236199542276884,-0.023813241972555212,0.506025011335683,-0.08602139992103093,-0.4991903846407702,-0.6092715407709193,0.8078634395350471,-0.5878889268029724,0.5381988944872004,0.7449982099755862,0.7057514247659,0.6594749606952129,-0.08268995768640006,-0.2707669333552447,0.7537735234117571,-0.293405692399498,0.6628575040396582,0.0638796233736503,0.3875120978569539,0.9063797258207039,0.36520561336800217,-0.588328603623195,-1.1421851706419928,-0.339868042162134,-0.06375665792387758,1.1129458704191018,0.39505803066957595
51037,Charlotte,Virginia,-0.2861163300243582,-0.5934159965412825,-0.4392605545049682,0.7654621469454269,-0.2225187324216561,-0.9489920352937966,1.2218122443125121,-0.2753487807746662,-0.5141447637884853,-0.5686408943718784,-0.5358160015947396,0.8264733279260047,-0.8732007222047911,0.11367703536836492,-0.32468798530347687,0.04460578080666825,-0.49247180884464364,-0.8067637290278797,-0.008417457461487487,-0.2786160359462057,-0.42570142095424396,-0.49068078673189536,0.0152665309609624,-0.7366095324158731,0.4825069277345464,-0.054233483201139576,-0.019291816119656757,0.5550258173902646,2.7927518352480565,-0.1279844410620396,-0.07840091602844275,-0.29444460074262047,-0.21711855925286144,-0.3724248137776172,-0.08602139992103093,-0.351025002137519,-0.5069574461975775,0.6444236699754896,-0.3843978343080536,0.38683028798730634,0.4589594211097136,0.21394742019197363,0.3737925179681466,0.2947619701975425,-0.17358209916731102,0.488821447432444,-0.1241015287158912,0.38231429866169764,0.22125319213110184,-0.11441062284899507,0.9063797258207039,1.0849680349428452,-0.588328603623195,0.4907891250823656,-0.3151449152338464,-0.0656847756732911,0.6495539076203862,-0.011846382113932855
51041,Chesterfield,Virginia,0.7123711595315368,0.25646300760058555,1.2618943378418657,-0.8647199769970608,-0.8521751783225442,-0.9987328576415896,1.056483640369763,-0.22968063757689783,0.9177790199785113,0.11870527764927143,-0.022296901358108134,-1.3590125786705283,1.7791576386441899,-0.5334137137251949,-0.8954287718820013,-0.5144506316498806,0.0397816767257506,-0.1293183554168464,0.8453578304378155,0.3779084069882419,1.0399461764630404,1.8584951586491067,3.2882140787353644,-0.740509125334085,-0.610701903979304,-0.3747907189019872,0.047723762127022624,0.3028086366759787,1.7123172900479535,-0.36410531891713505,0.1819647550784408,-0.3167859759772747,-0.011917727422499046,-0.17881907999360896,-0.08602139992103093,1.926618853858552,-1.0054574498657884,0.1457420919672124,-0.4145934789110798,0.426664131803068,0.6072758301512768,0.509029822936329,0.5109200904771388,-0.07201993852360308,-0.32358477802259983,0.18125470189002485,-0.5807097277413761,0.5184194181024903,-0.20965062708572957,0.2543489270574164,-0.38192996252919614,-1.3142400369732985,-0.588328603623195,-1.958672318504172,0.7775761209773571,0.09803001484256296,-0.8568913498156958,-0.3961449941872472
51043,Clarke,Virginia,-0.2780943859025544,-1.03979071282109,0.6646759605435371,0.6269187270363249,-0.23577154440177903,0.41322882896925706,-0.31670865292969447,-0.20504490497599118,0.02784555163356932,-0.09782320662368411,-0.24407469897700382,-1.4106382300074543,2.0486493292418375,-0.4549784714108239,-1.1094565668489478,-0.4133971353721479,0.30684808281033954,-0.24260252441318042,1.6459726327989912,-0.246923181704409,-0.33162896737658054,-0.32589393302750674,0.38492550201105713,-0.578144957879343,2.976171342849624,-0.5040027800730139,0.7051956130209069,-0.5703392957664288,0.22096848317736847,-0.44574724194476323,-0.610596405219426,-0.3849696194301608,-0.2374216334750919,-0.34981206482969923,-0.08602139992103093,-0.15874773497888342,0.7774160178869517,-0.6872835077903974,-0.6073094548238583,-0.04337522522291949,0.13054451537482312,-0.031954582094989546,-0.014735604140663477,-0.01733609031426887,0.39262519566673615,-0.1930132655772569,-0.8628833338807208,0.010108461823612885,-0.16718474345276654,0.04436085002737654,-0.8113665253124961,-0.8343984225900698,0.3046737443737671,-1.4143475532627192,-0.31377868641797585,-0.05372091683824509,0.15456768345574062,0.10279732148776961
51045,Craig,Virginia,-0.305882704934199,-1.3282152646474297,0.3933652872956365,1.0277561679107017,-0.11321782425126017,0.7975856029412204,-0.6565555141676885,-0.32033941409101513,-0.572000522336106,-0.682427711192957,-0.5887098165072584,-0.5674192581709984,-0.16494415990562478,-1.0432427887686055,-0.6100583785927393,-0.6004035832624977,-1.9209090194339091,-1.9065399854041234,-1.527839469563343,-0.2889089227108955,-0.4426334215561122,-0.5176704691886688,-0.33297880659725226,-0.815227886334783,0.011883225725943001,-0.4784008784680951,2.2131533749299206,-0.447671033552387,2.2421818940165217,-0.39436007951266605,-0.623953292896425,-0.4053790004317005,-0.25134749889362024,-0.42038982280316156,-0.08602139992103093,-0.46240382758340104,-0.7973171436244796,0.9748033443500315,-0.49383936050550753,0.02035892488229943,0.02460422320227784,-0.5565455203071782,-0.11758128352240721,0.3534470755929257,-0.22006180247458368,-0.02626021076510171,0.22220244245512247,-0.10933072462442976,0.14568889919597636,0.3052054144631292,-0.8113665253124961,-0.354556808206841,0.3046737443737671,-0.59786040540054,-0.3506855799097118,-0.06764207706994929,1.97258489698935,1.4914393651140303
51047,Culpeper,Virginia,-0.16684153106106508,0.2856894460125797,1.0133702434901375,-0.7678763585303453,-0.05200056801099808,-0.2469770333504668,0.4147815782210522,-0.22580642792249125,0.17293108705003807,0.35858512308009677,0.13074895387290222,-0.9115902670838365,1.6485990050433939,-0.14123750215334038,-0.9667713702043169,-0.13510107237394764,0.4145896656422982,0.12119453838643682,1.0361261912583921,-0.1961440758806382,-0.27023470227287094,-0.3141456091603744,0.8691667414407334,-0.48160801120162905,1.6615625372693037,-0.4023917882376407,0.5358632721008372,-0.32346955442684727,1.0143659824056273,-0.36502807607043286,-0.32758034549661347,-0.2560357500336691,-0.15480984993825178,-0.37976883133383116,-0.08602139992103093,0.006285356107691868,0.2776282669818591,-0.2726296063126791,-0.4550578766355789,0.16376076261904102,0.3000489828508957,0.19755395337284137,0.19095575462282396,0.042682767476464184,-0.23273808519474903,-0.20968857105847238,-0.29597090700076467,0.2156549687341975,-0.19154017671284831,0.30556553121108465,-0.38192996252919614,-0.8343984225900698,-0.29066115429087425,-1.4143475532627192,-0.1975743752160548,-0.042125431307562085,-0.2353529552893095,0.4531872324957914
51049,Cumberland,Virginia,-0.2918216046316141,-0.8251501792375763,0.17439165683878347,0.6733447669993728,-0.7542897012231609,-1.1726000637636458,1.4472015876752096,-0.21356800288826305,-0.4060567299982291,-0.3540707037356098,-0.4706417432516612,-0.11999694658430474,-0.25514081845002334,-0.2588903656248968,-0.6814009769150549,-0.27529048673037293,1.0693373325821753,1.1709371240036546,1.2415096819824778,-0.27885913052748995,-0.43237268777309484,-0.5133671876844108,0.013434730810458716,-0.7615883502109235,0.23660097851193904,-0.06558060256514624,0.13202282200219786,0.3918838339056985,3.2585472254814647,-0.15854483594638455,-0.016210385605475473,-0.28069995654709023,-0.23015092172470253,-0.38449767929742973,-0.08602139992103093,-0.3613829603083974,-0.642820926879012,0.7809848602967323,-0.5167523071007014,0.32309613788208746,0.5331176256304956,0.3614886215641502,0.43092900651355986,0.10003412047649782,-0.5580960083456566,-0.168926713215501,-0.41397077865903625,0.41842382014598983,-0.2758474456900545,0.326052172872552,0.47694316303740386,0.36520561336800217,-0.588328603623195,-0.59786040540054,-0.33215727131091943,-0.06395788076240239,0.2476608152134583,0.07211802052393398
51051,Dickenson,Virginia,-0.27897595040809037,-0.987378324138564,0.41051638590380374,0.705208146865699,0.399835010514385,0.8006405125486822,-0.6643615216314793,-0.33853038023092175,-0.5461845251485246,-0.6987072933184428,-0.6263606101376854,1.669692299762462,-1.2740747601798958,-0.2981079867820823,0.6741083912089404,-0.5043120347790473,0.4248800183401842,0.6400405858549885,0.5815964464397437,-0.23046052665530903,-0.2859466754399411,-0.21240920837452157,-0.040743422287378366,-0.8221988482510404,-0.5998791030040962,-0.36311041300775054,3.2664236992696454,-0.5622434610978346,-0.2933926041376015,-0.32793766596585694,-0.6255908051988767,-0.40538746507356616,-0.05579358812432023,-0.38093946262570577,-0.08602139992103093,-0.21846229397395578,-1.0809940770650115,1.145282418014744,-0.49145647363177924,0.23546168148741178,0.17292063224384108,-0.47457818621152376,0.05382818211383261,0.8922830433141722,-0.032030275458799225,0.39618086142569114,-0.5653184401337755,0.06010626080186269,0.40423119072607455,0.3052054144631292,0.47694316303740386,1.3248888421344598,-0.29066115429087425,1.8516010381859975,-0.2847510029465345,-0.06191397021057313,3.763600995199882,1.8741232771366156
51053,Dinwiddie,Virginia,-0.23731104457501956,-0.480114818113197,1.2929402112348252,-0.2015864825231793,-0.45823892902420393,-1.2859016177494829,1.5238851317298658,-0.29120041318316636,-0.2625002006855265,-0.07980728907988098,-0.4310373516751138,-0.6534620103992067,0.18890954998507128,-0.35693441851786023,-0.46737318194810806,-0.6859209549363369,0.34420425420490847,0.6330831528699115,0.5236943819018012,-0.22619449805618935,-0.35399471287603135,-0.3119251658403238,-0.1403146967243194,-0.47032300639976066,-0.38803195979423044,-0.048104418157207736,-0.39995261014161415,1.572954407985967,1.7098873071984255,-0.07167903053084074,0.19697570000535444,-0.3101755367890514,-0.10285084648660045,-0.35986908491983194,-0.08602139992103093,-0.2993538980121684,-0.6386705593310323,0.7501698011362783,-0.362363577247547,0.5222653569608955,0.6496519470202948,0.5254232897554589,0.568056579022552,0.0346802531043664,-0.25809065063507936,0.5444057990364958,-0.20362318135516116,0.5795278390759069,0.07387159599317081,-0.006855754126291726,0.47694316303740386,0.1252848061763878,-0.29066115429087425,-1.1421851706419928,-0.26266675633383246,-0.059113513174108276,0.18080474070169916,0.41443443127831464
51057,Essex,Virginia,-0.2888313143985503,-1.0028679980652648,0.015910114489713176,0.9159993471484669,-1.4400432242739858,-1.6918771792904825,1.9415153484085779,-0.16625742103181532,-0.10641860347359712,0.736262015274514,-0.42203079421345835,0.2930082641111029,-0.14991138348155836,-0.10201988099615492,-0.32468798530347687,0.559961343222367,1.5217078372549524,1.6992092460068364,0.9623592875066593,-0.2459615895701844,-0.3721140436793951,-0.4153022887260953,-0.1261909748240616,0.0024272741697065636,-0.7798496703756419,-0.23425840936859074,-0.48539783655467034,0.5408714941705347,1.9004440342882432,-0.29263538134781664,0.5047949529826122,0.35908731167420366,-0.2285752026843571,0.4212133450901625,-0.08602139992103093,-0.34066652297160116,-0.3504801559912873,0.4878210776880965,-0.5270582928295765,0.32309613788208746,0.5648997132822589,0.5254232897554589,0.4652108996408083,-0.13337254870968573,-0.5897867151460697,0.5629339162378463,-0.46784028528563837,0.4628663081266566,-0.160939760565566,0.0955774541810448,0.9063797258207039,0.36520561336800217,-0.8859960529555155,-0.59786040540054,-0.32027295215916873,-0.06287522661801055,1.2833065037384042,0.6663276391919152
51059,Fairfax,Virginia,3.0399650448623645,0.24984713387480248,1.9411258864863083,-1.1968941585304917,-0.18376834455263863,-1.1535959718599846,0.07920595276647305,-0.2547409854072925,7.238023188461938,0.21810021237310098,0.4844607067105875,-1.4622638813443802,4.954368319228852,-0.5334137137251949,-1.1807991651712635,0.4480296658219827,0.744538908361941,0.43211519453452896,0.872402713672961,1.2301785706816384,2.6538642067099922,4.53125232105989,5.521297083822274,-0.8194116654646687,-0.6882491254776675,-0.4888296590340528,0.43444798738836826,-0.5908436436832136,0.06384833120048061,-0.43228592296853297,-0.2218185790460772,-0.31153270184728116,-0.06701489860519191,-0.17014267948613665,-0.08602139992103093,4.118026830440807,-1.118235836752941,-0.6907152508864445,-0.4372234576900184,0.14782722509273669,0.3742071873716777,0.4270624888406746,0.3052287317136505,0.14938295910443367,-0.12287696828665003,-0.13742891397320506,-0.2446666149754295,0.29620697819915565,-0.07226100356731949,0.5053102874103909,-1.240803088095796,-2.273923265739756,-1.1836635022878363,-1.958672318504172,2.4968721507026714,0.5196143353611596,-1.4382195907648276,-0.6512676022023041
51061,Fauquier,Virginia,-0.11231632707580717,-0.0892205359032097,1.136800051495153,-0.4839492684283152,-0.27352268273298025,0.20698281897716425,-0.08096770452284183,-0.2547491707645315,0.17246484592043163,-0.02763826879444952,-0.044188123472292354,-1.4450553308987382,3.3020671260612575,-0.5334137137251949,-1.1094565668489478,-0.8234434396908308,0.0076621316770057995,0.6148922166929788,-0.3674640068893921,-0.24414189408869474,-0.3344972074052846,-0.345929280624608,0.6868654006668355,-0.5934054589257746,1.9805972190605021,-0.4698185329069239,0.8770066251488937,-0.48865316001915665,0.7245558554552158,-0.40766368125180397,-0.3355010656816803,-0.32564524653613375,-0.20048696726349485,-0.38838043113419624,-0.08602139992103093,-0.08368235434983819,0.311907994976269,-0.26711505762050414,-0.25487303967795816,0.08409307498751778,0.28945495363364104,0.14837355291544918,0.1338192660774107,0.03601400549971599,0.00599857270169643,-0.23562793514036295,-0.4729707144881718,0.1628795142571546,-0.1759277194948472,-0.06831567911069364,-0.8113665253124961,-1.3142400369732985,0.3046737443737671,-1.958672318504172,-0.1365058186929644,-0.048017253608008965,-0.7460855805852862,-0.3137952916001083
51063,Floyd,Virginia,-0.2747848580246288,-1.137422309516118,0.3513274469068787,0.8729178973442773,0.1417795948287826,0.6783648155085384,-0.530063842043264,-0.29708575155583883,-0.36795607432988464,-0.507638347779456,-0.4858877807722941,-0.5330021572797127,-0.23646997284570342,0.0548506036325867,-1.0381139685266323,-1.1766405416987051,-1.0413173708324546,-0.37702541973341014,-1.51744028091264,-0.2752646352925652,-0.4027225674624456,-0.4784307235458497,0.3229470265904006,-0.8206158209085787,1.4278592858629093,-0.42781383771473186,0.7697809252822087,-0.34394519229314685,3.0702057127605684,-0.37550648172754164,-0.5911424577038726,-0.34588626645501475,-0.24697351848379936,-0.42369840605932835,-0.08602139992103093,-0.25540805594565963,-0.16191461530175597,0.26768483014506156,-0.4556833844399326,0.02035892488229943,-0.06014801053575808,-0.8352344562324036,-0.1975723674859861,0.4654822768022938,-0.30245764015565785,0.21460531285245582,0.43511525436026427,-0.19821570058576404,0.3068094576857474,-0.2834254165561003,-0.38192996252919614,-0.1146360010152266,-0.29066115429087425,-0.8700227880212664,-0.2984320065684711,-0.0622593108566548,0.4976164007858625,-0.02637868257048672
51065,Fluvanna,Virginia,-0.24104231759845077,-0.7534535494677016,0.9719174260895553,0.21011019020344157,-1.9110415563635978,-0.21227446350830353,0.4216828388103282,-0.26525253981056107,-0.15920457562699109,-0.044348094497584395,-0.4260130044998733,-1.2385527255510345,1.3294099165871887,-0.5334137137251949,-1.1807991651712635,-1.6515854194347668,-0.830200107139712,-0.11989279310606288,-1.086973953625981,-0.26041100776714404,-0.4016396064396513,-0.4429524909154771,0.4079281067999505,-0.7651491247060188,0.17993975732903583,-0.19729839391153087,0.553540481834303,0.33089650501776313,2.9183750608738426,-0.21118754558695968,-0.41350771295358274,-0.3458952799132287,-0.22646720130349401,-0.31672972911463637,-0.08602139992103093,-0.21661096097871235,-0.6719652966520173,0.7468167960486615,-0.5240201120655729,0.2912290628294783,0.4907415087614769,0.27952128746849575,0.3737925179681466,0.17739175940677582,-0.37428990890326086,-0.14669297257388048,-0.04201466147535453,0.3684260211677392,-0.0872489624966007,0.03411752919664288,-0.8113665253124961,-1.0743192297816841,0.007006295041446424,-1.6865099358834457,-0.2621801542898238,-0.051216440141445455,-0.6969266439910377,-0.8918579097608071
51067,Franklin,Virginia,-0.15677529449785235,-1.0183637554633005,-0.23052265270623776,1.0530031407700728,-0.3888749554425,0.2958440296843891,-0.11841335533140795,-0.30746875697820886,-0.4412813544078484,-0.5023394463922574,-0.4953371683947057,-0.5157936068340706,0.42256969129795774,-0.2981079867820823,-0.7527435752373701,-1.2501794118710312,-0.5048733150253332,-0.21230971815591457,0.10212031677505393,-0.24293622190281167,-0.3204428522781168,-0.12490114939192355,0.14560618452067908,-0.7232034997305578,0.7504362130942653,-0.323357259558975,1.2476824873844228,-0.3357469815446805,1.6770280590779738,-0.3108495957548752,-0.6184244823278149,-0.40257158543481364,-0.2468802148222531,-0.20347181319831442,-0.08602139992103093,-0.15058358359005086,-0.37252359967624954,0.4271871223817369,-0.21008965949482628,0.30716260035578313,0.40598927502344095,0.017225818362402626,0.25951954087732004,0.4894898199185869,-0.5538705807722683,0.7259813476097314,0.21963722785385575,0.2795410452064057,0.3636388019592713,-0.14514058534119603,-0.38192996252919614,0.1252848061763878,-0.29066115429087425,-0.59786040540054,-0.09413400993774629,-0.05441335369319476,0.4356952373889094,-0.15232528652728727
51069,Frederick,Virginia,-0.05933166438593764,-0.08827202421912712,0.972299911668633,-0.402899150934013,-0.10243945574353298,0.4084589975968418,-0.30072386678543533,-0.2806419401047242,0.13062705130172103,-0.13804207248301117,-0.032414247636630825,-1.3762211291161703,1.9185711953440936,-0.4549784714108239,-1.1094565668489478,-0.7406309225965785,-0.4639802534170282,-0.235446795396971,-0.21260470454995833,-0.037090182703280516,0.05500674913163717,0.19027632148923054,0.7677328789675228,-0.7283579729470391,1.47988569621991,-0.4573604689403849,1.2103247467924771,-0.4940730647013315,0.9704450008091821,-0.4166703767672377,-0.6253267163768023,-0.40345217686175333,-0.1036982046262241,-0.40061103085846955,-0.08602139992103093,0.2832795206861917,-0.04753403125420004,-0.07608749993459507,-0.4306481792228244,-0.09117583780183297,0.03519825241953252,-0.21228271710543062,-0.07187209268607675,-0.06401742415150553,0.19825552729086923,-0.21709981793901245,-0.9860136347415255,-0.07599885863892988,-0.28459042173213517,-0.25269545406389937,-0.8113665253124961,-0.8343984225900698,-0.588328603623195,-1.4143475532627192,-0.05977241944544043,-0.02590757004176955,0.408665077468162,1.2508490575555273
51071,Giles,Virginia,-0.2719410070781989,-0.6768162748080886,0.3977681647741127,0.42544218383995863,-0.27234770312549905,0.7036150399087602,-0.569149795545772,-0.3245084996927015,-0.3970054904504639,-0.5508664674158914,-0.5702096663291458,-0.5330021572797127,-0.1792218653677518,-0.5138049031466021,-0.5387157802704237,-0.42336274670945534,-1.2074117836734743,-1.0847024579289835,-1.0645153158612417,-0.22537064882616234,-0.30865871624692287,-0.3296191539215214,-0.15802020748084109,-0.8210460125092343,0.2510275967850641,-0.4406192302539139,2.4249670741970166,-0.5594217821648599,0.9504798666120049,-0.3755712739947604,-0.6200229351539513,-0.3997853895805614,-0.21272130798800007,-0.3495144912406853,-0.08602139992103093,-0.2964770616973786,-0.6948366289383178,0.8035336046849552,-0.4715891543220692,0.028325693645451865,-0.017771893666740122,-0.7204801884984869,-0.16329047435873767,0.17205674982537744,-0.0890735476995427,-0.5042856345599463,-0.32418826761469943,-0.15655086810388805,-0.19466266815644837,-0.5651167394012758,-0.38192996252919614,0.1252848061763878,0.007006295041446424,-0.59786040540054,-0.2898790398718568,-0.06118414144552017,1.0495375460785745,0.38536983036520633
51073,Gloucester,Virginia,-0.21152601498452644,-0.7855541878957826,0.9762289116043706,0.23753669107299463,-0.3684045385376536,0.2442215948148237,-0.08771266218199236,-0.22585219150884506,-0.126651059519319,0.00983151448351064,-0.43068831530747775,-1.0148415697576887,1.0978090597159553,-0.47458728198941663,-1.0381139685266323,-0.8206418161297623,-0.12083827455195052,-0.17045502558327558,0.8042712280712306,-0.23664101017956646,-0.3138873240808733,-0.2923546342035525,0.8636806714591514,-0.4827930451901019,-0.7802416548004804,-0.43484372451040665,-0.7610262988078902,0.5682745568317799,1.3592317090651442,-0.378355417759698,1.169775534501927,0.6158799860039477,-0.18452292675853865,1.7216290189709016,-0.08602139992103093,-0.009329753931157408,-0.8284177971182265,0.8094330812948942,-0.5254945233186923,0.5142985881977431,0.7026220931065674,0.6565710243085056,0.6594749606952129,0.016007719569471637,-0.367951767543178,0.7018947952479759,-0.1292319579184251,0.6350809490517397,0.10384751385173278,-0.17587054783339698,-0.8113665253124961,-0.5944776153984553,0.007006295041446424,-0.8700227880212664,-0.21320178701402617,-0.04376064295756067,0.38332141167102235,0.30786422793025275
51075,Goochland,Virginia,-0.2513428570202777,-1.4737169288455594,0.9207442676376374,0.8991600251966322,-0.43313508857194405,-0.28348716139110575,0.40059319426527823,-0.30205068157250603,0.08410543118152082,-0.19696627497453004,-0.47980708073128164,-1.4278467804530963,3.069848483857528,-1.0628515993471983,-0.8954287718820013,-1.6397163141978706,-0.8351762399393079,-0.2292853285839973,-0.7834556587120388,-0.23570630945015011,-0.2949863486019477,-0.28872231415280875,0.7991247738633835,-0.6066229496971268,0.05643984723483674,-0.279076704115035,0.35081542536554466,0.11861133837142854,2.9752048160172095,-0.2494607812893813,-0.2033342272213871,-0.3238064104926028,0.01925187973155353,-0.22884074561726955,-0.08602139992103093,-0.019790410798540475,-0.5717582211264078,0.5644194794158998,-0.5239009677218864,0.2752955253031734,0.5013355379787315,0.32870168792588794,0.39664711338631226,0.024010233941569425,-0.5285180153319377,-0.1763379600960414,-0.26262311718429693,0.37953664316290614,-0.2683534662254137,0.9047997998090034,-0.8113665253124961,-1.3142400369732985,0.007006295041446424,-1.958672318504172,-0.26521205933326253,-0.0537631544765293,-0.6393609340366158,-1.1098424166091156
51077,Grayson,Virginia,-0.27536768638543163,-1.4933836408937868,0.4320934186902935,1.1606353035153003,0.6197545436866022,0.46274308932412134,-0.2888061608724049,-0.3186334233889163,-0.5574167049904841,-0.529201098378946,-0.42721177110711167,0.7404305756977946,-0.9891384362698513,-0.04319344926037889,-0.8240861735596857,-1.1974195526948856,-1.273041699674489,-1.0588760607704797,-0.7031888333252536,-0.2764782590118839,-0.42251709091604267,-0.5046072521983147,0.36989919140741245,-0.8144049222777926,1.1947599304358363,-0.4698907935484578,1.3635917678899754,-0.3443870275145877,1.771117949883828,-0.33968989476832373,-0.6223005965842531,-0.4029898047978147,-0.19199988804008652,-0.36846554701384626,-0.08602139992103093,-0.25782464741528544,-0.261273118622269,0.3653265684604436,-0.40795862827204243,0.028325693645451865,-0.219058448794576,-1.1467103257958913,-0.3118453445768127,0.7282314986861689,-0.4123187570637565,0.6833666780466251,0.4120283229488634,-0.3176548870338059,0.549739291997845,-0.17587054783339698,0.47694316303740386,0.845047227751231,-0.588328603623195,0.4907891250823656,-0.2909271058127986,-0.06359332924179849,1.7053947161945644,0.7858154429458024
51079,Greene,Virginia,-0.2628647000926312,-0.08133578074006159,0.8876200883077555,-0.36711733629450505,-0.6155064938257663,0.23266698417765475,-0.11465785693856442,-0.27719435590860886,0.18261483640030562,-0.17077928369056486,-0.2685503601523518,-1.1869270742141085,1.2096968477124315,-0.2000639338891186,-1.1807991651712635,-0.7417620996187249,-0.6228409947069715,0.26769566448099025,-1.660899322288503,-0.23009046215468995,-0.3495235883168958,-0.26453972793238395,0.890754845659701,-0.7983623323021256,0.9765764079485884,-0.4774049402004353,1.6683111987024555,-0.4684260073535814,1.2467958375487431,-0.3968085756095484,-0.6179764550000606,-0.4006822494460609,-0.14309388868349357,-0.40293523425342875,-0.08602139992103093,-0.0017108849486819429,-0.34420190096250675,0.3353789369992442,-0.623140759491191,0.13189368756643183,0.2152967491128598,-0.031954582094989546,0.14524656378649353,0.2200718360579637,-0.11231339935317922,-0.03922989280604716,0.03237656196138154,0.13232530377044704,0.06450412166237023,-0.5190217956629744,-0.38192996252919614,-0.354556808206841,0.007006295041446424,-1.4143475532627192,-0.30127675697959877,-0.044459427817072406,-1.4827431462905054,-1.7088961354292815
51081,Greensville,Virginia,-0.2877095894629348,-0.7849802666919892,3.2972799301734446,-0.9189162823944484,5.788769659277225,-3.0465609940510845,3.387899605425827,-0.3432078818581325,-0.3514390704751142,-0.5202836654671175,-0.5018481050898693,1.7213179510993881,-0.577075619495099,-0.6314577666181586,-0.39603058362579246,-0.20303185738946533,0.17421595349707822,1.1281312691157817,-1.0591803823786652,-0.23705054023051006,-0.364136189558873,-0.462159430732619,-0.39109850500808435,-0.18260032405395366,-0.7264187302498015,-0.11632513641001226,-0.65461515132251,1.5729680166465798,0.46577610413143283,-0.06702113537144526,1.5450996465554423,-0.1683303585334635,-0.08818698921093295,-0.3855083102690841,-0.08602139992103093,-0.4246675965470504,-0.5084863501557981,0.6777040308985881,-0.5189862635448218,0.6098998133555712,0.6920280638893135,0.6073906238511133,0.6137657698588825,0.30676574175568905,-0.5285180153319377,0.7259813476097314,0.283767592885525,0.6461915710469074,0.3011889730872672,3.219790307554809,1.7652528513873038,0.6051264205596165,-0.8859960529555155,-1.1421851706419928,-0.33683613711869526,-0.06289798867230788,0.3649226311510155,1.2605372578598963
51083,Halifax,Virginia,-0.22159225154773918,-0.7093870829799059,-0.852457915508989,1.0780836161490392,-0.9515521552528982,-1.5287834703914969,1.797839287632122,-0.31529109890616963,-0.353572619478928,-0.49571034127114694,-0.544074286951031,0.447885218121881,-0.8994222774285051,-0.2588903656248968,-0.039317592014215016,-0.3099422971137641,-0.18383720954996965,-0.12906771777703466,0.041886567932233366,-0.23466370594788583,-0.3873605658521369,-0.3848344397317726,-0.09547807527867959,-0.7582875272542453,0.5699071483576663,-0.23048124104744108,0.21627165644019195,0.5410929035983293,2.540929340780739,-0.14252953334636972,-0.19628661011699772,-0.3408600982280648,-0.23104292498234935,-0.31558689992431677,-0.08602139992103093,-0.32402386179955345,-0.48875488136565054,0.6150694757345898,-0.12209411516092736,0.43463090056621984,0.5437116548477495,0.3450951547450202,0.43092900651355986,0.3161020085231362,-0.4968273085315248,0.32206839262028913,-0.09075373889942347,0.45731099712907275,0.08761055834501173,0.6384734582099284,0.9063797258207039,0.36520561336800217,-0.588328603623195,-0.59786040540054,-0.19222175273195924,-0.06233981647691018,0.42803651829077655,-0.4090625945930726
51085,Hanover,Virginia,-0.005286781260838848,-0.29499875325953867,0.9405770194716407,-0.1966472608897681,-0.483010258322884,0.09024623634978893,-0.011865217869134321,-0.27667542800272726,0.2268815374935812,-0.20219259668326525,-0.47898387682930266,-1.6171408353551584,2.4095046062341536,-1.00402516761142,-1.1094565668489478,-1.3469141244256742,-0.9145438831378324,-0.6495571059801919,-0.22870385144272887,-0.02696907735543582,0.021003121579325424,0.16869926155809659,1.0436826364444298,-0.3253001230766976,-0.2899357162157426,-0.3687910577420464,0.1100883308174425,0.07177188401913828,2.125463661481379,-0.2619896699551303,0.554370118956305,-0.2923397725754438,-0.05043250739785048,-0.3730808824872634,-0.08602139992103093,0.3429292463586943,-0.45149028005526265,0.29089447218946257,-0.38715304725580196,0.30716260035578313,0.5437116548477495,0.44345595565980456,0.4423563042226427,-0.10669750080269343,-0.5010527361049131,0.3887696145451511,-0.4550142122793046,0.4323120976399482,-0.1778012143610074,-0.1963571894948643,-1.240803088095796,-1.0743192297816841,0.6023411937060877,-1.958672318504172,0.027703655696736895,-0.023305194889104843,-0.0017834221401408373,0.40636093102467347
51087,Henrico,Virginia,0.6479847339843535,0.09604206474286867,1.4024287000915752,-0.7869158534109095,-1.1751851141517335,-1.7339924365531039,1.4711792533678387,-0.28127720578446697,2.8234625206667046,-0.1960469367981583,-0.27353669710348066,-0.9976330193120466,0.9097277473783205,-0.592240145460973,-0.8240861735596857,1.104750683093248,0.7975577678884851,0.1745461504749547,0.7758087707784954,1.192912036103743,2.2963860493735586,3.6777739490012733,3.1331345360414447,-0.5168181257302112,-0.7067444396134155,-0.4531761088768455,-0.45251916164535283,-0.240450462359713,0.9895052491063325,-0.38938304854502825,0.776334164520166,-0.28831753322591414,-0.04204337759420845,-0.1529253860981187,-0.08602139992103093,3.058805065802583,-0.8286633855239034,-0.5149427978980466,-0.5575964774207011,0.4027638255136107,0.6284638885857862,0.5582102233937212,0.5223473881862216,-0.12270252954688876,-0.2918940712221867,0.34244932154177465,-0.5242750065135072,0.5267523845988648,-0.15594377425580574,0.8484615352399683,-0.38192996252919614,-1.5541608441649128,-0.29066115429087425,-1.4143475532627192,0.7010298763621442,0.21171497948795137,-0.8514378386144802,-0.37353919347705217
51089,Henry,Virginia,-0.1728396842415887,-1.0740462139746563,-0.06352151905619019,1.0211328095385745,-0.8831693577145487,-0.6408908058530565,0.9023357917440717,-0.29418534836635946,-0.43736338270508085,-0.3706068406333867,-0.2863033861962891,0.017671456980830835,-0.9482273186956797,-0.08241107041756218,-0.46737318194810806,-0.040830566557167644,-0.27064644008924915,-0.37069086399616297,-0.019137115668305477,-0.08874890681270156,-0.20590242288498142,0.06474843206450204,0.9435058018688827,-0.813648698009269,0.037855921948972096,-0.23345281593442982,1.246604688808038,0.09513472828872944,1.5972005551531567,-0.18920035540399763,-0.6042385905880046,-0.4024660515244523,-0.254890026634726,-0.38312733909467933,-0.08602139992103093,0.19876764246980846,-0.784009984697146,0.6764163908835094,-0.45376962841946955,0.39479705675045823,0.4907415087614769,0.16476701973457913,0.3852198156772294,0.7255639938954697,-0.7862690973086309,0.6129598326814931,0.6685497830755402,0.3878696096592807,0.4766729922176,-0.23220881240243207,0.9063797258207039,0.6051264205596165,-1.1836635022878363,-0.0535356401590872,-0.09821398092212683,-0.04336971653775071,1.5895295738767807,0.6695570392933715
51093,Isle of Wight,Virginia,-0.21222599477463636,-0.7052201102866407,1.0374285383336452,0.13304797068889376,-0.4700486080264316,-0.7301813394950557,0.9325064213379763,-0.24634429189607662,-0.06079123560791532,0.047731725745324256,-0.4585635395946459,-0.9287988175294786,1.580642618468847,-0.7098930089325312,-0.8240861735596857,-0.5172728458551117,0.07653443264736517,0.29753823620364395,0.20782853691823516,-0.19946917428647692,-0.23833685650162284,-0.20931552376849236,0.1092534210085942,0.17210583692403036,-0.7774206605797517,-0.3820668814226137,-0.7464479172607651,0.5068564756297569,0.6300266392927711,-0.31509530530183577,1.266726888179558,0.4486363352891545,-0.20684268966605704,0.6827600354894382,-0.08602139992103093,-0.1557371360432748,-0.18231123521003081,0.24448363877618418,-0.4698168822097338,0.6497336571713328,0.7661862684100947,0.6565710243085056,0.6709022584042957,0.23607686480215903,-0.24330165412821983,1.1410111729199839,-0.006101657057620078,0.701744681022741,0.4217171428102359,0.23898394581131593,-0.38192996252919614,-0.354556808206841,0.007006295041446424,-1.1421851706419928,-0.21853569403489062,-0.049490019045580584,-0.3075280981693033,-0.4478153958105494
51095,James City,Virginia,-0.09679083390688348,-1.005212488499121,-0.42561935866496375,1.1380487242370292,-0.7756090447292673,-0.22602166777548768,0.2961148029593527,-0.2593416954600729,0.6342366901861634,0.24123040755770178,-0.26158982322316315,-1.496680982235666,2.5432894521268725,-0.9648075464542345,-0.9667713702043169,-0.5917424962507345,0.1276953589270263,0.11104859686391531,0.7550780683746929,0.016559195540847983,0.2878220967009759,0.7720771861563673,1.6263608017452689,-0.6120149695696079,-0.7700332798691606,-0.4695582972585125,-0.5698931374615268,0.05074320863397418,2.4007032310477032,-0.40629971067000303,0.4688291794618819,0.8454915432298991,-0.21258363338572187,1.4207030968507826,-0.08602139992103093,0.7984694922876531,-0.9510338578958214,0.5798894963457194,-0.6061403509514355,0.5541324320135047,0.7555922391928401,0.7057514247659,0.6823295561133786,0.02534398633691902,-0.2918940712221867,0.8352972390976998,-0.11384067031082434,0.676745781533615,0.17941180678685828,-0.6521849664625118,-0.8113665253124961,-1.7940816513565272,0.007006295041446424,-1.4143475532627192,0.018046476669487537,0.018195354205046452,0.8775769341871779,0.22389982529238533
51097,King and Queen,Virginia,-0.30033558475650773,-1.2921583401586265,0.2857536626460241,1.048130103495346,0.4142974898198025,-0.9585662957345239,1.158852745522723,-0.0737507374642174,-0.3591513774341097,-0.38192465072139364,-0.47712518187338415,-0.4813765059427885,-0.10549948235657672,0.09406822478977217,-0.8240861735596857,-1.4740492329370423,-0.9425924147359455,0.29569027861910785,-2.8583717136094027,-0.2851511591768572,-0.43093206335567474,-0.5509948042770066,-0.182210968440236,-0.1985052269972481,-0.780710651092003,-0.23400259390089878,-0.5725982968449845,1.4944814479562634,2.1623678330294136,-0.23559811662989852,0.4068493210703601,0.15168567291167906,-0.18449657097773167,-0.1402253669393118,-0.08602139992103093,-0.42850270247569905,-0.5487129905676943,0.7184689538708611,-0.49698179257023667,0.37886351922415396,0.6178698593685316,0.5418167565745913,0.5223473881862216,-0.1093650055933926,-0.5369688704787147,0.750067899971487,-0.31905783841216556,0.5128641071049064,-0.0347911062441167,0.15703737916544672,0.04750660025410388,-0.1146360010152266,-0.29066115429087425,-1.4143475532627192,-0.34271279257326176,-0.06638574083761417,-1.0706558752027346,-1.6459228334508813
51099,King George,Virginia,-0.24231341060643283,0.4666201088304066,1.7026610119053425,-1.2778432003258657,0.2627498824745518,-0.34567944782883236,0.5004234755391468,-0.17977351026379101,0.24580152660858515,0.47680803284682566,-0.2823250328875756,-1.4794724317900223,2.0548271825667963,-1.00402516761142,-0.9667713702043169,-0.8817382835445978,-0.41241488997870324,-0.06504244869846414,-0.2730622427401777,-0.16881110947821204,-0.23869053832169396,-0.2069449241559491,0.6939431176556448,-0.45332798792693374,-0.23706976380223993,-0.4604318681400337,0.3368229406601825,-0.3190963269420059,2.8780652630664445,-0.3631711592598351,0.5652019518968395,-0.03961148837472741,-0.1028391816264797,0.021217336042593904,-0.08602139992103093,0.010657988329795013,-0.5536287345780594,0.533648038487129,-0.600116115073791,0.28326229406632586,0.5331176256304956,0.5909971570319834,0.4423563042226427,-0.17605262536087363,-0.41020604327706234,0.3943280497055561,-0.5345358649185743,0.44620037513390665,-0.2009076510436489,0.2543489270574164,-0.8113665253124961,-1.0743192297816841,0.007006295041446424,-1.958672318504172,-0.3013516188325232,-0.040994235600660685,-0.570683409576104,0.6873187398513817
51101,King William,Virginia,-0.2706874867846129,-0.023755463213998705,1.341020717927425,-0.6459664558417876,-0.5115322771271653,-0.30346697800593264,0.4198053665504112,-0.08372983572377352,-0.10833485981024009,-0.16031168303746662,-0.496407066274227,-1.3073869273336023,1.1884175751486845,-0.651066577196751,-0.8954287718820013,-1.9414004780706426,-0.5355722248174772,0.5007603971074441,-1.6328589438817038,-0.24312733310038817,-0.38763452367065304,-0.4798113137761461,0.005069907513179735,-0.06640131356667325,-0.7645531009484167,-0.3223301628412129,-0.31835540972386467,0.5534220548102966,2.057308909541015,-0.24274499864319843,0.791207633754414,0.5221531438985882,-0.18125237789083745,-0.0871804960183955,-0.08602139992103093,-0.331174683428522,-0.41132907004198177,0.5428817262932946,-0.5272444558665865,0.3708967504610015,0.6390579178030409,0.5582102233937212,0.5223473881862216,-0.12403628194223836,-0.4524603190109463,0.6889251132070304,-0.38318820344383475,0.5184194181024903,-0.0529015566169984,-0.49341349358614023,-0.38192996252919614,-0.354556808206841,0.007006295041446424,-1.6865099358834457,-0.31102751332300366,-0.05833121517867682,0.19025694647238447,0.6081984373656997
51103,Lancaster,Virginia,-0.2898563894049875,-2.289951459734679,-2.898607164372753,3.5532452801095906,-1.2649255027625323,-1.023471698973391,1.2646052374001624,-0.32377849790659247,-0.34137820689984677,-0.6874571467548207,-0.5198508273730172,-0.20603969881251477,-0.04461330569837159,-0.003975828103191509,0.24605280127504683,-0.5286619792124911,-0.23323138940683869,0.6111843816804033,-1.2100453046318558,-0.2530743249540242,-0.3857214385321634,-0.46787401913807164,0.33453886720392606,-0.3965450113144896,-0.7792482130370707,-0.43345282288659664,-0.79160105462945,0.32894018015492416,1.2582085070999613,-0.3731297586176079,0.03296732057785758,-0.14015066575945714,-0.20430325672458463,3.290638733032143,-0.08602139992103093,-0.23885111945352935,-0.7430462708735623,0.8255250142074656,-0.5676939605481248,0.38683028798730634,0.5648997132822589,0.5582102233937212,0.5452019836043864,-0.0773549481050017,-0.6088011392263176,0.6796610546063551,-0.2728839755893638,0.5100864516061157,-0.05352605490571832,0.6999333831943303,0.04750660025410388,-0.5944776153984553,-0.29066115429087425,-1.1421851706419928,-0.2945017592899394,-0.0613011322254561,2.3857105474612905,-0.007002281961748616
51105,Lee,Virginia,-0.2523093563120613,-1.0356723311574905,0.700093192402679,0.6054861373699741,0.9523359725030962,0.5739265096090524,-0.438322833487609,-0.30583443791059767,-0.49520836464824447,-0.3763386383671946,-0.5607236245235626,2.16874026268608,-1.3621434914679198,-0.18045512331052588,0.03202500630810057,0.09705653039296828,-0.3999792778511619,-1.1521999369079299,0.6366091482066265,-0.24512491448190557,-0.2586729073339731,-0.21963910295250547,0.1520239040981859,-0.8204719808864166,0.09774688337597913,0.20582933158341968,2.043362802856982,-0.6037566016066663,0.7474971550079301,-0.32999680806465725,-0.6214760041275632,-0.39559051397563383,-0.013925803084314287,-0.41599617439170766,-0.08602139992103093,-0.16334040275286377,-0.7636286137362024,0.8129351404034002,-0.41421370631557936,0.2991958315926307,0.2258907783301137,-0.3926108521158693,0.11096467065924588,1.5885017936866739,0.1285359723299604,0.9779637415480991,-0.1882318937475604,0.1239923372740709,1.0655748784806025,-0.49853515400150705,0.47694316303740386,1.3248888421344598,-0.8859960529555155,1.579438655565271,-0.25596662049709745,-0.05968806003904259,0.6350907698675967,-0.01669048226611767
51107,Loudoun,Virginia,0.8902538897914404,0.6846637785561764,3.1988856795112044,-2.2238688111428524,-0.19626107774262183,-1.0006873742892168,-0.07500962202272773,-0.27395912025013497,7.255133123030836,0.19927541804791785,0.2970292312814657,-1.961311844267998,6.595480733596798,-1.1216780310829764,-1.1807991651712635,-0.7953780051889074,-0.16617345344833118,-0.108482880312921,0.5095423064501183,0.5717216658569124,1.2798246409295182,0.9252593784565636,1.7585953174182212,-0.6830613145630462,2.08290925938643,-0.4772488255217179,0.36062563448429896,-0.531678025152864,0.3100989794999118,-0.43430846889073893,-0.4665333623334228,-0.3665182059680433,-0.05246557232930486,-0.38620197160504316,-0.08602139992103093,1.3017157617012158,0.2699251997520514,-0.8244204075438205,-0.3518416423957403,0.028325693645451865,0.2576728659818777,0.16476701973457913,0.11096467065924588,0.12270791119744136,0.30389121662557955,-0.3152988391061707,-0.4857967874945056,0.13232530377044627,-0.07725698987707975,-0.24757379364853255,-1.240803088095796,-2.5138440729313705,-0.29066115429087425,-2.502997083745625,0.3563471900349127,0.09509657449241615,-1.7905362518702315,-0.4946416972816679
51109,Louisa,Virginia,-0.2108143200514858,-0.8184332353052445,0.8712174727180876,0.32012506423603015,-0.2632105931722796,-0.2210157590142306,0.44257202076067986,-0.26249204356287703,-0.33323962067046536,-0.1984391715456256,-0.4630246005698369,-0.8599646157469105,0.5774965241249802,0.0548506036325867,-0.9667713702043169,-1.0395780624804571,0.03147257296477156,0.21940950824321873,0.7448264117702168,-0.24153670926022805,-0.37137109933815476,-0.40256148371291844,0.4362583060534944,-0.7418339085599821,0.18251544756955662,-0.0884624040101792,0.34755862799220416,0.19723949735398327,2.8477820407314116,-0.18853875385946808,-0.20298132405891461,-0.32174090092621743,-0.22156689777462837,-0.2032712679019501,-0.08602139992103093,-0.1819443810516638,-0.6478430808685754,0.708397971044596,-0.35953389908499456,0.21952814396110748,0.3953952458061863,0.21394742019197363,0.29380143400456854,-0.08402371008174989,-0.5348561566920205,-0.13928172569334007,-0.17284060613996013,0.2878740117027803,-0.28646391659829534,-0.3961019456941705,0.04750660025410388,-0.1146360010152266,-0.29066115429087425,-0.8700227880212664,-0.21958375997583243,-0.055496386739524735,-0.8172231947607821,-1.03395151422489
51111,Lunenburg,Virginia,-0.2851908337328321,-1.103194130416746,0.5612868680428197,0.736820654249567,1.2857276166701384,-1.3742375054540974,1.6583597265609353,-0.2485035554812792,-0.4583866874291538,0.3454578346758346,-0.31508017362527596,0.8092647774803626,-0.7455937296370309,0.34898276231147773,-0.6100583785927393,-0.02735937794869919,0.6384557856853915,0.7800424172837213,0.5494012659267286,-0.2721797776281055,-0.4191838423710941,-0.486961525698944,-0.07304970499383838,-0.7433201766163006,0.08752542316017281,-0.03624465034350945,-0.17121848551100852,1.0663106910797215,3.2646682619720204,-0.08661824160823817,-0.37024983849608084,-0.3738741852067625,-0.1898006355006153,-0.3991056718568179,-0.08602139992103093,-0.3704892988382866,-0.6922880391704641,0.833009327788459,-0.41797419966318183,0.4664979756188296,0.5437116548477495,0.3450951547450202,0.4652108996408083,0.24141187438355766,-0.3658390537564838,0.6129598326814931,-0.28827526319696456,0.47675458562061496,0.14131741117493601,0.2902005499649842,0.9063797258207039,0.6051264205596165,-0.588328603623195,-0.3256980227798136,-0.3181019584243608,-0.06498910357199499,0.7120947592228812,0.3385435288940884
51113,Madison,Virginia,-0.28207167692753055,-0.848081974093237,-0.09561624128355177,0.8289400677681638,-0.72540170200581,0.20223801955846754,0.038520280017367424,-0.27266016379121855,-0.34222746966722717,-0.14295965407005298,-0.4702393676436113,-0.8943817166381945,0.7327665710256116,-0.12162869157474956,-1.252141763493579,-0.3503282941228533,1.3999064740984053,2.0360795414325046,0.792284033051883,-0.27509549690068674,-0.4379457564138682,-0.5473050773098564,-0.04108281899669723,-0.6214266860434464,1.350324065545592,-0.4855501765413173,1.5940497165676772,-0.5120791496773464,0.9724079419491588,-0.415861322083202,-0.6071887125622293,-0.39901055460538776,-0.2603697060270958,-0.41107378482923745,-0.08602139992103093,-0.38878926575189876,-0.0008714318684292815,0.1687003290821263,-0.5002657085430936,0.10799338127697508,0.16232660302658714,-0.08113498255238405,0.07668277753199744,0.13071042556953916,-0.12287696828665003,-0.1244592319322596,-0.1497536747285588,0.08510516029098798,-0.05352605490571832,-0.6521849664625118,-0.38192996252919614,-0.1146360010152266,0.007006295041446424,-1.4143475532627192,-0.31492032967507316,-0.06227106047320558,0.4885038408027342,0.20452342468364723
51115,Mathews,Virginia,-0.295037411366094,-2.038583760706035,-1.3420410699771952,2.5464677946303236,-0.7378884632949564,0.2292081014610462,-0.08085626898577465,-0.24094364157129206,-0.2680149802594377,0.11492244010635522,-0.5069352865357548,-0.9804244688664046,0.9191318129952022,-0.592240145460973,-0.8240861735596857,-1.6468427251939448,0.38683573768302276,0.8275706463110386,1.4442823656210866,-0.28349149472517393,-0.43507518314983956,-0.5717619559002449,-0.28342321653672026,-0.6804056791685191,-0.801969974438579,-0.5169464998478148,-0.8259082127440349,-0.1810180554341431,-0.5442374812169474,-0.4277822543423574,0.8830123540616684,0.3949277213536673,-0.1495242795170328,5.309377265101053,-0.08602139992103093,-0.4641081921352153,-1.0328239593831106,1.2045038296230752,-0.5523094471696164,0.5063318194345912,0.6602459762375494,0.6565710243085056,0.6480476629861301,0.04401651987181378,-0.37006448132987213,0.5462586107566308,-0.05227551988042184,0.6184150160589906,0.08261457203525148,-0.011977414541658552,-0.38192996252919614,-0.5944776153984553,0.007006295041446424,-0.8700227880212664,-0.3225749541365945,-0.06355589008508955,0.2973313699596619,-0.8676374089998842
51117,Mecklenburg,Virginia,-0.23132753532315933,-1.1217434599301739,-0.6703015904297872,1.367262506356859,-0.6043579252839653,-1.433210235590788,1.700674217705325,-0.29368030771722475,-0.30235957389968926,-0.15673721784155595,-0.47780280328472474,0.4823023190131645,-0.864483084735127,0.03524179305399396,0.03202500630810057,0.06790020486504904,-0.0728030056420119,0.33489408719695923,-0.5983840890874497,-0.2298521291705851,-0.36216099979187616,-0.3816666352001697,0.2530341858206961,-0.6728600357512871,0.29954379439184614,-0.17696651689401444,-0.3300034662149067,0.6828464009185605,2.8791779707174525,-0.19610492037608185,-0.32375349346457744,-0.3207974347524889,-0.21077650912004758,0.32038817385347745,-0.08602139992103093,-0.21943707058069267,-0.5269761039089638,0.6070753928665039,-0.23408979822615888,0.5063318194345912,0.5966818009340221,0.45984942247893684,0.49949279276805597,0.3054319893603395,-0.6257028495198712,0.6092542092412228,-0.32418826761469943,0.5323076955964486,0.08448806690141168,0.5206752686564914,0.9063797258207039,0.36520561336800217,-0.588328603623195,-0.0535356401590872,-0.20330130696477247,-0.06147052323261842,0.5817146698960936,-0.3929155940857903
51119,Middlesex,Virginia,-0.2899178939053737,-2.04126547268286,-1.5141866439628715,2.634669927559338,-0.4483143785582261,-0.2721663835577918,0.4932355056571554,-0.2512555666055694,-0.41014320622790595,-0.2701044276523084,-0.4930089274043345,-0.11999694658430474,0.2136209632849065,-0.06280225983896945,-1.0381139685266323,-0.8778854634048379,1.2477226347901738,3.0076804594585664,-1.2610776737409706,-0.25643257446245754,-0.3452763113604404,-0.40034706355334515,0.10401470602524447,-0.31447627735510486,-0.7622404327501864,-0.42577080280478496,-0.7484273381119539,0.2287027401825553,1.749215857085619,-0.3862951902133847,0.02400560399631053,-0.1958410407299168,-0.19147830343224714,2.8937569471122333,-0.08602139992103093,-0.26696550795021845,-0.6545435451256032,0.7516187175890482,-0.5830189017547902,0.41869736303991556,0.6178698593685316,0.5909971570319834,0.5794838767316348,-0.06134991936080611,-0.5390815842654088,0.7445094648110823,-0.21388403976022802,0.5489736285891977,0.010797268832446388,-0.10416730201826142,-0.38192996252919614,-0.1146360010152266,0.3046737443737671,-0.8700227880212664,-0.30872551134557796,-0.060385632515999224,1.5033675885974491,0.0043006183933488994
51121,Montgomery,Virginia,-0.03232240235918529,2.5225770350339887,-1.6595448470041834,-1.4975188447823782,0.7641876927977432,0.1555412612807143,-0.3660047530621569,-0.31370815664659996,1.971983025222076,-0.1710543731614996,-0.45246393493456466,1.0329759332737083,0.20716853870106067,-0.592240145460973,-0.8240861735596857,2.0035004057166708,0.5431687116455965,-0.8501686755086535,0.5898040066083415,0.05044859262917405,0.3298849205021859,0.6198299712925326,0.2913390932212973,-0.7928496832292622,0.896456881128767,-0.4511253906411606,1.3995685974162242,-0.5013801897270147,1.4451493587888689,-0.39522087279890433,-0.6260492071536696,-0.404760374060408,-0.17580290847532556,-0.39693870197762104,-0.08602139992103093,0.4022436913806926,-0.37502687342052615,0.19094715252945701,-0.45054528461845594,0.10799338127697508,0.10935645694031451,-0.47457818621152376,-0.04901749726791112,0.10670288245324602,-0.5982375702928464,-0.2300694999799579,0.022115703556314686,-0.026001059660679296,-0.1990341561774887,-0.47804851234003976,-0.38192996252919614,-0.5944776153984553,-0.29066115429087425,-0.3256980227798136,-0.11099664230897045,-0.017851050288700283,-1.1333321257522406,-0.25728078982462066
51125,Nelson,Virginia,-0.2771835335396917,-1.5346467062543978,-0.8993757410446034,1.86174522653708,-0.7754538281167866,0.04457020451405875,0.14644050280767115,-0.24158867332746814,-0.3222729122274295,-0.40885439146993685,-0.39317663486378057,-0.46416795549714485,0.0056332346779600345,0.17250346710414313,-0.8954287718820013,-0.591921982409857,-0.4558118841951926,0.09838699755946857,-0.9103568666642153,-0.2827011794978159,-0.42176120090555885,-0.43278381072004024,0.0782596313475596,-0.8092996241215019,0.1467366821918613,-0.3196397470796956,2.127846569101435,-0.2806979276553988,1.065100358713592,-0.3318371830860879,-0.6121588194232982,-0.3988810775140266,-0.23738628218249958,-0.37351061785958034,-0.08602139992103093,-0.31362557935415564,-0.7304608882786678,0.8455718338880159,-0.3867285955314191,0.18766106890849832,0.2576728659818777,-0.11392191619064394,0.1338192660774107,0.5908550019651583,-0.19682195082094756,0.0812028690027316,0.2888980220880584,0.14621358126440467,0.31617693201654845,-0.3346420207097686,-0.38192996252919614,-0.1146360010152266,-0.29066115429087425,-0.8700227880212664,-0.2889806976367639,-0.06430530620754737,1.8279150288643087,0.6291895380251663
51127,New Kent,Virginia,-0.25328171317531023,-0.6957684438160234,1.687068049817491,-0.199191569461685,0.39592955413721276,-0.18737872822447063,0.29482749438737027,-0.08960832776698305,0.01833277212279727,-0.02219076594074175,-0.44138386778965216,-1.6343493858008,3.219146605877366,-0.6314577666181586,-1.1807991651712635,-1.8376560421137516,-0.24719441799994119,0.2431777414052248,0.7128860113804294,-0.24977609470426512,-0.33344279199777593,-0.2926957265622634,0.27296165964017255,-0.4598281846721683,-0.7567402372787312,-0.32549299733577636,-0.26894841357040583,0.539667122805601,2.905085393204131,-0.29984245885998256,0.7824915676015369,0.6198998532442621,-0.23247530480783946,0.13308861391863136,-0.08602139992103093,-0.1789646829611857,-0.7951719771525374,0.8503477737769867,-0.5735469264317201,0.4505644380925247,0.6814340346720589,0.6073906238511133,0.5794838767316348,-0.10803125319804302,-0.367951767543178,0.7185701007291914,-0.30623176540583197,0.5795278390759077,0.008299275677566262,-0.0990456416028946,-0.8113665253124961,-0.5944776153984553,0.007006295041446424,-1.958672318504172,-0.28886840485737725,-0.04927332107722588,-0.23640822893678945,0.03497991935718509
51131,Northampton,Virginia,-0.2866142235989134,-1.1744641600734125,-1.3329887465550387,1.7458629257549416,-0.9752932457167914,-1.3991927028909128,1.6416510984223323,-0.28917278455849305,-0.21872963775852666,0.1890384527477403,-0.022294473511699685,0.6199707225783005,-0.7198526741163691,0.13328584594695764,0.3173953995973624,0.7853878874662449,0.15251612132195527,0.43829018361845334,-0.5296360770620228,-0.27106477006932916,-0.4036058413558457,-0.5579424826085285,-0.9490370811476311,-0.4606845609087694,-0.8292630062458926,-0.5220328325976898,-0.8294414299030314,-0.49591520231613995,-0.574435469291597,-0.45063887096697214,-0.24603545833381746,1.763832957130602,0.0754568941980468,5.925915261072086,-0.08602139992103093,-0.6285766023227538,-0.8288306366486882,1.0771836704323068,-0.14829097772897823,0.5381988944872004,0.5966818009340221,0.6073906238511133,0.6480476629861301,0.09603286329044905,-0.37006448132987213,0.24239748865448174,0.07085478098038316,0.6045267385650314,0.03452820380380781,1.063571272685375,0.9063797258207039,-0.1146360010152266,-0.8859960529555155,-0.3256980227798136,-0.3062925011255345,-0.06780663170283084,0.8226202445997686,-0.3541627928683135
51133,Northumberland,Virginia,-0.2854866410918326,-2.5326985322573847,-2.7045392698994246,3.6802342319197074,-0.47900789468690314,-0.7888698507324851,1.0345853991565679,-0.3102818498265577,-0.41885341258844005,0.023636224042467346,-0.42709238948393646,-0.3092910014863668,0.3200859689183633,-0.14123750215334038,0.24605280127504683,-2.167499692957578,0.4065220351045446,1.3277383449677684,0.5988375813592826,-0.2682413447608316,-0.38959073576924436,-0.4712977116620115,0.30319429367664796,-0.10556497212253207,-0.7982183761326712,-0.412081370019492,-0.7887115484371316,0.18683328114627099,1.6621386901999025,-0.38322229447914546,0.15001452648592362,-0.1448031080724917,-0.1523549889642383,2.4695709637045553,-0.08602139992103093,-0.25291485860404905,-0.46512362974488053,0.5613945844471131,-0.5272370093451061,0.34699644417154474,0.5013355379787315,0.5746036902128511,0.49949279276805597,-0.08935871966314825,-0.6890842631206976,0.3480077567021797,-0.4857967874945056,0.47119927462303113,-0.24649602612021246,0.018752547950542407,0.04750660025410388,-0.5944776153984553,-0.29066115429087425,-0.8700227880212664,-0.2893924378278481,-0.06203216229534249,1.5572770966125653,-0.3541627928683135
51135,Nottoway,Virginia,-0.2762990402484231,-0.36479867131577226,0.9103557257701923,-0.1172912123951728,1.836561031872621,-1.744622371746833,2.005303754399638,-0.23579084033242287,-0.3892616886532758,0.05673327404597414,-0.35826425279483404,1.2050614377301283,-0.6733128457350128,0.2117210882613286,-0.8954287718820013,0.8589800689014121,0.14501865864561173,-0.14377444846862555,0.014076593099935713,-0.1864149524395355,-0.2560620542880075,-0.2438146726426627,0.093944941402073,-0.7538259620067894,0.24610387727122177,-0.17783166267275355,-0.030953379452486912,0.6449040918295145,3.0432786597824655,-0.12205183144091562,-0.04793602315588987,-0.3342426712797581,-0.17006889769554343,-0.37801395012679895,-0.08602139992103093,-0.17435436456995726,-0.6308779647990689,0.6886272705635497,-0.5046591562165301,0.43463090056621984,0.5754937424995136,0.4106690220215423,0.49949279276805597,0.11603914922069317,-0.5137290188250785,0.1516097143678639,-0.4319272808679035,0.4934205186133649,-0.1515722862347654,3.486116649153884,1.335816288604004,0.6051264205596165,-0.8859960529555155,-0.0535356401590872,-0.30825762476480034,-0.06080519709487314,0.3670093398877773,0.19806462448073453
51137,Orange,Virginia,-0.21239586434713167,-0.4519805012611548,0.4253313551518024,0.20457838647984994,-0.5208373940657267,-0.1007313588605321,0.29050967510746045,-0.25346545216864974,-0.09948177522935461,-0.005022647402038979,-0.30323974794377634,-0.8255475148556282,1.0961616321626328,-0.2784991762034896,-0.6814009769150549,-0.8880538521794918,0.1448069704176342,0.6727254959091009,0.003897095636483076,-0.2287950763260457,-0.3484292022999273,-0.34888405205642026,0.7008506642878294,-0.6140954966260587,1.3405581444905732,-0.3583358550385129,0.7420274229386573,-0.23512199768419006,1.5767107765513235,-0.35677185008027174,-0.4581806995342161,-0.37140903591218916,-0.2452073956026473,-0.3691864087240848,-0.08602139992103093,-0.08184834273875095,0.0019281130857862288,0.03346206786377187,-0.48438227822539814,0.18766106890849832,0.32123704128540503,0.18116048655371142,0.24809224316823725,-0.12803753912828714,-0.4609111741577233,-0.2745369812631993,-0.2728839755893638,0.24065386822332202,-0.35515872835749995,0.018752547950542407,-0.38192996252919614,-0.354556808206841,-0.29066115429087425,-1.1421851706419928,-0.2118542736613867,-0.04830577003727293,-0.3808452527289574,-0.6674146027095864
51139,Page,Virginia,-0.25090646794610877,-0.8586922171680965,0.6746300809160305,0.4551188633159515,-0.25729778010602666,0.6672344704263733,-0.520986612759433,-0.31430899691414227,-0.4200035965353121,-0.4863190174112906,-0.5437178941266133,-0.5502107077253546,-0.1952842840126447,-0.10201988099615492,-0.1106601903365306,0.06463065535317129,0.19226993341660695,0.2710716157748806,0.11644225013660055,-0.24284567830198187,-0.3390034639484902,-0.16886319954409645,0.38241029746361294,-0.737530450634949,0.903081781502462,-0.5063139015342144,1.5838690366581079,-0.4180365042951523,1.5435785510793814,-0.4356251547921815,-0.6261942885577875,-0.4034747436460044,-0.253142208020797,-0.34092134825816206,-0.08602139992103093,-0.10676716860447433,-0.31756048263226855,0.35483384318715333,-0.5060963348622476,0.02035892488229943,0.0457922816367872,-0.3434304516584772,-0.08329939039515956,-0.003998566360772477,-0.11653882692656754,-0.06516925688793773,-0.4960576458995727,-0.05933292564617995,-0.17905021093844725,-0.42683190818637146,-0.38192996252919614,0.6051264205596165,-0.29066115429087425,0.2186267424616392,-0.2600278760182469,-0.05496782662412104,0.6412536777286633,0.18999112422709338
51141,Patrick,Virginia,-0.2693402453475812,-1.6498641691848037,0.0025486147974195872,1.5187186510332848,-0.19538926831491724,0.4682406744165772,-0.3106822397818104,-0.2878699929065287,-0.5329218556329189,-0.4514613089745023,-0.4744422148917064,0.1725484109916089,-0.8342802462575506,-0.02358463868178615,-0.39603058362579246,-0.9102866083023275,-1.2659599489093276,-1.2777534259985952,-0.4833021331398025,-0.27728133038086683,-0.41932965190550436,-0.545597230568934,0.4179218908775624,-0.8065762972832253,0.27233943739588956,-0.4226809314402196,1.6771702930156207,-0.3797756280336334,2.3670363057307187,-0.30604313110171144,-0.6237836888531233,-0.4038602400019126,-0.2210019058036707,-0.3776549096658408,-0.08602139992103093,-0.258058807411371,-0.6709460954501043,0.7637203049259688,-0.37809063061415393,0.28326229406632586,0.28945495363364104,-0.22867618392456057,0.16810115920465915,0.9416318819421083,-0.23907622655483152,0.43138428410825747,0.6736802122780737,0.176767791751113,0.6796349360516146,-0.6265766643856777,0.04750660025410388,0.36520561336800217,-0.29066115429087425,-0.0535356401590872,-0.2739334651989567,-0.06330961292838753,1.20414201144914,0.08665032098048785
51143,Pittsylvania,Virginia,-0.14414637041854675,-1.1010544556974924,0.3103520357502257,0.8598193734107853,-0.36256322112082834,-0.566576798214891,0.7879743075621036,-0.31100425056577935,-0.4299113461799137,-0.4466085596573339,-0.5041594777816658,0.10371420920904087,-0.2773124476051533,-0.08241107041756218,-0.46737318194810806,-0.466476635430117,-0.6179308612752645,-0.5586205127121341,-0.29904519638092425,-0.25215004610599745,-0.3673299419836909,-0.2038112854148176,-0.011593979708359193,-0.7261860747664534,1.081605341795594,-0.1906360287403694,0.552700716149911,0.27396720990182316,1.375883695475331,-0.09493599487977285,-0.5745057439948943,-0.39522806237951075,-0.24735893782661286,-0.3526105381440487,-0.08602139992103093,-0.2365603211649925,-0.22561132633062428,0.32147491908807835,-0.011423912919207272,0.39479705675045823,0.5119295671959863,0.19755395337284137,0.3852198156772294,0.5201661250116283,-0.5665468634924337,0.5017911294733894,0.2683763052779242,0.39898023165444835,0.3105564474180678,-0.05295069786459316,0.47694316303740386,0.6051264205596165,-0.588328603623195,-0.3256980227798136,-0.06761419853927275,-0.057984346660059534,0.7955276176125672,0.16738532351689833
51145,Powhatan,Virginia,-0.23406594998321284,-1.207822823799641,2.225243342875764,0.004533452200575332,0.7410831375536313,0.19752906206239612,-0.03359603054791242,-0.28898083351630866,-0.366918863090531,-0.10816886414008019,-0.5356679238087115,-1.5655151840182324,2.6476265305039544,-0.5334137137251949,-1.0381139685266323,-2.29010042086962,-1.3167288721987116,-0.6317627240580815,-1.1275177110230565,-0.2688003498665458,-0.3680719405833019,-0.45195311200944915,0.3758069137488397,-0.6893162498590971,0.05047028315936642,-0.17951653964353723,0.6512210841459749,0.17028027635901494,2.4345284075946916,-0.2630787663495299,0.008176124073138401,-0.23833945368042414,-0.11966477497927684,-0.35526483020127486,-0.08602139992103093,-0.22013930028544335,-0.6558812857410679,0.7327028840758225,-0.5445948509159209,0.315129369118935,0.5331176256304956,0.39427555520241236,0.43092900651355986,0.04535027226716337,-0.5327434429053263,-0.2541560523417138,-0.43705771007043714,0.42120147564478133,-0.32830530194253804,0.42336372076452167,-0.8113665253124961,-0.8343984225900698,0.3046737443737671,-1.958672318504172,-0.2601027378711713,-0.04724506981305681,-0.16233073235229342,0.013988818697718525
51147,Prince Edward,Virginia,-0.25412813225205405,2.113293325532231,-2.623207903747909,-0.640532538231637,-0.022581066596567896,-1.357890056756801,1.5858880530082746,-0.3025271048862901,-0.08782905724656495,-0.011840639204106223,-0.4897557149864699,1.0501844837193504,-0.7644018608707943,-0.3961520396750457,-0.1820027886588462,0.8930758861228965,0.412339790362029,-0.08428459951033751,0.44705264413277057,-0.2353252711195295,-0.34396190438808316,-0.37349856774159557,0.08863765030213148,-0.8026653796377107,0.371183150323091,-0.14390373320217875,0.2352254924383705,0.2012358260978323,3.2484790786859286,-0.13032837075027703,-0.1138424558332681,-0.31061916324839295,-0.21816053181138756,-0.33466014224174656,-0.08602139992103093,-0.2570867156574795,-0.6223700300334322,0.7160739535444208,-0.4764591793702515,0.36292998169784907,0.4907415087614769,0.27952128746849575,0.39664711338631226,0.15871922587188106,-0.36372633996978965,0.2405446769343464,-0.349840413627367,0.39898023165444757,-0.03728909939899727,0.21849730414984864,0.9063797258207039,0.1252848061763878,-0.588328603623195,-0.3256980227798136,-0.2888496893941461,-0.0574090145873301,1.0732632850295343,1.7982323747523898
51149,Prince George,Virginia,-0.2085825853231855,0.1713224079551704,1.921607649619154,-1.1148304240791924,1.6569446847906004,-1.4648095917410595,1.6431437199068581,-0.17842372172830057,0.43534839376461326,1.9123871500024248,-0.08092361042697693,-1.0664672210946144,1.2902148693810611,-0.8275458724040856,-0.46737318194810806,0.502359341677225,0.3643817578667763,-0.12392272646113568,0.6729589646048783,-0.12793994690977714,-0.07175144935188739,-0.032151751869481174,0.11026016349556879,-0.29814703689336325,-0.7531528128160471,-0.2309012131111183,-0.5115244457774111,1.289492881828186,1.3901824106287222,-0.2537830845360587,0.7431446064454151,-0.17550987636515472,-0.10831316427099147,0.10380900249996748,-0.08602139992103093,-0.029461394351783306,-0.6343533496576198,0.6294510548605371,-0.5299996688143349,0.5700659695398096,0.7344041807583315,0.6565710243085056,0.6366203652770481,-0.041343633430562,-0.12498968207334456,0.9279378251044527,-0.14462324552602537,0.6573021930420743,0.2212531921311014,1.4425741434225203,0.04750660025410388,-0.354556808206841,0.007006295041446424,-1.4143475532627192,-0.2608700718636465,-0.04243282856514417,-1.0590463755061574,-0.4784946967743856
51153,Prince William,Virginia,1.056600133050327,1.0499461460727841,2.100590187191504,-2.013425909375618,-0.023050011612605815,-1.2651703183504805,0.9462295193929213,-0.12448669220672337,3.3184986528741285,0.7930118364879932,1.0572759208496936,-1.4450553308987382,3.465505667913779,-0.10201988099615492,-1.0381139685266323,-0.20681620974652978,1.0207141813910803,0.9734362866629656,1.3566048254236331,0.6018681584733733,1.7393758472266683,1.9140724074393656,2.870157638664738,-0.7430465592988358,0.16448113780700313,-0.44925259582159294,0.557176440037722,-0.48028941463772323,0.6360048445396872,-0.4163061297478134,0.06446727647532326,-0.2247641702780318,-0.05615000284614835,-0.17217223411325597,-0.08602139992103093,2.0889613048471536,-0.6571973384547504,-0.2629322488728588,-0.48020477967489317,0.16376076261904102,0.4165833042406957,0.4762428892980668,0.31665602942273335,0.02801149112761844,-0.25597793684838516,-0.3356797680276562,-0.3934490618489021,0.32398353318707246,-0.27147595766901417,0.530918589487225,-0.38192996252919614,-1.7940816513565272,-0.588328603623195,-2.2308347011248983,0.5582683228352874,0.21118698313931747,-1.4413123159070644,0.10279732148776961
51155,Pulaski,Virginia,-0.22125251240274857,-1.1327744774445068,0.4615864876294837,0.813724998104209,0.03194497779685252,0.47936177133340746,-0.3046418828756134,-0.32246226177855697,-0.3701404062115534,-0.5794153511316529,-0.5714297268559886,0.017671456980830835,-0.1122951210140314,-0.6902841983539365,-0.39603058362579246,0.032214720333547484,-1.0891984239575763,-0.7947879130608668,-1.4370127963097639,-0.08333004900254139,-0.0786351622835885,0.18821311782131528,0.14919886227542323,-0.7733805032842733,1.5266595223038775,-0.4567208433672008,0.8831607343385276,-0.4614579935000582,1.9760699454092583,-0.4229897133335702,-0.6232932951345109,-0.40183576085912454,-0.20349647850664956,-0.20196102003522406,-0.08602139992103093,0.0642629536811394,-0.07069991561224039,0.04099150829490118,-0.49452444048170435,0.13986045632958427,0.08816839850580516,-0.5729389871263104,-0.04901749726791112,0.20673431210446755,-0.13132782343342705,-0.33938539146792623,-0.19336232295009428,-0.03711168165584618,-0.10348591800332174,-0.5651167394012758,-0.38192996252919614,0.1252848061763878,0.007006295041446424,-0.0535356401590872,-0.2040312100307855,-0.04929192237115627,2.0612229240593622,1.5301921663315077
51157,Rappahannock,Virginia,-0.29932515367873397,-1.7381159352600248,-0.5455304973677488,1.8729763316697592,-0.40135474217619205,0.4988717100596404,-0.371891435683214,-0.25878669250286057,-0.2225861457222896,-0.07668720262262962,-0.38724435870679774,-1.0320501202033303,1.6037752470300815,0.07445941421117944,-1.0381139685266323,-0.3289225246159075,0.06761266132087504,0.40302700875865344,-0.11436366261435665,-0.29315972660647127,-0.4631420576919318,-0.5996312292566939,0.19781302187105884,-0.8008470587528674,1.2255062117501012,-0.5029830677931366,1.9840048942608086,-0.5288143092400672,0.820437488582032,-0.426120903417608,-0.6180310340392341,-0.40189272796256664,-0.262701360571025,-0.40917279089824415,-0.08602139992103093,-0.35308819721810886,-0.23401147663225338,0.3799506351532983,-0.54105030669125,0.04425923117175617,0.14113854459207778,-0.17949578346716838,-0.03759019955882911,0.08803034891835126,0.048252848435580406,-0.13742891397320506,-0.3344491260197663,0.01288611732240362,-0.07226100356731949,-0.1400189249258292,-0.8113665253124961,-0.8343984225900698,0.3046737443737671,-0.8700227880212664,-0.33984932669890294,-0.06511763363175041,-0.382696260749266,-0.9742076123479461
51159,Richmond,Virginia,-0.29448387086261796,-1.073965257698562,1.6209693311185613,0.18215215508987295,2.891306411919088,-1.1242360778461258,1.3831778911846055,-0.24324636135772582,-0.3155983121867,-0.34970124342273695,-0.17817364315289919,0.5683450712413746,-0.4093812231298282,-0.41576085025364035,-0.7527435752373701,0.21430528925769668,1.209676674963115,1.8866561374592457,0.2391549836716226,-0.25562401521760425,-0.3618845889255447,-0.48490211667564387,-0.19629292968797857,0.0062354990708361115,-0.7884069137370345,-0.35208345528422114,-0.6013416728836277,0.5293813628315949,2.451209226195913,-0.3302468114192169,0.44740884198293407,0.35554317755794523,-0.21761092457972347,0.5905350984264887,-0.08602139992103093,-0.3826623433499024,-0.3506025032821782,0.5060710022641519,-0.5788265101613245,0.32309613788208746,0.522523596413241,0.5254232897554589,0.4537836019317255,-0.1373738058957345,-0.6933096906940859,0.44064834270893255,-0.5242750065135072,0.44897803063269814,-0.24836952098637222,0.6845684019482298,0.9063797258207039,0.1252848061763878,-0.588328603623195,-0.59786040540054,-0.33979318030920963,-0.06216620864072013,-0.2745265344141629,-0.25243668967243643
51161,Roanoke,Virginia,-0.04505969151059995,-0.6833011129806026,0.4732039219671132,0.39384820577448626,-0.8432988960788899,0.21132745479543355,-0.2163338462849684,-0.32456107364456194,0.7136435443575427,-0.3446866625914738,-0.46458376209033575,-1.3762211291161703,1.099662415713443,-0.8471546829826784,-1.0381139685266323,-0.39467749463771745,-0.7316676998072639,-0.947937194445253,-0.019450043842871835,0.0479496463391232,0.47391526761183916,1.4519348343928953,0.7884920422480272,-0.82099660282076,-0.09454929885187559,-0.4709023897573119,1.4793199932937349,-0.47662398499436115,2.2615675385348974,-0.3978153522076398,-0.6221769603960573,-0.3911709583750109,-0.18207489320064896,-0.4127793833345458,-0.08602139992103093,0.8666372129096148,-0.8511562668784939,0.45335616653932753,-0.5528009175873229,0.18766106890849832,0.2788609244163863,-0.16310231664803845,0.1338192660774107,0.3161020085231362,-0.5369688704787147,0.17013783156921441,0.09394171239178405,0.14343592576561315,0.06950010797213048,-0.21172217074096478,-0.8113665253124961,-1.0743192297816841,0.3046737443737671,-1.4143475532627192,0.06788575525391591,0.007507922815167923,0.11409579301537834,-0.2815012905855442
51163,Rockbridge,Virginia,-0.2547988241848372,-1.3914692560348196,-0.39517757641485357,1.4787390605194481,-0.26221078961013056,0.557126941510793,-0.4420058186121973,-0.22066494818306429,-0.31895483066925684,-0.5722075910599415,-0.5557170190059808,-0.5157936068340706,0.19076290598255893,-0.3373256079392697,-0.8954287718820013,-0.4489194412448648,-0.3110717527836132,-0.28261745171442393,0.06604794604250502,-0.24973212458742802,-0.35549679536126005,-0.25064872434845575,0.15527834477309033,-0.7948647684204221,0.9313783315670586,-0.4913951215313987,1.6071263961296782,-0.33419370025073797,1.6499343755131752,-0.41958492786983276,-0.6225893442951836,-0.40286408377595323,-0.23523199672395345,-0.3939366074025823,-0.08602139992103093,-0.2031639340539474,-0.3612095525193373,0.43888803446058594,-0.29235882881029696,0.1239269188032794,0.17292063224384108,-0.32703698483934723,-0.0033083064315806597,0.6735476504768344,-0.04048113060557624,0.11084785652489254,0.10163735619558419,0.03232970581394587,0.36551229682543196,-0.5907250414781099,-0.38192996252919614,-0.1146360010152266,-0.29066115429087425,-0.59786040540054,-0.25753871940851014,-0.06303349234186834,1.6866068399221958,0.958588348373721
51165,Rockingham,Virginia,-0.08090217130710779,0.005302725599049975,0.0647621206169017,-0.0371379735297911,-0.42323407868794716,0.5944240478225326,-0.49218897303724213,-0.26041568504529233,-0.23995720150073022,-0.3541239408289356,-0.16730496799837363,-1.1008843219858984,0.7907697494655026,-0.06280225983896945,-1.1807991651712635,-0.3526954134342143,-0.45225481039415044,-0.46709977838417427,-0.09239640839696461,-0.1864214835877932,-0.2493455192879168,-0.09645317110149322,0.21262829612795092,-0.5199269942202351,1.2242990829163243,-0.5065656040098903,1.2256939587160962,-0.4744127563923328,1.342264326582299,-0.4326017299138838,-0.624738960275131,-0.40352729051501446,-0.21873766940696898,-0.4026620194162315,-0.08602139992103093,-0.08931830023727941,0.04204336021707074,-0.002313788772554689,-0.10434905447313175,0.012392156119146994,0.07757436928855048,-0.35982391847760714,-0.06044479497699393,0.018675224360171057,-0.07428455119268357,-0.3152988391061707,-0.39857949105143553,-0.05099995914980459,-0.21652010826165002,-0.45244021026320563,-0.8113665253124961,-0.5944776153984553,0.007006295041446424,-1.1421851706419928,-0.04008375212631965,-0.05080508159609499,0.4282974484697089,0.6178866376700688
51167,Russell,Virginia,-0.2430456070396022,-1.1120951404867716,0.5687456524308473,0.7413063766267386,-0.5415436417583315,0.7611953958796578,-0.6240096626789347,-0.33385994850829936,-0.5444676445438736,-0.7029948634358864,-0.6013298631557629,0.9469331810454987,-1.0555160381057975,-0.3961520396750457,0.10336760463041615,-0.5587629245713449,-0.5260690560830291,0.056814045892558215,-1.0538299403685232,-0.2192348988372005,-0.21557612980397883,-0.12932492368113296,-0.2968124005158059,-0.8198220284789021,1.4508901622151804,-0.43460185092785963,2.086550827938259,-0.4611692581615839,-0.47423920255582214,-0.3546918135040265,-0.6214705956056679,-0.40136585961900056,-0.07063754734091696,-0.39946223458845653,-0.08602139992103093,-0.23613135478149408,-0.15071190589720296,0.24847093612570437,-0.3849563234190836,0.24342845025056423,0.10935645694031451,-0.6221193875837026,0.042400884404749796,0.9162905864304653,-0.14611681994028655,0.1516097143678639,-0.14462324552602537,0.018441428319987456,0.40173319757119447,-0.7238882122776474,0.04750660025410388,1.0849680349428452,-0.588328603623195,1.0351138903238184,-0.22692022156242497,-0.05922326260156212,1.5471823571069712,0.5387663351843868
51169,Scott,Virginia,-0.2577481114176435,-1.3660455967303406,0.3827424996734576,1.0678988552702484,0.10322879438688634,0.7664234244108473,-0.6340226051038946,-0.31747185357620783,-0.5548836555428811,-0.37372319535828497,-0.5965222497996525,0.052088557872114846,-0.9907858638231737,-0.31771679736067504,-0.6100583785927393,-0.7125134316609156,-0.8063364629839829,-0.5621451487428119,-0.641926768691002,-0.26654846959916423,-0.37118089702247564,-0.35784763286320254,0.10634294473081644,-0.8212872736205125,0.6043671120855424,-0.3890144855386083,2.594297657858041,-0.5756643540728305,-0.19156081501289476,-0.3754422768590286,-0.6101265960623448,-0.3835126877259633,-0.21950757269304413,-0.40340720139867897,-0.08602139992103093,-0.261614546084643,-0.5351934254870205,0.6332738473483304,-0.3388549089339209,0.36292998169784907,0.31064301206815037,-0.31064351802021495,0.2023830523319068,1.227054894546927,0.07994355523599357,0.8630894148997253,0.16320250662598668,0.20454434673903063,0.9288097532509128,-0.5702383998166426,0.04750660025410388,0.6051264205596165,-0.588328603623195,0.4907891250823656,-0.24949107021913566,-0.0625138808935865,2.34924681303778,1.0780761521276088
51171,Shenandoah,Virginia,-0.19316838601210357,-0.6031763150697,0.1313933290108166,0.4902584684587598,-0.44398541772463274,0.5725177918058895,-0.45434314873343606,-0.26506068547862144,-0.20731523972690666,-0.42487701269153544,-0.1738388536574305,-0.7222962121817748,0.23098759540951294,-0.31771679736067504,-1.0381139685266323,0.0847303846473417,0.6799686799744104,0.7265295609412803,0.6267798466037687,-0.21359044795021737,-0.3039813971977184,-0.20327434992652652,0.512126452039247,-0.6392977176490424,1.227706673206681,-0.4938077198540552,1.2378647838737635,-0.439532474108492,1.577325310553005,-0.42957795110864166,-0.6258287901177294,-0.4039811780255434,-0.18496903210273374,-0.3871083459970086,-0.08602139992103093,-0.06661289038388442,-0.07395020900392853,0.10065491507457923,-0.35890094475916046,-0.0035413814071578774,0.07757436928855048,-0.294250051201085,-0.06044479497699393,-0.19739266368646757,-0.43978403629078094,-0.037377081085912145,-0.8987963382984554,-0.045444648152222336,-0.4538294579752674,-0.42683190818637146,-0.38192996252919614,-0.354556808206841,-0.29066115429087425,-0.59786040540054,-0.17681892649276112,-0.05305883330118799,1.594615671295816,1.5366509665344203
51173,Smyth,Virginia,-0.2327421388320426,-0.8381837445961552,0.37478621925658784,0.5855523216249137,-0.5257696913236533,0.6565590679275743,-0.5130660631213495,-0.33422444698269155,-0.453118009427877,-0.5722666318503189,-0.557738368154371,0.34463391544802896,-0.9443833210712609,-0.4941960925680094,-0.1820027886588462,0.0128686460197802,-0.3656914988061054,-0.7726755932699729,0.2735014972263787,-0.1815704666309926,-0.28281304410314945,-0.24370609589065698,-0.08846079385056847,-0.8017347501180255,1.0348649800960434,-0.49759418387107085,2.2092050524026794,-0.552723990726813,0.29866900545556996,-0.40301800458191966,-0.6066864267795418,-0.39400301154663375,-0.24112488046355768,-0.42249548607971416,-0.08602139992103093,-0.231010733549639,-0.32114777721767335,0.41196151669395403,-0.4032300871319878,0.14782722509273669,-0.07074203975301276,-0.8680213898706658,-0.15186317664965565,0.7962528708489998,-0.15245496130036904,0.09417255104367706,0.24528937386652336,-0.150995557106305,0.4192191496553558,-0.2783037561407335,0.04750660025410388,0.845047227751231,-0.588328603623195,0.762951507703092,-0.21436214573435458,-0.05696257138420627,0.2793281961838964,-0.526935698296232
51175,Southampton,Virginia,-0.2692728832757296,-1.1262139801758733,1.3021226139422022,0.38907916438226536,0.7533949420451312,-1.4374301166331138,1.704730972289545,-0.25693165994365913,-0.402113904999476,-0.20165477799894055,-0.5558353225254378,-0.20603969881251477,0.45339031510802996,-0.592240145460973,-0.9667713702043169,-0.4000826519050621,-0.23370642519838675,0.050304128369866245,-0.3173821313240423,-0.2736522187476863,-0.37061290407195335,-0.4218049412141748,-0.23435727815733207,0.23588898591781182,-0.7963635452237517,-0.24154105338187493,-0.7382471845380365,1.294637256800348,0.23045837907634886,-0.2476920786835589,1.6741250675139079,-0.08228222053946435,-0.2465063758589391,-0.3781306999777409,-0.08602139992103093,-0.3777314241568754,-0.12808009070344542,0.28760121581697223,-0.2913386553674819,0.6178665821187236,0.7449982099755862,0.6237840906702457,0.6366203652770481,0.257416903127753,-0.24330165412821983,1.174361783882415,0.25041980306905676,0.6711904705360328,0.5053999134987222,0.3721471166108534,0.47694316303740386,-0.1146360010152266,-0.29066115429087425,-1.4143475532627192,-0.3018756518029941,-0.06476746017563505,-0.16531851023747587,-0.2492072895709801
51177,Spotsylvania,Virginia,0.07803424404810472,0.4457780872960669,1.2446549141907512,-1.0305467572480669,-0.37762802629518893,-0.49027166653869597,0.6047510868442604,-0.24007568956180375,0.6920114497313525,0.39824565391272926,0.06813198055520744,-1.3590125786705283,2.370927344360522,-0.5726313348823804,-0.7527435752373701,-0.8004750703540785,0.3366445498801576,0.4309902375903978,1.0110861778476938,-0.050856087223136136,0.017352409360762235,0.31831604179363204,1.047575092309837,-0.701862730950588,-0.11310588892067366,-0.1971070013954379,0.3722219071501627,0.15348319249156453,2.1797657355513302,-0.22567727344916264,0.07937730787540452,-0.3597854936421102,-0.14857832040836094,-0.1837219106416284,-0.08602139992103093,0.38934606217231565,-0.742250599665795,0.5535380750637993,-0.4314375104997468,0.17969430014534588,0.363613158154423,0.24673435383023354,0.23666494545915523,-0.20939643524461413,-0.40386790191697947,0.3480077567021797,-0.3883186326463687,0.2573198012160712,-0.19466266815644837,-0.05807235827995999,-0.38192996252919614,-1.0743192297816841,-0.588328603623195,-1.6865099358834457,0.028452274225981032,-0.0021099940917512537,-1.029159863843795,-0.38322739378142123
51179,Stafford,Virginia,0.1268483158546414,1.0308492207284616,1.9627111113761324,-1.9271660770697745,0.19759482920920107,-0.7277688686749227,0.8049204180121817,-0.16603873068373484,1.1633132116193914,0.6281573752641274,0.3164252111306384,-1.5655151840182324,3.6633342599419043,-0.9255899252970493,-0.8954287718820013,-0.7122183785710269,-0.20665136112668797,-0.23791832699067997,0.545037872827517,0.08681170111454188,0.3377272381325829,0.7388127568435235,1.7821428984073842,-0.7386821781916921,-0.2669679585938287,-0.37376573862573426,0.9850350225892972,-0.4419063517761513,1.7081449164193192,-0.3707047935887658,0.11293527364239482,-0.1905281147393609,-0.08039486063248924,-0.10147332220247009,-0.08602139992103093,0.8592015893440682,-0.8481242101929328,0.4536185406612505,-0.5314964196318954,0.20359460643480262,0.4589594211097136,0.509029822936329,0.3509379225499818,-0.2534102642911516,-0.4461221776508638,0.09602536276381207,-0.5063185043046398,0.36287071017015615,-0.34141976600565904,0.02387420836590923,-0.8113665253124961,-1.7940816513565272,-0.29066115429087425,-2.2308347011248983,-0.038043766634129374,0.04335930894544998,-1.5921723674807815,-0.6351206016950217
51181,Surry,Virginia,-0.3021016425533123,-1.6083814306075936,0.5706776012057032,1.197563179631886,-0.19679178918182683,-1.8622236740927383,2.1696409800088086,-0.24965354323168734,-0.37732485947986594,-0.15160445788716806,-0.5063438435191376,-0.44695940505150283,0.2297520247445212,-0.592240145460973,-0.39603058362579246,-0.3397792124469868,-0.011974914209006263,0.7487877152543642,-0.8948453777814412,-0.2653196411618241,-0.4171951116331544,-0.46121831895850607,-0.37342193453871136,-0.125345815155388,-0.7944067738324874,-0.17321580062327244,-0.6620198783665371,1.1068093024629573,1.163045920469241,-0.24806593937306248,0.9790377731000282,0.11180089036800125,-0.23367733358037954,0.4494361107103208,-0.08602139992103093,-0.4414020974631316,-0.48287565911565083,0.6600296151532834,-0.5088887804173979,0.6019330445924187,0.7767802976273495,0.6893579579467677,0.6709022584042957,0.11203789203464438,-0.13132782343342705,1.2855304870905186,-0.031753803070287676,0.6934117145263657,0.43920309489439724,0.6128651561330942,0.9063797258207039,0.1252848061763878,-0.588328603623195,-0.8700227880212664,-0.34422874509498114,-0.06656017730343679,0.9900528873640676,0.4531872324957914
51183,Sussex,Virginia,-0.2882279845376187,-0.5305320299518478,1.5719109756257301,-0.29407042902496594,4.313263256781216,-2.7910217000678967,3.139732558588985,-0.2771780340897306,-0.4339168218922638,-0.6230915826598179,-0.46583384929079374,1.2222699881757704,-0.7267855984032674,-0.3373256079392697,0.388737997919678,0.3006709636055844,0.19957899844790883,0.5336912530830944,-0.3434101401329767,-0.2686483219267303,-0.36652366752077736,-0.41402057789122165,-0.3831493156571948,-0.2270721586797046,-0.7907459555346105,-0.0956513481729369,-0.7508729288277816,2.15740909440164,0.36873715755566955,-0.11562279746765078,1.1938419391786057,-0.17715181329037602,-0.08756491664945411,-0.37993312098338594,-0.08602139992103093,-0.41329826922924123,-0.5813815410544135,0.743665748783656,-0.3729823168785988,0.6019330445924187,0.7344041807583315,0.6401775574893755,0.6251930675679653,0.13471168275558792,-0.044706558178964566,1.265149558169033,0.21450679865132233,0.6628575040396574,0.5285063501813637,1.7549954287598966,1.335816288604004,0.36520561336800217,-0.588328603623195,-0.8700227880212664,-0.32905050441455624,-0.06615275748483082,0.5863407523946188,0.6776305395470127
51185,Tazewell,Virginia,-0.20201624771052243,-0.8725816203930473,0.06885498278289465,0.7696015550358655,-0.2118089829187992,0.6020012667900205,-0.45954871731913777,-0.33906437660782623,-0.4051803788020382,-0.6213840270512446,-0.6205414284584608,1.2394785386214122,-0.8307794627067406,-0.2784991762034896,0.24605280127504683,-0.3610305385090767,-0.8152867385908084,-0.30064901057751664,-1.3302355538568427,-0.15583520425975522,-0.060020001020047876,-0.04301204686064689,-0.1604931915208299,-0.8174030214018562,0.7904423393457055,-0.4719132380850144,2.3181110804545124,-0.3743872194238323,-0.23806753707994022,-0.3721771520588217,-0.6103457309531892,-0.38717799291766786,-0.08654833400032103,-0.4227417528944932,-0.08602139992103093,-0.10927800806737437,-0.4471726823550569,0.4819295482647195,-0.35289160192447677,0.10002661251382265,-0.1237121858392854,-0.9335952571471879,-0.1975723674859861,0.6615438789186878,-0.010903137591857235,-0.2726841695430643,0.1401155752145858,-0.2037710115833471,0.2487311168347828,-0.559995078985909,0.04750660025410388,0.6051264205596165,-0.29066115429087425,0.4907891250823656,-0.15198350678508693,-0.054551529802896216,1.5899905294405083,0.6501806386846328
51187,Warren,Virginia,-0.20327855436130646,-0.09256000951517843,1.112747956112783,-0.4688943095255255,-0.0927182386213649,0.4140264502067919,-0.2901778299247431,-0.23853636868401717,-0.00915938514776726,-0.1995063536068612,-0.3219924145952879,-0.8255475148556282,0.9717122090720739,-0.3373256079392697,-0.8240861735596857,-0.6316251375820349,-0.1169132283787363,-0.15033898352649,0.5573748651900433,-0.10336887151415224,-0.15799456073450588,0.017906478846445372,1.2593146426067614,-0.8053209094713465,0.9111184016181286,-0.49784587147495574,1.485441422965867,-0.5020036843588269,1.471521876388606,-0.43581905715412184,-0.6174760766495557,-0.40222960628259385,-0.21429678368615718,-0.30271563738789736,-0.08602139992103093,0.279978024865991,-0.380672245167225,0.24922180796270954,-0.5783127001791767,-0.011508150170309747,0.11995048615756844,-0.22867618392456057,-0.04901749726791112,-0.12670378673293753,0.04191470707549792,-0.18004358353631145,-0.7910573250452512,-0.023223404161887774,-0.3002028789501363,0.008509227119808753,-0.38192996252919614,-0.354556808206841,0.007006295041446424,-0.8700227880212664,-0.23013928123817476,-0.0321819914539765,-0.05104397289787343,0.4531872324957914
51191,Washington,Virginia,-0.16351735925447605,-1.0575474487963288,0.26721274241539816,0.8412213373909635,-0.3296925168674265,0.7148034828187306,-0.5867889605682888,-0.3445198140205731,-0.4391810091046198,-0.5177889666526754,-0.5848808217538173,-0.37812520326893484,-0.22891926322630932,-0.23928155504630408,-0.46737318194810806,-0.4410163672395705,-0.7665654802472037,-0.6380820178312008,-0.5940589253237059,-0.11943548715071373,-0.16696664817247756,-0.06314358532189553,0.18856133928659538,-0.8063857119615131,1.640285083104902,-0.4994576216713991,1.81666009201639,-0.5686461947825292,0.023161233303715376,-0.40764965675421994,-0.6086615086510989,-0.39131546726459826,-0.20834326357308136,-0.3775018031600338,-0.08602139992103093,-0.04560111129488819,-0.05178384631500726,0.07003283771088806,-0.31842165399170047,0.30716260035578313,0.17292063224384108,-0.523758586668916,0.1223919683683287,0.8882817861281233,-0.245414367914914,0.3720943090639356,0.22220244245512247,0.09343812678736334,0.5228858655828835,-0.5651167394012758,-0.38192996252919614,-0.1146360010152266,-0.29066115429087425,0.2186267424616392,-0.09546280782715463,-0.05102970625159775,0.3492036530790871,-0.365465693223411
51193,Westmoreland,Virginia,-0.26814822955438145,-1.031102491455827,-0.8190909845365032,1.3578564727943312,-0.5695586798650685,-0.9319640611390876,1.1551498394818498,-0.16839057235135185,-0.20810953578541252,0.052010719590031326,-0.20798204374836748,0.2413826127741769,-0.05744951205134156,-0.21967274446771134,-0.32468798530347687,-0.19502052068037293,1.67256518556563,1.7403294980791169,1.8467265036191263,-0.24250792087488154,-0.34468195985972716,-0.304236199091685,0.3907953120526021,0.07110759563663827,-0.6458897394468427,-0.4098671513109121,-0.4794074101030031,-0.0972467045034847,2.864420513649545,-0.3729880202013607,0.6538301888900426,0.02565409321027994,-0.18248978615707245,0.4167131430963221,-0.08602139992103093,-0.15268980743447264,-0.22224093292679034,0.2819884946434623,-0.5518328697948707,0.2991958315926307,0.5013355379787315,0.5909971570319834,0.4537836019317255,-0.12937129152363697,-0.6616189838936728,0.31465714573974873,-0.6217531613616444,0.44620037513390665,-0.30145187552757613,-0.0017340937109248996,0.47694316303740386,-0.1146360010152266,-0.29066115429087425,-0.59786040540054,-0.2813073577120115,-0.05597179338584702,0.4539603392093699,-0.29118949088991325
51195,Wise,Virginia,-0.21142350748388272,-0.3121443660715867,0.6654398405018471,-0.043828185498120016,0.9280198303744103,0.45375885233551294,-0.28678685718919894,-0.3438451021915405,-0.47450303214997974,-0.6456313646258901,-0.6133386575727726,1.0157673828280662,-0.916377052664781,-0.10201988099615492,0.4600805962419936,0.6137729543141995,-0.2670036492189419,-0.9096563743669759,0.17247417818093458,-0.07194669637226078,0.040302513391735934,0.061906453860694564,-0.19497441889383482,-0.8221988482510404,-0.4856181880819119,-0.2305265916398541,2.561706509498072,-0.517105681083508,0.37776945086256836,-0.27845646931829043,-0.6136262855221057,-0.4019425851904668,1.6779771335954043,-0.4099218671858665,-0.08602139992103093,-0.03482180209615227,-1.0292927513264525,1.0157336708482156,-0.43815427287506853,0.14782722509273669,0.0669803400712958,-0.7204801884984869,-0.06044479497699393,1.2190523801748292,0.10952154824971258,0.5833148451593322,-0.5114489335071735,-0.06766589214255453,0.6752634480305744,-0.4165885873556378,0.47694316303740386,1.3248888421344598,-0.8859960529555155,1.3072762729445448,-0.17642590176490797,-0.05159369265145811,0.6102560727940224,-0.1797751873896671
51197,Wythe,Virginia,-0.2369010145724447,-0.9196868279456529,0.6763661531899885,0.5104474224108987,-0.5381548995325819,0.6183928799589028,-0.4527100846095545,-0.32156396828641487,-0.4097696330922945,-0.503123132157041,-0.602190237399569,-0.2920824510407248,-0.49278224301677215,-0.43536966083223116,-0.32468798530347687,-0.7857716767908544,-1.3118085987566697,-0.9760648322914418,-1.3415377993684416,-0.16664788962921892,-0.20672401193543327,-0.1761199938049662,-0.07620691659540665,-0.763354598866877,2.0890235766090424,-0.4850940368675328,0.9785616872243511,-0.500268572576356,1.5048140693771865,-0.396305062159459,-0.6204061108954331,-0.39496109339085556,-0.1658005452754763,-0.4040983768717944,-0.08602139992103093,-0.1784385029512331,0.19363302427995926,-0.1112163119919711,-0.39390704223852574,0.11596015004012696,-0.0283659228839948,-0.8024475225941413,-0.14043587894057283,0.32677202768593316,-0.38485347783673163,-0.07072769204834312,0.09907214159431747,-0.1371072796123466,0.039524190113568516,-0.30391205821756767,-0.38192996252919614,0.1252848061763878,-0.29066115429087425,-0.0535356401590872,-0.22746296999612695,-0.05797703785006443,1.1623016386828404,0.48709593356108394
51199,York,Virginia,-0.12093281470134451,0.16127761073224944,0.9593572773662732,-0.626358737044813,-0.43423049522350565,-0.4793524345865486,0.33795270037238007,-0.22638034874659532,2.065517200543489,1.0532177750466787,-0.20745870882309916,-1.6171408353551584,2.458309647501328,-0.9451987358756418,-0.9667713702043169,0.03770605038966544,0.28795817280754105,-0.13214924031756195,0.9218718257124565,0.007117699682039668,0.3128419495205005,0.4071705270587445,0.9408602134457617,-0.7678711137962032,-0.79470954561268,-0.49639323643675126,-0.6654497013688244,-0.11672559562436904,0.9413278498331602,-0.42810610837082136,0.07489250686856534,0.0715970407798144,-0.22787800475254488,3.9870506927663656,-0.08602139992103093,0.4917601209610245,-1.1156594185135702,0.8723584282886326,-0.5794669110086389,0.5939662758292663,0.7661862684100947,0.7221448915850299,0.7166114492406263,0.07869408215090387,-0.253865223061691,0.6407520084835187,-0.1471884601272921,0.7045223365215334,0.14194190946365592,-0.33976368112513544,-0.8113665253124961,-1.5541608441649128,0.007006295041446424,-1.6865099358834457,-0.1479222512639375,-0.004612110318599388,-1.1579654236074344,-0.9451430114348384
51510,Alexandria City,Virginia,0.14602014726074863,-0.6416924105697118,4.53344087179624,-1.6665545002779727,-0.8197664585356584,-1.0760513623587857,0.916233431200143,-0.22413150192143852,2.140776526891403,0.4043506005638473,0.49119612455225836,-1.0148415697576887,3.217087321435713,-0.5334137137251949,-1.3234843618158942,3.496238941744501,1.4003200757155054,0.3066833593127967,0.38782123982135347,6.868150416308428,9.072131020259079,6.003233172110247,2.465428333191996,-0.8197652114598644,-0.828311840919689,-0.5209094907442179,-0.6745070876707062,-0.6301830304019557,-0.49459468662285594,-0.4524570103898962,-0.5438226079332324,-0.36866494490492185,-0.11762797823857059,-0.2671280063294207,-0.08602139992103093,6.904136713172804,-1.1819601950848977,-1.8316163065218696,-0.7283973406166595,0.22749491272425992,0.4589594211097136,0.5909971570319834,0.39664711338631226,0.13871293994163694,-0.11020068556648506,0.0812028690027316,-0.23440575657036217,0.39620257615565607,0.0026787910790856432,3.419535063754115,-0.8113665253124961,-2.0340024585481418,0.007006295041446424,-1.4143475532627192,-0.03714542439903641,2.0780997399814742,-1.6097541011404222,-0.5608443993615245
51520,Bristol City,Virginia,-0.27181799807742646,-0.583927263139608,0.39806766714511194,0.3397161789295969,-1.2816005231131677,0.36300300805511165,-0.17651165979376376,-0.27911128463800544,-0.25575647202884344,-0.3601051500369887,-0.5233892619429181,1.2566870890670543,-1.2385864249687435,-0.47458728198941663,-0.1820027886588462,1.3836689165610458,0.5758496571080503,-0.21951649312867394,0.5516986506370196,2.7437487961492653,3.7666105188135295,5.751844062599838,6.109083369052024,-0.8221988482510404,-0.20668791503762113,-0.5097891561033858,0.02829450541841946,-0.6175777090658738,-0.594379353213381,-0.451767190234485,-0.6104910694210814,-0.4062617303182623,-0.262701360571025,-0.3953357295881519,-0.08602139992103093,5.350219963556691,-0.9030810461705001,-1.4318715165393174,-0.7301919522934361,0.426664131803068,0.34242509971991364,-0.24506965074369283,0.2823741362954857,0.9483006439188565,-0.14400410615359238,0.6055485858009527,0.5428542676134686,0.26565276771244734,0.7377132769025788,-0.7085232310315469,0.04750660025410388,0.36520561336800217,-0.588328603623195,1.3072762729445448,-0.2895234460704659,0.19658604406375108,1.0178433731832401,0.3466170291477295
51530,Buena Vista City,Virginia,-0.30193763055228234,0.9928845179365491,-1.3874859920248621,-0.22373284932656973,-1.5088061234574732,0.3777964081139882,-0.3016923325266566,-0.14642973370562531,-0.30437472609444816,1.4527224738589528,-0.5024907278262233,0.46509376856752255,-0.7530071536269815,-0.7687194406683074,-0.8954287718820013,0.44605396925220897,2.038481058273229,2.0460476553554585,1.7245116954943205,0.9970211645254256,2.267918821740166,4.532091325201483,2.12230257971408,-0.8221988482510404,-0.08202522613472614,-0.4654077280032784,0.40418100525494066,-0.48116582066192165,1.284716999289169,-0.31018274953258496,-0.6268783757608254,-0.4062617303182623,-0.262701360571025,-0.33920830409699,-0.08602139992103093,3.027697232778004,-0.8466730759489888,-0.4840031259801272,-0.73490560039053,0.21156137519795506,0.28945495363364104,-0.08113498255238405,0.1338192660774107,0.8055891376164471,-0.1271023958600387,0.05711631664097605,0.2760719490817244,0.16843482525473844,0.42608863083127624,0.3052054144631292,0.9063797258207039,1.0849680349428452,-0.8859960529555155,0.4907891250823656,-0.34832743154259277,0.12899173337401718,1.2868919840383373,1.4462277636936403
51540,Charlottesville City,Virginia,-0.18247831808783052,1.738068315418534,0.1280856057438383,-1.665037562187477,-0.7502748303401889,-0.8143142965811768,0.6236623775547343,-0.27819815324777775,2.3145255566947203,-0.006966294995137569,-0.28486422071536194,1.3083127404039803,0.20558975396246007,-0.21967274446771134,-1.1807991651712635,3.5502052811144638,1.7810865236630495,-0.05037097355781733,0.9716543060122986,3.907101420245115,6.5933182586806875,6.70709306765781,5.387164068131265,-0.8221988482510404,-0.7292658246659719,-0.49884522587417746,-0.49931590928939296,-0.6254306599250764,-0.3545578496109989,-0.45620951754236083,-0.5849179097229273,-0.3492791024261697,-0.18940907887182185,-0.4029583114275885,-0.08602139992103093,6.575483008842991,-1.1395396002427376,-1.730967890249848,-0.7323291039583112,0.28326229406632586,0.40598927502344095,0.2631278206493658,0.33951062484089894,0.30676574175568905,-0.18625838188747637,-0.04849395140672225,0.11959385840445164,0.33231649968344706,0.10134952069685266,0.4489720228413558,0.04750660025410388,-0.8343984225900698,-0.29066115429087425,-0.3256980227798136,-0.2583060534009854,0.8947392326589205,-1.392507413454663,-0.5479267989556985
51550,Chesapeake City,Virginia,0.39615895033153997,0.48858688097899844,1.4929637129881725,-1.193647818959409,-0.5299885228290236,-1.3784510254424716,1.4771340459311282,-0.23065375851603132,1.0768268754087855,0.41313355507468064,-0.2255831483115258,-1.0664672210946144,1.4853663916350377,-0.7687194406683074,-0.8240861735596857,0.03167030226113966,1.1886045490695076,0.9500747951404634,1.5712342473561607,0.3570536236071585,0.933263631570743,1.4286575044828387,1.258297956292324,-0.03852590203899444,-0.8162710142154217,-0.5121567163009693,-0.8131685125487104,-0.47365329484020074,-0.5265650822963794,-0.44077077766555395,4.288445394105108,0.07275488096141548,-0.18140755561464744,-0.14365206157529958,-0.08602139992103093,1.1894677614981068,-0.40728379945237064,-0.1175624945080671,-0.478715475378813,0.729401344802856,0.7767802976273495,0.6565710243085056,0.7394660446587918,0.17739175940677582,-0.2602033644217735,0.9501715657460735,-0.016362515462686935,0.7489648245021994,0.32242191490374855,0.6128651561330942,0.04750660025410388,-1.0743192297816841,-0.588328603623195,-1.6865099358834457,0.35428848907949134,0.07510943528563795,-0.7337797859024604,0.128632522299421
51570,Colonial Heights Cit,Virginia,-0.2700372963519585,0.26486890594445384,-0.18547748085615576,-0.15164754557995405,-1.8706487825182427,-0.5263739181422943,0.5146248458550472,-0.21447174049478523,0.9702502713365311,0.6163331820914082,-0.23141046715192498,-0.8771731661925526,0.13495629761376438,-0.5334137137251949,-0.5387157802704237,1.074562484308767,1.6987578941471932,0.027595992825716117,2.593716026323471,3.0249388557449555,4.41047815418749,7.560462236068636,2.0717168980960428,-0.812514221841027,-0.8019963181641226,-0.5165958187012499,-0.6818223512885108,-0.5568746694047554,0.17346849887385246,-0.44127646343819404,0.8466871187393423,-0.0696258978480378,-0.262701360571025,-0.1740080813309175,-0.08602139992103093,5.1252636781320735,-1.1629133124798676,-1.0821361270436383,-0.7341460551995291,0.5142985881977431,0.6814340346720589,0.6237840906702457,0.5794838767316348,-0.1373738058957345,-0.2348507989814432,0.5092023763539298,-0.4344924954691704,0.6045267385650321,-0.0678895155462796,-0.3909802852788037,-0.38192996252919614,-0.5944776153984553,-0.588328603623195,-0.59786040540054,-0.29837586017877776,0.394982229997788,-0.06847654951165079,-0.33155699215811846
51580,Covington City,Virginia,-0.3046906891409992,-0.26307196808977956,0.2071784717110261,0.13918458640297537,-0.8460522138143368,-0.11167136571263701,0.3242095786527816,-0.2786605144829542,-0.2266282474334247,-0.4765836130929565,-0.5425552253842096,0.00046290653518882833,-0.9527577444673162,-0.7491106300897147,0.10336760463041615,-0.3477407835231115,-0.9875373257410269,-1.3271340169776513,-0.13136111052154947,3.3717421710549633,4.744313643145092,3.5555003958055615,2.2583606199281143,-0.8021439581630476,-0.44084516683270775,-0.5013238096324396,0.6153787297835221,-0.6393997489025706,-0.0885383850639091,-0.31190071150917015,-0.6268783757608254,-0.4062617303182623,-0.262701360571025,-0.26037385794574425,-0.08602139992103093,3.971393098662069,-0.9892870852184179,-0.7527753242496648,-0.7357470573178153,0.16376076261904102,0.18351466146109574,-0.294250051201085,0.008118991277502157,0.1707229974300276,-0.3869661916234258,-0.04478832796645221,-0.49862286050083965,0.05732860530307116,-0.1709317331850865,0.7050550436096972,0.04750660025410388,0.36520561336800217,-0.29066115429087425,-0.59786040540054,-0.34654946253563795,0.13416310491107863,1.6160709918840073,0.7842007428950746
51590,Danville City,Virginia,-0.20363000864922776,0.008285877940460635,-0.8146972293169602,0.39809993060216725,-1.8629612801933417,-2.557196484549597,2.8377476332203875,-0.29277849369655357,-0.09889295856770448,-0.14749510283486736,-0.36445385002549496,1.5492324466429679,-1.3487581425971757,-0.3961520396750457,0.6741083912089404,2.4828713518483183,1.4302319843021798,0.37769746818066724,0.8337366711385253,1.9536950500997325,2.527480008460973,3.7785551973004345,4.579492822477721,-0.8196195145611438,-0.29104306800315743,-0.4267227914583244,0.5173487636966566,-0.44240156990558527,-0.04159142616335842,-0.34219753605960085,-0.6122070177289087,-0.3996204588680581,-0.2285327757952559,-0.28299556907487466,-0.08602139992103093,3.716661583540617,-0.9387107919943417,-0.6919706873924955,-0.7072417730908402,0.47446474438198144,0.6178698593685316,0.32870168792588794,0.49949279276805597,0.538838658546523,-0.6764079804005323,0.42212022550758205,-0.049710305279155126,0.5045311406085318,0.18253429823045877,1.601345616298892,1.7652528513873038,0.6051264205596165,-1.481330951620157,0.4907891250823656,-0.1699877824134084,0.11980448258306706,0.7803131458840445,0.12378842214723675
51595,Emporia City,Virginia,-0.3052530160016733,0.2719067872674653,-0.6782799957334527,0.08729291071018297,-1.790064849931298,-3.419244892971572,3.7575655703150934,-0.2598186736632805,-0.2755248542355919,-0.3134791207369158,-0.23711509613489412,1.0329759332737083,-1.173169822538902,-0.6902841983539365,0.6741083912089404,3.8950319926847983,3.248556924975734,1.3591109938506638,1.959324982063155,1.9402111589985847,2.6018021169323364,3.3530943832487923,3.8088349774750685,-0.4363466104189838,-0.7744786407618834,-0.49606989841090743,-0.378572783817545,-0.12485488872434515,0.6066216329146933,-0.38079222271412144,0.48594940842702306,-0.3223045922441538,-0.15471388365017436,-0.32898123159790804,-0.08602139992103093,3.379881444581813,-0.7800777793128267,-0.7007979669618425,-0.7347790095253631,0.6098998133555712,0.7026220931065674,0.6401775574893755,0.6251930675679653,0.324104522895234,-0.5242925877585493,0.8408556742581051,0.2991588804931257,0.6573021930420743,0.3530223310510313,0.11094243542714528,3.0535625397372037,1.0849680349428452,-1.7789984009524775,1.0351138903238184,-0.3515464912183425,0.09002855081277171,1.3284762298910795,1.152352354461106
51600,Fairfax City,Virginia,-0.2505638000153855,0.6125488117199681,1.0221756799210313,-1.0733908240637793,-0.40030055800830144,-0.82008999869839,-0.20770498348852026,-0.1910229953814393,6.553729592280319,0.46407055412749115,0.5638096223172876,-1.2729698264423184,3.4807443727820107,-0.47458728198941663,-1.3234843618158942,0.20182232782123044,0.2897852637743215,0.17472053399779616,0.3703746090690343,4.05597697829924,5.298707980874057,6.657545544645913,6.156285503688625,-0.8221988482510404,-0.8079634900188981,-0.5041627302812342,-0.31664768743438837,-0.6393997489025706,-0.3166027809052729,-0.4471238840000438,-0.6268783757608254,-0.4062617303182623,-0.262701360571025,-0.4147657509768896,-0.08602139992103093,6.410460472326895,-1.175149096578792,-1.6251019396718345,-0.7351811216853048,0.11596015004012696,0.331831070502659,0.3450951547450202,0.25951954087732004,0.19739804533702016,-0.07005912361929487,-0.07443331548861315,-0.17540582074122685,0.2489868347196966,0.0039277876565259285,1.2633160288846812,-0.8113665253124961,-2.273923265739756,0.007006295041446424,-1.958672318504172,-0.3035600434937934,0.7130059566700877,-0.8514384973159792,-0.13617828602000495
51610,Falls Church City,Virginia,-0.2781002434740198,0.39602980672666127,1.5801584293011364,-1.151801281355711,-0.37514227772193587,-0.14438613860799696,-0.3013831090482819,-0.1971119471923318,3.7726397811196586,-0.0702740280504201,0.061730510569228764,-1.89247764248543,5.637432968525131,-1.5726806743906088,-1.3234843618158942,1.6391094848200896,1.7453146307630725,1.759522695869642,0.7713249876064889,6.34602145151027,8.808562951364472,7.404417588130657,3.845704422425155,-0.8221988482510404,-0.8336075343534716,-0.5252678640518802,-0.8315503616676112,-0.6393997489025706,-0.7127453779516705,-0.45620951754236083,-0.6268783757608254,-0.4062617303182623,-0.262701360571025,-0.42821493684839707,-0.08602139992103093,7.5732480003871165,-1.1867526365145502,-2.1158343297594624,-0.7399096628253595,0.13189368756643183,0.331831070502659,0.3614886215641502,0.2709468385864029,0.17205674982537744,-0.07639726497937774,0.020060082238274712,-0.15488410393109267,0.26009745671486345,0.027034224339167436,1.1096662164236764,-1.6702396508790962,-2.753764880122985,0.3046737443737671,-1.958672318504172,-0.3375847556479394,50.89368637388526,-1.6672187457010874,-1.2761565218341215
51620,Franklin City,Virginia,-0.2975766685963255,0.545056070813226,-1.032565257548463,0.01208605760049226,-2.034538232771597,-2.913323274731783,3.2600242607279415,-0.27866149625134884,-0.1915658122877399,-0.18415462815224054,-0.509140779518903,0.8092647774803626,-0.7062613968014597,-0.8667634935612711,-0.039317592014215016,2.473858665787875,2.055253536375133,0.621583263638379,1.5748061311890478,-0.2961437400203595,5.948019993850987,3.035167445867239,-1.2791484256367212,-0.5316600559506294,-0.8336075343534716,-0.5252678640518802,-0.8315503616676112,-0.08923255225046763,-0.7127453779516705,-0.45620951754236083,1.0257184405010442,1.8379771528165747,-0.262701360571025,1.5612300193753612,-0.08602139992103093,2.4195967956396607,-0.9006807480983582,-0.1689587910121705,-0.7398575371749967,0.6258333508818761,0.7449982099755862,0.6073906238511133,0.6251930675679653,0.27608943666264774,-0.2855559298621042,1.2484742526878176,0.23246330086018932,0.6684128150372411,0.5222613672941636,1.1455178393312442,1.335816288604004,0.36520561336800217,-1.1836635022878363,-0.59786040540054,-0.3359377948836023,12.749844068434278,0.2696793482849156,-0.3541627928683135
51630,Fredericksburg City,Virginia,-0.2358700819945422,2.395533459776499,-0.8653183235309309,-1.77601483727696,-1.7243581468968678,-0.9669376728950364,1.0835315294004495,-0.17764045754400598,0.8656993885628884,0.6396582347504598,0.08277617802811339,0.41346811723059507,0.43924989527534647,-0.2784991762034896,-0.46737318194810806,4.461866686233747,2.414860241622367,-0.2862568489161495,1.3233340802398146,3.5679295463073446,6.325301681450793,5.005601954620201,2.5206474122798794,-0.7934763820920647,-0.7086050064564257,-0.47382911596448857,0.046916672280857406,-0.5986078845120156,-0.20317411797827775,-0.41745739044694646,-0.2694964596965903,-0.3785287403175473,0.022664785664677806,-0.33807215207653524,-0.08602139992103093,5.0576587478796835,-1.1019100232200143,-1.1122575311330747,-0.73212060135686,0.20359460643480262,0.4377713626752043,0.4270624888406746,0.29380143400456854,-0.2534102642911516,-0.4017551881302853,0.32392120434042415,-0.5011880751021064,0.3295388441846555,-0.2502430158525324,1.032841310193174,0.04750660025410388,-1.0743192297816841,-0.588328603623195,-0.0535356401590872,-0.2984320065684711,0.5065177643152355,-0.6039283826658584,0.7987330433516284
51640,Galax City,Virginia,-0.3023213014832631,0.25665439041985755,-0.23641463185525693,-0.11871207441429894,-1.5145634095575402,0.31128951522746373,-0.12676593512063059,-0.2703039241883362,-0.31299987693961934,0.5518441945824163,0.46837743551996724,0.7748476765890786,-1.2694070487788158,0.4470268152044409,-0.5387157802704237,0.43210481261637235,0.1946418743237861,-1.094001173161864,1.5230058780925473,2.2641090247150824,1.7092154295355528,2.47681132379098,6.883344474185468,-0.8221988482510404,0.5810422859020119,-0.5088698146615965,-0.12374522169368067,-0.31863560152116294,0.6039152390462491,-0.4209132078416024,-0.6268783757608254,-0.4062617303182623,-0.08075882369831974,-0.42821493684839707,-0.08602139992103093,3.71581815925796,-0.5466451140705617,-1.0727810108184892,-0.733810961732911,0.13986045632958427,0.02460422320227784,-0.7696605889558791,-0.10615398581332439,0.6788826600582333,-0.4017551881302853,0.3943280497055561,0.424854395955197,-0.10099775812805518,0.43545610516207683,-0.4370752290171051,0.9063797258207039,0.845047227751231,-1.1836635022878363,1.0351138903238184,-0.3432742564701948,0.09005463808733066,1.805708193216727,1.1200583534465418
51650,Hampton City,Virginia,0.0730406643738895,0.8201227235264071,-0.013853997226451052,-0.7486636475181146,-0.9341639913014562,-2.670887254593493,2.9474590871293405,-0.1534371713875019,0.6140152213372457,0.6823700795047662,-0.25515146721437687,-0.11999694658430474,0.006456948454621209,-0.7687194406683074,-0.1820027886588462,1.9588178674252021,1.8418273671386334,1.4933132248230923,0.9777356863067154,0.8623224197885496,1.4751538256447574,2.286730442544362,1.0931133419532517,-0.8144357916264093,-0.8257644813754205,-0.5158338398210685,-0.8278230383717881,-0.5989741918410754,-0.6661463533780202,-0.4506519616216297,-0.19792863324434848,0.2426450421010378,-0.04233493185491299,4.917861621724557,-0.08602139992103093,1.708572246030702,-1.1755600712553689,0.40525730784172437,-0.6385103798267386,0.6895675009870944,0.7979683560618588,0.7713252920424222,0.7737479377860395,0.13204417796488874,-0.1841456681007822,0.5147608115143348,-0.26262311718429693,0.7684084129937416,0.11696197791485333,1.9701051662053033,0.47694316303740386,-0.354556808206841,-0.8859960529555155,-0.59786040540054,0.10013249840110708,0.13566877965632745,0.034401311528061786,0.6937775400542944
51660,Harrisonburg City,Virginia,-0.16563780012493462,3.74949718508104,-2.225978844946753,-2.3457625234861754,-0.8845670120396099,-0.06194837775155134,-0.01580893922141601,-0.22682357688465668,1.2686785206756144,0.4174109302704461,0.7883605778136744,1.790152152881956,-0.5170817994282768,0.23132989883992133,-0.5387157802704237,3.948919194431954,2.237941248405617,-0.09917130845310894,1.3244256407376716,4.831409400368596,6.480366873939655,5.861717714317622,2.8537024638973834,-0.7571154886892024,0.11055285728705667,-0.5058416854950392,-0.5807261243170113,-0.5942108292464819,-0.4291453024926131,-0.45286437618645903,-0.6268783757608254,-0.4062617303182623,0.03905571882009231,-0.4133598050672897,-0.08602139992103093,5.7549652591371885,-0.6954516908715782,-1.808474968427733,-0.7269899480568637,0.10799338127697508,0.2047027198956051,-0.16310231664803845,0.05382818211383261,-0.06401742415150553,-0.16301853023384022,-0.44684847123575955,-0.46014464148183803,0.07677219379461261,-0.34079526771693913,-0.15026224575656286,0.9063797258207039,-0.5944776153984553,-1.1836635022878363,-0.0535356401590872,-0.2727356755521661,0.5661544608982441,-1.3735950886916581,0.3466170291477295
51670,Hopewell City,Virginia,-0.254927690757075,1.0363140816803136,-0.03146957696139363,-0.9390636902522422,-1.5323815275452854,-2.0939151831958656,2.3818272592511565,-0.21000695362435326,0.13537209481851717,0.7461311559172626,-0.09172132344001516,0.8264733279260047,-1.1963710939148584,-0.5530225243037876,0.24605280127504683,3.0647439274324717,2.159588403653316,1.684164023498292,0.8638403964682045,3.7002564866387386,4.768743231422031,7.087981644679825,2.432444166274386,-0.8116779449086859,-0.7954510059912119,-0.5189872741043488,-0.5816712308665929,-0.586273111528552,-0.08401766589536291,-0.42917195440111133,0.47024950133038834,-0.35208326145892765,-0.19301584853761308,0.012036732510930596,-0.08602139992103093,5.310450587717708,-1.1591282387473416,-1.1657673305485212,-0.73193443831985,0.5381988944872004,0.7132161223238221,0.6565710243085056,0.6251930675679653,-0.1520450822445805,-0.28344321607541,0.5925789037600072,-0.42936206626663675,0.6378586045505321,-0.05977103779291886,0.42336372076452167,1.7652528513873038,0.845047227751231,-1.1836635022878363,0.762951507703092,-0.29109554498187856,0.36672059845399846,-0.46640436039308913,-0.2831159906362721
51680,Lynchburg City,Virginia,-0.08025783844591873,3.0723666396935765,-3.0704344407901076,-1.3013815266483293,-1.411458708418896,-1.1463094555445101,1.2941805500496966,-0.287221144769848,0.44032684347239004,-0.0526922492698452,-0.3782484204804561,0.396259566784955,-0.3507602593574413,-0.4941960925680094,-0.1820027886588462,2.824945290312787,1.3720229231694507,-0.7171716934521524,1.1713783020895383,2.1896565127456307,3.1369753651797896,5.466449811606748,2.9527220146944533,-0.8214388876273172,-0.4549089806484715,-0.46402263431201235,0.6958561023606399,-0.6019839516252249,-0.09964098026939744,-0.43042971790176654,-0.6203943439867607,-0.40039148776680483,-0.23249963161328405,-0.3779117344006206,-0.08602139992103093,4.086885916531675,-1.0146490255760365,-0.7779799605490137,-0.7029451301966487,0.2912290628294783,0.3742071873716777,0.08279968563892474,0.2138103500409896,0.552176182500019,-0.2348507989814432,-0.06702206860807308,0.191419867239921,0.26565276771244734,0.21313471437774065,0.5770135332255265,0.47694316303740386,-0.354556808206841,-0.588328603623195,-0.0535356401590872,-0.10319229414160033,0.27497610276112655,-0.14623698847510352,0.6857040398006539
51683,Manassas City,Virginia,-0.20058114270151042,1.2225088070769792,1.4508385062680866,-1.848816781688852,0.0978309000381812,-0.6462332140528578,0.47470111898575656,-0.10851686952477153,1.8564728740141863,0.8896330550203236,2.035788816830862,-1.2213441751053924,1.968886378535147,0.8195942161977029,-1.0381139685266323,0.6766125406486526,2.330240790590398,1.909571959439635,2.295510027257308,4.1453040687742195,7.07242016239168,7.893232147936375,4.463156572794056,-0.8221988482510404,-0.6850729040661679,-0.4981024207848438,-0.7091953610435165,-0.6178570574673984,-0.48612565041330286,-0.4503622373208498,-0.5405982206949449,-0.37696945573919394,-0.18734865328187886,-0.419559386503381,-0.08602139992103093,6.925807631919217,-1.119542975983035,-1.9016556811336485,-0.7325376065597624,0.13986045632958427,0.40598927502344095,0.44345595565980456,0.29380143400456854,0.14004669233698652,-0.21583637490119537,-0.3616191321095471,-0.31905783841216556,0.3017622891967387,-0.19778515960004886,0.8535831956553351,0.47694316303740386,-1.3142400369732985,-0.588328603623195,-1.958672318504172,-0.2895795924601592,0.7920596847205758,-1.3602047929800145,0.08665032098048785
51685,Manassas Park City,Virginia,-0.2697209874928293,0.6866000674241763,3.5172651001123887,-2.38421122784214,0.5646550381143375,-1.0176520464389147,0.45899467943742883,-0.05138854494299469,3.759330266647613,1.0664379770030663,2.246991947105121,-1.4106382300074543,1.8823964319857236,0.6823325421475538,-1.0381139685266323,0.6983049886737833,2.6207800060918913,3.128262079003708,1.5443853360249578,1.274417487533678,5.694375790721713,9.003298709859704,5.537158318090898,-0.8221988482510404,-0.7931202623868177,-0.5252678640518802,-0.331281147293233,-0.6393997489025706,-0.5737593874170565,-0.4275203988200694,-0.6268783757608254,-0.4062617303182623,-0.262701360571025,-0.42821493684839707,-0.08602139992103093,6.583137670411002,-1.1684327618869124,-1.7061821228027831,-0.7384426980937205,0.13986045632958427,0.3953952458061863,0.44345595565980456,0.29380143400456854,0.15471796868583226,-0.20949823354111252,-0.30603478050549526,-0.28827526319696456,0.29898463369794637,-0.1628132554317262,0.3619037957801198,0.47694316303740386,-1.5541608441649128,-0.588328603623195,-2.2308347011248983,-0.35160263760803584,1.730290207089285,-1.8406675827077892,0.08665032098048785
51690,Martinsville City,Virginia,-0.28414232844053355,0.47257657284020693,-0.31554314737555367,-0.2782296068188767,-1.5889089400877807,-2.28655173506032,2.6055054479116913,-0.2743041605243482,-0.15549144190083097,-0.4233544217754808,-0.23855222128133155,0.8608904288172887,-1.2292510021665837,-0.6706753877753437,0.03202500630810057,1.941340474352373,1.5319149468256517,0.8254349489871002,0.9718386334549012,1.8375463487290427,2.953794674892908,5.453151482336326,4.887416798074756,-0.8221988482510404,-0.7068184458263181,-0.5007154307542686,0.44018664118936063,-0.5355569386451863,0.32416326195789186,-0.4297853292455138,-0.597635510137317,-0.4062617303182623,-0.262701360571025,-0.38910001786638204,-0.08602139992103093,4.480238866503406,-1.1293825028122104,-0.8362570700435215,-0.7317482752828399,0.39479705675045823,0.480147479544223,0.18116048655371142,0.3852198156772294,0.7682440705466576,-0.8559886522695397,0.6388991967633837,0.8224626591515463,0.3878696096592807,0.5222613672941632,0.4797019853335568,1.335816288604004,0.36520561336800217,-1.1836635022878363,0.4907891250823656,-0.304215084706882,0.16743100219575213,2.6842059257564856,1.4962834652662151
51700,Newport News City,Virginia,0.20400131841056607,1.3602517559469702,0.1860861393280722,-1.3458477690130053,-0.8268241113083917,-2.1792029743934918,2.3731917962734173,-0.1748690828922235,0.9931405208194222,0.9318819317476832,-0.025512274128074455,0.10371420920904087,-0.18533107587798886,-0.4549784714108239,-0.39603058362579246,2.800587311931841,2.383771944358004,1.2738115308067823,1.4770926057417288,1.8260464488409271,2.3954663817618083,2.7884003846060037,1.5514439083843505,-0.8018957846533638,-0.8101367506214172,-0.5190183974712982,-0.7739748626758015,-0.4177340305807049,-0.15822559612945708,-0.4425131500959053,-0.10539288620128877,0.4685503523819522,-0.23118309395755987,3.3261536524976596,-0.08602139992103093,2.4848506944399023,-1.1561415508567117,0.051233294949672596,-0.6512960572085872,0.6656671946976377,0.7979683560618588,0.7549318252232922,0.7508933423678746,0.1427141971276857,-0.21161094732780666,0.6833666780466251,-0.183101464545027,0.7517424800009916,0.19002827769509914,2.016200109943605,0.47694316303740386,-0.354556808206841,-0.588328603623195,-0.3256980227798136,0.15968510240247813,0.24402576938914572,-0.5788421921174669,0.39505803066957595
51710,Norfolk City,Virginia,0.39002900179304584,2.193766151068629,-0.5663690701059483,-1.7390125096716202,0.9482388117207157,-2.1613480621820806,2.283835011177627,-0.17548349490453607,1.1387564350223633,1.0586040492140996,-0.09431635129122459,0.7748476765890786,-0.2254871224902211,-0.2784991762034896,-0.39603058362579246,3.482157078427639,2.6349404230891413,1.88730241121939,1.2074236810289314,3.7466734495500438,3.3951836611930712,4.049498163291103,1.7762876717125973,-0.8221988482510404,-0.831900771564721,-0.5231608568750062,-0.8294414498096943,-0.5992982670159779,-0.6819854735985894,-0.45500011226759735,-0.5108825863523506,-0.2517678688793282,-0.0912624111244688,3.3402522508484958,-0.08602139992103093,3.683728948564099,-1.1859803523178085,-0.4373519449216792,-0.6682368935764995,0.7612684198554652,0.8403444729308768,0.8041122256806844,0.8537390217496176,0.11470539682534357,-0.2348507989814432,0.6018429623606827,-0.22414489816529531,0.8295168339671583,0.13257443513285536,3.844632878229562,0.47694316303740386,-0.354556808206841,0.007006295041446424,-0.0535356401590872,0.24931345581623235,0.4563825093865293,-1.1525952673849647,-0.14748118637510246
51720,Norton City,Virginia,-0.30925080852677816,0.00736826557220883,0.4759654526359301,-0.2438274072854717,-1.4588114295855448,0.340344640198889,-0.21616536471086387,-0.311210856692999,0.05929381926694949,-0.5364727980813399,-0.4259983118752603,0.8264733279260047,-1.212227584115586,-0.7098930089325312,-0.25334538698116177,2.666709065174799,1.256592245056604,-1.2718383582754913,1.4250003006125078,2.251051433296313,3.5969279292368754,2.434260492689296,1.0137284810860343,-0.8221988482510404,-0.7351118673986422,-0.5072540281704105,1.9541031678540606,-0.5441644152610614,-0.6563922033607383,-0.44845466920597604,-0.6125749412658829,-0.4062617303182623,-0.262701360571025,-0.4052564065058244,-0.08602139992103093,2.6666426589830805,-1.1421848456427868,-0.04082127219791078,-0.7343620043224607,0.13986045632958427,0.07757436928855048,-0.7368736553176192,-0.04901749726791112,1.21638487538413,0.0989579793162414,0.648163255364059,-0.5396662941211078,-0.06766589214255453,0.6858799189388147,-0.9236329684769536,0.47694316303740386,0.36520561336800217,-0.588328603623195,1.8516010381859975,-0.35482169728378565,0.040005634034234454,1.8917735296213347,1.0296351506057624
51730,Petersburg City,Virginia,-0.22910458695205707,0.7489790245590642,-0.3362643267742178,-0.5225543206864225,-1.9352353609505175,-4.199064759705612,4.6132285417926635,-0.23288733908492754,-0.049320383426289985,0.7482911557519307,-0.3330993522966795,1.2222699881757704,-1.062723533651583,-0.23928155504630408,1.173506579465149,4.047204442176219,3.4449237762039946,2.7637773670563996,1.6091059715954878,2.164554763577774,3.437634172976136,4.555996372143606,3.035818350581179,-0.5873592026610712,-0.7768274569149176,-0.481458308524082,-0.49829675893151865,0.06470023852265924,0.9318621654857758,-0.388314414037663,0.0039055558348100165,-0.3432757513010951,-0.06826795005291439,-0.3463235641540975,-0.08602139992103093,3.8813000059671574,-0.9298314241200428,-0.7716832129818629,-0.7227081982056331,0.5381988944872004,0.6920280638893135,0.6073906238511133,0.5909111744407168,-0.09736123403524605,-0.17780752674069972,0.6426048202036537,-0.30623176540583197,0.6156373605601991,0.043895678134608845,2.2876481119580467,2.624125976953904,0.36520561336800217,-1.1836635022878363,0.762951507703092,-0.24189259214730768,0.21225265685466888,0.4601964984161264,0.474178333155258
51735,Poquoson City,Virginia,-0.2849711748028813,-0.3854018853467193,0.9436018393270046,-0.11486701963190739,0.04026356170604778,0.5855944408131527,-0.5835648579240619,-0.2590095737530432,0.5897670364124339,-0.021428993550604066,-0.4626554771643974,-1.5827237344638743,2.9169809354721585,-1.2001132733973472,-1.1094565668489478,-1.2079261625511646,-0.26504931084695443,0.39452061759128604,-0.5425341924870405,-0.2504058006754695,-0.29259261171903045,-0.04871415798739131,-0.4831689855781459,-0.8207539345938465,-0.8273191516379167,-0.5244053040705632,-0.8289603425266268,-0.5627888615340298,-0.6947562450273365,-0.4517535947415768,-0.37757691776059765,2.2128755125343282,-0.20527879250676637,6.559112183905525,-0.08602139992103093,-0.28883026729905914,-1.1824845402451427,1.2743337373027812,-0.681558720504937,0.6656671946976377,0.7873743268446042,0.7713252920424222,0.7737479377860395,0.11603914922069317,-0.20104737839433587,0.4795573888317689,-0.24979704417796292,0.7572977909985747,0.09572903609837248,-0.5804817206473762,-1.240803088095796,-1.3142400369732985,0.3046737443737671,-1.6865099358834457,-0.3275158364296058,-0.03815463363223759,-0.1277789074919238,0.0043006183933488994
51740,Portsmouth City,Virginia,-0.04443878893527231,0.8101558560904352,0.4009460301986043,-0.9460590749328466,-0.9522091715701025,-2.7870928614587274,3.0993184104567786,-0.21099084508388882,0.13917777276715187,0.5339818367024094,-0.36434315833617226,0.6888049243608686,-0.364557465116516,-0.592240145460973,-0.039317592014215016,2.05077553774051,2.287074550942781,1.821131733465914,1.3876744753200219,3.0968730916815415,3.244061550578404,5.48155130665601,2.3872699962235457,-0.8059989584809125,-0.8230320470587292,-0.49915688040983486,-0.8271945971161209,-0.553506178419463,-0.673416187621321,-0.434977231736951,-0.41033609509687485,0.11304638782509624,3.27821333408867,2.1027845546030464,-0.08602139992103093,4.160874400846527,-1.1660165656836103,-0.6627605307042401,-0.7052312122911318,0.7612684198554652,0.8403444729308768,0.8041122256806844,0.8308844263314528,0.15738547347653145,-0.23907622655483152,0.6796610546063551,-0.183101464545027,0.8239615229695753,0.18753028454021903,3.4092917429233816,1.335816288604004,0.1252848061763878,-0.8859960529555155,-0.59786040540054,-0.03177408645170973,0.3526154505500928,-0.11184921142990564,0.3546905294013707
51750,Radford City,Virginia,-0.2674628936929349,4.310004089801107,-3.344658958604193,-2.3050243069560037,-1.3388217664680673,0.1064568448265483,0.015836855656423763,-0.3085909512367702,0.2594295207181214,-0.1572770138047441,-0.4855896864961199,2.7538309778379073,-0.9741743026605066,-0.8471546829826784,-0.32468798530347687,3.0818130638551726,2.127949184277795,0.09155418709056595,1.5933799271200644,1.9244041539224293,3.437704803129844,3.7874765403248283,2.1474394023929193,-0.8221988482510404,0.09031755270570938,-0.4789830472244665,0.6624843307037297,-0.6254170049016375,-0.023249872611327316,-0.42205179847711094,-0.6268783757608254,-0.4062617303182623,-0.11597350825432791,-0.12483916639785339,-0.08602139992103093,3.3245084257987623,-0.7686905903931357,-0.6879624781324862,-0.7323365504797916,0.14782722509273669,0.13054451537482312,-0.4417912525732615,-0.0033083064315806597,0.07335907256950551,-0.45668574658433464,-0.39126411963170804,-0.15744931853235938,0.010108461823612885,-0.27085145938029426,-0.7085232310315469,0.47694316303740386,0.1252848061763878,-0.588328603623195,0.762951507703092,-0.33795906491256145,0.30229578421453634,-1.3795909603239438,0.04951221981373896
51760,Richmond City,Virginia,0.353987364566716,0.7959329362720624,0.9482340720844544,-1.2055148451775535,-1.179642580165497,-2.345337882890212,2.5495480840424816,-0.24474732935272883,0.4176994393511411,0.28417561114916723,-0.17815765412950185,0.8092647774803626,-0.3276276307962067,-0.003975828103191509,-0.46737318194810806,3.5763307939331432,2.769700066263883,1.4640500113808768,1.5088169592219285,4.7038154632057685,5.215718250166845,5.990351925875594,4.842135245019998,-0.8143414221190562,-0.7888894752858059,-0.504701419485334,-0.5804670922640138,-0.5581380554300326,0.09769485506090278,-0.4394340270940891,-0.38622177425685716,-0.3782491470434165,0.04956199483940286,-0.11367315148288716,-0.08602139992103093,5.934227747060986,-1.1587817733648793,-1.4354092734906052,-0.6934210292232158,0.38683028798730634,0.6178698593685316,0.5418167565745913,0.5109200904771388,-0.1173675199654904,-0.2707669333552447,0.2831593464974528,-0.5730140839375759,0.5128641071049064,-0.17905021093844725,1.8113336933289317,0.9063797258207039,-0.5944776153984553,0.007006295041446424,0.2186267424616392,0.2731569559726581,0.7005485488842966,-0.8273583277529535,0.1706147236183547
51770,Roanoke City,Virginia,-0.030541700633717344,0.2033453540948801,0.7951212354868333,-0.5833224967594801,-1.0575901171919035,-1.2902725027912705,1.4306768310785847,-0.27449990237352134,0.7621741364496335,0.015046596324330225,-0.22092970429035627,0.8608904288172887,-0.6993284725145615,-0.14123750215334038,-0.6814009769150549,2.4863334161075854,1.9441760788452582,1.0234203330073812,1.1736018508626365,5.088892870336097,7.14664423660839,7.010536861853601,3.0264455657338187,-0.8221988482510404,-0.6072756527457157,-0.506324959855403,-0.478419838279471,-0.6243776807559441,-0.3440189507877259,-0.4480547108670397,-0.6268783757608254,-0.4062617303182623,0.01753685258179924,-0.42217928120524495,-0.08602139992103093,6.451411790065484,-1.0843409032985785,-1.731067595513957,-0.7080459974107235,0.2912290628294783,0.44836539189245894,0.16476701973457913,0.29380143400456854,0.3254382752905836,-0.6172519943730942,0.17754907844975448,0.009289630549980662,0.31842822218948863,0.032030210648927686,1.365749237192018,0.9063797258207039,0.36520561336800217,-0.588328603623195,-0.0535356401590872,0.021321682734930632,0.41314061389111195,-0.17855646285489135,-0.08773728449815911
51775,Salem City,Virginia,-0.24680909670609286,0.23368351834669107,-0.2786371364901172,-0.07652190491456265,-1.0894683173510762,0.21419975323394672,-0.09504402272422317,-0.30001057154575234,0.10326418604323756,-0.3155228258454628,-0.4457013527150356,-0.8771731661925526,-0.05724358360717626,-0.8863723041398639,-0.8240861735596857,0.9915766353840417,0.11226572625828041,-0.40368267359224386,0.1313151966314774,4.754097562631029,7.233491260915414,6.884698636733917,3.422162864734093,-0.8221988482510404,-0.6128515204691731,-0.5206093272932774,-0.5377972403345572,-0.6196967914467102,-0.11037703192251624,-0.45620951754236083,-0.6268783757608254,-0.4062617303182623,-0.21101313986855738,-0.42821493684839707,-0.08602139992103093,6.471619561906749,-1.0868638986171606,-1.7373390459573526,-0.7291419927646996,0.28326229406632586,0.42717733345795034,0.13198008609631925,0.2823741362954857,0.2867594558254447,-0.6151392805864001,0.15346252608799893,-0.08562330969688958,0.3017622891967395,-0.016680655871235895,-0.12977560409509556,-0.8113665253124961,-0.5944776153984553,-0.29066115429087425,-0.8700227880212664,-0.26264804087060134,0.2936395421708966,0.17350942285459917,-0.04898448328068175
51790,Staunton City,Virginia,-0.24788981864145088,-0.46160746703433175,0.31098664719696956,0.2703931993101947,-1.8414260160402673,0.010828892057526943,0.209129565127574,-0.2732243175002206,0.004080417372112596,-0.21122634081809652,-0.4643842628850804,-0.5502107077253546,-0.09788012992246085,-0.4941960925680094,-0.8954287718820013,1.7668012081016966,0.7770407863398102,-0.048696345751706664,0.5210504949770104,1.5361776921260188,2.85696101839695,4.411729227676939,3.269446605926443,-0.810873498026437,1.3679612253405364,-0.4914637892218349,-0.15401183872144247,-0.49642776376559256,-0.24039443910576985,-0.43001510479592114,-0.6268783757608254,-0.4062617303182623,0.26239516638543564,-0.4152900070978187,-0.08602139992103093,3.5888909720291378,-0.17942503742385063,-1.3750014161074977,-0.7250538524719594,0.10799338127697508,0.14113854459207778,-0.2614631175628228,-0.0033083064315806597,-0.09335997684919703,-0.38907890541012036,-0.2560088640618488,-0.35240562822863375,0.029552050315154343,-0.3308032950974182,-0.05807235827995999,-0.38192996252919614,-0.5944776153984553,0.007006295041446424,-0.3256980227798136,-0.25871779359206964,0.18976843589644893,1.2051154653735505,0.9424413478664392
51800,Suffolk City,Virginia,-0.0511457082631039,0.2774342815672496,1.424009436303576,-0.9647765759403911,-0.676113227918348,-2.0325242606190375,2.279223614675006,-0.27192352508845236,0.3284453827443617,0.1368878399575039,-0.36670974293862835,-0.8083389644099845,1.5187267995898153,-0.7687194406683074,-0.6814009769150549,0.35261846965940336,1.1777163790284535,1.087395851630852,1.0913272609171218,-0.08901630099484034,0.020761913533730237,0.09061617702344468,0.3304378185770859,0.008166396604277006,-0.7949140560337425,-0.42295442341523914,-0.7683553312802487,0.42975076712618093,0.23381993015748193,-0.3295707314029594,2.666009463237484,0.3185771640924972,-0.17524325762746215,0.1606852516755723,-0.08602139992103093,0.10869945129634487,-0.35164567532942564,0.29494815909276106,-0.4204464447946749,0.6736339634607895,0.7555922391928401,0.6073906238511133,0.6594749606952129,0.2734219318719486,-0.36372633996978965,0.9223793899440472,0.06572435177784973,0.696189370025158,0.3474018464525507,0.8894348185629029,0.04750660025410388,-0.8343984225900698,-0.588328603623195,-1.4143475532627192,-0.06218671420225277,-0.025981084586860933,-0.8295953585743258,-0.4849534969772983
51810,Virginia Beach City,Virginia,0.9969671267472795,0.5177229845772672,1.198856407041394,-1.074019735665164,-0.4479866133631275,-0.9684018760479717,0.8016484284101593,-0.23114940580684915,2.5897979375914297,0.8249447119796361,-0.09161778963492506,-1.2385527255510345,1.5629327722706317,-0.7098930089325312,-0.8954287718820013,0.9746839217013294,1.4103351434438578,1.3791943669443023,0.840535982453665,0.41620363676153505,1.1363395418380096,1.5087435690738924,0.6701833698360651,-0.5318761958757363,-0.8245187376768652,-0.5179237561588337,-0.8261393952876714,-0.546646975379813,-0.6418355840435185,-0.44976923262732177,0.6821639773005536,0.7000646517128597,0.3288240578847505,3.9033958543183815,-0.08602139992103093,1.130251413206965,-0.8967810227415507,0.3839025942844519,-0.36959414960501635,0.7533016510923127,0.7661862684100947,0.7057514247659,0.8537390217496176,0.11470539682534357,-0.11231339935317922,0.9149681430635072,-0.0958841681019569,0.7906296569840746,0.3055604611083076,0.6692034207021293,-0.8113665253124961,-1.0743192297816841,0.6023411937060877,-1.4143475532627192,0.9998409623099411,0.11837854687069956,-0.7359379490565552,0.03497991935718509
51820,Waynesboro City,Virginia,-0.2546318833980746,0.2500110887074521,0.4235310046854142,-0.44125626363754167,-0.9666200966196198,-0.15416103455077176,0.36038323884270446,-0.2339462414598397,0.08684863109972911,-0.18284393336161306,-0.07793583210724428,-0.37812520326893484,-0.762136647984976,-0.3373256079392697,-0.7527435752373701,1.7170335802112418,1.0664612552226003,0.6670809041346242,0.472641537080296,2.854290342919068,3.6273621202160364,5.480072522650438,2.7721186479299793,-0.7923411067498126,0.3846112713625559,-0.5074438973233114,0.10170877846814821,-0.6064187114221086,-0.22949896290443947,-0.4446998513355919,-0.6127257021037747,-0.4062617303182623,-0.21326045381214062,-0.4111775294499067,-0.08602139992103093,4.329299564197266,-0.6061284677330695,-1.2798101359608653,-0.7286505223469931,0.13189368756643183,0.17292063224384108,-0.19588925028629833,0.05382818211383261,0.12137415880209176,-0.31935935044921154,-0.16151546633496094,-0.008666871658886792,0.07121688279702958,-0.09411844367252116,-0.21172217074096478,0.04750660025410388,-0.1146360010152266,-0.588328603623195,-0.0535356401590872,-0.2831601885718907,0.24098063368569347,0.883858116104885,1.187875755577127
51830,Williamsburg City,Virginia,-0.27711324268210746,2.937515797800092,-4.065060584883491,-0.6818047439700707,-1.8245043668092924,-0.5947648223202995,0.4612037506274093,-0.22450664661730765,1.9987669223707796,0.0733817719305193,-0.18851176390220975,0.6371792730239426,0.05814498794010989,-0.7491106300897147,-0.1106601903365306,2.7519649271779443,1.3502566986811602,-1.115675471189215,1.4045355188281936,0.9938952798376132,2.9940546796325824,3.708414412462082,4.728482543073965,-0.7959999744944719,-0.7575944364646326,-0.49398834787388285,-0.0390718749664646,-0.46576316545051977,1.8314212973374557,-0.4158125850524757,-0.043215569555043874,-0.17016261082084144,-0.262701360571025,-0.29865185492091567,-0.08602139992103093,3.6715169799142946,-1.1265617883159988,-0.4898476081335247,-0.733513100873695,0.5620992007766571,0.7555922391928401,0.6893579579467677,0.6709022584042957,0.06402280580205813,-0.25597793684838516,0.7278341593298662,-0.07536245129182272,0.6739681260348243,0.18128530165301848,0.2697139083035169,0.04750660025410388,-1.0743192297816841,-0.588328603623195,-0.3256980227798136,-0.32502667981986905,0.29077204246143695,-1.3436351699335303,-1.3003770225950444
51840,Winchester City,Virginia,-0.2386758587264473,0.8384949288841423,0.015571283488687656,-0.7802439118400644,-0.3865153485415066,-0.10584303252658868,0.21194479949159378,-0.1963781017044976,0.48619364254031855,0.04710100934188286,0.6098265596406425,-0.20603969881251477,0.31109376018981216,0.17250346710414313,-0.8240861735596857,3.378545811052939,1.296912180086119,-0.6760059609108529,0.7404705124104953,5.397140709863037,7.389900819026209,6.5086807778892695,3.01374779124628,-0.8221988482510404,-0.21985729794987321,-0.5106267485248415,-0.6172304823276787,-0.60843795861479,-0.5295365722469518,-0.44360369264923305,-0.6268783757608254,-0.4062617303182623,-0.262701360571025,-0.42821493684839707,-0.08602139992103093,6.41311872485955,-0.9090399915910392,-1.8849664357861824,-0.7330737561063513,-0.07524230027552867,0.056386310854041874,-0.09752844937151399,-0.03759019955882911,-0.03334111905846421,0.35670906129293467,-0.26897854610279426,-1.0296222829630606,-0.03711168165584618,-0.2514920124299727,0.6026218353023606,0.04750660025410388,-0.8343984225900698,-0.588328603623195,-0.0535356401590872,-0.2732222775961748,0.5648151886540307,0.28511907807043085,0.902073846598234
53001,Adams,Washington,-0.26238437923247204,3.033921175711494,-1.8271527904623754,-1.8851385945397592,0.4652426721476195,0.23022491985183915,-0.5356288120679815,0.5734740624665685,-0.06446731970747781,0.5866749766237381,3.949044601474099,0.396259566784955,-0.15011731192572367,0.2509387094185141,1.2448491777874646,1.0399877046558106,1.409680624447281,2.152475220596501,0.07234082200258789,-0.24329214741066119,-0.20834225898647357,-0.4497504719057134,-0.9846203146098852,1.3017032681961107,-0.7578636293388032,1.0564012931538804,-0.8315240573517464,-0.6386587369198027,-0.7127453779516705,0.41596522436324157,-0.6022826451113147,-0.17411592473368318,-0.25997982866943076,-0.4036077019664387,-0.08602139992103093,-0.5365783346749753,0.9387684002860318,-0.6810317823612685,0.6975072715794118,-0.4735807384331448,-0.6428196174847571,-0.9827756576045824,-1.0889015887944329,-0.9589652814311006,-2.0834753623388735,-2.132907136558661,-1.7607084443240897,-0.7648574223392673,-2.212416639010914,-0.40122360610953733,1.7652528513873038,-0.8343984225900698,-1.7789984009524775,-0.0535356401590872,-0.32871362607639637,-0.06872419367873348,-0.8995066034454537,0.690548139952838
53003,Asotin,Washington,-0.2547724651132431,-0.8922929464027426,-0.3843394617580215,1.013460022314979,-0.5036328867058257,0.6050504208580304,-0.6128423581917365,0.0478010335282395,-0.08508207354294982,1.2931745234556515,-0.3874626321494209,-0.11999694658430474,-0.06493157885601389,-0.8667634935612711,0.17471020295273174,0.11684532295120964,-0.43553933070122947,-0.5327578118744295,-0.3043472376669193,-0.2693930083830947,-0.3462707542235636,-0.5035659263840047,-0.7468312459017241,-0.3107841763386608,-0.7690734987742104,2.501255792937607,-0.8304406653568671,0.5485168718326487,-0.7116443119334016,0.7134597492602761,-0.6235247349167234,-0.38212410226874866,-0.262701360571025,-0.3472015473841519,-0.08602139992103093,-0.5372302345235889,-0.6540000669333678,0.8677725022608549,-0.2629227293982716,-0.4018798195647737,-0.685195734353775,-1.2614645935298054,-1.1917472681761765,-0.802916251175195,-1.4581120814773885,-1.9643012700263711,-1.5452304178176812,-0.8231881878138917,-1.8452116452435274,-0.4473185498478388,-0.8113665253124961,-0.354556808206841,-0.29066115429087425,-0.0535356401590872,-0.259503843047776,-0.06351534089441471,1.1611969315206867,0.49839883391618145
53005,Benton,Washington,0.27770421137339657,0.9665709224165833,0.09220337781997658,-0.9364019750423445,0.029893362267947792,0.4335177812500747,-0.527850944742721,-0.060772133528220015,0.8745143791103211,1.16534485352611,0.9222921579325104,-0.6706705608448487,1.1755127259809928,-0.6902841983539365,0.9594787844982022,0.3435195617449689,0.17067696256454074,-0.3304882403826312,0.636280341057587,-0.1818025729020019,0.07304266956665718,-0.11189267948915467,-0.6448272362615204,0.5862247362405499,-0.7471294908941336,0.9392093526230406,-0.8314349684903046,-0.639237213356021,-0.7127453779516705,1.2590118599840396,-0.6134521709075207,-0.350071287697037,-0.25502631392000336,-0.13463857521469672,-0.08602139992103093,-0.23038758150588737,0.2391470648521868,-0.1330378900967923,0.5707451364185452,-0.2744115193543367,-0.3567808286188853,-0.42539778575413156,-0.757509955231036,-1.017650386826484,-2.10671521399251,-2.192197111602983,-2.1737079951280394,-0.4454270399782239,-2.3672922146134856,-0.3704936436173364,-0.8113665253124961,-1.3142400369732985,-0.588328603623195,-0.59786040540054,0.2912735243803662,-0.046597345226941346,-0.4199058578095611,0.3175524282346218
53007,Chelan,Washington,-0.09480804596586079,0.13982912014791438,-0.3520314533835037,0.04649599516735748,0.02982434714853481,0.5740140174932599,-0.6296838416080364,0.05732878421897154,-0.03741628396306496,1.104846269313828,1.3272416960988913,-0.39533375371457685,0.2825383492655581,-0.003975828103191509,0.745450989531256,0.8871995845539399,0.44216628562824595,0.5216114399330088,-0.10291336354816301,-0.2120179596000385,-0.33104989033236853,-0.4633831856084595,-0.9119846717341348,-0.7761528970601358,-0.799320644176085,0.7941657126831377,-0.8200176923858796,2.5129047766426664,-0.669113976725351,0.8582402023410279,-0.5537943600168486,-0.37527393633540673,3.2041201614220536,-0.20589486057195047,9.960387252851355,-0.5517594502681301,-1.1259003250176065,1.3328365493030196,1.4895192962348656,-0.7922514889592377,-1.1937091367819928,-2.2450726026776593,-1.6602664742485655,0.390792142662715,-1.4158578057435045,-1.7549335456511097,-0.4575794268805713,-1.373163976574645,-0.9384401300220222,-0.4473185498478388,-0.38192996252919614,-1.3142400369732985,-0.588328603623195,-0.59786040540054,-0.048805157992013834,-0.06549556440458307,-0.7646252614422708,-1.011345713514695
53009,Clallam,Washington,-0.09442437503488002,-1.6942025157741007,-1.4513218819977354,2.283619789799789,-0.29948732352220286,0.28205561749436603,-0.5966920751841884,0.7305532396715468,0.3764871512926387,1.5217933452330739,-0.23051482467583936,-0.5674192581709984,0.12692508829131793,-0.41576085025364035,1.95827516101062,0.15029220327163847,1.026929671173061,1.1567216819336863,0.8124875593249695,-0.2341614164524844,-0.3257728972754401,-0.4527299118659885,-0.7934249851175798,-0.8217317370811865,-0.73205463351687,-0.4524124651768636,-0.7700468369154864,2.919237735073498,-0.3842213407750641,-0.22548797221939276,-0.5084831673613339,-0.3205407101450078,0.3603025357048667,2.570794390797399,0.33265469952890614,-0.5188727418281436,-1.1403415642766161,1.3326783513870906,1.2470307707470862,0.1239269188032794,-0.6957897635710297,-2.5237615386028835,-0.9860559094126891,3.6598192636646343,-0.47147474309119414,-1.4103105657059891,3.4338511232411166,-0.8065222548211426,1.9348764963789054,-0.3295203602944018,-0.8113665253124961,-0.8343984225900698,0.007006295041446424,0.4907891250823656,0.1244064542118482,-0.06482699003993896,0.7852670854915756,-0.628661801492109
53011,Clark,Washington,1.1090429703796512,0.31583599010915103,1.0246137008163556,-0.8012492252598071,-0.27798451800454904,0.24504720965131452,-0.4668326950733557,-0.05275615497481584,1.7004554741614988,4.995501184254615,0.030074508728863053,-0.9115902670838365,1.6944524052775325,-0.8863723041398639,0.6027657928866248,0.5718321285618213,1.0473164236073595,0.7570918152500374,1.038780937991012,0.5737888750902337,1.4541945040977087,1.612852616819092,1.7452704300727153,-0.8077002331587889,0.47257015287089066,-0.4024473533706329,-0.5663245386218082,1.301060938619028,0.16765766139244048,-0.12876645678791934,-0.2966761999305347,0.1563705439114637,-0.17581526303630426,-0.07929636998205576,-0.08602139992103093,1.5874314412781534,-0.5814513986938832,-0.12004711032809516,-0.2511050998088752,0.2752955253031734,-0.293216653315358,-1.523760062635901,-0.6089550850129618,1.508476649965697,-0.23907622655483152,-1.6215311018013856,0.8994190971895495,-0.38709627450359796,0.3080584542631881,0.03923918961200971,-0.8113665253124961,-1.7940816513565272,-1.1836635022878363,-0.8700227880212664,1.2917834732519233,0.08469750925108689,-0.7723811636145047,-0.4009890943394314
53013,Columbia,Washington,-0.3092390933838475,-1.5476284861186875,-0.811332053466163,1.8298577839393662,-0.5714532358740578,0.4787123259604656,-0.5985635461644346,0.003901878296524281,0.049761427969172746,8.12158643755734,-0.13418970823822798,-0.37812520326893484,0.042288497739382286,-1.0236339781900128,1.1021639811428334,0.4491980660961883,-0.1943146224988975,0.8463354927104288,-1.6193483980492047,-0.2902126243497989,-0.4537183491525182,-0.60707123365364,-0.6599489092208242,0.3210074880839461,-0.6058139642449694,1.100288675430733,-0.8312597105860037,1.2680430413539359,-0.707738916443306,0.276585608866856,-0.6154418177886184,-0.29537421878880177,-0.262701360571025,-0.37867107440714975,-0.08602139992103093,-0.5858147503876785,0.041950539132974626,0.21213029024313376,-0.08949324411973167,-0.39391305080162153,-0.801730055743575,-1.4417927285402465,-1.226029161303425,-0.11603376757014057,-0.982751479471192,-1.9402147176646154,-1.160448227627666,-0.889851919784893,-1.281289690529327,-0.2995017395265573,-0.38192996252919614,-0.5944776153984553,0.007006295041446424,0.2186267424616392,-0.3519769468726579,-0.06993541777132384,-0.4902662973690328,-1.565187830914471
53015,Cowlitz,Washington,0.0029928960054405804,-0.0017808045727079117,0.05817350273699953,-0.027330806781919008,-0.24220969137978696,0.522520917139066,-0.5865104062757504,0.16011269617072008,0.1968507913173866,2.1250640685518745,-0.03134494966730772,-0.3264995519320088,0.10942117053726798,-0.8667634935612711,1.5302195710767263,0.6836828844943837,1.3108090940409518,1.1015384334574922,1.1133433861596191,-0.06199989707066693,-0.15067245956069655,-0.1635069280800385,-0.10184587758463255,-0.8149099607846733,-0.5588964352439921,-0.22323684035900482,-0.5916698316770729,3.642261170328641,-0.017022697786953755,0.05598839780183672,-0.4474048193632355,-0.09872601057895673,0.04112919323297184,-0.1969275137550954,-0.08602139992103093,-0.14226075455889461,-1.055273219293214,1.0873773526271158,0.12825049048867485,0.15579399385588857,-0.4839091792259392,-1.966383666752434,-0.8375010391946149,1.8699235491054442,-0.08273540633946022,-1.4436611766684202,1.5278966744999076,-0.6093087144069325,0.736464280325139,-0.14514058534119603,-0.38192996252919614,-0.1146360010152266,-0.8859960529555155,0.4907891250823656,0.11598449575785166,-0.05104620611357094,-0.20530453852971392,-0.4655770963685602
53017,Douglas,Washington,-0.19371606894411425,0.6490431466020186,-0.3897336879663645,-0.4038566494723268,0.24776710163683227,0.5746203330845068,-0.6209221963512827,0.07974682362010543,-0.015869146286801694,1.3691097872739153,1.6199995969743828,-0.6190449095079227,0.5054902114818492,-0.04319344926037889,1.2448491777874646,0.3562943229618527,0.018799500710478718,0.4789775818265082,-0.6939608915334831,-0.25712564977461316,-0.3196889073965638,-0.4698624255576121,-0.6757190617133211,0.39599653663726636,-0.7988865444879466,0.8295250277693417,-0.83144049743593,-0.5672098896132929,-0.7127453779516705,1.909001020102618,-0.6183951771399754,-0.33982304317954043,-0.21682772569747089,-0.28566206360516455,-0.08602139992103093,-0.4957078324871156,0.02842425930468369,0.1863787044773922,0.6367064236919374,-0.728517338854019,-0.7063837927882844,-0.9827756576045824,-1.237456459012508,-1.062997968268371,-2.0074176660178824,-2.032855303671368,-1.7401867275139555,-0.9065178527776437,-2.199926673236513,-0.6316983248010445,0.04750660025410388,-1.0743192297816841,-0.29066115429087425,-0.3256980227798136,-0.22615288756994972,-0.06597542996773957,-0.9267302664288388,-0.6771028030139554
53019,Ferry,Washington,-0.29857245574543584,-1.6373988615071504,-1.0283938628453764,2.0206620910506654,0.6173445562427139,-0.34949040000142334,-0.5929914452396468,2.45975866021251,-0.08225333777105277,1.5283303930942609,-0.3554630526911685,0.6027621721326586,-0.5669164829162778,-0.06280225983896945,5.31137728215945,-0.055884808522948526,1.3426510345547449,2.306180132614641,0.08712835144337697,-0.29384780647162634,-0.4700328932154682,-0.6434519254847125,-1.1212160655940804,-0.8180310962815456,-0.8214788463223008,0.174637734209477,-0.8269149097594537,3.727338889268764,-0.7099321519572696,0.9285631531453914,-0.5373369298632129,-0.3010190551666716,-0.25305616060940883,-0.2224480848769145,-0.08602139992103093,-0.7296219880018555,-1.1771609150470137,1.4594622712749297,0.9403904627056523,-0.9675204017485887,-1.1619270491302287,-1.9991706003906962,-1.785966749048475,-0.8015824987798454,-1.6503690360665613,-1.8160763324155667,-1.1732743006339998,-1.4148288090565202,-1.7609043762663215,-0.5446300977398085,0.04750660025410388,0.36520561336800217,-0.29066115429087425,1.579438655565271,-0.3322882795535371,-0.07018271625695795,-1.0617661695006333,-1.9688628435965234
53021,Franklin,Washington,-0.042025469491546015,2.3941380410954003,0.11583976308577675,-2.2633632492733775,0.6985666628755768,0.3811464776068026,-0.46441069446103156,-0.029839499084427786,0.4602305557709801,1.8914437303125897,3.1461320119317406,-0.17162259792123075,0.539056547880792,0.30976514115429227,1.8155899643659887,0.38872911836603996,0.876541410445613,0.10235345534480028,1.6033975853446214,-0.20322576686831437,-0.08062736176979496,-0.27567210529409103,-0.820804871860309,1.0100483948187402,-0.8221749606512213,0.8141312435494272,-0.8311089139308838,-0.6387779534824527,-0.7125223887392611,0.9238732068567408,-0.5958906344361974,-0.2586879515383852,-0.2490585822029372,-0.2513362511854176,-0.08602139992103093,-0.38530558023682304,0.6224976909962824,-0.4388561998651059,0.202231681396459,-0.33017890069640293,-0.44153306235692125,-0.5729389871263104,-0.8146464437764492,-1.0056466152683374,-2.0538973693251545,-2.188491488162713,-1.9736212562292317,-0.5259790494431821,-2.2960994096994,-0.3551286623712359,0.47694316303740386,-1.3142400369732985,-1.1836635022878363,-0.8700227880212664,-0.176613056397219,-0.05514578345598838,-1.244180296453545,0.40636093102467347
53025,Grant,Washington,-0.034671288516792687,1.768193633683916,-0.7237064974711876,-1.2685839853473881,0.3589226960241666,0.5058430192713494,-0.5529804891817596,0.08434544427942986,-0.0745395538568721,0.5158729328252007,2.3293758584589006,-0.10278839613866274,0.0981637489228986,0.30976514115429227,2.100960357655251,1.1229046999333383,0.460040413944973,0.5058772368457608,-0.15881513174767534,-0.18392402180781775,-0.12510377673778011,-0.34484901725691347,-0.8800438661541454,0.7578009299614638,-0.7472770407734308,0.41602722645245066,-0.8314957887993657,-0.6376830325170082,-0.7127453779516705,1.452059699307485,-0.6044429390179439,0.012757732924749196,-0.20193652276868254,-0.05723104424675641,-0.08602139992103093,-0.4345374662805419,0.4080185873177768,-0.20908010318766093,1.3386304314774988,-0.4576472009068399,-0.42034500392241186,-0.6057259207645703,-0.9974832071217719,-1.2230482557103255,-2.161645772446559,-2.1236430779579862,-2.0864906986849694,-0.6148640254045163,-2.43536252808397,-0.5753600602320095,0.9063797258207039,-0.8343984225900698,-1.1836635022878363,-0.3256980227798136,-0.07652275903727798,-0.06356512401721309,-1.1981006800701814,-0.7755995061083761
53027,Grays Harbor,Washington,-0.10107271864805806,-0.6936456416319117,-0.11073167203026596,0.6941886160205357,0.4856152948788324,0.28385225730326313,-0.5711720761509798,0.7219019558855321,0.21984468089524578,1.8390549771474969,0.03922853800858012,-0.2404567997037988,0.24876608442244996,-0.41576085025364035,2.3149881526221967,0.565230618373557,0.9433980095753267,0.8484608910088122,0.7235507361305288,-0.2309261059645463,-0.3335983107688545,-0.3514880016037199,-0.37782018412389823,-0.8147783742227593,-0.6681074008243723,-0.3292743056513063,-0.7267458819776089,3.539582539801995,-0.3332916666650167,-0.06820670220929403,-0.14844092844393242,0.009397479096325528,0.003179545101146494,0.7521862084121174,-0.08602139992103093,-0.3725203429991419,-1.1045599563026114,1.2347055823637338,0.9163903239743199,0.28326229406632586,-0.4627211207914306,-2.0483510008480885,-0.7689372529401188,3.0983095052224443,-0.54964515319888,-1.4158690008663943,2.389808780525542,-0.5565332599298912,1.3928119817699058,-0.20660051032559795,-0.38192996252919614,-0.354556808206841,0.007006295041446424,0.4907891250823656,0.0027372277464449493,-0.06383022487338495,0.051367508413537696,-0.5656884995137088
53029,Island,Washington,-0.07155055846266838,-0.5378453951048062,-1.2230686425670774,1.1046162419198777,-0.11229749237265357,0.2052898479303989,-0.41177143482750234,-0.04010282603391922,1.916075598850857,3.0440691182849733,-0.11394411797212314,-1.2385527255510345,1.1292474688585235,-1.0236339781900128,0.8881361861758866,0.016832539115072848,1.2613374422433856,1.689964688985994,0.7289567543375053,-0.04118442363659411,0.13440970379939926,0.42963592163576997,-0.3383522689485048,-0.8084016389373292,-0.3608598075193456,-0.47689521888687797,-0.7326239350627847,0.2077082267848825,0.05751487951212137,-0.38698334334331425,-0.5866007402188517,0.0910892628208406,0.43647575714898684,4.666962041915285,-0.08602139992103093,0.08736019833478666,-0.9592563986884575,0.894892877586321,-0.3546787670797731,0.3708967504610015,-0.33559277018437594,-1.8352359321993874,-0.6432369781402094,-0.6388647065471919,-1.6947360255871398,-1.9050112949820492,-0.6833183117920469,-0.42598345148668165,-1.6085267938186305,-0.22708715198706525,-1.240803088095796,-1.5541608441649128,0.3046737443737671,-0.8700227880212664,0.06219625443166047,-0.036464149934590274,-0.46233542674907696,-1.1534393179787772
53031,Jefferson,Washington,-0.22654189943596423,-3.2205063121947557,-2.0259823697042294,3.975964947678765,-0.504518559155394,0.49672670451433426,-0.6080615364589319,0.1767951042359406,0.3167558841059105,1.103644008414801,-0.4296409242924145,-0.3264995519320088,0.331823890235785,-0.6314577666181586,1.31619177610978,-0.3276196113313165,0.9273008806397508,1.3458634874542428,0.6330576993073108,-0.2683982061944558,-0.41781452964869265,-0.543105027301472,-0.7377654390078313,-0.8220604514535502,-0.7902785558081358,-0.4243605895649196,-0.7719420253317077,3.7994692114727924,-0.4146816713660951,-0.1091165019496772,-0.4691418173829598,-0.28038312801225185,2.988172827567705,1.0519159274170289,6.974021127321392,-0.5696372756545667,-1.167010663882574,1.380523325952979,0.8858372463402343,-0.05134199398607136,-0.9288584063506297,-2.7368766072515855,-1.214601863594342,4.536094587409336,0.016562141635167612,-1.1657394186481616,3.805807240424798,-1.0204017282281017,2.662417002737757,-0.1963571894948643,-1.240803088095796,-1.5541608441649128,0.007006295041446424,-0.0535356401590872,-0.1298431137826916,-0.06780242660260903,0.48763193821866585,-1.2890741222399469
53033,King,Washington,6.277005475904225,0.10528479473241373,2.5014320437910844,-1.3427539964924757,0.09756038614419228,-0.9949101785631019,-0.13093475208766392,-0.09437025887287202,7.214047506141764,4.649297060185599,0.007952867407430694,-1.1697185237684664,3.1998579749405502,-1.0824604099257908,-0.8954287718820013,1.8092055354041974,1.5271319127170535,1.1486213204536437,0.8047702629416381,0.8928092144838545,1.3729086613927262,1.0533874949151154,0.34305024476133866,-0.8183341848703003,-0.6401495830256247,-0.43109871663490557,-0.7270443576855653,2.609462693208913,0.7758413598753687,-0.18434023036138097,-0.45390695301794265,-0.2782513649264662,0.6087054729011508,0.25989844474487744,1.0605102321454383,1.0556881110984049,-1.0954106107244448,0.6092058650067882,0.977563497935814,-0.011508150170309747,-0.6640076759192665,-2.228679135858528,-1.0203378025399368,1.617844346384366,-0.1186515407132617,-1.2213237702522135,2.123026461993798,-0.8037445993223502,0.8276410304782652,0.9611380643780384,-1.240803088095796,-2.5138440729313705,0.007006295041446424,-1.1421851706419928,5.586140088944756,0.13344050338298669,-1.2617501984833948,-0.45588889606419053
53035,Kitsap,Washington,0.47417594467860447,0.12408758980850786,0.276876566464393,-0.2522088932107841,0.48816312199046036,0.11369518037296003,-0.39179638747342543,0.09486715368158907,2.2795947437877606,6.7545323792912715,-0.10989263243494593,-1.2041356246597503,1.6162682393094427,-1.0628515993471983,0.5314231945643092,0.46908861636548704,0.9146168288415135,0.8711001473238539,0.7024240620593871,0.14886571962175713,0.5623841529376307,1.3807892511700923,1.11617405784583,-0.8220653828435278,-0.7402355114814175,-0.416512978101991,-0.633192323278863,1.2855293096641767,0.4514829921856017,-0.266157981952426,-0.37085273602527913,-0.15625861792820042,0.3141164976967211,2.127493703270214,-0.08602139992103093,0.9791781908180107,-1.1443718032070755,0.6898388083402858,-0.31848867268502407,0.3310629066452399,-0.2084644195773213,-1.6385143303698175,-0.597527787303879,0.7935853660583005,-1.5531842018786277,-1.8346044496169172,-0.22671011276656203,-0.3620973750144734,-0.7610826160255292,-0.16562722700266333,-1.240803088095796,-1.3142400369732985,-0.588328603623195,-0.8700227880212664,0.6708044032439122,0.029451404288169603,-0.6406154187454939,-0.5834502000717195
53037,Kittitas,Washington,-0.18051896043266924,1.5737963174549034,-1.6767908160992815,-0.6148367488435367,0.20365596034876093,0.5362783158855225,-0.5868671781123252,-0.03297764693072321,0.5714769255533831,1.0527531970729131,-0.05476185407351216,-0.08557984569302073,0.23682223466086294,-0.6118489560395658,1.1021639811428334,1.5414593104527317,1.5097357963955669,0.39184816036624,1.5206600764582963,-0.23840954687276664,-0.3475045980096263,-0.4459372028965807,-0.46454380047932736,-0.7981267512068633,-0.2693487615326669,0.7577247385065322,-0.8266753763009773,1.9031722619963816,-0.7028898441674473,1.3056900235848203,-0.5507741801963306,-0.37212432098394754,0.3121270557142023,-0.29874360948421563,1.1201271497292788,-0.4343814669835453,-0.9077321266162544,1.070052927518652,0.9974382637670044,-0.6090158074067342,-0.992422581654157,-1.9172032662950418,-1.4317205200669125,0.1853942737788736,-1.5172680675048262,-1.9365090942243455,-0.7654051790325835,-1.1453962256737282,-1.2007294112844409,-0.5343867769090749,-0.8113665253124961,-1.0743192297816841,0.007006295041446424,-0.3256980227798136,-0.21133024069091583,-0.06659176709373275,-0.9061392615071989,-0.6318912015935654
53039,Klickitat,Washington,-0.2552322844732735,-1.2918402977596457,0.10020212470329216,1.1402450266553736,0.2690348775886204,0.580696717358673,-0.6386169123067124,0.17281989483785604,-0.11051365454972822,0.6819178514070617,0.1401949256371704,-0.17162259792123075,0.33257896119772445,-0.18045512331052588,1.4588769727544109,0.44507246423743757,1.1465632503373293,0.597910227527916,1.5363868592456662,-0.27438181433889536,-0.4076603225638019,-0.3981671150558803,-0.4761004494659396,-0.378989782170064,-0.7450993821451919,1.5905742387628798,-0.8024901094677398,1.1131094029463215,-0.6426014457087896,0.8946572773368987,-0.5882439998943259,-0.20022825887004994,-0.256002357437405,-0.27042312290238285,-0.08602139992103093,-0.44671697992375925,-0.7103091190506813,0.8834397941836994,0.6782877996384967,-0.3381456694595551,-0.7911360265263203,-1.4090057949019843,-1.066046993376268,-0.11203251038409179,-1.6144529016927598,-2.016179998190153,-1.578578207634149,-0.8231881878138925,-1.5935388348893493,-0.3704936436173364,-0.38192996252919614,-0.8343984225900698,-0.29066115429087425,0.2186267424616392,-0.2616561213193529,-0.06842661450531476,-0.8099570220390255,-1.497370428783886
53041,Lewis,Washington,-0.08453679440136062,-0.39380528397354025,-0.07654475443560059,0.4009258152826238,0.012771985664498263,0.566844414307058,-0.6065625297850382,0.14093099575388854,0.07091140635537352,1.278885904003569,0.05457915763960776,-0.39533375371457685,0.19241033353588127,-0.4549784714108239,1.6729047677213575,0.11921953075210327,0.8839904608883656,0.7838782569900865,1.0019717620445436,-0.2213925971525235,-0.3609103988658322,-0.39728194901651476,-0.2913491617428691,-0.8177187654970755,-0.2757307940488539,-0.3334575087189108,-0.7025052724793119,4.03546561955512,-0.1818033324428355,-0.017492291481293373,-0.26425408769781517,-0.1582722560373853,0.018841882348750286,-0.3175015076870821,0.35508824236071995,-0.3709216459448953,-0.9299106950793106,1.0642177053969628,1.0743608306595471,-0.07524230027552867,-0.759353938874557,-2.2942530031350516,-1.1117561842125985,1.6738619469890497,-0.34893734346293015,-1.4288386829073396,1.1354188405060923,-0.8842966087873092,0.47542399564015975,-0.42683190818637146,-0.38192996252919614,-0.354556808206841,-0.8859960529555155,0.2186267424616392,0.014789986067275544,-0.06396011641718129,0.38383953812502264,-0.07481968409233312
53043,Lincoln,Washington,-0.2888723173988078,-0.8811585434552272,-1.33930299564736,1.4787907487421084,0.4035073497311544,0.6467445188539731,-0.643940225767938,0.09542700973753683,-0.27204005059428227,0.6282482976622177,-0.44400417719122803,-0.9287988175294786,0.351936234949262,-0.8863723041398639,0.816793587853571,-0.7905338957682408,-0.8006003747497752,-0.12476383895905045,-1.4337650963751538,-0.28012551977824685,-0.35451619687845215,-0.5076619139093026,-0.8434252716158459,0.9606983454563633,-0.7950555564104854,0.8063418122451026,-0.8311812615139348,-0.46731576804868613,-0.7126850577821777,0.9843861132404138,-0.6021215752059299,-0.024653795715180775,-0.24986494778443882,-0.3275078102891369,-0.08602139992103093,-0.5696784633230125,0.5861774944018758,-0.3239451109990015,1.0015636366671465,-0.7205505700908666,-0.9394524355678843,-1.4417927285402465,-1.4088659246487476,-1.0389904251520778,-1.956712535137221,-2.09585090215596,-1.678621577083553,-1.0842878047003108,-2.1799427279974717,-0.4831701727554066,-0.8113665253124961,-0.8343984225900698,-0.29066115429087425,-0.0535356401590872,-0.3172971935054233,-0.06991129061775443,-0.18425043747296294,-0.9935840129566847
53045,Mason,Washington,-0.12536113872915297,-0.7851433545156483,-0.41179392660021097,0.9284179848568354,0.8294739838884537,0.32787547473237644,-0.5629158298053543,0.6178891663856793,0.19369467928227466,2.868698799597428,0.061793904940469324,-0.2920824510407248,0.5468818287590732,-0.23928155504630408,1.7442473660436733,-0.7137328614757262,0.9068211195440624,1.3741364470109694,0.8383650841836764,-0.23774774541552016,-0.29846093901974236,-0.10954667514428798,0.12607911578086753,-0.821012907929088,-0.7322581836730361,-0.3119137154574481,-0.7545381574955023,3.663377914338272,-0.18979867017167057,0.053094882174536236,-0.2634294103941058,-0.09146739721163188,0.34571265463285156,0.2881245666518803,0.008165759870137542,-0.14292863705990697,-1.1397258901500125,1.1697723535266158,0.04266761911442562,0.13986045632958427,-0.5262852960949571,-1.966383666752434,-0.8717829323218625,3.3557237175249206,-0.8855666452832587,-1.5585355033167936,2.1845916124242,-0.6343076138960578,1.31599869225734,-0.18099220824876383,-0.8113665253124961,-0.354556808206841,0.007006295041446424,-0.0535356401590872,-0.04713948176444563,-0.057599608515080135,-0.0677405003029701,-0.6205883012384679
53047,Okanogan,Washington,-0.19718960882306982,-0.21387994360277107,-0.8192462172986447,0.6050424753126619,0.20601499961443115,-0.14504091182968706,-0.6217539198144795,1.7876348790197285,-0.0897899542145763,1.0796898583809893,0.786629860686697,0.32742536500238506,-0.7512910832589373,0.5450708680974046,2.0296177593329356,0.7202020637248868,0.3772773533324518,0.5218160174137777,-0.15259441321553033,-0.26734481229401463,-0.3965624160832528,-0.501424064313552,-0.8422089418002932,-0.75694977746326,-0.7667912269804408,1.2850629115184988,-0.8286645968516995,1.6047891407393238,-0.7039316564516971,1.4383226106913072,-0.5417144057519564,-0.23683086556542898,1.0058715126200846,-0.34911030877017585,0.04171587677593524,-0.5771407747471016,-1.0922733783816023,1.311101680036084,3.217075047080502,-0.9436200954591317,-1.2148971952165015,-2.0647444676672193,-1.7516848559212272,-0.6588709924774361,-1.5362824915850741,-1.8401628847773221,-0.924448484311123,-1.4231617755528956,-1.6079022955299105,-0.529265116493708,0.04750660025410388,-0.1146360010152266,-0.588328603623195,0.4907891250823656,-0.17457307090502874,-0.06922676794926634,-0.24810051099639227,-0.7255438045358019
53049,Pacific,Washington,-0.2550975603295703,-2.231209737644415,-1.5031964787956078,2.804188604650338,-0.17468260608334749,0.45736392792598746,-0.6023679625790496,0.3187375152881835,0.32283441309065164,0.9466195512481105,0.026880229308066102,-0.17162259792123075,-0.3570067554971219,-0.2000639338891186,2.2436455542998814,-1.0306985920365668,0.0909286666002334,0.4314322792639658,0.46966527329357755,-0.26419301166567466,-0.3887222178901266,-0.38768910197136436,0.0030081034248494835,-0.8214263789084661,-0.7481493093994285,-0.27603328918802206,-0.7751809590461172,2.807554950611434,-0.4298836796726199,-0.019934620960079946,-0.23301474049063967,0.6209937384325377,0.22663815151697336,1.5273939286017137,-0.08602139992103093,-0.30479685777397736,-1.1473234968359232,1.2470427369328512,0.17029355076701908,0.36292998169784907,-0.4733151500086845,-2.130318334943743,-0.6889461689765399,2.315396849152217,-0.48626373959805363,-1.4844230345113913,1.7767224908227839,-0.5259790494431821,0.8726049072661084,-0.02734239578775903,-0.38192996252919614,-0.5944776153984553,-0.29066115429087425,0.4907891250823656,-0.22321455984266647,-0.0670440796234867,1.0104520997235538,-0.6012119006297297
53051,Pend Oreille,Washington,-0.2807156491333008,-1.4464196139588923,-0.8234150267398694,1.742633543349545,0.4740972953063166,0.48397824491583774,-0.6263624007272965,0.379682927819469,-0.06827977372858818,0.7982793674885004,-0.41000356907397956,0.2757997136654609,-0.25891617325972044,-0.5334137137251949,2.957071537523037,-0.7773127397717662,0.3339051988217622,0.5242907644584671,0.792284033051883,-0.2880336482114089,-0.45199473341012797,-0.6022871060663435,-1.0221613622692145,-0.817322079615456,-0.7618608586746718,-0.2799159077442122,-0.8278446637833566,5.135749781435037,-0.6916598964816757,0.04756650309822116,-0.5018255515417763,-0.009087543739028018,-0.2284688772376968,-0.2771584369490264,-0.08602139992103093,-0.6818438895745664,-1.1494865667591845,1.4119293152224186,0.321219648131787,-0.9276865579328271,-1.2148971952165015,-2.163105268582005,-1.8888124284302186,-0.13337254870968573,-1.523606208864909,-1.6419120307228714,-0.6448400927730453,-1.4676042635335624,-1.2232113496783625,-0.49341349358614023,-0.8113665253124961,-0.5944776153984553,0.007006295041446424,0.2186267424616392,-0.2992929178771018,-0.06887510547342617,-0.055105878486310426,-0.9709782122464897
53053,Pierce,Washington,2.32958220782996,0.6907639661143385,1.046514225484236,-1.1575699547768286,-0.064257821322718,-0.35301664925260196,0.012745668474362086,0.10678769155595265,2.9184236597321704,9.788240170010504,0.11583274694899186,-0.8771731661925526,1.5827019029104998,-0.8275458724040856,0.8881361861758866,1.1706488054664683,1.562213013570339,1.243951580910685,1.1335579825719013,0.5466054431282575,0.9649437106551446,0.8877608955971964,0.26490339483224057,-0.8165326622770344,-0.5981573896897977,-0.2454811673222018,-0.7694577980776256,2.586274274697981,0.18399451036442915,-0.08523044314288086,-0.38676263142012834,-0.20761034366861242,2.001986934169565,0.22048431448127193,20.150079993352936,0.7821724413332646,-1.0746359570820192,0.7070940165266109,0.6052225308728022,-0.059308762749223795,-0.7805419973090664,-2.359826870411575,-1.1231834819216813,1.4484577921749642,-0.37006448132987213,-1.3973408836650436,1.1123319090946913,-0.8981848862812676,0.36863478826903245,0.12630741667324577,-0.38192996252919614,-0.8343984225900698,0.007006295041446424,-0.59786040540054,2.462529275673597,0.03391338006239561,-0.7931470368971589,-0.15232528652728727
53055,San Juan,Washington,-0.26941639377663085,-2.907757226497016,-1.3475287635846727,3.34995344325343,-0.7722884700346635,0.6358391587813171,-0.6316777641671724,-0.06264554025362482,0.04854363013214948,0.3934159880924472,-0.21501905386336037,-1.1008843219858984,0.919200455809924,-0.23928155504630408,-0.039317592014215016,-0.36279539064887606,1.7396914825902388,2.912313069766201,0.2730287215561675,-0.26912607133174576,-0.3869100989988948,-0.28908000252030036,-0.68355272395891,-0.8218330544105575,-0.5183985063300929,-0.4571378636796784,-0.8187644388867872,0.5345620107510065,-0.5631424487667075,-0.4386305845477216,-0.5797169603144234,-0.11711488084879176,-0.10400493204845945,5.725535572344501,-0.08602139992103093,-0.4583534198243958,-1.0437651767192893,1.2126565857452989,-0.278619996678957,0.34699644417154474,-0.2826226240981033,-1.9008097994759108,-0.6889461689765399,-0.4321330852680007,-1.7623428667613543,-1.9680068934666415,-0.5088837189059067,-0.4426493844794316,-1.5104805624895834,-0.19123552907949748,-1.6702396508790962,-2.0340024585481418,0.3046737443737671,-0.8700227880212664,-0.26590453147281334,-0.06495279476813237,-0.8155459635499269,-1.889742541110841
53057,Skagit,Washington,0.05750345606203511,-0.23707271967384683,-0.2788786242141157,0.3572969651368458,-0.25547555549459094,0.4334405026549106,-0.5913848310539304,0.18892811449707742,0.4775935670355233,1.71985347873214,0.6352600716267494,-0.5674192581709984,0.8119803792145278,-0.41576085025364035,1.1021639811428334,0.3742170920110954,1.2806848165023883,1.234697966706507,1.11983276650511,-0.15108794157062666,-0.21284954457843913,-0.3026352520489974,-0.5075584584474645,-0.6551842396187086,-0.5896656332749978,-0.3686007234270648,-0.6873977009307712,3.141910036355123,0.13039576987652404,-0.11198296708180992,-0.4892243625278182,-0.037252741733564236,2.7253598372372756,0.3934094106377389,15.561594413445238,-0.3380138297941946,-0.9119258036095864,1.0325250316649126,0.6901128757493736,-0.23457767553857511,-0.8547002018298476,-2.376220337230706,-1.214601863594342,1.795233414965865,-0.3003449263689633,-1.3528734023818025,2.8310256919434256,-1.0037357952353518,0.9850145992357168,-0.4473185498478388,-0.8113665253124961,-1.0743192297816841,-0.29066115429087425,-0.59786040540054,0.20873833153120014,-0.056815144659571055,-0.7544863997982577,-1.1615128182324184
53059,Skamania,Washington,-0.2855217865206247,-1.4234315072355688,0.907394992318289,0.8594812140511537,0.39706656367551874,0.5943874810473405,-0.6261852600053067,0.12122226605948103,-0.08260005893681209,1.4522662899763976,-0.2115621201121518,-0.7050876617361327,0.9226325965460123,-0.8667634935612711,1.1021639811428334,-0.3516099582516962,0.526627246666124,0.5852480058999814,0.803817425835724,-0.27341808261219713,-0.43187470137883816,-0.4149272481968231,-0.44955733431334444,-0.8185867658025563,-0.8059753458044011,-0.34104658952745703,-0.7607309666487934,4.939262487862931,-0.43596841337357534,-0.0891353185846243,-0.5228100592815638,-0.3599908251061697,1.3408502272816751,-0.28216954914264736,0.7455733501481057,-0.4523221830404951,-1.1706929432699518,1.3334545336344643,0.5136749957927518,-0.23457767553857511,-1.0136106400886655,-2.4581876713263604,-1.2603110544306726,2.871571598013009,0.31868021313243905,-1.4621892938697707,1.9152440792911902,-1.0703995272063525,1.4121714287202274,-0.677793268539346,-0.8113665253124961,-0.8343984225900698,0.007006295041446424,-0.3256980227798136,-0.327553267356068,-0.06938831568480913,-1.7677335895796498,-2.1997649508506574
53061,Snohomish,Washington,2.0867946569481894,0.07522843734684088,2.111594082855606,-1.1209174953387095,0.06829288225541555,-0.31304295497669077,-0.37024594045831494,0.007027751209263145,4.390227721740158,4.167927504112672,0.05969937894055703,-1.2901783768879602,2.2924686071335447,-0.9059811147184565,-0.6814009769150549,0.5568505444456927,1.3219926990719868,1.1511251635869106,1.172525863431689,0.13118699265638237,0.34865446151403096,0.32963852867028964,-0.018259338189441827,-0.7903838795092369,-0.5682108009867572,-0.41248405024977886,-0.7006466446477164,3.160473325619416,0.5414426390345866,-0.11466965297111988,-0.42165442632484174,-0.013059077546175085,1.6290609702907672,0.0025802549140751915,8.11056349991839,0.24069098817963436,-1.0353388243374662,0.902663862425979,0.8955102777432754,-0.16287675667020432,-0.844106172612593,-2.409007270868968,-1.1803199704670946,1.8925973398263876,-0.04048113060557624,-1.2972890507777506,2.7463736101016227,-0.9731815847486435,1.1055427689586854,-0.032464056203125854,-0.8113665253124961,-1.5541608441649128,-0.588328603623195,-1.4143475532627192,2.0096337809441254,0.007415180699340117,-0.9599105165641418,-0.1797751873896671
53063,Spokane,Washington,1.2102530189437892,0.42388892569516345,0.5270649084049112,-0.6530082524043982,-0.2024032455775867,0.4126156972794011,-0.4866151184792491,0.057156483514598434,0.6829682443441804,3.0826915447393315,-0.2646175524442234,-0.2748739005950828,0.2920110576971616,-0.9451987358756418,0.9594787844982022,1.1373705003013836,1.1516875861522076,0.4645865401477518,1.1289711748683329,0.0500867860022094,0.5268992803757296,0.5419127923963056,-0.20437640170191698,0.22170160898912358,-0.7721276705334961,0.42473866208231276,-0.830466765311252,0.9394622045734475,-0.7101310195307555,0.6066371988638262,-0.5202848231114129,0.23469011190327635,-0.2546933263776887,-0.35423882545569185,-0.08602139992103093,0.2995091465675944,-0.1310829784678917,-0.0018663278318242773,0.5860328450178085,-0.6090158074067342,-0.8335121433953391,-1.3598253944445922,-1.3745840315214992,-0.5801796011518084,-1.5658604845987931,-1.9439203411048855,-1.3169263183049387,-0.9954028287389765,-1.7103200148799977,-0.1605055665872965,-0.8113665253124961,-1.0743192297816841,-0.588328603623195,-0.0535356401590872,1.592728122008066,-0.009469849175124652,-0.564801145485396,-0.4042184944408878
53065,Stevens,Washington,-0.18699743447335196,-0.8313813426819551,-0.8149122005982673,1.17177613854357,-0.06167690749906358,0.3811545444765013,-0.6452473955372207,0.7282084393402203,-0.1376128175298639,0.9599957435570775,-0.42556644106993813,0.06929710831775686,-0.049555588358338634,-0.5530225243037876,2.2436455542998814,-0.8047079787595731,0.2854556799047956,0.660144931243678,0.4003198772004348,-0.2787322618765664,-0.4093829592902235,-0.4999774455873615,-1.0034475722110137,-0.7331058658120275,-0.7533163118361409,0.037396728450812565,-0.8229364813971988,3.8233649001148504,-0.7015293216990633,0.6649377142176799,-0.5452785337506271,-0.08358288418352207,-0.22518560822846304,-0.21719362307969015,-0.08602139992103093,-0.6267998881617977,-1.062698862091843,1.3037881878107853,1.1519610310068062,-0.8081850264855422,-0.9182643771333749,-1.6385143303698175,-1.6031299857031522,-0.5455020388727184,-1.7348775875343294,-1.8753663074598885,-1.0706657165833289,-1.1898387136543942,-1.6609846500711143,-0.6060900227242104,-0.8113665253124961,-0.354556808206841,-0.29066115429087425,0.2186267424616392,-0.13626251767096006,-0.06712494720492149,-0.30593253953664457,-1.0420250144785308
53067,Thurston,Washington,0.5300073871006366,-0.05716926138547101,0.9305457160624103,-0.4107592001589458,-0.5209774916576528,0.03215198750377181,-0.3531041801169294,0.09892467921107478,2.4246982911318073,5.946984587526569,-0.029182053910962565,-0.9287988175294786,1.5216784406228512,-0.9648075464542345,0.6741083912089404,0.7682412338868045,1.2530887115444331,0.7437124996878357,1.3192769337968648,0.14997567694395286,0.5306185661699806,0.9084081080418658,0.5659098914209997,-0.814777832072741,0.12478086206170697,-0.329499483693969,-0.6614218398205463,1.9685429601105011,0.41509875318305056,-0.08266504297730069,-0.10437777045903408,0.3144231870018526,-0.0007659136565498725,0.08227434504707914,-0.08602139992103093,0.6574930208771733,-0.7457895458273592,0.4412108570381227,-0.16387654718745753,0.19562783767165018,-0.3461867994016306,-1.753268598103733,-0.7803645506492016,0.7282314986861689,-1.422195947103587,-1.7845785331732706,-0.06510159288675586,-0.5093131164504321,-0.6967592922873646,-0.2373304728177989,-1.240803088095796,-1.5541608441649128,-0.588328603623195,-0.59786040540054,0.754574816666331,0.0076760277286678094,-0.7083786913738648,-0.7029380038256069
53069,Wahkiakum,Washington,-0.3077659141603107,-1.9330686195356037,-1.950608007243821,2.7523357771080557,-0.08110565873994804,0.5680819070205747,-0.5898441410611954,0.1743491034072237,0.24781002365093227,1.0384809688082421,-0.28909573408628664,-0.6362534599535646,0.3707443661830255,-0.6902841983539365,1.95827516101062,-1.87621538265226,0.5986324600098152,1.2473283469697731,1.480781448676037,-0.27807234286875726,-0.4123202932520746,-0.42969975584077386,0.23315598311849914,-0.8191687077195318,-0.6128615899149593,-0.28106882636084457,-0.5637512902259597,3.1590932076331986,-0.10996290914921182,0.02219096876592772,-0.33949404329462385,1.328837325968447,-0.15798714457466906,0.22732321771322364,-0.08602139992103093,-0.26657019796806947,-1.0838849014110403,1.1688627013131827,-0.5264700176326248,0.34699644417154474,-0.4627211207914306,-2.130318334943743,-0.7118007643947055,2.1740190952451575,-0.3827407640500375,-1.5492714447161187,1.445809807259371,-0.5343120159395575,0.7345907854589784,-0.2995017395265573,-0.8113665253124961,-0.8343984225900698,-0.29066115429087425,-0.3256980227798136,-0.3468114790208734,-0.06761487119196614,0.34658952174906266,-1.03395151422489
53071,Walla Walla,Washington,-0.1429572834110797,0.6438167954129816,-0.6459807121562321,-0.27142618830201193,0.40549633697196796,0.4765375647888556,-0.5203117174510605,-0.050378218701878266,0.29815279045742893,2.0203301818215036,0.8547624620641684,-0.3092910014863668,0.3075243338242804,-0.43536966083223116,0.745450989531256,0.839463240822476,0.9447200408440357,-0.44604378739181894,1.8869730425736346,-0.25043900967062727,-0.3003672732150292,-0.3664648753425254,-0.5724462741633364,1.3264750956257476,-0.802926482026502,0.7985408207982475,-0.8311986179984141,-0.4182666071465345,-0.7102480311008201,0.28265270863472175,-0.594881675474451,-0.31149872059036554,-0.260390721301304,-0.23499169882072823,-0.08602139992103093,-0.42480232490732256,0.9427691166618954,-0.7331787398303006,0.22752006834390093,-0.17881029419650862,-0.4097509747051579,-0.5401520534880482,-0.757509955231036,-0.7175560978728194,-1.5700859121721813,-2.1440240068794716,-1.7299258691088886,-0.4454270399782239,-1.9438823748612948,-0.3295203602944018,-0.38192996252919614,-1.5541608441649128,-0.29066115429087425,-0.3256980227798136,-0.12806514477573677,-0.06110632381638286,-0.5629761246760843,-0.6512676022023041
53073,Whatcom,Washington,0.3505050383305624,0.7015289286236484,-0.4097249027255553,-0.4422548073879279,-0.29078450633006553,0.22631537914492691,-0.566625676517341,0.2879123141538343,1.6332900346441819,1.9560918770425872,0.0027051773488819607,-0.3092910014863668,0.8878306894820777,-0.5334137137251949,0.816793587853571,1.194961296054042,1.818716531787839,1.2224220459555968,1.5982929734932096,-0.15854664775919727,-0.24534785621015515,-0.290155880651888,-0.8065671380110933,-0.7268247541788238,-0.4708184738441176,-0.3230001904526426,-0.7284312715893942,2.700967828524706,-0.18221844863237166,0.02085873026165428,-0.47724025607940307,-0.0590681235661538,4.116303133474162,0.8796085765759045,18.551042197827307,-0.42648285799290764,-0.9286883457174782,1.087016913197,1.1235004259087138,-0.38594628203846915,-0.9712345232196476,-2.572941939060277,-1.3631567338124164,1.6138430891983169,-0.4904891671714419,-1.3491677789415322,2.3282436300951397,-1.1565068476688936,0.7227253179732972,-0.293668737386834,-0.8113665253124961,-1.0743192297816841,0.007006295041446424,-0.3256980227798136,0.4955902364743221,-0.05172520276980833,-0.5714522356735549,-0.444585995709093
53075,Whitman,Washington,-0.17416642417849162,4.181976371904438,-3.599258521733177,-2.060279789525729,0.38590869897613583,0.08887811737261056,-0.4883875396117162,-0.1241088527772325,3.0203761046254023,1.9477740985742067,-0.23464793855556532,2.031071859120944,-0.6737933454380651,-0.9648075464542345,0.3173953995973624,3.451824468901119,2.295381548561257,-0.4795252882718006,1.828191317911731,-0.2683254524962464,-0.34462475688200533,-0.4247301780155898,-0.8056788419828085,1.7728329959142175,-0.5792173615459721,0.5596039818468279,-0.8310839969392522,-0.5815604151790951,-0.7126805946691308,-0.09809683356578469,-0.6089224610882277,-0.16322293797958562,-0.2544296501629596,-0.35184681081365066,-0.08602139992103093,-0.5254173279303335,1.4834894377329144,-1.2154395485951512,0.8815852825749256,-0.4178133570910783,-0.7169778220055391,-1.179497259434151,-1.0889015887944329,-0.6495347257099888,-1.6757216015068916,-2.0828812201150146,-1.6067955682480837,-0.7981892883247672,-1.892673515186251,-0.5804817206473762,-0.38192996252919614,-1.5541608441649128,-0.29066115429087425,0.2186267424616392,-0.2646505954363294,-0.06607631309235935,-1.3911670487034447,-0.1797751873896671
53077,Yakima,Washington,0.413842958585447,1.814048081326977,-0.7143973277624215,-1.3154649301434551,-0.03854735376584595,0.20879354380874415,-0.5676846123321055,0.7829312844455072,0.17710502655927038,1.2497860349858259,2.9012093030278447,0.37905101633931104,-0.0032903312358693523,0.6431149209903683,2.2436455542998814,1.1003133347660894,1.499408913464288,1.2251866265614981,1.0803091614167832,-0.21211328618118208,-0.26009009722973214,-0.296405152477593,-0.6106862573914601,-0.3116886755445749,-0.7808940660541442,1.372962018520593,-0.8281582182066403,1.474216765310335,-0.7060699495922965,0.7148774338670184,-0.522701257676948,-0.204862751146543,0.378292523972797,-0.38982060121298723,1.9510007344960687,-0.39096675106573264,-0.660239286735446,0.8106916491210544,2.4703155334614455,-0.529348119775211,-0.9076703479161203,-1.7204816644654708,-1.3288748406851687,0.006671452802024495,-1.4919155020644956,-1.993946257548532,-1.2784480992859373,-1.0370676612208516,-1.421177307202617,-0.262938774894633,0.9063797258207039,-1.0743192297816841,-1.481330951620157,-0.3256980227798136,0.42512651740921775,-0.058715968556665145,-0.7362142004381365,-0.12003128551272318
54001,Barbour,West Virginia,-0.2727581382976159,-0.07104268906598891,-0.23853218702417728,0.1842434781011184,-0.5395259968065572,0.7384774655109279,-0.6072758685280379,-0.22967241792620371,-0.49424467527530896,-0.521577420508339,-0.622160689936211,0.6715963739152266,-1.0991042254541181,-0.5334137137251949,1.4588769727544109,-0.05057592982324752,-1.1577143778645784,-1.17653676569652,-1.022785285315325,-0.27173469828055347,-0.38733554699429085,-0.42591349504499787,0.03289282324148675,-0.8219785312620997,0.6008135172415097,-0.47259366786316814,2.7446471777914185,-0.6366879847868943,-0.2671547600346096,-0.3913240973994841,-0.6174795838230339,-0.3594617536086823,-0.08977714963571025,-0.3688764399866668,-0.08602139992103093,-0.3109763196706326,-0.5374820029574808,0.6568099503453375,-0.4846354599557318,-0.019474918933462183,0.0034161647677692342,-0.42539778575413156,-0.09472668810424238,0.22273934084866287,-0.0425938443922704,0.6351935733231137,-0.5550575817287084,-0.10099775812805518,0.17066883074477762,-0.6726716081239792,0.47694316303740386,1.0849680349428452,-1.7789984009524775,0.4907891250823656,-0.30034098381804364,-0.060858430959454576,0.9010532935064727,0.6857040398006539
54003,Berkeley,West Virginia,0.02811602002034859,0.16171267941496073,1.539254802245956,-0.9155587242949768,-0.14536040859331983,0.26903837796268837,-0.051947614927925906,-0.2971461900268538,-0.09737317169421207,-0.22945260744104745,-0.3570883667432794,-0.6018363590622807,0.5004106431924387,-0.7491106300897147,-0.25334538698116177,-0.3728434982967153,0.001304468529176914,0.06283515999774825,0.27653219152939906,0.061932256936396785,0.21935250608569878,0.6864201785675891,1.3354586079928563,-0.6587419856529295,1.336809822438272,-0.46449209962038,1.2547954509328425,-0.5800299264377973,0.32012167575469874,-0.4252477461073567,-0.6018312454039887,-0.3808644676581962,-0.1110354420291534,-0.3939081188043913,-0.08602139992103093,0.6787474146484875,-0.043728014861443426,-0.25052427681974015,-0.5004369785371429,-0.10710937532813784,0.056386310854041874,-0.08113498255238405,-0.06044479497699393,0.04668402466251296,0.33769463721268683,-0.13742891397320506,-0.6987095993996474,-0.05099995914980459,-0.09474294196124153,0.02387420836590923,0.47694316303740386,0.36520561336800217,-0.8859960529555155,-1.1421851706419928,0.030379966938784683,0.006618543297813899,-0.403415607602541,0.1754588237705395
54005,Boone,West Virginia,-0.25806734906250534,-0.6982524687645678,0.4668131057881613,0.41080533915601875,-0.11024511174357128,0.8016178846657054,-0.6405081817416207,-0.3633458818937718,-0.6210809968703755,-0.7079257341447273,-0.6555896549005966,0.7576391261434348,-0.825425323158443,-0.7295018195111219,1.1021639811428334,-0.615850924389861,-0.6045468365997609,-0.8423198507637641,0.38287894025917985,-0.21455893085460223,-0.24319013542408355,-0.37751914203327586,-0.7413413930460564,-0.8221988482510404,-0.8002836303370332,-0.211889094413012,3.3427385586383336,-0.5317916203050963,-0.5506852931503381,-0.23118975565470778,-0.6249569043264077,-0.4022027062222812,1.079791122912547,-0.4093672583533467,-0.08602139992103093,-0.4498962532651439,-1.171674076907289,1.3333610586706317,-0.36529006018934457,0.23546168148741178,0.2364848075473684,-0.16310231664803845,0.15667386149557633,0.6001912687326056,-0.032030275458799225,-0.15410421945442054,-0.0958841681019569,0.15454654776078003,0.19627326058229969,-0.6726716081239792,0.9063797258207039,1.8047304565176885,-1.481330951620157,1.0351138903238184,-0.2645195871937117,-0.06196822301594366,1.9218875150665007,1.2427755573018862
54007,Braxton,West Virginia,-0.28003324205758695,-0.9394331203491844,0.07642168233454916,0.8274221977641416,0.17884221499517958,0.7755137215727491,-0.6362051233837628,-0.28761206521392274,-0.5324875096294378,-0.5226089873015209,-0.6367557161950266,0.6543878234695846,-1.1031541515227021,-0.43536966083223116,2.457673349266828,-1.1237869625973411,-1.2787320095122123,-0.6661323405036269,-1.7080385940786742,-0.2722117189130134,-0.3720438786608634,-0.5118519702681802,-0.030075366451582604,-0.8221256831056614,-0.4210935018850562,-0.4925102009293766,3.3449911175613636,-0.6367673699712211,-0.040498279243962834,-0.38818157779308304,-0.6264622093502834,-0.40456625898877235,-0.20309414760665734,-0.35657287471291566,-0.08602139992103093,-0.3531999303595676,-1.0000242721794281,1.1247325453263266,-0.3555425635714996,0.13986045632958427,0.13054451537482312,-0.22867618392456057,0.08811007524108025,0.0746928249648551,-0.2707669333552447,0.4628820833505534,-0.23953618577289607,0.06566157179944573,0.05263865417668951,-0.7085232310315469,0.9063797258207039,1.5648096493260741,-1.7789984009524775,0.762951507703092,-0.3093805525586666,-0.06523378776452199,0.381746724220454,-0.044140383128496934
54009,Brooke,West Virginia,-0.25665567433935477,-0.909239527627318,-0.4403750391622633,1.0569792825187256,-0.2960126326737498,0.7256767479224461,-0.5633851299715551,-0.32986892166277276,-0.4375043928404758,-0.5096413661754283,-0.6376174334631589,-0.4297508546058609,-0.33099112871757314,-0.9451987358756418,0.8881361861758866,-0.5652315393391545,-1.5186318924412756,-1.7554313174703908,-0.6670284998879863,0.5040134656951148,0.3999283784728667,0.4883247463613616,1.007783965758766,-0.8164909401985068,0.23989080471920443,-0.4792678307476921,1.7692528373171923,-0.6262750780843377,1.0247520359947426,-0.3990016062559951,-0.6210807293307186,-0.38106733871139487,-0.1330790868922846,-0.12298345680600736,-0.08602139992103093,0.668473568119821,-0.6953908178100545,0.3874714957374945,-0.6709697669598068,-0.21864413801227023,-0.26143456566359397,-0.47457818621152376,-0.1975723674859861,-0.03734237624451298,-0.6088011392263176,0.416561790347177,0.2786371636829916,-0.27321239905313915,0.010797268832446388,-0.5804817206473762,0.04750660025410388,0.845047227751231,-1.1836635022878363,-0.3256980227798136,-0.2612630965914997,-0.021347095429946568,1.0548884785535213,0.335314128792632
54011,Cabell,West Virginia,-0.051623100337530335,0.5047671481747573,-0.6315549379636922,-0.15050673056137617,-0.5692235364168555,0.4602872270004166,-0.294994462605442,-0.3032129537604002,-0.10443917756818183,-0.42864077365579195,-0.600547085834418,0.6888049243608686,-0.9333318279010568,-0.6902841983539365,0.17471020295273174,1.2094087221818415,0.5447902921618036,-0.870574969704571,1.197407982357324,0.24069005271270708,0.45974298828627913,0.6135608069185964,0.4502492164672018,-0.8219365927101498,-0.31600185446371043,-0.4888683958220766,2.7565682271453102,-0.6284743344988424,-0.22592286819511412,-0.4301269612314096,-0.6108423804079165,-0.3910684730549905,-0.21580081424830452,-0.22379562279119752,-0.08602139992103093,0.5223369300396957,-0.9522857172766157,0.7003220833048999,-0.5254647372327707,0.20359460643480262,0.28945495363364104,0.0664062188197948,0.2023830523319068,0.2827581986393957,-0.3066830677290462,0.32577401606055917,-0.11897109951335777,0.20732200223782135,0.12258246251333439,0.5411619103179587,0.47694316303740386,0.845047227751231,-1.1836635022878363,0.4907891250823656,0.021396544587855046,-0.004111287313279785,0.470150809525375,0.4531872324957914
54013,Calhoun,West Virginia,-0.3000895667549628,-1.563948958285952,0.1821623373357933,1.3501158382042027,0.014420962166043575,0.8068924466527994,-0.6710885596296657,-0.29728461659373007,-0.5747253931028251,-0.5566315924229192,-0.6212795922086092,1.2222699881757704,-1.2640529092305182,-0.5530225243037876,6.452858855316498,-0.9049485970991311,-2.3315267911700386,-2.0998212430749796,-2.226925591516591,-0.2876281436209618,-0.46039082624519506,-0.5954713628230753,-0.10525050830289182,-0.8221988482510404,-0.4545656365274785,-0.5004561787431313,3.5121894176999975,-0.6276832252701648,-0.17569173037429947,-0.411202951700635,-0.6264958302015055,-0.40522273083532945,-0.2520102926992345,-0.4021188224534869,-0.08602139992103093,-0.43220950180218876,-1.0152419441539167,1.1736385133871683,-0.530856018784581,0.07612630622436535,0.08816839850580516,-0.22867618392456057,0.07668277753199744,0.02667773873226861,-0.35738819860970716,0.3887696145451511,-0.5422315087223747,0.029552050315154343,-0.09411844367252116,-0.40265767102584005,0.9063797258207039,2.044651263709303,-1.481330951620157,1.8516010381859975,-0.33896969992704107,-0.06559349584864048,-1.9792999067400507,-2.734230667641695
54015,Clay,West Virginia,-0.29599219551494693,-0.5047442144787538,-0.045981719831424475,0.48791077460478943,0.2347559309589929,0.8172336980995093,-0.6779467079355574,-0.2915055396600941,-0.5892305285681312,-0.46156313356162665,-0.6345748092014297,1.3771469421865483,-0.9471976764748532,-0.6706753877753437,3.313784529134614,-1.205609183278363,-1.069857173026155,-0.46357356101038616,-1.406169703561002,-0.29034812150643347,-0.45656529677113605,-0.5966217355984821,-0.2604978420855957,-0.822088994132609,-0.6734460004059223,-0.4430319945236483,3.3173862868725266,-0.6362794358507659,0.5591975550282791,-0.37862990832572624,-0.6215671097438131,-0.3952304822451498,-0.09898641570163715,-0.3833325525277963,-0.08602139992103093,-0.4743105622236437,-1.1141738137975925,1.2879985591119583,-0.4839280404150937,0.15579399385588857,0.18351466146109574,-0.16310231664803845,0.1223919683683287,0.08002783454625347,-0.25597793684838516,-0.05590519828726265,-0.14205803092475866,0.10454874878252944,-0.09162045051764103,-0.40265767102584005,0.9063797258207039,2.2845720709009174,-1.481330951620157,1.8516010381859975,-0.3295745373850271,-0.06571304211239533,2.3897600681953137,1.4397689634907276
54017,Doddridge,West Virginia,-0.29616792265890757,-1.1553981041647097,1.2617015209803963,0.43609634784214674,2.540344797371415,0.6724586166586455,-0.52551141737548,-0.2717405629539497,-0.5098179367248318,-0.5063748549416587,-0.6545067719588461,0.7404305756977946,-0.3487009749157884,-0.6314577666181586,0.388737997919678,-1.9875575569006798,-1.9605720054865023,-1.2978516410531282,-2.3838201164047788,-0.24890246155796644,-0.36639858674813447,-0.5557530015809699,-0.10892280103638602,-0.8221988482510404,-0.48210445786922723,-0.4554251255353043,3.449128476415986,-0.6373917767901366,-0.2128345736779317,-0.3530192581557963,-0.6265432889059823,-0.4053516293892685,-0.24631308109322772,-0.4263324619753449,-0.08602139992103093,-0.38318434743570884,-1.027702841859973,1.1645874884217446,-0.5012412028570261,-0.011508150170309747,0.02460422320227784,-0.2614631175628228,-0.0033083064315806597,0.3614495899650235,-0.2348507989814432,0.42397303722771706,-0.35240562822863375,-0.04266699265343002,0.15692986839293713,-0.38585862486343686,0.47694316303740386,1.3248888421344598,-1.1836635022878363,-0.3256980227798136,-0.3451832337197674,-0.0653767423840171,-1.1350819431370944,-1.1615128182324184
54019,Fayette,West Virginia,-0.1967122167486434,-0.6434119445563584,0.10506317825122616,0.5404396528436827,0.12669528107234876,0.5485224600983166,-0.3560974428019127,-0.30639870887181564,-0.5460030725653996,-0.5360592791361827,-0.6147071697563147,1.0501844837193504,-0.9810385841326832,-0.5138049031466021,1.2448491777874646,-0.6984419406410637,-0.19070479074698238,-0.09845513052605802,0.3136904101253608,-0.22935534827538254,-0.20984541886337793,-0.19158118105407027,-0.33639819125338666,-0.8221988482510404,-0.622695812265955,-0.3850872503802831,3.0233809601229544,-0.4980279114602678,0.3350847515825824,-0.3341213932890074,-0.6180381165725207,-0.3591142779096321,0.05173898909900133,-0.3490114253014704,-0.08602139992103093,-0.2687366345694241,-1.0913182908929226,1.1770249200243221,-0.2422958648975608,0.02035892488229943,0.0034161647677692342,-0.5893324539454403,-0.06044479497699393,0.30943324654638826,-0.06583369604590655,-0.23192231170009292,-0.0958841681019569,-0.10655306912563824,0.023911732895567386,-0.38585862486343686,0.9063797258207039,1.8047304565176885,-1.481330951620157,0.762951507703092,-0.16573937225994792,-0.05761552519431679,0.477273714613945,-0.06028738363577926
54021,Gilmer,West Virginia,-0.29799841374183106,-0.1016918096742338,1.3124098847457437,-0.5599165111017741,4.165322412853091,0.051717784891474744,0.05912468243489142,-0.16702937149950917,-0.3166390138519555,0.03303674971557444,-0.30628699973667806,1.8934034555558081,-1.0535940392935883,-0.7687194406683074,2.0296177593329356,0.3390756180289497,-1.220775772248181,-2.0047373911329003,-0.35611236271054,-0.27739435431696263,-0.44391703392226006,-0.604684431425004,-0.09833314387563435,-0.8219767303234385,-0.43050387835073795,-0.5091574278363833,3.4992064864094754,-0.6379276322600547,-0.12787137297177037,-0.4068907890593109,-0.6265625217426036,-0.40540386606230794,-0.25387413290070876,-0.42365212386990764,-0.08602139992103093,-0.426397937035829,-1.0041356616691997,1.1603317095934604,-0.48670559292728327,0.09205984375067022,0.11995048615756844,-0.16310231664803845,0.07668277753199744,0.08803034891835126,-0.32781020559598817,0.41285616690690696,-0.48323157289323887,0.054550949804278846,-0.034166607955396784,0.3209305124571852,0.9063797258207039,0.845047227751231,-1.1836635022878363,-0.3256980227798136,-0.3485145861749038,-0.06607762975467445,0.5685572953871193,1.4623747642009226
54023,Grant,West Virginia,-0.28703011117295363,-0.9244659286560291,-0.35037733876440347,1.0261866331758895,-0.07928535051725999,0.7632230829576213,-0.6020194538334868,-0.34364566982404665,-0.5790406758737422,-0.5960363752548878,-0.6008940659754712,-0.22324824925815678,-0.5712409802437489,-0.5726313348823804,1.1021639811428334,-1.2263144151744805,-1.377448593276818,-1.1964053132895236,-0.7289636907880075,-0.24303518562174814,-0.3743779485690049,-0.529458188517922,-0.5281236818591961,-0.8024589557079129,0.38589850210550214,-0.3517475063260188,2.3997339729959872,-0.5543647449307939,0.651081785174554,-0.3373694459433793,-0.5846051240059904,-0.335185910111542,0.149857300684076,-0.374004294709178,-0.08602139992103093,-0.4894727649296004,-0.6155083069638643,0.8097315383249584,-0.3823277013365021,-0.16287675667020432,-0.16608830270830335,-0.6712997880410948,-0.3346999399949775,-0.19205765410506895,-0.1841456681007822,0.20904687769205044,-0.6961443847983807,-0.29543364304347214,-0.24337353467661196,-0.36025032278660274,0.47694316303740386,1.3248888421344598,-1.1836635022878363,-0.59786040540054,-0.3160432574689394,-0.06585081141569896,2.0393527976872514,1.359033960954317
54025,Greenbrier,West Virginia,-0.21939273346249832,-0.9135507769530263,-0.014975070827617,0.849094486662089,-0.48806742480315013,0.6250804743845381,-0.4621583689951487,-0.2727284236513658,-0.4062531360619458,-0.5031441155474706,-0.5514373097251625,0.46509376856752255,-0.8345548175164377,-0.5726313348823804,0.5314231945643092,-0.10810221132329632,-0.6512253584541806,-0.6691752046203782,-0.47575180146411805,-0.2420606782325843,-0.34143500354523737,-0.3945271565843076,-0.3560174636175123,-0.8130169521623487,0.194288593037222,-0.38216095499120956,2.3504662710555912,-0.5690140991722349,0.8920626640050144,-0.25231334283411117,-0.5722392755404659,-0.24418888801546737,-0.07292438981978162,-0.39968247333103646,-0.08602139992103093,-0.3860819245486383,-0.7126045478196584,0.8594933117093917,0.022770513718794218,-0.11507614409129027,-0.2084644195773213,-0.9663821907854501,-0.3346999399949775,0.43747347649995166,0.14332496883681992,-0.02070177560469666,-0.25236225877922963,-0.3398761310241389,0.17878730849813837,-0.442196889432472,0.47694316303740386,1.0849680349428452,-1.481330951620157,-0.0535356401590872,-0.19948335246562737,-0.06381033155968142,1.51560359737564,0.924679647308429
54027,Hampshire,West Virginia,-0.25303569517376534,-1.2346808428409213,0.5521331254419506,0.862515540708616,0.398325849314937,0.7427326738047323,-0.5908398751956907,-0.31761872988819,-0.5203283457668313,-0.47526130296963504,-0.5939337435728411,0.017671456980830835,-0.06252908034075214,-0.2784991762034896,-0.039317592014215016,-0.5816472853166791,-0.30999117358654543,0.2398320142747062,-0.7433583826345446,-0.2775968257520928,-0.4293604654243882,-0.5158038603140427,0.02641187206695425,-0.8122382393593676,0.41039236409160357,-0.47553036180973784,2.3522429921066412,-0.5210160375524737,1.0721130445268445,-0.4028157933832391,-0.6227124669039229,-0.39992551455525877,-0.24873031427284578,-0.3799367763555147,-0.08602139992103093,-0.35751710669983844,-0.6140541385855368,0.7513481706070747,-0.2599292277631503,-0.12304291285444272,-0.03895995210124948,-0.3926108521158693,-0.12900858123149003,-0.045344890616610775,-0.18625838188747637,-0.26156729922225386,-1.003970136950393,-0.150995557106305,-0.4088655811874238,-0.5190217956629744,0.47694316303740386,1.3248888421344598,-1.1836635022878363,0.2186267424616392,-0.26734562214160834,-0.06336888447072979,0.8647673105808819,0.5726750362496786
54029,Hancock,West Virginia,-0.23653198757012733,-1.1232200628643203,0.2883662212254335,0.8911894403407598,-0.6222975836428926,0.6458736799708887,-0.4714975327999519,-0.320522752965329,-0.45350329526531924,-0.5185171337466433,-0.5871651098819862,-0.3437081023776508,-0.3229599193951267,-0.651066577196751,0.8881361861758866,-0.1366178760710834,-0.9513143401586548,-1.198996340201615,-0.41817887311735313,0.49185858497486257,0.500636029986104,0.5487378397463935,1.519720072975252,-0.817906797910239,0.15359637850527322,-0.4645438374034856,1.9802440245494806,-0.6337105199371911,0.02467006500982595,-0.4390025665632412,-0.6256577076579053,-0.39300031873610347,-0.12624445791649605,0.08610179899354051,-0.08602139992103093,0.8563714003814628,-0.7358318223985274,0.34566741673818857,-0.6744249529267128,-0.3142453631700983,-0.3673748578361392,-0.5729389871263104,-0.28899074915864703,0.040015262685765,0.02923842435533258,1.1521280432407948,0.4658978295754653,-0.3732079970096395,0.5291308484700836,-0.6573066268778787,0.47694316303740386,1.0849680349428452,-1.1836635022878363,-0.3256980227798136,-0.231636518296663,-0.002400612654164105,0.7262586064127494,0.16254122336471352
54031,Hardy,West Virginia,-0.28056335227520157,-0.9058173143793582,0.38926960040463665,0.6406488410496275,0.18967636172757182,0.5994871652652414,-0.44702766711668895,-0.30254705425765127,-0.37039492409589997,-0.34371388203689673,-0.3500842672381598,-0.051162744801737194,-0.6221739487672983,-0.2981079867820823,0.8881361861758866,-0.27481174027579475,-1.0132968006942262,-0.4544867540616491,-1.6386134356251763,-0.25523251176702355,-0.3703378743267336,-0.525815845599991,-0.38584154060978715,-0.7308885027171259,0.09912021023706857,-0.47423087117428014,2.4350767377432097,-0.554720989987256,1.3412382333632036,-0.40828158811105947,-0.6257756643620749,-0.40476423996029864,-0.20877043990103403,-0.4018129019163061,-0.08602139992103093,-0.45081842301875047,-0.6748010319334378,0.8506888165492041,-0.30472005446776257,-0.13100968161759458,-0.06014801053575808,-0.5565455203071782,-0.1861450697769033,-0.0773549481050017,-0.39330433298350864,0.0015319650369242086,-0.9167528405073229,-0.20099335608455557,-0.3751426735965414,-0.40122360610953733,0.47694316303740386,0.845047227751231,-1.1836635022878363,-0.59786040540054,-0.31220658750656316,-0.06595902719201562,1.3295518440150789,1.1426641541567368
54033,Harrison,West Virginia,-0.12393189129160632,-0.4193772848425577,0.6337897643434912,0.0707257203809044,-0.37525033384288703,0.6901093751406235,-0.5346075366496467,-0.3014675133127778,-0.3752156926583794,-0.5405455868843805,-0.5775706531133075,-0.5846278086166387,-0.12444489921978373,-0.807937061825493,0.388737997919678,-0.2868197083140881,-0.9813704967377517,-1.4370206202038225,0.0011234887550753165,-0.046422694959095706,0.10036502807863797,0.14043114585300293,0.49405828807580143,-0.8216547811778544,0.44383379132679673,-0.4570624032959523,2.3117846485436577,-0.6364807046450118,0.3361495560890662,-0.375533811949469,-0.6258468169962031,-0.3999578398583508,-0.046482707047899516,-0.3977903230843344,-0.08602139992103093,0.20325333825024988,-0.6081941682126266,0.5035479522373665,-0.42978438273109787,0.04425923117175617,0.0669803400712958,-0.24506965074369283,0.01954628898658416,0.30809949415103866,-0.4165441846371448,0.3128043340196137,-0.7115356724059815,-0.0037798156703463142,-0.04665657372979786,-0.32439869987903497,0.47694316303740386,0.845047227751231,-1.1836635022878363,-0.3256980227798136,-0.08163208049936921,-0.03711084717577082,0.6557620430904777,0.6259601379237099
54035,Jackson,West Virginia,-0.2372173234315739,-0.5536347653442498,0.3647666646089424,0.32839277236438735,-0.13938760939352457,0.7870848934745678,-0.6467243528690816,-0.32166973161082585,-0.5201677449985304,-0.6001337753242272,-0.6297215729663282,0.37905101633931104,-0.33730626767197547,-0.8471546829826784,0.816793587853571,-0.6353117123297595,-0.9082934071429835,-0.6631915261662003,-0.8129585234982707,-0.2065731643187841,-0.2835912314643521,-0.2778904123312644,0.024150453986163566,-0.8173137208780104,0.3759740742861607,-0.45656889274168616,2.588702948825557,-0.6039141221991022,0.21031810039294166,-0.392985544438019,-0.6241452470016625,-0.39945711313343035,-0.2308750151477134,-0.290939593128302,-0.08602139992103093,-0.21758858207113943,-0.6346253393754306,0.7109361792744818,-0.3887540493740882,0.10799338127697508,0.08816839850580516,-0.11392191619064394,0.11096467065924588,0.25208189354635463,-0.346824629676236,0.10899504480475752,-0.38318820344383475,0.06843922729823726,-0.04103608913131724,-0.7341315331083811,0.47694316303740386,0.845047227751231,-1.1836635022878363,-0.0535356401590872,-0.23951572831695755,-0.05821440589975522,1.1701071028044596,0.8374858445691052
54037,Jefferson,West Virginia,-0.15354191504897632,-0.24105564328938014,1.567974187707815,-0.5587988281213292,-0.18850572653844458,0.3219084815453579,-0.17943835885095394,-0.26000772543896294,0.08125032263000152,-0.045474185409571134,-0.2511418366192012,-0.7911304139643425,1.3387453393893487,-0.8667634935612711,-0.6100583785927393,-0.5946690628966438,-0.11252515103241226,-0.17655078674268057,0.5795649467134948,-0.12095333650012755,0.019350009268215167,0.38895823463538254,1.5216432471412797,-0.17323823990560996,2.1422337476803697,-0.4929751937586919,0.23795125184203747,-0.5690815365870442,0.0900964616812068,-0.4303328979801204,-0.5867664233525033,-0.35937415297162006,-0.12434814815186923,-0.3116718545511775,-0.08602139992103093,0.5286335948052824,0.7987534012804753,-1.0047932714568537,-0.5824157335148776,-0.07524230027552867,0.11995048615756844,0.0008323515432703504,-0.026162901849746293,0.09870036808114822,0.504599026361529,-0.07072769204834312,-0.6422748781717785,-0.0010021601715547901,0.01516875685348672,-0.3295203602944018,0.04750660025410388,-0.1146360010152266,-0.8859960529555155,-1.6865099358834457,-0.17049309992064818,-0.014381309408084506,-0.196546330565356,0.2820290271186014
54039,Kanawha,West Virginia,0.20077672531888807,-0.5600312854510975,0.2194885197992612,0.40663683379208304,-0.8443853824531995,0.3008794657166899,-0.10143620603391354,-0.31070771108109174,-0.18221794022014173,-0.4468966670832591,-0.6181127545339412,0.31021681455674494,-0.5071285912936209,-0.7295018195111219,0.4600805962419936,0.31357810111125933,-0.6157138168456047,-1.1285741497548074,-0.08152819394981316,0.013140074015412931,0.12654142703194135,0.06606949155616519,0.04733569810834245,-0.8221573887248014,-0.6995441378274518,-0.41998220264737635,3.1673291245146618,-0.6310778819967567,-0.029852608902464627,-0.37271974490082616,-0.6255813463938298,-0.40241872897064845,0.009160944253253978,-0.35941860354334537,-0.08602139992103093,0.07638007406860994,-1.1260501670029817,1.0617937504206585,-0.06156878856822782,0.21156137519795506,0.24707883676462306,-0.015561115275859598,0.2023830523319068,0.3361082944533806,0.014449427848473074,-0.2560088640618488,-0.10614502650702375,0.18510075824748837,0.04951616273308902,0.295322210380351,0.47694316303740386,0.845047227751231,-0.8859960529555155,-0.0535356401590872,0.4885532222994272,-0.02998627593020774,1.482070791132768,1.118443653395814
54041,Lewis,West Virginia,-0.27432210987886574,-0.5415364659578026,0.44305685086043023,0.2782569536906829,-0.13014247822710268,0.7686000855935085,-0.6352991194835069,-0.30200971556913997,-0.4195375562035266,-0.7631465591735779,-0.6127006949797346,0.8608904288172887,-0.60590560167824,-0.7098930089325312,1.601562169399042,0.015199391474736482,-0.6430024410259726,-0.7206129683366309,-0.46529558709824287,-0.25011467062676535,-0.30566418999026673,-0.3887634021582771,0.06013733225471133,-0.8221019075318805,-0.039181210141080905,-0.47613621550462276,3.055921624243515,-0.6379312054897119,-0.11242877744094847,-0.3941769009734104,-0.6266026743259477,-0.40476411184483935,-0.17024044403492702,-0.33085832314273633,-0.08602139992103093,-0.2617085625307374,-0.8271913602035463,0.9172009405383885,-0.449822972034857,0.10002661251382265,0.09876242772305983,-0.21228271710543062,0.06525547982291542,0.1520504638951331,-0.15668038887375735,0.4591764599102834,-0.38318820344383475,0.04066267231032044,0.08636156176757233,-0.7341315331083811,0.47694316303740386,1.5648096493260741,-1.1836635022878363,0.4907891250823656,-0.2972155014584494,-0.0623488041091879,-1.2267150507205022,-1.8832837409079284
54043,Lincoln,West Virginia,-0.2611367165103514,-0.42019382756007634,0.3923310212302879,0.19172868633211826,-0.24347548770654157,0.8187721731768653,-0.6621494610136264,-0.33600889141969154,-0.5679175265466553,-0.7405211445491916,-0.6493270643388082,0.8953075297085707,-0.8596780877046035,-0.6902841983539365,1.7442473660436733,-0.768423992845144,-1.2604839128827936,-1.328270891977484,-0.5004413667481018,-0.2616177462746311,-0.389644891875916,-0.32752481141384515,-0.2942064583941363,-0.8221127391317392,-0.5767137030410802,-0.4204037905964711,3.530300944521747,-0.6250507241443466,-0.4509492964260017,-0.3760136753797724,-0.6254089989321955,-0.4049314471419746,0.11886029983929589,-0.40698838509606117,-0.08602139992103093,-0.3647824362894176,-1.0704273007693619,1.1981803916534737,-0.4133275702594116,0.2912290628294783,0.331831070502659,0.08279968563892474,0.25951954087732004,0.5014935914767336,-0.15879310266045152,0.07749724556246157,-0.0368842322728211,0.26565276771244734,0.20501623662438034,-0.6829149289547128,0.9063797258207039,1.8047304565176885,-1.481330951620157,1.0351138903238184,-0.27483180743404967,-0.06115594525445083,2.2784103980553443,1.8531321764771496
54045,Logan,West Virginia,-0.2271335141539651,-0.6312651293385698,0.250070513487716,0.45703282382724136,-0.33511577597920555,0.7241668525413351,-0.5644580550561022,-0.3470047515450712,-0.5546052041539032,-0.726040414614383,-0.6298786253448899,1.2738956395126944,-1.179896818381635,-0.5530225243037876,1.3875343744320952,-0.12742310574714483,-0.857487142307027,-0.9067998818518217,-0.6258228887741328,-0.15007237681087843,-0.09215618260657747,-0.3332434286523607,-0.7291291023475942,-0.8221988482510404,-0.8065496709251506,-0.2280547934083507,3.3486104994253996,-0.4808567361061766,-0.638746921937275,-0.2514408775669079,-0.6264068581124834,-0.40562140581195777,0.7157344337628632,-0.4055098608605051,-0.08602139992103093,-0.3724355671193042,-1.174509364947455,1.302675260848297,-0.40066848374272984,0.30716260035578313,0.2788609244163863,-0.16310231664803845,0.17952845691374197,0.9056205672676686,-0.20527280596772418,-0.028113022485236727,-0.06766680748802258,0.1962113802426537,0.3374098738330297,-0.49341349358614023,1.335816288604004,2.044651263709303,-1.7789984009524775,1.579438655565271,-0.2085603521327125,-0.05618846059808789,2.1066566363315298,1.404245562374707
54047,McDowell,West Virginia,-0.2692933847758584,-0.9493830236273426,-0.10133822946587479,0.9251164135548187,-0.4854319957587892,0.32183299041361424,-0.1160970760546745,-0.3109363235837997,-0.596607925483807,-0.7932828643968289,-0.6018450370076489,3.3217131425440916,-1.826992632763709,-0.003975828103191509,3.7418401190685078,-0.8753479744524874,-0.846268461845203,-0.6539480568864237,-0.45702446429895965,-0.2522002833820693,-0.25364547781363256,-0.3919005801292527,-0.5361079756990685,-0.8221988482510404,-0.8078024599131866,-0.3917739881004784,3.5528668873723275,-0.4360945239006642,-0.47388366187981884,-0.365653387697849,-0.6262761174458611,-0.40571648277619843,0.12301865375389091,-0.42128700251752416,-0.08602139992103093,-0.4099968672195838,-1.175076232905726,1.3194428295621239,-0.3415058705809437,0.20359460643480262,0.11995048615756844,-0.47457818621152376,0.03097358669566698,0.6788826600582333,-0.11231339935317922,-0.2671257343826589,-0.21644925436149517,0.029552050315154343,0.14194190946365592,-0.411466926940271,2.624125976953904,3.244255299667375,-2.0766658502847983,2.668088186048177,-0.2700593643101183,-0.06399935528676609,2.158920268048132,0.7955036432501721
54049,Marion,West Virginia,-0.15668743092587203,0.1744935038606083,-0.3645610653424672,0.020800336932769743,-0.253068827208606,0.59879982546908,-0.4285020332598445,-0.3059878121189608,-0.3696355724620488,-0.5454504531984455,-0.6044931819527641,0.017671456980830835,-0.30353400282886733,-0.7883282512469002,0.816793587853571,-0.3711158520162979,-0.8864399656068999,-1.0639035038772235,-0.2693558551289127,-0.10039082192266575,-0.041405403080838434,0.041118061084015764,0.5806652632294207,-0.8220775922139315,0.03395792508185107,-0.4536063508972887,2.8106782115187623,-0.6357259623635602,-0.23358750561096359,-0.39207921969927,-0.6254989569280288,-0.4034518386221481,-0.197646784038241,-0.3620682924511754,-0.08602139992103093,0.1387640664012897,-0.7940730727079716,0.7121054516437626,-0.5080026443612302,-0.035408456459767056,-0.017771893666740122,-0.4090043189350016,-0.09472668810424238,0.257416903127753,-0.34893734346293015,0.10899504480475752,-0.7217965308110483,-0.10933072462442976,-0.12159636837620344,-0.6163333435549441,0.47694316303740386,1.0849680349428452,-1.7789984009524775,-0.3256980227798136,-0.1336610682818367,-0.03323126935941082,0.75940980360718,0.8051918435545411
54051,Marshall,West Virginia,-0.23149154732418928,-0.9220395188537699,0.14963634709688112,0.7749356187841948,-0.17996112198430866,0.7760630527022061,-0.6300853859093771,-0.32654019266665074,-0.5022542505339506,-0.6942624471877875,-0.6315344007356558,-0.13720549702994866,-0.17688800966721183,-0.9648075464542345,1.7442473660436733,-1.0480502120491941,-1.152448928336947,-1.3498028884272282,0.21605925329579717,0.025632357175957136,-0.10395167339036337,-0.304331010519469,0.15628983644257452,-0.8201415904541615,0.24000501843349414,-0.44377936767454484,2.326922588824889,-0.6359624158037548,0.8922731769624439,-0.4022828721903803,-0.6220600004995457,-0.3913054108253926,-0.0895671019724767,-0.23182648693889726,-0.08602139992103093,-0.08795974517270816,-0.6989336609839175,0.7174930458766751,-0.5075409600294454,-0.2106773692491178,-0.1978703903600674,-0.42539778575413156,-0.20899966519506893,0.3000969797789409,-0.15034224751367486,0.36838868562366556,0.6505932808666728,-0.24821349956401387,0.37862676088855296,-0.4370752290171051,0.47694316303740386,0.845047227751231,-1.1836635022878363,-0.3256980227798136,-0.231636518296663,-0.05042559921536685,0.8452087584069115,0.5193899345756481
54053,Mason,West Virginia,-0.24325062204088962,-0.6323853000679143,0.09060441013942011,0.53748173965757,-0.7938386740932014,0.7763245076130848,-0.6204337099433375,-0.31401000494039866,-0.5480484520711711,-0.4908071908624148,-0.6444183991776196,0.1725484109916089,-0.547010066646966,-0.9451987358756418,1.4588769727544109,-0.9711467695675702,-1.5981823914669233,-1.170663844196483,-1.755989823505264,-0.20294761923887508,-0.28501196786923927,-0.19757043447782283,-0.0816247416698437,-0.6894563365978568,0.43065630634420793,-0.4641250011880349,2.36502458330171,-0.5946916282743089,0.01809598202995744,-0.40932819597593134,-0.6022415918878777,-0.37805293991346905,-0.19182342449026676,-0.14771928726681535,-0.08602139992103093,-0.21842935633735924,-0.48399082702911383,0.5648491437075456,-0.40878519215636694,0.052225999934908604,0.11995048615756844,-0.14670884982890617,0.05382818211383261,0.24141187438355766,-0.40809332949036814,0.05711631664097605,-0.183101464545027,0.037885016811528914,-0.03291761137795694,-0.6316983248010445,0.47694316303740386,1.0849680349428452,-1.1836635022878363,-0.0535356401590872,-0.24997767226314435,-0.05841673915625449,1.0483863820130146,0.7228421409674027
54055,Mercer,West Virginia,-0.14882071244790013,-0.3445823274688161,-0.49530595428130825,0.5641281016503297,-0.9341690880592293,0.4256377133253536,-0.23082628084993195,-0.3127608259744121,-0.4169460909705823,-0.6476259247507519,-0.6129918939756137,0.7232220252521526,-0.9560525995739608,-0.592240145460973,1.2448491777874646,0.25720718840079626,0.03803764916460028,-0.4645733327507518,0.5837847540187259,-0.022406023036069502,0.19124102944328117,0.24356485433563577,0.36226611935393327,-0.821660238012195,-0.052834911934089644,-0.4448852690014693,2.3685977878104327,0.057374093236481516,-0.3392389029489511,-0.39267616008099515,-0.6217723131080857,-0.40140788032740865,-0.1289200834587479,-0.41325765213097765,-0.08602139992103093,0.2351744218056614,-0.8329345735011167,0.7082638967750691,-0.4266419506663685,0.052225999934908604,-0.09193009818752211,-0.8844148566897957,-0.1975723674859861,0.26408566510450115,-0.12921510964673288,-0.3875584961914377,-0.3164926238108988,-0.2037710115833471,-0.12222086666492336,-0.42171024777100463,0.9063797258207039,1.5648096493260741,-1.481330951620157,0.762951507703092,-0.06652870167186876,-0.041674905910816046,0.882781242478157,0.14316482275597486
54057,Mineral,West Virginia,-0.24221968946298714,-0.5063488676465651,0.06391484525070301,0.43465868816780595,-0.10819397721079287,0.6232713738190974,-0.4495816672390294,-0.33215338115154097,-0.4144135647622462,-0.6148258256557573,-0.6307340428087601,-0.3437081023776508,-0.4130879351248035,-0.9844163570328273,1.2448491777874646,-0.5475231525502736,-1.5027318650206603,-1.3242187772692493,-1.400544720800128,-0.20896721373322236,-0.2585717158637848,-0.2565473495777847,-0.011442155276103637,-0.7766430011581523,0.188669329100604,-0.4506695678168013,2.4989423468742027,-0.6178878187159914,0.7453217491810712,-0.40153589305221404,-0.6102344187627756,-0.3592837388104429,-0.11449129616575962,-0.3810702591678711,-0.08602139992103093,-0.21293020172385504,-0.6793324614757369,0.7523902031239251,-0.49485208742684206,-0.13100968161759458,-0.06014801053575808,-0.32703698483934723,-0.16329047435873767,-0.10803125319804302,-0.2348507989814432,-0.3171516508263057,-0.9988397077478594,-0.1565508681038896,-0.47006641348198847,-0.5907250414781099,0.04750660025410388,0.6051264205596165,-0.8859960529555155,-0.0535356401590872,-0.24879859807958485,-0.05381314016913445,0.692118475440212,0.34177292899554473
54059,Mingo,West Virginia,-0.2523064275263286,-0.4802191167606443,0.5412258498088358,0.17287657929443037,-0.2814505670507522,0.714362548010615,-0.5411302038306326,-0.3428246332735471,-0.553486140801141,-0.6332771609212617,-0.6404806385810053,2.2031573635773642,-1.443142012839602,-0.41576085025364035,2.0296177593329356,-0.23669961435709747,-0.5189686854648484,-0.48691287396606286,-0.32924921807415897,-0.17286475254620418,-0.12137142450352895,-0.3328235338779852,-0.7636256710795063,-0.8221096606834496,-0.8173051668459658,-0.28711784157492287,3.4551882452882707,-0.5564764870491536,-0.633130944284195,-0.24195127449591242,-0.6266247244513328,-0.40281712649281864,0.6145422992012401,-0.3919797197342444,-0.08602139992103093,-0.3952485368359677,-1.1792882468784338,1.317170498721465,-0.42460160378073875,0.3390296754083923,0.331831070502659,-0.048348048914121824,0.23666494545915523,0.9616381678723525,-0.19682195082094756,0.2590727941356972,-0.06253637828548869,0.2545421457172804,0.46418302644319853,-0.5856033810627431,1.335816288604004,2.2845720709009174,-1.7789984009524775,2.123763420806724,-0.250089965042531,-0.059318574436908765,2.238291736336273,1.3945573620703375
54061,Monongalia,West Virginia,-0.011595385729026287,1.7316275492325461,-0.26935494275228133,-1.461171425517926,0.607673818428357,0.3850103480482684,-0.3756734757520763,-0.32473604506912607,0.7273648875402517,-0.31457059787605207,-0.5421240394135881,0.7920562270347207,-0.004800473159748172,-0.9648075464542345,-0.25334538698116177,1.8309018357021154,0.3411051987060592,-1.7213461842993927,1.0206110697067716,0.0674724821182283,0.1875895988309026,0.15590135693354726,0.6435638702433497,-0.7668959197196321,-0.004463994574485386,-0.4107050446030022,2.160548644429245,-0.6345153186320777,0.9107998396137348,-0.38939075986588984,-0.6248243108240672,-0.39908889590608065,-0.010528020374376175,-0.2920962582617398,-0.08602139992103093,0.2994191537379459,-0.7571251278561791,0.6068238047675086,-0.4673595301212014,-0.11507614409129027,-0.11311815662203072,-0.5401520534880482,-0.1861450697769033,0.23207560761611026,-0.25175250927499687,0.19422438393096997,-0.37549255964003464,-0.20654866708213862,0.008299275677566262,-0.262938774894633,0.04750660025410388,-0.1146360010152266,-0.29066115429087425,-0.59786040540054,-0.1046146693471642,-0.010535175022009197,-1.0292277089498982,0.11248552179213923
54063,Monroe,West Virginia,-0.28203067392727305,-1.1933132886119817,-0.17721673396769833,1.1876334722982018,-0.10071941541519518,0.7745196864091941,-0.6282069663948748,-0.23801747038921453,-0.5192277323577446,-0.566809224610966,-0.6312319513909763,0.20696551188289292,-0.7596655066549926,-0.2784991762034896,0.3173953995973624,-0.8720283333656769,-1.3924973667223988,-1.3546911301101299,-0.7687654070412754,-0.2784731852690226,-0.4069369219593936,-0.35063438229830945,-0.2910111804084575,-0.8107949460744757,1.1472828108255666,-0.4662836005230552,1.9770590505405037,-0.5516624735275161,0.9734200876171456,-0.40554773946167244,-0.6200742631986229,-0.36252556020016274,-0.22625484609571764,-0.42166214319164935,-0.08602139992103093,-0.3805968551810348,-0.27920131853628666,0.4357615370058259,-0.3872721915994884,0.028325693645451865,-0.007177864449485444,-0.6549063212219648,-0.15186317664965565,0.37478711391851965,-0.04681927196565872,-0.11890079677185456,-0.3395795552222997,-0.1398849351111389,0.03889969182484859,0.27995722913425053,0.47694316303740386,1.3248888421344598,-0.8859960529555155,-0.0535356401590872,-0.3077897381840228,-0.0650261776089688,-0.025029894655843765,-0.7126262041299759
54065,Morgan,West Virginia,-0.26853190048536224,-1.3115668636921256,0.4248118816625535,0.9967573614492677,0.08316743270377784,0.7490720390509051,-0.6108971716361096,-0.23592780434721725,-0.44529604331252054,-0.3677043966804319,-0.582813655607311,-0.6878791112904907,-0.34746540425079664,-0.3961520396750457,-0.039317592014215016,-1.4431382770834842,-0.124116185988594,0.1892399728502423,0.7928751194320551,-0.26490010584417173,-0.3934524044921125,-0.3441234882669955,0.7591859040018244,-0.8041034443751873,0.05343403213058393,-0.4837281624986412,2.5830920686414074,-0.548440050362005,0.666012597662751,-0.42450279334470653,-0.613778522948994,-0.39228411009664876,-0.2496262218149337,-0.3816559172573309,-0.08602139992103093,-0.08542897314876137,-0.7675626271994644,0.7831229456660326,-0.5689822087642342,-0.13897645038074702,-0.0283659228839948,-0.2778565843819527,-0.12900858123149003,-0.054681157384058154,0.1834665307840097,-0.1429873491336101,-0.7474486768237161,-0.13432962411355506,-0.20153214933236882,-0.4370752290171051,0.04750660025410388,0.845047227751231,-0.8859960529555155,-1.4143475532627192,-0.2893362914381548,-0.05459480521301572,0.3178606251792157,-0.1620134868316563
54067,Nicholas,West Virginia,-0.24916676922089828,-0.827834462823668,0.05324909586328595,0.7361488715583023,-0.3568766761351376,0.7785256258588794,-0.658130996185712,-0.2598724797311409,-0.5165095852062657,-0.6422718353518145,-0.6455252294752571,0.7404305756977946,-1.0776190244462058,-0.592240145460973,1.6729047677213575,-0.9673814797768051,-1.3519366425586243,-1.5530309314134794,-0.11667546712347246,-0.24803564300939923,-0.3543841636955491,-0.4428322733650418,-0.1820396241981343,-0.8221411347203897,-0.4494368741854349,-0.3099720544591908,2.704411749493656,-0.5843191384193397,0.7912134796967144,-0.22376645851734728,-0.6116134962389405,-0.3429577608441046,0.214368184801451,-0.3573442788617783,-0.08602139992103093,-0.360460353501562,-1.0128644310076111,1.1403505797704783,-0.25262419019087695,-0.011508150170309747,-0.0495539813185034,-0.6549063212219648,-0.16329047435873767,0.1507167114997835,0.012336714061778912,0.09046692760340702,0.1708981504297873,-0.1676614900990557,0.14631339748469627,-0.6521849664625118,0.47694316303740386,1.3248888421344598,-1.481330951620157,0.2186267424616392,-0.24106911176513915,-0.06305934828157325,0.22494209163761944,-0.6577264024052167
54069,Ohio,West Virginia,-0.19962635855265756,-0.3169143327509841,-0.6097189696779621,0.5956178079820147,-0.7567141183665345,0.5614706400755507,-0.3698342198715721,-0.3136059446919233,-0.2915893960345077,-0.3737712642499167,-0.6089629492815419,-0.0683712952473792,-0.3659989642256731,-1.00402516761142,0.388737997919678,0.22083438658798132,-0.787354539419465,-1.7901439269565826,0.45776786429644695,0.58565674354127,0.7844274283522722,0.6355296978852553,1.5891129553571457,-0.8135296316243757,0.5035132444527141,-0.4737228570742967,1.3012651273144145,-0.6295500791130777,1.4592680146157881,-0.4177115227530647,-0.6258921584172978,-0.40358314920544985,-0.12489141481268869,-0.19472487052699597,-0.08602139992103093,1.0100552110874512,-0.5731898945671886,0.12119317828096006,-0.6588468299897139,-0.22661090677542267,-0.219058448794576,-0.47457818621152376,-0.20899966519506893,0.042682767476464184,-0.6764079804005323,0.40544492002636656,0.4735934733792659,-0.2676570880555553,0.0719981011270106,-0.2373304728177989,0.04750660025410388,0.36520561336800217,-0.588328603623195,-0.59786040540054,-0.17951395319804003,0.008647255923315748,0.5917869263295846,0.2255145253431138
54071,Pendleton,West Virginia,-0.3004995967575377,-1.4405037951870625,-0.9488005046317405,1.7996275874156975,0.13202794341110755,0.693818518155772,-0.5341807967364438,-0.28224197529723966,-0.5322755804042782,-0.5509628762749705,-0.5949116132129176,-0.17162259792123075,-0.8423114555799971,-0.3961520396750457,-0.039317592014215016,-1.09432927499475,-1.074069510466885,-0.09387066843703092,-2.3282707082036835,-0.28643798032842077,-0.44944516376235955,-0.6234182966758841,-0.42764932341017775,-0.8038018873037048,0.1075104139071126,-0.48243687506724475,2.259869569650016,-0.34328804214909675,1.8520492956528818,-0.41899882143785677,-0.625185626457595,-0.4037539853053043,-0.14550762791761113,-0.41796427734576447,-0.08602139992103093,-0.5260942818546733,-0.7427969663489771,0.9492949494710076,-0.22015735653632854,-0.15490998790705188,-0.16608830270830335,-0.8680213898706658,-0.40326372624947354,-0.040009881035212407,-0.1334405372201212,0.005237588477194244,-0.4037099202539692,-0.3426537865229312,-0.15469477767836545,-0.40265767102584005,0.47694316303740386,1.3248888421344598,-1.1836635022878363,-0.3256980227798136,-0.33606880312622,-0.0688012167348928,1.474419351679608,0.3546905294013707
54073,Pleasants,West Virginia,-0.299061562962793,-0.762754076349053,1.3717780999029234,0.019540936999759093,1.8905649705961127,0.7293725270300987,-0.578306427331314,-0.2743679890701619,-0.533139265574959,-0.5699084540421976,-0.6356783107213589,-0.2576653501494408,-0.051477587170548046,-1.239330894554533,2.100960357655251,-1.3494770299941525,-2.0917665215641987,-1.9218351310608301,-1.4774876668079644,-0.1599043231905119,-0.27471323419563426,-0.38607898952683056,0.22905737685473498,-0.817146375198254,-0.35290843680110584,-0.466955834970052,2.8152397044959607,-0.5968779084954522,0.4016886258932325,-0.36099132178303134,-0.6220885960466309,-0.39325261669723927,-0.16230574996759087,-0.1142839922599775,-0.08602139992103093,-0.18652832495368393,-0.9642688142586459,1.0180127305994384,-0.6397539489139656,-0.059308762749223795,-0.007177864449485444,-0.22867618392456057,-0.026162901849746293,0.4774860483604404,-0.5454197256254912,0.43138428410825747,0.16063729202471996,-0.06766589214255453,0.2468576219686235,-0.05295069786459316,0.47694316303740386,1.0849680349428452,-0.8859960529555155,-0.3256980227798136,-0.34299352452172827,-0.05929176783704373,2.630369938961869,2.875237308588106
54075,Pocahontas,West Virginia,-0.29675660859117575,-1.5424337932266436,-0.07066688122537461,1.456207731042781,0.5090147592210916,0.7474184147284944,-0.5945237642491304,-0.26269739407300174,-0.5266946821011983,-0.6442180940092813,-0.5810347284726766,0.2757997136654609,-1.11667678602289,-0.6118489560395658,1.2448491777874646,-1.2318191218651107,-1.2140557459742138,-0.5538755413890853,-1.7033736003997861,-0.2830276621204668,-0.44704413458989506,-0.627979546239402,-0.262262884988517,-0.8190310614760942,-0.3929641016502397,-0.4809598098923933,2.183941256964249,-0.33757381823896054,2.806797835691493,-0.41973020645375747,-0.5910694504480052,-0.3430752778422462,-0.17664889363952316,-0.40844573447640126,-0.08602139992103093,-0.48118201532609595,-0.9842491033016105,1.1646496685987313,-0.03854414415082787,-0.3381456694595551,-0.5156912668777032,-1.4417927285402465,-0.7003734666856227,0.4508110004534481,0.12219783096987792,0.2868649699377228,-0.10614502650702375,-0.6676394798815585,0.3180504268827086,-0.42683190818637146,0.47694316303740386,1.5648096493260741,-1.1836635022878363,0.2186267424616392,-0.3306600342524311,-0.06905816457156762,1.3242002853335952,0.38214043026375
54077,Preston,West Virginia,-0.22299513991369171,-0.8283330226882246,1.0814587406766463,0.2245416973570046,0.5385344939711647,0.761843372468612,-0.618477243659587,-0.31757366796153313,-0.5644285069260362,-0.6228012193233721,-0.5873710855747337,-0.03395419435609518,-0.33641391108059254,-0.651066577196751,0.4600805962419936,-1.3895104372964278,-1.494279992037783,-1.2826465391702462,-0.7805052478222458,-0.2502562362024272,-0.3558943575583787,-0.4636229743094903,0.3929177230500616,-0.7962793106294479,0.38086455545487774,-0.46306430802808807,2.4682702905169296,-0.6067885517907334,0.4652087411442928,-0.37940643395796114,-0.58532052714887,-0.31085823510969846,-0.0771960605102579,-0.3845392028201192,-0.08602139992103093,-0.21194041162963845,-0.6117014554398534,0.6862105987264816,-0.25491027228536,-0.2505112130648794,-0.293216653315358,-0.8516279230515335,-0.4261183216676392,0.4654822768022938,0.6165728570563221,0.7000419835278405,-0.23953618577289607,-0.41209517399272244,0.5778417149902472,-0.3551286623712359,0.47694316303740386,1.0849680349428452,-1.1836635022878363,-0.59786040540054,-0.23245999867883158,-0.06015247574367171,0.8788136746419607,0.9763500489317312
54079,Putnam,West Virginia,-0.15558034991891992,-0.43709865244202856,1.083666877929151,-0.13699464207534268,-0.3340967023134675,0.7140972521389446,-0.5941411241953811,-0.31447345480807565,-0.3072896994600681,-0.5047713485532112,-0.6118928393734682,-0.9632159184207626,0.7735404029703397,-1.160895652240162,0.3173953995973624,-1.2632814007956927,-1.2749278007657383,-1.105053602088443,-0.5339782683232308,-0.04936543048455229,0.0450279042771977,0.21605105028688001,0.4160717037644104,-0.8044153272635852,-0.07231881117223725,-0.4430413137406253,2.6489944678222432,-0.6198069894738009,0.12657826409444908,-0.40435887197122006,-0.6176826110315983,-0.39377381277999046,-0.10422070944560456,-0.32440168275027725,-0.08602139992103093,0.19079412375431556,-0.8247709635308954,0.7194874976741562,-0.4789984431950683,0.18766106890849832,0.26826689519913244,0.017225818362402626,0.19095575462282396,0.23607686480215903,-0.24330165412821983,-0.09666705613023369,-0.15744931853235938,0.18510075824748837,-0.03229311308923702,-0.5497517581551753,-0.38192996252919614,0.1252848061763878,-1.1836635022878363,-1.4143475532627192,-0.14107239172135363,-0.03719121164559512,0.930092170267214,1.1911051556785834
54081,Raleigh,West Virginia,-0.10605165439360989,-0.46094707485231207,0.18216330358267613,0.33394108370786135,0.0642365447268838,0.2773264616389389,-0.10446624240076235,-0.28044565290972945,-0.2667104910775075,-0.37395522950432747,-0.5806891311259537,0.4995108694588065,-0.7094876090933827,-0.7491106300897147,0.5314231945643092,-0.21767287367682928,-0.7822771297492616,-0.9624296667768407,-0.28453166997403495,-0.07443666550777688,0.07292705012450368,0.15696223633026582,0.04594439931466827,-0.8207732595463484,-0.44111945373149125,-0.3765237217331026,2.722870739219992,-0.11487337537093631,-0.47175110125814756,-0.3340680792273963,-0.6154202771529087,-0.4000376567463814,0.3346348847822996,-0.38633898741674905,-0.08602139992103093,0.07276864065111359,-1.0077540800805123,0.9483429934662643,-0.28618566250304445,0.03629246240860373,-0.0283659228839948,-0.704086721679357,-0.10615398581332439,0.5935225067558575,-0.08062269255276605,-0.12631204365239462,-0.25236225877922963,-0.1398849351111389,0.15006038721701667,0.11094243542714528,0.9063797258207039,1.0849680349428452,-1.481330951620157,0.2186267424616392,-0.003682176141823519,-0.04570458796351783,0.4053291749757827,-0.2136838884549591
54083,Randolph,West Virginia,-0.23686879792938526,-0.6352488518081809,0.17180725410101694,0.49967942989081066,0.8792639743470131,0.7117504769244232,-0.5744398053618033,-0.31204394006415664,-0.4318298036048737,-0.5871419079394631,-0.6257652380430268,0.396259566784955,-0.6477777186585164,-0.5530225243037876,1.4588769727544109,0.009235757412825202,-0.7268490130729887,-0.8135851703417974,-0.5322715537584171,-0.25973536444652345,-0.39379284963206934,-0.5589134857697812,-0.18062773110178368,-0.814680289474255,-0.4875828472356081,-0.44337262637804764,2.680448681109454,-0.4409040293580693,1.4701698885193428,-0.35595982459587605,-0.6118999888380382,-0.3768026958577567,-0.09814683896394005,-0.41420431200442925,-0.08602139992103093,-0.4143030172720668,-1.0227787654039693,1.1732351508171481,0.03439453374970032,-0.28237828811748916,-0.37796888705339393,-1.179497259434151,-0.5746731918857134,0.3294395324766326,0.40952690596028984,1.0576346455139065,-0.016362515462686935,-0.537089671438349,0.6278015780878506,-0.4473185498478388,0.47694316303740386,1.3248888421344598,-1.1836635022878363,0.2186267424616392,-0.24355826837487587,-0.06511702669664537,0.10039626587201769,-0.23467498911442622
54085,Ritchie,West Virginia,-0.2929286856385662,-1.0004387176046723,0.1495223274916086,0.8472200659991822,-0.07744493826462688,0.8082796831031046,-0.658042734404365,-0.33206192023999015,-0.5524183521157349,-0.7968188446378053,-0.6397153112146466,0.5855536216870165,-0.6583487121256681,-0.5334137137251949,1.2448491777874646,-1.0207810406334423,-2.0824965932571287,-2.308664991338357,-0.8502833703998627,-0.2741813289384793,-0.4088927681304019,-0.5371181517021121,-0.1207610983133122,-0.8221155901379598,-0.279942639932457,-0.48754403666306767,3.243619610843466,-0.5700300505701557,0.06249865493455721,-0.3947162113106966,-0.6261680123106522,-0.4056186110527326,-0.25112064691027547,-0.42080358012841945,-0.08602139992103093,-0.39806955519796094,-0.9361457166964552,1.0820001686267964,-0.40214289499584926,-0.019474918933462183,0.03519825241953252,-0.22867618392456057,0.008118991277502157,0.36945210433712106,-0.40809332949036814,0.5240248701150103,-0.21388403976022802,-0.03433402615705466,0.17691381363197814,-0.30391205821756767,0.47694316303740386,1.3248888421344598,-1.1836635022878363,0.2186267424616392,-0.3274971209663747,-0.06648398917318582,0.5167487710621095,-0.12326068561417954
54087,Roane,West Virginia,-0.2808210854196772,-0.8997705777500719,0.08478742084460714,0.7867155804964439,-0.33803255821890205,0.8002578525545845,-0.6715699033750382,-0.2985806023775996,-0.4808528864579586,-0.4577735555042503,-0.6113250825588437,0.8436818783716448,-0.9644956657847379,-0.3373256079392697,4.02721051235777,-0.9405645924223355,-0.7848622405748025,-0.7372417072403487,-0.027355747453061952,-0.2796639851722518,-0.4270766730302616,-0.555388736843623,-0.08265009291715306,-0.8221988482510404,-0.08947665563243487,-0.49841582932272205,3.262257315521784,-0.6323016979843453,-0.11306476659812499,-0.41310169357461896,-0.6268783757608254,-0.4062617303182623,-0.2487357304147243,-0.42554128341097164,-0.08602139992103093,-0.40058767753674956,-0.8500447344372943,0.9993781478924968,-0.3797958840331657,0.10799338127697508,0.09876242772305983,-0.19588925028629833,0.1223919683683287,0.08936410131370084,-0.24752708170160817,0.14605127920745853,-0.5319706503173076,0.06010626080186269,-0.11160439575668249,-0.6624282872932454,0.9063797258207039,1.5648096493260741,-1.481330951620157,1.0351138903238184,-0.3019879445823807,-0.06496925996007188,2.2266141005526596,1.3428869604470353
54089,Summers,West Virginia,-0.2840866815116127,-1.7581487601919519,0.3749747982969978,1.4330043577839153,-2.0671214039647414,0.5360337689516174,-0.3701057495315375,-0.26075441445465375,-0.48475510447055753,-0.5516222304517804,-0.5735560830485954,1.5492324466429679,-1.2851262533501,-0.6706753877753437,1.1021639811428334,-0.5658309626441144,-0.3788703350127331,-0.9073291977673685,1.0835000247320143,-0.2647173547874287,-0.3372834401574751,-0.3299589786121101,-0.20724370224940716,-0.8214799274847981,0.015638756572051188,-0.46034071137506155,2.8399197709244404,-0.47681499000505434,-0.04183827846636123,-0.36911086338356586,-0.6184077835304211,-0.37373564469963033,-0.1851521636632735,-0.2645917085403127,-0.08602139992103093,-0.3268637529856103,-0.8017737418657098,0.9206190372839949,-0.4661010679910136,0.08409307498751778,0.056386310854041874,-0.5565455203071782,-0.04901749726791112,0.4161334381743577,-0.12287696828665003,-0.2115413827786074,-0.4550142122793046,-0.062110581144970686,-0.02355013704715591,-0.2373304728177989,0.9063797258207039,1.3248888421344598,-1.481330951620157,1.0351138903238184,-0.30990458552913747,-0.06373766161275915,0.2558505262084783,-0.4962563973323958
54091,Taylor,West Virginia,-0.2720142267215158,-0.8302840093224519,1.0045526182407047,0.26463970519214375,0.297953456197662,0.7404751601456417,-0.6029513858607021,-0.3191654136946983,-0.4573622616017766,-0.622529507417986,-0.6281114378672292,0.37905101633931104,-0.5098743038824914,-0.7295018195111219,0.6741083912089404,-0.7804007191804341,-1.539985074714861,-0.9626025190171588,-2.077156945102842,-0.22126195969108653,-0.29128789663965626,-0.22479120950028528,0.48739824305123497,-0.8221988482510404,0.6320672118351562,-0.4440035456662503,2.5366432229554206,-0.6389925192973507,-0.3496867163478972,-0.36833551300636647,-0.6250435162312974,-0.39463354957663227,-0.16014307809993716,-0.27997600845472,-0.08602139992103093,-0.07855074892657815,-0.5235571113335632,0.5429261210094145,-0.6091710851939586,-0.011508150170309747,0.0034161647677692342,-0.3762173852967394,-0.06044479497699393,0.30676574175568905,-0.2602033644217735,0.3702414973438006,-0.7910573250452512,-0.08155416963651294,-0.0010681986532347688,-0.6009683623088435,0.47694316303740386,1.3248888421344598,-0.8859960529555155,-0.0535356401590872,-0.3028862868174737,-0.05100372077027647,0.31957230624048494,0.2012940245821909
54093,Tucker,West Virginia,-0.30088033890278576,-1.8639474581587427,0.4418604371943113,1.497164424622776,0.3665624227906414,0.7997400725302239,-0.6651042649435289,-0.32171044086245815,-0.5088469235736103,-0.721483812922812,-0.6380486046967118,0.13813131010032487,-0.583459401264223,-0.5138049031466021,0.8881361861758866,-0.8512752905204218,-1.5108214922565448,-0.9904445270851613,-1.9044709541735747,-0.26585815459268874,-0.4272667764941854,-0.5919729052337256,-0.010014380667969041,-0.8199564509607314,-0.5855312916991144,-0.3212609267146142,2.0960230849542207,-0.07108483475183901,1.1609844060280088,-0.334500995170655,-0.21285595506324062,0.5394747863700378,0.036726738060581014,-0.38235566913426244,-0.08602139992103093,-0.3905469053697598,-1.0722939892886365,1.2111185934294613,-0.42638876893603495,-0.28237828811748916,-0.3461867994016306,-1.0811364585193668,-0.5403912987584657,0.4067971714069106,0.5869948640426031,1.3374092152543005,-0.13949281632349195,-0.5037578054528483,0.7808036588242618,-0.42171024777100463,0.04750660025410388,0.6051264205596165,-0.8859960529555155,-0.3256980227798136,-0.33610623405268225,-0.06749214537235558,2.2461247274515745,0.979579449033188
54095,Tyler,West Virginia,-0.2957491062991347,-1.0242127172316033,0.019713153499715506,0.9337698432150489,0.15062812137685136,0.7909773199418313,-0.6657800146168633,-0.3113050032684286,-0.4231605738717045,-0.6987105549850775,-0.6469362025025903,0.15533986054596688,-0.5063735203316815,-0.9648075464542345,2.671701144233775,-1.3672038131089348,-2.062216516092366,-2.026827232602634,-1.0757619323920793,-0.23194854065448875,-0.3833750594995034,-0.5157130815449451,-0.001964495027452738,-0.8214745626984008,-0.1205911783942761,-0.46793538044592253,3.0623386409928663,-0.6330907824302622,0.10368404450934368,-0.4095272578188561,-0.6252304691403296,-0.40402386075618874,-0.2483093807328746,-0.29331662118514634,-0.08602139992103093,-0.3418136812770415,-0.8634104326519442,0.9869978934465887,-0.5457937408742655,-0.059308762749223795,-0.03895995210124948,-0.2778565843819527,-0.06044479497699393,0.4041296666162112,-0.17146938538061685,0.32577401606055917,0.15807207742345325,-0.09266479163167982,0.2868255124467064,-0.40265767102584005,0.47694316303740386,1.0849680349428452,-1.1836635022878363,0.2186267424616392,-0.3354324773763625,-0.06399697036479098,1.895444213044959,1.6642122705419489
54097,Upshur,West Virginia,-0.2501039806553551,-0.013331395969597424,-0.45775330827364014,0.24025115561606986,-0.21342776378100817,0.7442945427336716,-0.6058019464393781,-0.31320031669125936,-0.4433070675220925,-0.5898849224070726,-0.5993053345801234,0.5167194199044486,-0.7309041672865733,-0.41576085025364035,1.4588769727544109,-0.2585029629937128,-0.5087064025062772,-0.5536410639202918,-0.1749229877788055,-0.2287315027293048,-0.29477569896330313,-0.3358826232175478,0.1364673789729666,-0.8217729223622969,0.26932277930948195,-0.4598589662731944,2.6683645695643143,-0.6345605234689641,0.3304410474941283,-0.36114501563201223,-0.6250613625434311,-0.4013266951378483,0.012359070197734693,-0.4129033168475779,-0.08602139992103093,-0.2149642003651036,-0.6872740711120637,0.7609893462851237,-0.47581877852293697,0.012392156119146994,-0.03895995210124948,-0.523758586668916,-0.10615398581332439,0.14938295910443367,0.0841689828093819,0.5295833052754153,-0.23953618577289607,-0.12044134661959664,0.21500820924390088,-0.6265766643856777,0.47694316303740386,1.3248888421344598,-1.481330951620157,0.2186267424616392,-0.26605425517866216,-0.05663134507289638,-0.15471379379263636,-0.4833387969265704
54099,Wayne,West Virginia,-0.20551028908960675,-0.608354038669395,0.2521178546936232,0.4349056677843824,-0.5110917672732107,0.78581636618397,-0.6538021502305686,-0.30268000489138513,-0.5067577463018619,-0.5842538081000606,-0.6545409625594054,0.8780989792629307,-0.9353911123427098,-0.5726313348823804,1.0308213828205177,-0.22815074816782435,-0.779737131511138,-0.7876677281476859,-0.5388748833898942,-0.18096393393004265,-0.1450806248667487,-0.09192963527711574,-0.19771430514703117,-0.8213875250988807,-0.5650952256178369,-0.4840557928040625,3.3455388294132704,-0.6231984535726214,-0.1386441333691763,-0.42231860875706356,-0.6243611902725633,-0.40284337352776645,-0.17036931587225707,-0.32232410120725574,-0.08602139992103093,-0.16706632367960408,-1.06445605229679,1.1070144745566461,-0.3586254234643856,0.28326229406632586,0.31064301206815037,0.0664062188197948,0.23666494545915523,0.5801849828023611,-0.23273808519474903,0.6574273139647342,0.034941776562648255,0.2489868347196966,0.43295811200719625,-0.6675499477086123,0.9063797258207039,1.8047304565176885,-1.481330951620157,1.0351138903238184,-0.18093632840360388,-0.05479322711832354,1.34398006518969,0.8713945456343978
54101,Webster,West Virginia,-0.29714613709362186,-1.1051556406987375,-0.15276034650198891,1.0942358275231183,0.1132796122847604,0.8162563275535709,-0.6566125377063415,-0.30448751643005834,-0.5283646419103554,-0.6904743611115919,-0.6490042595786055,1.2566870890670543,-1.4646272138475143,-0.7295018195111219,1.6729047677213575,-0.12503004975971646,-1.1493238103455312,-1.353908821020804,-0.6946265944026008,-0.2882624157005485,-0.45861808296397366,-0.6355049520758064,-0.4289220429907843,-0.8221988482510404,-0.7128867076641249,-0.4186177491254554,3.3930924269917107,-0.6283416088192049,0.27307365983156473,-0.298526904279115,-0.6226297493881843,-0.3920998216117879,0.058428541762141226,-0.41163116194648536,-0.08602139992103093,-0.5337368317757191,-1.1321282989766905,1.3311105591559347,-0.32575647764989557,-0.13897645038074702,-0.27202859488084863,-0.9991691244237123,-0.38040913083130873,0.42013469536040676,0.37149805779979417,1.0113143525105301,0.08111563938545002,-0.3815409635060157,0.6671449702772135,-0.411466926940271,0.9063797258207039,2.044651263709303,-1.7789984009524775,1.0351138903238184,-0.32940609821594724,-0.06783809770095534,0.18717463100243995,-0.827269907731679
54103,Wetzel,West Virginia,-0.27678814746578023,-0.6912278459824711,-0.1518104111466843,0.7124190823063732,-0.4967920502853081,0.8027970555282654,-0.647937017677525,-0.3275956386761231,-0.5021058749146534,-0.7855490755400335,-0.6229639083013636,0.31021681455674494,-0.6107792415234853,-0.7883282512469002,2.3863307509445124,-0.9653067899455988,-1.6722057039161333,-1.6590093658582008,-0.9543388098254997,-0.2321777923047134,-0.3461877667703376,-0.49501020769978543,-0.14145832304782643,-0.8217807605490365,-0.5486202084135173,-0.4790326344400655,3.416849162022304,-0.6376184349218235,0.05280642731165611,-0.4172073688166775,-0.6262838506719555,-0.40383962171625154,-0.23777841510058328,-0.36356274715043885,-0.08602139992103093,-0.36156502999070556,-1.0573885472791897,1.184114782580102,-0.4708668417384703,-0.10710937532813784,-0.11311815662203072,-0.3762173852967394,-0.15186317664965565,0.4067971714069106,-0.023579420312022578,0.12196472684570298,0.14781121901838595,-0.1676614900990557,0.2605965843204644,-0.6060900227242104,0.47694316303740386,1.5648096493260741,-1.1836635022878363,0.762951507703092,-0.29985438177403495,-0.06216831313197766,0.15969264497328564,-0.47042119652074443
54105,Wirt,West Virginia,-0.30386184277865147,-0.8320218992657524,0.4645909324591987,0.5351512061567593,0.3720663216468243,0.800657448346305,-0.6515868359771178,-0.300768611541055,-0.5075853871430145,-0.7698885687017362,-0.6391841964625617,0.5167194199044486,-0.4870162465801439,-0.7883282512469002,2.814386340878406,-1.4843861583553126,-1.642517301413236,-1.1463821974440545,-1.6764386923292165,-0.2859572380652158,-0.45255759413735014,-0.5564254119803755,-0.0006642185032831432,-0.8220379466450122,-0.11024207093561178,-0.496164015848647,2.900931308878673,-0.4791354867100567,0.39783995972230046,-0.3711113388120878,-0.625963160688345,-0.4050188613789783,-0.25630694151504885,-0.3661489550696408,-0.08602139992103093,-0.3875887167017442,-0.8592823411396037,1.002747063814055,-0.5651546967233081,0.02035892488229943,0.03519825241953252,-0.19588925028629833,0.06525547982291542,0.27875694145334695,-0.376402622689955,0.5036439411935244,-0.29597090700076467,-0.0010021601715547901,0.11696197791485377,-0.40265767102584005,0.9063797258207039,1.8047304565176885,-1.481330951620157,0.4907891250823656,-0.3486830253439837,-0.06570213399316761,1.4405574202626914,1.165269954866932
54107,Wood,West Virginia,-0.07630397770680404,-0.5166953595488196,0.38094533143387893,0.28630395257649,-0.6925928394767084,0.7299883367182836,-0.574506238651698,-0.31317012487380297,-0.3812152594366148,-0.3728428909048602,-0.6145570059009993,-0.0683712952473792,-0.44706612841207694,-0.8863723041398639,0.816793587853571,0.01494814940081204,-0.47601984603032327,-0.8049276969229442,0.05342605783708927,0.07924927255552945,0.23924895610210542,0.3887846981107389,0.8796863179376354,-0.8110746846634398,0.2539464652069718,-0.48578253763051943,2.0484541616193,-0.5982189576227052,0.6070794248089653,-0.39177090076883325,-0.6183277395060214,-0.4000687552639752,-0.20694259648485436,-0.18048448738018208,-0.08602139992103093,0.4618335794443547,-0.6836978622390593,0.4653166345866967,-0.45930984040088796,-0.019474918933462183,0.056386310854041874,-0.09752844937151399,0.07668277753199744,0.48282105794183877,-0.5264053015452435,0.3720943090639356,-0.024058159266487533,0.010108461823612096,0.19002827769509914,-0.42171024777100463,0.04750660025410388,0.6051264205596165,-1.1836635022878363,-0.0535356401590872,0.03354288022484116,-0.024530334009214685,0.19435151667477588,-0.3234834919044773
54109,Wyoming,West Virginia,-0.2611806482963416,-0.7672968205457305,0.11640326613299933,0.6489248265852506,-0.2957938248528235,0.7964990329510984,-0.6362362996001774,-0.30974577191584235,-0.5884221106791545,-0.7601215171910145,-0.6489359170515205,1.4459811439691146,-0.8896749977380146,-0.5530225243037876,2.1723029559775666,-1.5490598018320247,-1.604687324373352,-1.3446446344366727,-0.8810624419119963,-0.2508724957399291,-0.2853247573288133,-0.41009238599456005,-0.6289668075817607,-0.8221988482510404,-0.786270717731293,-0.38385846258523815,3.271680107067507,-0.1828568037593422,-0.2241228415365118,-0.3501264439648687,-0.6258079983737531,-0.4050988658963741,0.024473276128691112,-0.40467738741083203,-0.08602139992103093,-0.4507793537779665,-1.1653334471331553,1.327577829221771,-0.3663027871106791,0.17172753138219343,0.11995048615756844,-0.4581847193923938,0.01954628898658416,0.8522704714536835,-0.11231339935317922,-0.23377512342022794,-0.2728839755893638,0.018441428319987456,0.22062869384238148,-0.5446300977398085,0.9063797258207039,2.2845720709009174,-1.7789984009524775,1.3072762729445448,-0.2618058450252017,-0.062387223621141,1.9395983463532982,0.911762046902603
55001,Adams,Wisconsin,-0.2616902570138275,-2.4560133863493956,-0.43481921026749154,2.479225181567598,1.4343863984370204,0.5532781158485235,-0.4846324072730748,-0.16877229368300753,-0.3539021890727969,-0.26339543868898974,-0.4018730331602569,-0.49858505638843054,-0.1761329387052724,-0.5334137137251949,0.6027657928866248,-1.4406212952778286,0.47168583831773564,1.4188070066036238,-0.19964864876255528,-0.2578831989662622,-0.3636533863376278,-0.16707655631383342,-0.08849065599958401,0.05882928320607227,-0.6370622560435031,-0.24494737560760038,0.21498828233832737,-0.02173709591689885,0.8353046711879765,-0.29991063787265226,0.5486079438865386,0.6182004953866771,-0.22558346335893745,0.09646197055082316,-0.08602139992103093,-0.24496651934343525,-0.23033616985305835,0.3296977428935447,-0.22802832974111245,-1.3419585336167479,-1.2572733120855202,-0.9991691244237123,-1.2031745658852593,-0.68021103080303,-0.30879578151574033,0.3980336731458265,0.8558104489680145,-1.2592801011241863,-0.06726501725755923,-0.3346420207097686,-0.8113665253124961,-0.1146360010152266,2.0906784403676912,-0.3256980227798136,-0.2453549528450618,-0.0647367719513514,2.5359188932697396,0.8019624434530848
55003,Ashland,Wisconsin,-0.2753325409566395,-0.1011404094715255,-0.39488985231565715,0.28984079241282035,0.05502334516581512,0.042787450206951724,-0.6455363021664471,1.6167439336970568,-0.3258793073439622,-0.5036588138254314,-0.4842126621529463,0.5683450712413746,-0.5848322575586583,-0.5726313348823804,0.4600805962419936,0.4059677495894745,0.630424763369209,0.8093458781607442,0.20619915301996242,-0.27928037845679365,-0.4442807043701602,-0.6252704115666228,-0.9998780494006165,-0.8075843942793517,-0.6826662144172413,-0.5058226354863604,-0.11164063939402832,-0.5165043792710327,0.803999820002105,-0.43692687651978424,0.8241532313408146,-0.14026872539862228,-0.1880557043219685,4.273227456482729,-0.08602139992103093,-0.6795261174076166,-1.104064222246711,1.3667681028422225,0.9670787956914098,-1.7641972780638209,-1.8505389482517731,-1.7368751312846018,-1.705975665084896,-0.8509313374077815,-0.541194298052103,-0.4505540946760296,0.6352019932590721,-1.8092558898849396,-0.5556226790366344,-0.6521849664625118,-0.8113665253124961,0.1252848061763878,1.7930109910353704,0.2186267424616392,-0.30443967026565527,-0.06946963551452909,0.550295475096686,0.28525842722005773
55005,Barron,Wisconsin,-0.18840032283930452,-0.5752298169786397,-0.24946998515485888,0.6541885302658526,-0.025597997701069387,0.6461745351265014,-0.5813435153550518,-0.18313539324284678,-0.3259423349696832,-0.5639174948011668,-0.5155390230866627,-0.9632159184207626,-0.09266327600360676,-0.5726313348823804,-0.1106601903365306,-0.3870701234244869,0.17042124600295677,0.14593217189209187,0.6088801417717588,-0.18148078516471158,-0.21518227429786105,-0.16546564857284612,-0.16394561092984117,0.4200351429200485,0.4372360455221968,-0.4924264286095912,0.5271227333639786,-0.5743704895749903,-0.0584199784884369,-0.438013335091011,0.038928117725663965,0.22657544757999212,-0.19437859161658616,-0.17329892545323805,-0.08602139992103093,-0.20432595134290055,0.6114199494878817,-0.5062210419769915,-0.07738520019259952,-1.6765628216691453,-1.617470305472174,-1.2614645935298054,-1.5231389017395742,-0.9136176999892136,-0.14611681994028655,0.04044101115976023,0.8763321657781487,-1.5925987609791874,-0.24399803296533187,-0.4831701727554066,-1.240803088095796,-0.5944776153984553,1.4953435417030498,-0.8700227880212664,-0.15709282824717816,-0.06025217446391893,0.9490841857201515,0.5436104353365709
55007,Bayfield,Wisconsin,-0.2768730822520279,-1.880946393492251,-0.8376352456479574,2.1500365689494503,0.343636333024861,0.11580340587647135,-0.6401461053305447,1.3972807764742015,-0.37140259862749003,-0.4919342412818026,-0.5406210467865582,-0.7222962121817748,0.1608346387638696,-0.21967274446771134,0.9594787844982022,-1.4313960908971513,-0.03216933906592406,0.7685210600817048,-0.4495460530880339,-0.27447665530714127,-0.42399685611675986,-0.5510880947095574,-0.6357492886524931,-0.7948933304534627,-0.4988382427184134,-0.46735511896766385,0.4362040037763095,-0.1783195085571914,2.449922137761845,-0.34518915096010316,0.1704259697159452,-0.2710793307767527,-0.19543067273770148,1.9515068009485617,-0.08602139992103093,-0.5477327512882216,-1.00838891724774,1.2168510410362081,0.7803721626133148,-1.7482637405375163,-1.7657867145137371,-1.6385143303698175,-1.6602664742485655,-0.9256214715473602,-0.8771157901364817,-0.6691858776519666,0.4120283229488634,-1.753702779909106,-0.8179119602990531,-0.5805643280734306,-1.240803088095796,-0.5944776153984553,2.0906784403676912,-0.59786040540054,-0.2825800092117265,-0.06934912649569824,1.3145652668712835,-0.06674618383869196
55009,Brown,Wisconsin,0.4538765307654164,0.5355476357891751,0.761815827472684,-0.872787346116156,-0.1954526215064798,0.2316480185125568,-0.443446748707173,0.19724125496846953,0.6814313287597564,-0.11691064159045565,-0.05284832668227402,-0.7911304139643425,0.6707821093318582,-0.7883282512469002,-0.6814009769150549,0.8347493483806149,-0.15122806701830946,-0.8433593083625593,0.17154271662760054,0.537283831540518,0.928927272928644,1.2686391880953387,0.3391998608868639,0.8352961166110641,-0.39569803758593447,-0.506692760575878,-0.575774292799362,-0.6301024578733847,-0.6726306813725685,-0.45024765183537435,0.3315509776500238,-0.053080917488637906,-0.037091373162454234,0.7755099264687948,-0.08602139992103093,0.9206670316902202,0.6434064704927998,-1.0230154542618957,-0.2816805170074018,-1.198556695880006,-1.3526195750408108,-1.113923392157629,-1.1003288865035157,-0.68021103080303,-0.4587984603710288,0.11270066824502756,1.802374636835452,-1.2287258906374778,0.0226627363181271,-0.3909802852788037,-1.240803088095796,-1.3142400369732985,1.7930109910353704,-1.1421851706419928,0.5075494174789972,0.019036029408614555,-0.1482635224399732,0.6614835390397303
55011,Buffalo,Wisconsin,-0.2827452976460464,-0.8024991797451699,0.005763867901790517,0.7364564446455919,0.43614865648972556,0.7688148489047235,-0.650837201125566,-0.2832277531142772,-0.43549686816800565,-0.5925045391021854,-0.5350680734979795,-0.8599646157469105,0.18431048139871306,-0.6314577666181586,-0.039317592014215016,-0.5846751380071665,-0.037334056838128495,0.5585305497883086,-0.5333083676675465,-0.2652564785082769,-0.3828736996161056,-0.45297631145515044,-0.454145692792943,0.3758616997778373,-0.20229192445398506,-0.5110655796771844,1.2106333066436719,-0.6054353652129654,-0.35134654929837816,-0.42929151175070257,0.05700537965610264,0.3078530899462017,-0.18655546688935953,-0.12110993653679951,-0.08602139992103093,-0.4502331045140168,0.278548976055969,-0.07643071460773641,-0.21151194509758292,-1.4773936025903371,-1.2466792828682656,-0.7696605889558791,-1.1231834819216813,-0.6882135451751278,-0.0425938443922704,0.5351417404358204,1.2636795705694306,-1.245391823630227,0.15318287866061672,-0.5805643280734306,-1.240803088095796,-0.354556808206841,2.0906784403676912,-1.1421851706419928,-0.3165298595129481,-0.06704835095355995,0.5496428874269483,0.30947892798098064
55013,Burnett,Wisconsin,-0.2757660012450758,-1.8764260003076134,-1.1850406810119611,2.3188860353956806,0.5079498057618844,0.47696920586031755,-0.6193471302626801,0.4635683379895034,-0.3859769669764614,-0.11001224722608739,-0.5585658040540186,-0.3264995519320088,-0.2885012264048009,-0.5138049031466021,0.816793587853571,-1.308041945324208,-0.0631052090254402,0.8362960765245443,-0.829111375942551,-0.2703424781880371,-0.38239701803714454,-0.42954375130076655,-0.27505143179203867,-0.598391942164172,-0.30309289017893626,-0.41839967731894917,0.8740228694630741,-0.3385865249138879,0.8911510269076242,-0.286274642112104,0.8612433589784398,2.176462303585487,-0.21070257493151445,0.1166945405585052,-0.08602139992103093,-0.3943200007918443,-0.7263368557190933,0.8764007971292992,-0.08434025125529411,-1.7562305093006685,-1.6280643346894286,-1.1958907262532834,-1.5117116040304914,-1.0950080257567618,-0.30879578151574033,-0.17077952493563603,0.9635494622212187,-1.609264693971938,-0.4269760315603055,-0.6982799102008133,-0.8113665253124961,-0.354556808206841,2.0906784403676912,-0.59786040540054,-0.27724610219086204,-0.06722726260660063,0.46932691521543507,-0.8692521090506127
55015,Calumet,Wisconsin,-0.17421035596448178,-0.12729126446792297,1.663818555550554,-0.7113399279876265,0.1714219839743994,0.6166713571404816,-0.6214605271844333,-0.27766376424680966,0.2860446723989808,-0.3502125658176396,-0.3753696175010654,-1.5655151840182324,1.690814336097279,-1.356983758026089,-0.8954287718820013,-1.1145414821582098,-1.2289291149062347,-1.1792665806570355,-0.35727493901424895,-0.12150399236987054,0.02174251364060669,0.24402476587915614,-0.5341752310107596,1.182684916050089,-0.47965617268463073,-0.5208386933839679,-0.6922890042065836,-0.637238263958412,-0.6495056496672659,-0.45283606965371737,0.14548079057709049,0.6576703908727147,-0.09826025970671616,1.2617970174685964,-0.08602139992103093,-0.08053795485391511,0.9474645437664324,-0.8863739761904366,-0.4442753135319582,-1.24635730845892,-1.3314315166063013,-0.9827756576045824,-1.1231834819216813,-0.6895472975704774,-0.570772291065822,0.17569626672961947,1.3816794422277017,-1.2231705796398948,-0.09599193853868136,-0.6060900227242104,-1.6702396508790962,-1.0743192297816841,2.3883458897000116,-1.958672318504172,-0.20889723047087239,-0.04449996206660949,-0.31408428236478464,0.39505803066957595
55017,Chippewa,Wisconsin,-0.13154087662510258,-0.33419058602456464,0.9617469250033936,-0.1710835696954783,0.8621145839424214,0.612755857143558,-0.5616842786849245,-0.2647021441835646,-0.06928004689957815,-0.354820404438334,-0.568898568692757,-0.9804244688664046,0.34260081214710203,-1.00402516761142,-0.25334538698116177,-0.18506621575933607,-0.2380464049717224,-0.3893988370586862,0.20327525497157414,-0.20162557500347653,-0.24236130431191824,-0.24756868201711776,-0.09549076804756515,0.692468873846272,-0.5150185848339053,-0.49162419839531313,0.4117739824548161,-0.5907095346692599,-0.29310633501542654,-0.42847297474753376,0.8955049952007449,0.4142583468150417,-0.23819975628820067,-0.16771466926228382,-0.08602139992103093,-0.22632205558307303,0.44878440026170197,-0.3386069161365981,0.035571084143603625,-1.6048619028007745,-1.5645001593859014,-1.2450711267106755,-1.3745840315214992,-0.7922462320123981,-0.4587984603710288,0.0997309862040821,0.6505932808666728,-1.5148244070130215,-0.31456633959069713,-0.6880365893700796,-1.240803088095796,-0.5944776153984553,2.0906784403676912,-0.8700227880212664,-0.11569422357997741,-0.057901834448930246,0.12706062403909646,0.29656132757515524
55019,Clark,Wisconsin,-0.21906470946043843,1.1433696073069135,-1.135991101248695,-0.4876207267238554,0.22410096458285908,0.7428665251936823,-0.6526385497362678,-0.26575217721874683,-0.43030832178510015,-0.40038790505749505,-0.331047563841524,-0.17162259792123075,-0.09788012992246085,0.8195942161977029,-0.6100583785927393,-0.8410874096785199,-0.1251743033632282,0.7005885014798156,-0.9474802125872183,-0.2650755304129967,-0.3758275466110684,-0.4877727005388221,-0.26125984400758834,0.8429907351852605,-0.6417280590842195,-0.5027320175891784,0.4624876594082659,-0.5359279366881845,0.05916051860187752,-0.4139623877319799,0.7432044232128383,0.2530762133720875,-0.2522315501311905,-0.395107041267972,-0.08602139992103093,-0.40751680662325696,0.5396579459040971,-0.34872834950633125,0.16749365869038813,-1.5729948277481651,-1.4797479256478647,-1.2614645935298054,-1.3974386269396648,-0.7282261170356163,-0.1799202405273939,0.47399895367136385,0.8558104489680145,-1.4898255075238962,-0.026048130202036036,-0.6265766643856777,-0.8113665253124961,0.1252848061763878,1.4953435417030498,-1.1421851706419928,-0.25119417737316607,-0.06492016407583873,-0.18419764374830522,0.30302012777806797
55021,Columbia,Wisconsin,-0.1524114037561628,-0.4832490227181699,1.1873881342589794,-0.14613220968775742,0.4797530960682993,0.6505268928790426,-0.567398625359573,-0.2425580019709804,-0.31140725480156506,-0.2390837649351529,-0.439748492647383,-1.3418040282248862,0.926476594170431,-1.160895652240162,-0.7527435752373701,-0.340829307678097,-0.1709253631038001,0.23600845279892174,-0.4910811852564798,-0.18447143530367538,-0.2071364122440758,-0.041553091285384196,-0.3282722692404868,1.0191518526238645,-0.2509312686625553,-0.5087787407157727,-0.2365120552888262,-0.5561795547241906,-0.24530428136650045,-0.4425248407166961,0.18703329147192468,2.438918693090294,-0.15707898891478483,-0.1791728826129473,-0.08602139992103093,-0.2046641824735769,0.8899402674448696,-0.7768582986015479,-0.14733782297948692,-1.2304237709326153,-1.1301449614784655,-0.8516279230515335,-1.0203378025399368,-0.690881049965827,-0.42499503978392184,0.21460531285245582,1.322679506398566,-1.11761967068581,-0.05477505148315861,-0.5804817206473762,-1.240803088095796,-0.5944776153984553,2.6860133390323324,-1.4143475532627192,-0.142588344243073,-0.05576635901855915,-0.10193663567367134,-0.0328374827734
55023,Crawford,Wisconsin,-0.27366606187474596,-0.8178956345025772,-0.35995095541018646,0.9327733146019235,0.8590375148875821,0.6512224073450921,-0.5358780240061833,-0.3001687477876159,-0.3603468886367517,-0.29163618537285785,-0.5751917067368005,-0.49858505638843054,-0.2610441005160951,-0.9255899252970493,0.03202500630810057,-0.5093095332935471,-0.16212171576591078,0.3036085619900572,-0.4808025705330776,-0.24094292788841926,-0.34531294991608014,-0.2780737243518999,-0.34163466763972017,-0.33125068991513085,0.7113396842566742,-0.5082227644841472,1.6123673957791147,-0.6235253920944758,-0.35937982320750883,-0.4417282703752776,-0.25347693401429094,0.2125584066247623,-0.1950683981218943,0.06193913062767775,-0.08602139992103093,-0.3430309064529769,-0.004287473389903617,0.15226608844303843,-0.29373643528417104,-1.254324077222072,-1.0242046693059201,-0.6712997880410948,-0.9860559094126891,-0.7749074508728531,-0.28766864364879835,0.5036439411935244,2.736112751696556,-1.0592889052111856,0.38799423521935356,-0.7034015706161801,-1.240803088095796,-0.354556808206841,2.0906784403676912,-0.59786040540054,-0.293715709834233,-0.06525823313659755,0.7320901052591496,0.09472382123412902
55025,Dane,Wisconsin,1.2802422115975847,1.0039312429754716,0.572816790924131,-1.2101752477923713,-0.16908084982975932,0.07162303712326688,-0.24467240125253273,-0.274193606949495,1.8264279407626012,-0.25685138028398835,-0.23211836243198897,-0.8771731661925526,1.5174225861101018,-1.356983758026089,-1.1807991651712635,1.65492138687692,0.7307089649225811,-0.28136179329135985,0.6901242125389556,0.20750162564961402,0.5523044686412433,0.8434128365681556,0.13990407208238936,0.9369383805710451,0.2051309492230948,-0.515982164192439,-0.23937990260410896,-0.6239214789740684,-0.36940103651623624,-0.44153656823484344,-0.40932923213896016,0.9472189013744091,-0.08634108642147909,-0.15274789013078605,-0.08602139992103093,0.5377079960702329,1.0153520061945993,-1.2192926855150463,0.18220053861418017,-1.1666896208273967,-1.034798698523175,-0.7368736553176192,-0.9746286117036063,-0.6988835643379248,-0.5454197256254912,0.30539308713907365,1.4868532408796393,-1.0398453167196433,-0.023550137047156354,-0.08880232077216095,-1.6702396508790962,-2.0340024585481418,1.197676092370729,-1.4143475532627192,1.2531360416796946,0.021464283894822557,-1.3633527415768643,-0.9871252127537721
55027,Dodge,Wisconsin,-0.06364869455590436,-0.6065716861372102,1.4686027142542977,-0.17256723525007375,1.247750710222553,0.5669372442230175,-0.4629720672502531,-0.2873866187586198,-0.3512819975856311,-0.2907125492017643,-0.33936544788053846,-1.1180928724315404,0.41241055471913657,-1.1020692205043836,-0.7527435752373701,0.23033260728259342,-0.09767190943723851,-0.050519986153298786,-0.23062766387657022,-0.11866202849694013,-0.08883338677272702,0.2139891983162881,-0.5259870758306129,1.363098556746169,-0.160996734422594,-0.5197501500882529,-0.6563538405517586,-0.6265487475499493,-0.6678040157665552,-0.45531073919421516,-0.18129825486444215,3.5871164099918063,-0.11626707070894605,-0.10406416138246061,-0.08602139992103093,-0.12124664427491347,1.2692929535042148,-1.1816870122727927,-0.06442825281670184,-1.254324077222072,-1.2360852536510107,-0.9827756576045824,-1.0889015887944329,-0.7642374317100561,-0.4904891671714419,0.0552635049208407,1.789548563829118,-1.1926163691531857,-0.04853006859595806,-0.3961019456941705,-1.240803088095796,-0.5944776153984553,2.3883458897000116,-1.4143475532627192,-0.03652781411241,-0.05063349879969831,0.12221459319619876,0.4531872324957914
55029,Door,Wisconsin,-0.2398766608768451,-2.0389219313571747,-1.135138874559075,2.4437384122910983,-0.2659760431396217,0.7271220302841237,-0.6261487216268815,-0.21069995471836825,-0.41346841162789366,-0.3892916071631074,-0.45335656846629285,-0.8943817166381945,0.583125234932165,-0.6902841983539365,-0.25334538698116177,-1.0201110037718795,-0.28923751298458633,0.17966564068651364,-0.2792854453070913,-0.2756306023360952,-0.43066120572026567,-0.546708403361434,-0.9623451587256225,-0.5920301292805112,-0.558524789765088,-0.5197029034244667,-0.6954283456962324,-0.6254286561067584,-0.609898254681058,-0.4544895405906697,-0.10542440401386141,-0.3326537400157158,-0.12907812261793947,6.43395249940405,-0.08602139992103093,-0.6374197174142779,-0.8356519015103792,1.087633310330678,1.025035072373371,-1.254324077222072,-1.6492523931239371,-1.523760062635901,-1.1688926727580118,-0.6281946873843949,-0.39330433298350864,-0.18930764213698653,1.445809807259371,-1.4120511535577287,-0.12222086666492336,-0.4473185498478388,-1.6702396508790962,-1.0743192297816841,2.3883458897000116,-1.4143475532627192,-0.1952723732386291,-0.0684477715674322,0.9998170513672254,-0.4865681970280267
55031,Douglas,Wisconsin,-0.1945332001635313,-0.48689827317259343,0.7683029707257988,0.06594155658585979,0.01716522589078881,0.582184976239828,-0.571360117494448,0.09038681434775443,-0.11209600583488612,-0.2065550152258257,-0.5805812499938097,-0.5157936068340706,-0.004869115974469936,-0.9451987358756418,0.03202500630810057,0.5046744982446993,0.08044116585630866,0.2216958175741716,-0.3229595617831,-0.1970444593639768,-0.33083913181728225,-0.45511159622269154,-0.527000986181184,-0.8113010913718878,-0.4542396183495281,-0.4433161213585505,0.44272060081277825,-0.22986735041083475,1.6640444744119325,-0.29836566649225266,2.1462731510355995,0.09900744198273641,-0.17801052249316957,0.5664492886002049,-0.08602139992103093,-0.44085165281402733,-1.0043642171430884,1.1667940601758295,0.36207126497326714,-1.8199646594058871,-1.7657867145137371,-1.523760062635901,-1.6716937719576483,-0.9909753389194915,-0.7947199524554079,-0.5709868564848083,0.9225060286009504,-1.7620357464054806,-0.6667833744288025,-0.6214550039703108,-1.240803088095796,-0.5944776153984553,2.0906784403676912,-0.59786040540054,-0.18722472404925464,-0.06479016207599933,-0.021116219956606338,-0.19430748784622098
55033,Dunn,Wisconsin,-0.1880371534084525,1.3847916937918059,-0.9624033810325634,-0.7964879571725814,0.04824138652992559,0.579914779178666,-0.623025821712248,-0.2735527925227047,0.4977115781854333,-0.37011549572595903,-0.5543746694927721,-0.4813765059427885,0.39703456422146133,-1.00402516761142,-0.39603058362579246,0.4266247107302467,0.32957613985339124,0.43677217345817815,-0.006089846401069482,-0.21957079068515678,-0.3264692052125076,-0.35854897879733516,-0.08863269967022214,0.7428823353293491,0.003923581740652499,-0.490584099173217,0.4937756772583069,-0.5169627762414521,-0.13472028119959376,-0.4224374743758577,0.027237868362733692,0.14619987168312068,-0.21839819700489285,-0.3212466169032829,-0.08602139992103093,-0.2916609239188777,0.7332362129912813,-0.5869479845885345,-0.09660467213351462,-1.5490945214587082,-1.4373718087788467,-0.9991691244237123,-1.2488837567215898,-0.789578727221699,0.00599857270169643,-0.1244592319322596,1.0533319732655555,-1.3898299095673958,-0.1534457811009256,-0.6880365893700796,-1.240803088095796,-0.5944776153984553,1.7930109910353704,-0.8700227880212664,-0.2013361833255066,-0.05990435989796716,-0.38030139848440175,-0.22660148886078507
55035,Eau Claire,Wisconsin,-0.014424592746792798,1.2400289656366126,-0.6391531908415133,-0.824105139544232,-0.23036672702976121,0.459635214707404,-0.5772328954583691,-0.25066064797814364,1.0163411256923494,0.2040139855375019,-0.5111920090069819,-0.6706705608448487,0.6349505600470972,-0.9451987358756418,-0.7527435752373701,0.8807016572849669,0.37811064306227277,-0.22810326724547209,0.5348691622144123,-0.0626192604222985,-0.06104249966629937,-0.003490571236149021,0.07267063934058032,0.41537327171825494,-0.31098287282926945,-0.4340426090496619,0.44927655645922077,-0.41998615594238425,0.1337798989862556,-0.389582664975101,0.609181245163806,0.15680708680085706,-0.23826946384871556,-0.32437731469326614,-0.08602139992103093,-0.012896773873893675,0.2682720746508923,-0.25525176432492463,-0.25958668777505195,-1.5411277526955558,-1.416183750344338,-1.0975299253384967,-1.226029161303425,-0.7055523263146729,-0.1693566715939227,0.03488257599935518,1.1302884113035583,-1.3926075650661873,-0.09349394538380079,-0.6368199852164114,-1.240803088095796,-0.8343984225900698,2.3883458897000116,-0.8700227880212664,-0.005235559590005102,-0.0369535573357512,-0.28077725541523363,0.21744102508947263
55037,Florence,Wisconsin,-0.30833116980671743,-2.6045609735479562,0.3816136211889185,2.209481286853999,0.6380352704141674,0.7493303048872489,-0.6531751463744668,-0.17177663585443045,-0.3946101779584772,-0.7454002247896936,-0.628528276020288,-0.6190449095079227,0.17490641578183133,-0.6706753877753437,0.388737997919678,-1.7955524837164831,-0.846268461845203,0.17578484471614683,-2.081709299872507,-0.28572675228658534,-0.45848042654821874,-0.5914563807284147,-0.47232028046080143,-0.8007070976353129,-0.6215864325852382,-0.43332866484647875,1.3310419850422008,-0.5345654365938954,1.0484056735369514,-0.3743577053510066,2.7383417199895574,-0.14815282488886164,-0.21743064791797262,-0.25314431404609267,-0.08602139992103093,-0.5298284110262277,-1.0696549888946278,1.2686853059237886,-0.36960159612649673,-1.740296971774364,-1.8505389482517731,-1.753268598103733,-1.6374118788304006,-0.8095850131519433,-0.6489427011735074,-0.9952807403957363,0.5633759844236027,-1.7870346458946058,-0.76920109377889,-0.9236329684769536,-1.240803088095796,-0.354556808206841,2.0906784403676912,-0.59786040540054,-0.34870174080721483,-0.06908319703256205,-1.1870626045603143,-2.2385177520681343
55039,Fond du Lac,Wisconsin,-0.01806507341251099,-0.19493400549011647,0.47391857739304805,-0.05643086308643453,-0.38718325595918,0.5626744960149753,-0.5220462592556857,-0.2738120030015465,0.07222264803942255,-0.3150112372363785,-0.3138525249780814,-1.2385527255510345,0.6989943061825035,-1.1412868416615691,-0.8240861735596857,0.16494634919922177,-0.431261417228756,-0.6610466856382247,-0.1534350307249102,-0.04792765903740655,0.021635794986595597,0.3053131734505501,-0.43720735893635193,1.2743230982310334,-0.17157408052712209,-0.5185554251154508,-0.6654662212584068,-0.6165198162603526,-0.6552752352591401,-0.4514187576209735,0.1568891739253266,2.4272122018082336,-0.03437043748876983,0.053339532616988455,-0.08602139992103093,-0.017614022869524525,1.1770962897291888,-1.1367930950820364,-0.16965504785624871,-1.2861911522746816,-1.3102434581717928,-0.9499887239663202,-1.1003288865035157,-0.7615699269193569,-0.6383791322400366,0.21645812457259084,1.3303751502023666,-1.2203929241411025,-0.14844979479116535,-0.5343867769090749,-1.240803088095796,-0.8343984225900698,1.7930109910353704,-1.4143475532627192,0.032981416327908054,-0.04264456527958108,0.6846929864429038,1.1152142532943576
55041,Forest,Wisconsin,-0.29453951779153886,-0.641907115323625,-0.7463212950503868,0.9630577250679573,0.23576979537496867,-0.24034316574246195,-0.5804911153369974,2.1224739002085147,-0.40809801424517816,0.18603237395642194,-0.5122166867765698,0.31021681455674494,-0.46388361801890926,-0.23928155504630408,0.6741083912089404,-0.565098126546218,-0.22394917161244862,0.6799667737343501,-1.2952721376743634,-0.2862414295284,-0.4631473063823238,-0.6017286577652375,-0.503955661119106,-0.7817721967230019,-0.796063173229501,-0.46198281750516057,1.1606735379006419,-0.4971628111060366,0.7597078554660966,-0.42047807558325,3.3784341707852463,0.1558274578430302,-0.22970862703548423,-0.17602972041423617,-0.08602139992103093,-0.5434879216005849,-1.1299592744163283,1.3332116540609917,0.039249665754921774,-1.7801308155901254,-1.9246971527725552,-1.9008097994759108,-1.7402575582121445,-0.7428973933844623,-0.34893734346293015,-0.43758441263508446,0.768593152524944,-1.8703643108583563,-0.41136357434230436,-0.5805643280734306,-0.8113665253124961,0.36520561336800217,1.7930109910353704,-0.0535356401590872,-0.32680464882682386,-0.06908968840376109,-0.29216766895331847,-1.1469805177758645
55043,Grant,Wisconsin,-0.1702564952253671,1.3681894277199032,-1.688172474066865,-0.4197468374807412,0.8518242048851518,0.6898668706961162,-0.5945262036714049,-0.3467127245833561,-0.28381415140111355,-0.5580260656126468,-0.5718137446403063,-0.18883114836687276,0.04777992291712345,-0.7883282512469002,-0.6100583785927393,0.15379500219073255,-0.31170520545341485,-0.2742882149449634,-0.3814577277606544,-0.24663775542610808,-0.297060865191968,-0.09483472157564465,-0.5689957514729469,0.4208545455658855,1.4491893758690122,-0.5093772608269318,0.4377862243635711,-0.6189109175510427,-0.3946902962041629,-0.44149439514541894,-0.44124629804919846,-0.11312264096653663,-0.19103487840586245,-0.18569510120810592,-0.08602139992103093,-0.3286223211571422,1.070120241210637,-0.8985162372512567,0.1412446704719745,-1.2144902334063106,-0.992422581654157,-0.6876932548602247,-1.0203378025399368,-0.6602047448727858,-0.36372633996978965,0.27945372305718275,3.0336776454435013,-1.0481782832160185,0.4160966582117553,-0.7494965143544815,-1.240803088095796,-0.354556808206841,2.0906784403676912,-0.8700227880212664,-0.17636975537521465,-0.061796250554924166,-0.4773634473164333,-0.3848420938321497
55045,Green,Wisconsin,-0.21266238384880531,-0.4807563515469844,0.7558967671910803,0.06646163070963351,-0.15530190013848952,0.7439791213198927,-0.6263904028328764,-0.3174971056337994,-0.3508563600732762,-0.3937532291441241,-0.47702141070645976,-1.3934296795618122,0.5901268020337849,-1.0432427887686055,-0.8954287718820013,-0.43222829313578137,-0.28864377685022874,0.26718445848368677,-0.8109884502019232,-0.22048126922435196,-0.28832424261603007,-0.08036619887976484,-0.31406393452802367,1.2237376991098574,1.0882069132980572,-0.5169378591449015,-0.3156653822976244,-0.6337725470485364,-0.49413947531470837,-0.4405704982354448,-0.45674564499285436,0.11470447434608848,-0.1908156047170383,-0.4133222856920455,-0.08602139992103093,-0.2460928408870097,1.6973203529976677,-1.5439240014847762,-0.3045860170811154,-1.1188890082484828,-0.9712345232196476,-0.6385128544028326,-0.917492123158193,-0.6055208966634513,-0.3869661916234258,0.33318526294109924,1.9485918691076578,-0.9759592402474342,0.18877928111765932,-0.8109564393388834,-1.240803088095796,-0.8343984225900698,2.0906784403676912,-1.4143475532627192,-0.22577857830532766,-0.05766497191354475,0.7429480027840721,1.0570850514681416
55047,Green Lake,Wisconsin,-0.265518179966437,-0.5645826371341912,-0.5122163047094841,0.7752317781231587,0.10264976631926626,0.7066728335675727,-0.6173249005229375,-0.25931685369229635,-0.3493217270821918,-0.5630411933421902,-0.33021731015077205,-0.4813765059427885,0.2564540796712876,-0.4549784714108239,-0.1820027886588462,-0.5580976132952641,0.17042124600295677,0.6725614644424034,-0.1558123151124531,-0.2301029582223023,-0.3084677979166461,-0.11634503716025342,-0.4339480637726581,0.8909544514377324,-0.3776736534216036,-0.518151029527716,-0.5254279209983846,-0.5908632457311481,-0.35578264782984914,-0.45100113473891923,0.1272400909370296,5.263307402508354,-0.13241082539402263,0.1785924626037227,-0.08602139992103093,-0.2991921194851776,0.7063648429620494,-0.5575716116076592,-0.45685248831235564,-1.2941579210378338,-1.2254912244337561,-0.9335952571471879,-1.1117561842125985,-0.7388961361984133,-0.5475324394121858,0.25536717069542686,1.0071581104427538,-1.200949335649561,-0.1765522177835671,-0.7341315331083811,-0.8113665253124961,-0.354556808206841,2.0906784403676912,-0.8700227880212664,-0.2833286277409706,-0.060482630678159434,1.024509100832917,0.5629868359453096
55049,Iowa,Wisconsin,-0.2515625159502285,-0.5427598748902039,0.6447018771522974,0.17896128692593252,0.13232609671629514,0.7440829310600313,-0.6267718147375576,-0.32909523529971757,-0.303657826525386,-0.4152076089164049,-0.5576948836381176,-0.8599646157469105,0.8009288860443238,-1.1412868416615691,-0.8954287718820013,-0.27793053561640196,-0.41139987272393763,0.16893243925404217,-1.046671776203498,-0.26033971687941904,-0.34076654347146407,-0.2614151708027507,-0.41316219772704454,0.2646310285494507,1.5707596048077292,-0.5092387563610931,0.6463558774632465,-0.6117420331066541,-0.34391847401769793,-0.4351290685237836,-0.4036574160079429,-0.08793121728008776,-0.20211544100382872,-0.36457072688990927,-0.08602139992103093,-0.35949164990308347,0.9713072699751317,-0.7891208947770301,-0.16803915269500172,-1.222457002169463,-1.034798698523175,-0.7532671221367492,-1.0431923979581024,-0.6935485547565263,-0.3214720642359057,0.34244932154177465,2.279504552671071,-1.078732493702727,0.25060461170094345,-0.5907250414781099,-1.240803088095796,-0.8343984225900698,2.3883458897000116,-1.1421851706419928,-0.27881820110227473,-0.06444026619982018,-1.0873519158479668,-1.3504327241676188
55051,Iron,Wisconsin,-0.3042543000668303,-2.465632382226277,-0.979413106013579,2.759304314830695,0.16643343436375174,0.7215362694231328,-0.6606206858231176,-0.06420540962198536,-0.4541037391936259,-0.7682645552563926,-0.6023257651650803,-0.3092910014863668,-0.4742486830418957,-0.8667634935612711,1.31619177610978,-0.7380979860702,0.5742435493687891,0.9472821137858485,0.6893440665358027,-0.2814028027038359,-0.44875759229303824,-0.6047686390151353,-0.6428975068903855,-0.8129947603584068,-0.769051475312941,-0.4889158605433778,0.46631765212705023,-0.5640817693041102,1.2146791833032051,-0.4165476793444368,3.1197670308395904,0.2774033430114624,-0.2251434615364274,1.0825881600047371,-0.08602139992103093,-0.5770376840129007,-1.148479422735954,1.3657018650053017,-0.05546264095429894,-1.8358981969321917,-1.9882613280760824,-1.8844163326567795,-1.8088213444666406,-0.7722399460821538,-0.3214720642359057,-0.6024846557271043,0.8455495905629472,-1.9203621098366062,-0.4538294579752674,-0.5805643280734306,-1.240803088095796,-0.354556808206841,2.0906784403676912,0.2186267424616392,-0.33906327724319657,-0.0695955139765353,1.3246223526032055,-0.23306028906369777
55053,Jackson,Wisconsin,-0.2604513806489049,-0.255215343315419,0.5050925370196157,-0.0164200142173154,1.5832662105051518,0.24974472060264946,-0.5321005032023971,0.707250024872861,-0.392959409560341,-0.08083271189553194,-0.43935091755450645,-0.3609166528232928,0.10468481632146623,-0.376543229096453,-0.1820027886588462,-0.2834316786173618,0.14287028128801252,0.8794480804022246,-0.7151519615396161,-0.2690526460999111,-0.4028855157447255,-0.48358921332997584,-0.35021665471054847,-0.020265542984882298,-0.6427450954178892,-0.40916494345281934,0.5873092103131864,-0.12783054877266015,1.394861924606405,-0.36201004536006554,0.5329692583288146,1.5498670717711442,-0.16216580004961273,-0.3320371174458196,-0.08602139992103093,-0.43926592762406613,-0.3107863468580355,0.4917985294798505,0.004943541294714202,-1.5012939088797943,-1.3102434581717928,-1.0155625912428423,-1.2488837567215898,-0.7602361745240073,-0.3362610607427652,0.903851272742697,0.9430277454110846,-1.3426097660879368,0.07886758230293106,-0.5805643280734306,-0.8113665253124961,0.1252848061763878,1.7930109910353704,-0.8700227880212664,-0.29173187073173606,-0.06657271057056617,-0.4813414317620172,-0.5560002992093397
55055,Jefferson,Wisconsin,-0.07264006675522443,-0.25150662953971276,1.12876597669401,-0.33043712280974635,-0.02833816219061985,0.694906143898561,-0.6068503054963409,-0.2797654637197893,-0.22266300347153115,-0.5027753082073113,-0.17450848331102942,-1.2729698264423184,1.0554564430326265,-1.0824604099257908,-0.6814009769150549,0.1796906581561727,0.032237027283295236,0.0039344935790288265,0.025697859352605434,-0.052020235554701914,-0.0062949019303531065,0.37065956484142976,-0.34211287400756263,1.1077803564706676,-0.11663824801631718,-0.5167952102724547,-0.5335777254531673,-0.6155918959520457,-0.6648181052719503,-0.45341149161893113,0.3440931441849353,2.5302717073978735,-0.15195305076390303,-0.050124814419874104,-0.08602139992103093,0.021519678234986447,1.0379716965439183,-1.0184285589395017,-0.3059710700764699,-1.1109222394853306,-1.034798698523175,-0.7532671221367492,-0.9517740162854414,-0.669541011640233,-0.5580960083456566,-0.18930764213698653,1.1995492055377615,-1.0176240727293102,-0.2502430158525324,-0.6009683623088435,-1.240803088095796,-0.8343984225900698,2.0906784403676912,-1.4143475532627192,-0.05827518238695216,-0.04046141152582218,-0.5844174225686685,-0.4203654949481701
55057,Juneau,Wisconsin,-0.24274979968060179,-0.8425885190311212,0.8201264462177377,0.3678230891255429,1.4727317639532733,0.5610494594824118,-0.5169214563903515,-0.11292484700027947,-0.37190462532246515,-0.49303707259675256,-0.4740961970501818,-0.18883114836687276,0.004466306827690038,-0.5138049031466021,-0.5387157802704237,-0.5710248958812014,0.04990310096987891,0.7954842086322476,-0.7134015233905335,-0.22981942975445127,-0.31431597653898163,-0.21136279196687854,-0.3408417030886191,-0.08981145494243711,-0.3101643002823881,-0.33456859807623485,0.10702105320817792,-0.419464060909353,0.1338404921111825,-0.3703534513653312,1.883091038003554,2.1062222037528824,-0.23007765685136905,-0.04234065992068923,-0.08602139992103093,-0.30821943233330196,-0.2287752713375326,0.3554885662290896,-0.14037532539531183,-1.4295929900114235,-1.2678673413027741,-0.9827756576045824,-1.214601863594342,-0.6788772784076804,-0.3658390537564838,0.4814102005519039,0.7737235817274778,-1.292611967109687,-0.07538349501091998,-0.5446300977398085,-0.8113665253124961,0.1252848061763878,1.7930109910353704,-0.3256980227798136,-0.25437580612245364,-0.06395604865618593,0.5223297179912408,0.29656132757515524
55059,Kenosha,Wisconsin,0.17569753308997024,0.39280822250756925,1.2440012934161473,-0.9814211320477747,-0.2679080056326984,0.2179080156390367,-0.11084062191827387,-0.20995846269789567,0.1593224256363778,0.017729002966960773,0.264709477990215,-0.8083389644099845,0.7370910683530827,-0.807937061825493,-0.1106601903365306,0.6808703557804513,0.589622778207471,0.2341306245622049,0.6059096577620076,0.15716342943026543,0.23131408613646934,0.057832584311813595,-0.49566392245704444,-0.23440781160096058,-0.6566598208659492,-0.4545160591191567,-0.6542416932878727,-0.6340900432184747,-0.6577623343687963,-0.4522719519716232,-0.3741098455929745,-0.017941045427555657,-0.14828176288173003,5.085695594728075,-0.08602139992103093,-0.01261714349765992,-0.5279324755248845,0.5187142370711735,-0.17824833364463158,-0.9117530204065225,-1.003016610871411,-0.8188409894132737,-0.8375010391946149,-0.5108244765936283,-0.21583637490119537,0.0367353877194902,1.987070088126659,-0.9231837857703928,0.19315076913869964,-0.15026224575656286,-0.8113665253124961,-0.8343984225900698,1.4953435417030498,-0.8700227880212664,0.1743393101124321,-0.02386447816079911,-0.8923776521044731,-0.4316683953032676
55061,Kewaunee,Wisconsin,-0.2610634968670345,-0.5950679382924404,0.4479289399661933,0.3251480763373523,0.35595254923915093,0.7581970272040811,-0.6546102078597597,-0.2760583686314572,-0.436185449688185,-0.4853973571228292,-0.45881505086582175,-1.2213441751053924,0.6972095929997375,-1.00402516761142,-0.6100583785927393,-0.9516638959841731,-0.8268770235492875,-0.3557995033118583,-0.9604841129509986,-0.2520484107326181,-0.4012815617439192,-0.44280596769154856,-1.0398578920275268,-0.10691701416542082,-0.5632938178966351,-0.5243947025081168,-0.7761637259372196,-0.6326073107824547,-0.6647484041239249,-0.4544911595577591,-0.06965360074925073,-0.33874108603566605,-0.15613274082238685,5.4638720913848795,-0.08602139992103093,-0.6090078360341057,-0.3601550960775999,0.6130790216345737,0.06765814520265159,-1.1905899271168539,-1.4797479256478647,-1.3106449939872,-1.1346107796307632,-0.6868797927797782,-0.6130265667997059,-0.21895262965914747,1.5663748935189092,-1.3009449336060614,-0.1952871664451683,-0.6573066268778787,-1.240803088095796,-0.5944776153984553,2.0906784403676912,-1.4143475532627192,-0.2911516913715719,-0.06694826536927866,0.12267073584951214,0.16092652331398563
55063,La Crosse,Wisconsin,0.02473327249910602,1.0952482085748902,-0.813235957964009,-0.6040251521668175,-0.580530992976087,0.4269241154852501,-0.5472638068127608,-0.2915904983243151,1.1524319190215275,-0.4410617881029809,-0.5515751995008806,-0.46416795549714485,0.27704692408781695,-1.298157326290311,-0.8240861735596857,1.058973075673037,0.1463593507561396,-0.5493320021899367,0.29164026098784285,0.09739634882597675,0.3566242230145302,0.3165362053186412,-0.2003893752665812,-0.11119260142400159,0.223699763244499,-0.49863439963259754,1.1037659142712106,-0.5513404465572428,-0.19755386521591956,-0.4424993928705699,-0.12470598014415872,0.30608225467043343,-0.1860880915445611,0.0653229173361513,-0.08602139992103093,0.1818716937512203,-0.008262325248470951,-0.07048718244148595,-0.38251386437351215,-1.4136594524851185,-1.1301449614784655,-0.7532671221367492,-1.1231834819216813,-0.7642374317100561,-0.14189139236689785,0.488821447432444,1.3508968670125008,-1.1898387136543942,0.09385554123221226,-0.3909802852788037,-1.240803088095796,-0.8343984225900698,2.0906784403676912,-1.1421851706419928,0.052801091889646566,-0.019455594602215746,0.27964332198354597,0.9408266478157107
55065,Lafayette,Wisconsin,-0.27210209029349613,0.07428551746674894,-0.3457259908492196,0.10373981568422308,0.24963997426201723,0.7597883970451502,-0.6648331757288521,-0.27824889289903965,-0.43384643705591974,-0.6462148290471597,-0.39085113511332936,-0.5502107077253546,0.23380195081310529,-0.04319344926037889,-1.0381139685266323,-0.5933810196993884,-0.2556447844921736,0.3419059403172602,-0.7775817246587526,-0.255956694051561,-0.3449446524485887,-0.22433352121388436,-0.5437044264537071,1.2757798116856682,1.4057842537323075,-0.5215376876153733,-0.3420021590145936,-0.635906376175357,-0.5382628629705501,-0.4477674998128356,-0.5933671243817216,-0.25916344844643896,-0.20357605611839963,-0.41232269835332175,-0.08602139992103093,-0.38262187617973537,1.8922612565949442,-1.6745055557928772,-0.2673385166361494,-1.1746563895905489,-1.003016610871411,-0.7204801884984869,-0.9860559094126891,-0.6415322113378911,-0.2982322125822692,0.21645812457259084,2.772025756114291,-1.03429000572206,0.3592673139382314,-0.5805643280734305,-1.240803088095796,-0.354556808206841,1.7930109910353704,-1.1421851706419928,-0.31190714009486553,-0.06539676952475793,0.16988934180738827,0.5177752345249196
55067,Langlade,Wisconsin,-0.264709835104218,-1.147074445545514,-0.35886893221304955,1.2355005114021103,0.1574859584673152,0.6644177579154679,-0.5913438993844876,-0.11349806634847709,-0.43261730409536525,-0.5670076737971256,-0.5497410077825114,-0.2576653501494408,-0.4204327163000323,-0.7687194406683074,0.03202500630810057,-0.6733433804207964,-0.7061760181051665,-0.6127180859373674,-0.2880123709320444,-0.26023326963825333,-0.42003327513868577,-0.5037169996928614,-0.44481501647183225,-0.21750719423107534,-0.8048173049055957,-0.513992046437283,1.1242657201070558,-0.5954956840671841,0.5927269891747873,-0.395007593785749,2.2989083781277517,-0.035916688172711875,-0.26016535830279824,-0.28751542365185095,-0.08602139992103093,-0.4752505263381513,-0.5783307051742322,0.7674464879373085,-0.07882982535979745,-1.6845295904322977,-1.7975688021655005,-1.6713012640080787,-1.614557283412235,-0.7415636409891125,-0.26231607820846764,-0.10963673817117914,0.5967237742400705,-1.7342591914175638,-0.3164398344568573,-0.5805643280734306,-0.8113665253124961,-0.1146360010152266,1.7930109910353704,-0.3256980227798136,-0.27142559312598885,-0.06636828424525276,-0.38938767521092216,-1.2244861202108186
55069,Lincoln,Wisconsin,-0.2400963198067959,-1.3050532817095746,0.740859863521949,0.8333590707521618,0.28040127531306924,0.7302063149169348,-0.6229454411807134,-0.2624395913693424,-0.3797452318798327,-0.5189304736867297,-0.5807923984669816,-0.9287988175294786,0.3436304543679285,-1.160895652240162,-0.32468798530347687,-0.8013903151663626,-0.908360743242772,-1.0448927636521423,0.06245802874568246,-0.25351834012984586,-0.38456371387110955,-0.4371928927315245,-0.41083195693179164,-0.41863982181972115,-0.7997136015238384,-0.4489673285292555,0.8411882446305503,-0.5038340770764298,0.9160294084011901,-0.4136337404562723,2.663044985930887,0.459105657219917,-0.25277076594179076,-0.20140594201190654,-0.08602139992103093,-0.4310472488074317,-0.774061660505164,0.938656211271719,-0.06462186237519225,-1.6924963591954498,-1.7657867145137371,-1.5073665958167686,-1.614557283412235,-0.7482324029658608,-0.3616136261830955,-0.07258050376847813,0.3299414557083267,-1.7009273254320638,-0.4013716017227834,-0.7341315331083811,-1.240803088095796,-0.354556808206841,2.3883458897000116,-1.1421851706419928,-0.23747574282476727,-0.06452483203109582,2.1893143498006276,1.6965062715565133
55071,Manitowoc,Wisconsin,-0.08959187857596207,-0.7023475405572936,0.34639797546545437,0.4745469023074007,-0.02833246325892873,0.5523801094944875,-0.6046291169969032,-0.23147837808769312,0.47167500716372157,-0.41719227151882415,-0.38391909292755766,-0.9804244688664046,0.3846788575715437,-1.0236339781900128,-0.5387157802704237,-0.4639785119694419,-0.9274985694664812,-0.7196437295447402,-0.883555186625907,-0.18649699260720543,-0.24231675255360668,-0.2995845540386335,-0.8796167707280725,-0.010111951248933401,-0.47389756229502594,-0.5199247904228543,-0.7501761161476164,-0.6336544543497227,-0.6391810054069961,-0.453129640734453,0.017986728590594428,-0.1314726054970348,-0.07681268573622964,4.783295836918839,-0.08602139992103093,-0.454585356230465,-0.22438792200799618,0.41441407350377235,0.37244426939546565,-1.1666896208273967,-1.384401662692574,-1.1958907262532834,-1.1346107796307632,-0.718889850268169,-0.6447172736001191,-0.052199574846992614,1.1867231325314274,-1.2481694791290194,-0.255863500451013,-0.6214550039703108,-1.240803088095796,-0.5944776153984553,2.3883458897000116,-1.1421851706419928,-0.00978341715516323,-0.05982924044841658,1.0097121074143485,0.7955036432501721
55073,Marathon,Wisconsin,0.07650248910991436,-0.06567447241242075,0.6212314003523391,-0.24887954437249363,0.0834739837427914,0.37922485465784656,-0.6141005455652598,-0.27436296812875705,1.6330615247100058,-0.3095578332210025,-0.48757914166092836,-1.083675771540258,0.7118305125354734,-0.9844163570328273,-0.8240861735596857,-0.07314696505860763,-0.5153661738871168,-0.4866005306403374,-0.43044445947219023,-0.14773382937847065,-0.22863609167391477,-0.2452181526894865,-0.06111438938837853,0.7920296609447499,-0.7502863935586255,-0.5136815902644247,0.3531862466820452,-0.5795067781005603,0.11311862008373404,-0.4371819025931959,1.0029836886719785,0.015551929545313443,-0.24794144843392396,-0.2631567233375944,-0.08602139992103093,-0.20070473876125003,0.4403593805295492,-0.3414757732942712,0.4338333924798918,-1.5729948277481651,-1.5645001593859014,-1.2778580603489378,-1.4317205200669125,-0.7202236026635187,-0.21583637490119537,0.2405446769343464,0.8327235175566131,-1.523157373509396,-0.11722488035516355,-0.647063306047145,-1.240803088095796,-0.8343984225900698,1.7930109910353704,-1.1421851706419928,0.13636563521652328,-0.05288121587251846,0.15926979296124247,0.601739637162787
55075,Marinette,Wisconsin,-0.20273380021502843,-1.2906258836165119,-0.11019689942148668,1.243908625035469,0.11064440072130875,0.7368201569670254,-0.6470340755517202,-0.2229456259437772,-0.37831025159662895,-0.46097412017417555,-0.5600378782398402,-0.5157936068340706,-0.09046670593251029,-0.9844163570328273,0.3173953995973624,-0.3813188980718444,-0.28177643328844165,-0.20212875418062923,-0.04441612297488409,-0.242406827676702,-0.37736094983102797,-0.4498286846811266,-0.277725576351246,-0.4550032959947735,-0.7001438012250799,-0.40809530014696194,0.5618032136261099,-0.5373781120526707,0.04065874207995914,-0.39023089306446856,3.2234714435661846,-0.01870589400191498,-0.18958734346495584,0.38681903723464844,-0.08602139992103093,-0.3946443487466931,-0.7648122426723624,0.9139474052288821,0.41426393402939804,-1.5092606776429467,-1.6810344807757012,-1.523760062635901,-1.3974386269396648,-0.806917508361244,-0.2897813574354925,-0.1244592319322596,0.8891582387844822,-1.5648222059912713,-0.2889619097531755,-0.6316983248010445,-1.240803088095796,-0.1146360010152266,1.7930109910353704,-0.3256980227798136,-0.15422936237281934,-0.06544388895378905,1.6025267206950617,0.6792452395977405
55077,Marquette,Wisconsin,-0.2752973955278474,-1.4158995922839661,-0.12972204083485975,1.369044730486791,0.3513974082339185,0.7180444428650062,-0.6347382257074444,-0.2131092975105315,-0.36436035747414924,-0.42663356306718253,-0.4359396016149763,-0.7739218635187005,0.07331504999361985,-0.6118489560395658,-0.1820027886588462,-1.2123389682078958,0.2099404140488826,1.2876857938677544,-0.9623092217739858,-0.2712576104510964,-0.3674904557786802,-0.21299122821498812,-0.2906160552541221,0.3331622138375306,-0.4785948103441487,-0.47953333320033764,-0.08335536856381748,-0.36357573909117746,0.18214172404161147,-0.4291222352328707,1.0889171645957259,3.979961358474324,-0.22553205287783287,-0.2379423038898649,-0.08602139992103093,-0.3197750611677311,0.11148312315993947,0.029671178791701464,-0.3941304378829378,-1.2782243835115292,-1.1937091367819928,-0.9172017903280579,-1.1231834819216813,-0.7228911074542179,-0.48415102581135944,0.31650995745988375,0.8173322299490129,-1.1870610581556027,-0.1759277194948472,-0.4678051915093061,-1.240803088095796,-0.1146360010152266,1.4953435417030498,-0.8700227880212664,-0.29324782325345544,-0.06387427634767216,1.0344499230058863,0.24812032605330883
55078,Menominee,Wisconsin,-0.3075667567304886,2.246947809976405,-1.873519072471271,-1.1370240501071054,-0.12987455469470335,-4.547066519241502,-0.5977618417189166,11.669623885596414,0.05716549538654731,-0.5746302052285057,-0.22114006936218109,1.858986354664524,-1.0586049647682771,-0.7491106300897147,2.7430437425560905,0.4345682722708308,0.15734161591683507,-0.0319286958539556,0.17807960778888254,-0.2874088378506786,-0.4713910724889665,-0.6605512439375212,-0.4687196410062251,-0.8139204826622068,-0.8246005028913009,-0.520820173943283,1.1221941751471491,-0.3946582482987301,0.9743065574287368,-0.4263720480679254,3.6478009917822924,-0.18485065584789137,-0.262701360571025,-0.27634488763310644,-0.08602139992103093,-0.5568485689871208,-1.1745260023795019,1.3823085903156214,-0.46815630791960433,-1.493327140116642,-1.575094188603156,-1.4253992617211142,-1.3517294361033343,-0.7268923646402669,-0.1080879717797909,0.12381753856583799,1.027679827252888,-1.5037137850178546,-0.08037948132068023,-0.18099220824876383,1.7652528513873038,2.2845720709009174,0.3046737443737671,2.123763420806724,-0.3600807424517257,-0.06827852598935423,-2.043818146570001,-2.4306670581047913
55079,Milwaukee,Wisconsin,2.4489185112936394,0.9882750133897169,0.5751656083355312,-1.1969212190733471,-0.7420170472991451,-1.2535606728673598,1.2497586799274607,-0.1644881379755366,1.1549101192348004,-0.2945264178063207,0.41930849673142406,0.41346811723059507,-0.1521765963673766,-0.651066577196751,-0.1106601903365306,2.7323490990656896,1.87476669245273,0.9605496507390205,0.994952714438887,0.8443223499815868,1.2079453714828934,0.5447866410847293,-0.5848110220052667,-0.7879695384066682,-0.8067295896082338,-0.4987685908717699,-0.7806240566899432,-0.6392193677315889,-0.6988696801383376,-0.45263540677115605,-0.52374997694861,-0.3525476118973605,-0.2002380071772836,6.436363343122333,-0.08602139992103093,0.5682839359002836,-1.1408877258876098,0.863848070607264,0.1458168346609408,-0.9117530204065225,-1.0559867569576835,-0.8352344562324036,-0.848928336903697,-0.6828785355937294,-0.5052781636783015,-0.1930132655772569,1.3021577895884318,-0.9426273742619343,-0.21714460655036996,1.089179574762209,0.04750660025410388,-0.5944776153984553,1.197676092370729,-0.3256980227798136,2.5318326360183727,0.09543562986115753,-0.26496422101924544,0.8277976442647361
55081,Monroe,Wisconsin,-0.18544517803503285,0.19835004740093035,0.4004191809621123,-0.3821518520892878,0.31260219539327055,0.5872562135633713,-0.5458166635399914,-0.12259267182338159,-0.23698765091662874,-0.13620795118168152,-0.3502887601424815,-0.6190449095079227,0.3139767584081262,-0.5726313348823804,-0.7527435752373701,0.23646032581717133,-0.2251380888245696,-0.07658637120711116,-0.4880330146514432,-0.20926834370264352,-0.23027094579011834,-0.20551722500749936,-0.18432683955511342,0.000733168650057856,0.3364772999695875,-0.2830139000535347,0.843156599450791,-0.43711048471023034,0.1938164905409049,-0.41318594682211995,0.12208476024062476,0.4311212927833857,-0.1338011926996368,-0.3739248245709562,-0.08602139992103093,-0.2340257560418462,0.15297275588070328,-0.047686703891668764,-0.06358679588941653,-1.5251942151692512,-1.3314315166063013,-1.0319560580619747,-1.294592947557921,-0.7949137368030974,-0.5327434429053263,0.6296351381627086,1.0482015440630221,-1.3703863210758536,-0.06226903094779899,-0.677793268539346,-1.240803088095796,-0.354556808206841,1.4953435417030498,-0.8700227880212664,-0.20425579558955873,-0.06023679684416607,0.7180845659321939,1.4623747642009226
55083,Oconto,Wisconsin,-0.2098214616881081,-1.0540794142528263,0.8774084134016491,0.5341381277738965,0.5832040783738106,0.6985322878740761,-0.6629065869300984,-0.08124147200017293,-0.45082330220741124,-0.6166848002309822,-0.5646105932380691,-0.8943817166381945,0.7330411422844986,-0.9648075464542345,-0.39603058362579246,-1.368536709836156,-0.8017231778021672,-0.3092032962861791,-0.6661976470607625,-0.2572999926640935,-0.354466111833598,-0.3982819513920139,-0.2058327121091175,0.0832829588483627,-0.7268209892278813,-0.5023693173606575,0.12261793031530924,-0.4817419678690914,-0.09805440464567476,-0.4338586692665304,2.4561185740438654,-0.0023143556783026356,-0.18955067565657926,0.702986477734737,-0.08602139992103093,-0.3535853395056694,-0.24687291978467246,0.3926694320220035,0.1157254413586402,-1.4056926837219665,-1.5645001593859014,-1.4253992617211142,-1.2717383521397554,-0.7522336601519095,-0.15879310266045152,0.15716814952826896,1.3560272962150342,-1.4509383305408126,-0.01605615758251553,-0.8109564393388834,-1.240803088095796,-0.354556808206841,2.0906784403676912,-1.1421851706419928,-0.20330130696477247,-0.06398443714064052,0.08246547656139434,-0.20722508825204639
55085,Oneida,Wisconsin,-0.21666017637391016,-1.7144715536253925,-0.36246160475393446,1.7600216923693288,0.04870387104632592,0.7052418029489852,-0.6466483881692855,-0.10681386969225076,-0.3910229834212482,-0.5119424947569973,-0.5830411406610769,-0.9632159184207626,0.48345586795616285,-0.9255899252970493,0.10336760463041615,-1.4314244543522556,-0.2987086963321017,0.24851384986809885,-0.09804267981543939,-0.25295140085835466,-0.4020313900491859,-0.47856324434798564,-0.023468288309105807,-0.7736879874596325,-0.8192490265793383,-0.4383355893149112,-0.005043025176700061,-0.47685034989172215,1.817263910649326,-0.4063738916570374,3.685424918792123,1.0583927481598443,-0.1880385535136101,0.36491881949148286,-0.08602139992103093,-0.34490524275295525,-1.132490602163721,1.2499379943838538,0.1807335738825413,-1.788097584353278,-1.9141031235553003,-1.8024489985611252,-1.7516848559212272,-0.7322273742216653,-0.42499503978392184,-0.21895262965914747,0.48385433178433274,-1.856476033364398,-0.4244780384054249,-0.7443748539391147,-1.6702396508790962,-0.8343984225900698,2.0906784403676912,-1.1421851706419928,-0.15488440358590794,-0.06486709630714221,0.3659038219858461,-0.8660227089491563
55087,Outagamie,Wisconsin,0.22936460285555363,0.3113907970152673,1.1956241025082497,-0.8823201428062327,-0.025534514618629368,0.40647951420561945,-0.5637094814567958,-0.06046904650552022,0.7701775560997761,-0.2793447242435416,-0.3743688756978637,-1.2729698264423184,0.773746331414505,-1.00402516761142,-0.8240861735596857,0.05829285535432456,-0.7267774448862482,-0.8172827140703893,-0.5592185715908721,0.2566143288540685,0.5364386491619094,0.8196510735736757,-0.021151935596463396,1.2333081151360714,-0.45553432843983566,-0.5148785233857561,-0.6681642182718612,-0.6285254624352941,-0.6558408184039415,-0.45304710925574865,1.125826487371692,0.7787392959416812,-0.024003399569750446,-0.35358297234316854,-0.08602139992103093,0.49122526235030894,1.0082242013783307,-1.192294760553536,-0.25998135341351325,-1.3021246898009862,-1.3314315166063013,-0.9827756576045824,-1.1003288865035157,-0.7468986505705111,-0.35738819860970716,0.20719406597191542,1.689505194379714,-1.2370588571338532,0.02578522776172715,-0.5241434560783412,-1.6702396508790962,-1.3142400369732985,2.0906784403676912,-1.4143475532627192,0.2436052395307458,-0.009909411579089492,-0.6616464064606066,-0.11034308520835356
55089,Ozaukee,Wisconsin,-0.059601112673343976,-0.4314448047230465,0.32044416242184365,0.23789491376013486,-0.37899828410183206,0.5654002506984934,-0.5653149409597671,-0.31803611721011005,0.4390008364716023,-0.43410485205597416,-0.47753665764319214,-1.7203921380290101,2.3835576222693264,-1.5138542426548327,-0.8954287718820013,-0.5244654810831146,-0.24176792608895145,-0.07459150870697545,-0.0351138274149083,-0.19010806400126534,-0.20811441036279282,-0.2214135936929832,-0.7893706840431512,-0.5168267682101387,-0.6224394221925598,-0.5050890790074208,-0.75517467042197,-0.6349787360973377,-0.6778650316270094,-0.4533921620926116,-0.3376080517060295,-0.2826361870541851,-0.1947944128844769,6.391698709183406,-0.08602139992103093,-0.3936021046709784,-0.7905251572880346,0.9384960679260402,0.09127106481700328,-1.0392213206169596,-1.2254912244337561,-0.9827756576045824,-0.9974832071217719,-0.8375938134542853,-0.8792285039231759,-0.2115413827786074,0.837853946759147,-1.0926207711966853,-0.519401778290872,-0.7597398351852152,-1.6702396508790962,-1.7940816513565272,2.6860133390323324,-1.958672318504172,-0.0006877020248469741,-0.05416876439273972,-0.580378537025199,-0.7594525056010945
55091,Pepin,Wisconsin,-0.2995682428945462,-0.7712549308814419,-0.5298808536179439,0.9744322157636661,0.2868592045927668,0.7830105993001453,-0.6686308040180802,-0.3004598689965672,-0.47663364463381835,-0.5635244352003588,-0.5453609862822242,-0.9460073679751205,0.477278014631204,-0.8275458724040856,-0.32468798530347687,-1.0118965987008541,-0.5879949268653686,0.12465535780658495,-1.170504095170334,-0.24966701410544015,-0.35809854860084916,-0.3770690973401871,-0.3121717270761276,0.7086824940397854,-0.2826390491808434,-0.4980663706128162,0.6719420012310601,-0.6011466792515684,-0.30258663655192597,-0.4377075914174009,-0.028595396776730835,0.1041002306793435,-0.17517622294526794,0.12890218732514644,-0.08602139992103093,-0.374736223767985,0.5698969479699353,-0.3922797952241052,-0.5547816923011095,-1.5172274464060989,-1.3314315166063013,-0.7860540557750114,-1.1460380773398462,-0.7495661553612103,0.04191470707549792,0.414708978627042,1.2482882829618298,-1.2898343116108946,0.10509651042917262,-0.9236329684769536,-1.240803088095796,-0.354556808206841,2.0906784403676912,-1.1421851706419928,-0.337509893795015,-0.06475942741945521,-0.037767701133953425,-0.8159670073765815
55093,Pierce,Wisconsin,-0.1956929993136716,1.0025030851835064,-0.18925083033815993,-0.8293364346877419,-0.12751886879003504,0.690516670160517,-0.6153640214340355,-0.2661805496606814,-0.11494804241509521,-0.35084317551809197,-0.5347532202582346,-0.8083389644099845,1.348561261894561,-1.2589397051331257,-0.5387157802704237,-0.07363389757879513,-0.4350578531809526,-0.43222921364891503,-0.31085904656569824,-0.23013854942665835,-0.29353381052363664,-0.19359677211147258,-0.05793490621551225,0.8360931310503226,0.41330752218207634,-0.5137219423550576,0.4585855291299028,-0.5933471534585549,-0.3303324869243348,-0.44508752037532556,-0.4565942367611697,-0.29778759255203385,-0.14854718569821587,-0.19248017258205866,-0.08602139992103093,-0.21888300974839073,1.0102539394972347,-0.8876910334713102,-0.2993362194374326,-1.6446957466165362,-1.4691538964306108,-0.9172017903280579,-1.317447542976086,-0.8709376233380258,-0.13132782343342705,0.051557881480570666,0.8763321657781487,-1.4342723975480625,-0.2158956099729301,-0.7392531935237479,-1.6702396508790962,-1.0743192297816841,2.0906784403676912,-1.4143475532627192,-0.24013333860358396,-0.05577406413073269,-0.42786867746785945,0.40151683087248863
55095,Polk,Wisconsin,-0.19267927879474642,-0.8770268852956558,0.4949055078270951,0.5615162364510828,0.15669387004914329,0.7224465214255829,-0.6537210315694456,-0.1677334566645638,-0.3666188807370211,-0.563907975676868,-0.5634667047870868,-1.0148415697576887,0.5620518908125832,-0.9648075464542345,-0.1106601903365306,-0.8988805412678799,0.018234964720409426,0.6248145021682262,-0.30193143179818166,-0.22112791387447236,-0.3062076279745165,-0.3349348223247039,-0.10065789337197871,-0.0313452494033856,0.5667375752598954,-0.4815535078468539,0.95041107011082,-0.5534632726313035,-0.13903265565885128,-0.42374866488952,0.09338818188672403,0.6273925448215064,-0.21011749970726526,-0.08978578764147195,-0.08602139992103093,-0.2810553185906328,0.22557680074053021,-0.09796966787189806,-0.027865832347932773,-1.6924963591954498,-1.543312100951392,-1.1467103257958913,-1.4431478177759953,-0.9869740817334428,-0.16090581644714605,0.19793000737124034,0.8635060927718147,-1.539823306502146,-0.23275706376837108,-0.8263214205849839,-1.240803088095796,-0.5944776153984553,2.0906784403676912,-1.1421851706419928,-0.17305711838330937,-0.06131154372707895,0.036279714163494084,-0.31863939175229306
55097,Portage,Wisconsin,-0.11363428065551207,0.8910120288700131,-0.6467554578509469,-0.4987765324550554,0.205799171990582,0.5664630947725052,-0.608641492079038,-0.28853971079738516,0.5681055592182991,-0.4646601450685274,-0.45837878338393356,-0.46416795549714485,0.1733962738579525,-1.0432427887686055,-0.6100583785927393,0.3176667810295603,-0.17543176955501794,-0.7258582794544,0.3860053359779167,-0.1590753723718904,-0.20991901117165898,-0.11229840895723027,-0.025386557067448388,0.7571262850394724,-0.5333503472680745,-0.42415389993541336,-0.07170785967563297,-0.40966584627663805,0.266038921674678,-0.4366745717604554,0.9446581880742619,0.5103024161973753,-0.2143594343848205,-0.2663426912822655,-0.08602139992103093,-0.14200892847545082,0.504152889080597,-0.4288380679268352,-0.12723221498240406,-1.445526527537728,-1.4055897211270834,-1.0811364585193668,-1.2603110544306726,-0.7709061936868042,-0.2771050747153272,0.2127525011323208,0.8712017365756147,-1.3620533545794788,-0.1590662656994058,-0.6368199852164114,-1.240803088095796,-0.8343984225900698,2.0906784403676912,-1.1421851706419928,-0.1134296525290139,-0.052896418125969125,-0.9571838012464596,-0.9209225106739154
55099,Price,Wisconsin,-0.28180808621158954,-1.6935998019055098,-0.40768693458062155,1.7633159614324907,0.49978336041648475,0.6583354919566147,-0.6434351018177491,-0.17312402656150924,-0.33669400078886413,3.218006729000924,-0.5643657901572988,0.06929710831775686,-0.47781810940742747,-0.8863723041398639,0.17471020295273174,-0.7740418572203019,0.23451436607743842,0.6568735327845221,0.23107147804008354,-0.27712142795140626,-0.4347339339699478,-0.5639975541235468,-0.5272568544885915,-0.7592482840150264,-0.5178391904124142,-0.45381453691931845,0.7136737454441389,-0.5716270575912614,0.959585644159934,-0.40512475221711736,3.657299029474261,0.8554915540745802,-0.2503688914150916,-0.27164740328882453,-0.08602139992103093,-0.526405313331628,-0.9818895372113483,1.1818800332156587,0.21170365671952912,-1.7562305093006685,-1.8717270066862823,-1.6876947308272097,-1.7174029627939789,-0.9136176999892136,-0.45668574658433464,-0.19486607729739192,0.35046317251846093,-1.806478234386148,-0.5431327132622338,-0.5805643280734306,-0.8113665253124961,-0.1146360010152266,1.7930109910353704,-0.59786040540054,-0.29403387270916176,-0.06870431429671951,2.1974939727303653,0.7325303412717717
55101,Racine,Wisconsin,0.25404255143909465,0.09091739748449723,0.7055759808960704,-0.43514968598488696,-0.20769423554402489,-0.041030274799392565,0.20641374500855564,-0.22831721297092034,-0.08573719253739435,-0.16029773884398435,0.2770576191852955,-0.3609166528232928,0.40973348494498774,-0.9059811147184565,-0.039317592014215016,0.4968633503189761,0.588861509244665,0.011545374078160026,0.9958138686575949,0.18234573809894372,0.3128590716487839,0.19425965735492362,-0.5353434016325912,-0.06525300620607724,-0.5927719556035386,-0.47650567389098775,-0.6438470888184672,-0.6342528711538684,-0.6623426019049142,-0.45194497754846824,-0.3382873349248728,-0.08949333932938047,-0.12057311002817335,4.56684713041809,-0.08602139992103093,0.0532882934699584,-0.3324700624497589,0.30022804502703093,-0.1501302685346372,-0.9436200954591317,-1.0453927277404296,-0.8680213898706658,-0.8832102300309453,-0.57484459157041,-0.274992360928633,0.05896912836111107,1.7074616965885814,-0.9648486182522681,0.0851125651901316,-0.15538390617192968,-0.8113665253124961,-0.8343984225900698,1.7930109910353704,-0.8700227880212664,0.380471422139805,-0.019041202053890434,-0.1500043348619173,0.09310912118340055
55103,Richland,Wisconsin,-0.27038289306841445,-0.6374188070191088,-0.6306108287711227,0.901296886175568,0.18403927531593237,0.7220668869052326,-0.6275888371162962,-0.2967105645148415,-0.3228044543513798,-0.48997926741155867,-0.520969598482478,-0.3437081023776508,-0.30387721690247615,-0.5138049031466021,-0.6814009769150549,-0.3861587956770867,0.067692374159438,0.574340783048463,-0.37561577532963303,-0.265709218727328,-0.39685273630527856,-0.2687018050880238,-0.2970719507306574,-0.17648148550375697,1.135690873108934,-0.5009320968323118,1.4575913508282632,-0.6072352376093133,-0.18581874515088986,-0.43861706911702597,-0.43218796578068297,-0.04730385987829094,-0.2308600271783037,-0.38344685464440115,-0.08602139992103093,-0.34835015037141454,0.34011468103437825,-0.18027240146396567,-0.3011606172001309,-1.2782243835115292,-1.0559867569576835,-0.7860540557750114,-1.0546196956671852,-0.768238688896105,-0.3827407640500375,0.418414602067312,2.0204178779431277,-1.1120643596882276,0.16005235983653718,-0.7494965143544815,-0.8113665253124961,-0.1146360010152266,1.4953435417030498,-0.59786040540054,-0.29349112427545976,-0.06476497078921699,0.5072299669426893,0.09149442113267267
55105,Rock,Wisconsin,0.15751856004724069,0.17377492109261902,0.6492640643074221,-0.4834403928758108,-0.3439414732272697,0.4014179574073428,-0.26361382846911485,-0.2553541412261983,-0.05400683223734228,-0.27146636843321986,-0.04519042232893676,-0.37812520326893484,0.4051344163586295,-0.9451987358756418,-0.32468798530347687,0.40088070883143007,0.24163795291302737,-0.052943212473343625,0.40782540823325775,0.05678046095920187,0.10986727721194002,0.5409546416162532,0.053571643185383724,1.658818933070633,-0.29321851945355815,-0.4974132672846187,-0.4337740170365205,-0.6234423315555567,-0.6210413077326584,-0.4438573404087236,-0.3857338445278584,0.3097657313834766,-0.0384022883924004,-0.35009003885348355,-0.08602139992103093,0.24561645513353644,1.5006384151872956,-1.5649927699270656,-0.1992698637838036,-1.0949887019590256,-0.9818285524369023,-0.6057259207645703,-0.9060648254491102,-0.5975183822913536,-0.26654150578185637,0.10343660964435247,1.9434614399051244,-0.9620709627534766,0.14943588892829632,-0.38073696444807004,-0.8113665253124961,-0.5944776153984553,1.4953435417030498,-0.8700227880212664,0.24598210336109594,-0.023824509034730715,-0.14323400280670953,0.14639422285743178
55107,Rusk,Wisconsin,-0.2793859804106652,-1.0280521936362481,-0.5188719663250402,1.2055319410267762,0.37206303112903105,0.7107621460415103,-0.5984311437529325,-0.2174822798083237,-0.45838911620232425,-0.49924014411085854,-0.5602393795462155,-0.37812520326893484,-0.40237965602820824,-0.5334137137251949,0.4600805962419936,-0.9295349315495146,0.09448245250294349,0.8312456109948476,-0.4675743658286577,-0.25889355222312543,-0.3950132788257107,-0.4784499195507659,-0.6088580424965364,-0.30835356145486326,-0.44596862376651675,-0.49096689158453266,1.3546039077477692,-0.6162709632420065,-0.22547912137143442,-0.403088152417781,1.9415985720760351,0.7738570089788355,-0.2473813138070997,-0.2649268018530624,-0.08602139992103093,-0.5034415590937309,-0.50540678115408,0.7087193182447936,-0.046839569079994606,-1.6606292841428407,-1.7128165684274645,-1.4745796621785088,-1.5688480925759045,-0.8922776616636197,-0.43978403629078094,-0.0040264701234808435,0.5479846968160019,-1.6592624929501887,-0.41573506236334423,-0.7136448914469138,-0.8113665253124961,0.1252848061763878,1.4953435417030498,-0.59786040540054,-0.3011644642002122,-0.06770321999270845,1.2160041962250554,0.4531872324957914
55109,St Croix,Wisconsin,-0.05530751278923869,0.1404718306010364,1.6042563911261705,-0.9283618761964711,-0.019847464784340654,0.7057547050927041,-0.6205108580302507,-0.2850926041608424,-0.08901231146152298,-0.49373581715342885,-0.5138093244265252,-1.4794724317900223,2.1537414785808586,-1.4354190003404599,-0.5387157802704237,-0.6373633128527779,-0.6162622513185024,-0.5536553586030913,-0.15976703731859196,-0.11574482677794712,-0.09050006015051215,-0.06894273229715166,0.37482093912484893,0.6751511606178437,1.13931221469576,-0.4929939216051232,-0.0782251011813481,-0.472274263364821,-0.17293127232363426,-0.4471053582740691,-0.44026624019788985,-0.10247418463408303,-0.1902668869944731,-0.25981591907628626,-0.08602139992103093,0.026868945725332785,1.1802924583953622,-1.1591052367623806,-0.19215098924854027,-1.6287622090902316,-1.4479658379961013,-0.9991691244237123,-1.3288748406851687,-0.9149514523845633,-0.13977867858020368,0.02747132911881511,0.8173322299490129,-1.4398277085456457,-0.2614839850494932,-0.7546181747698484,-1.6702396508790962,-1.3142400369732985,2.6860133390323324,-1.6865099358834457,-0.09001660802690353,-0.04510075653794206,-1.0055129676842878,-0.5317797984484168
55111,Sauk,Wisconsin,-0.13217349434336095,-0.19297549894550864,0.545039627896329,-0.09365473129635454,-0.11541400051223935,0.6380597944622594,-0.5917930648571353,-0.1382348650931803,-0.3175692657312746,-0.38432724162289816,-0.31468975889664,-0.7395047626274167,0.5512063260865444,-0.6902841983539365,-0.8240861735596857,0.336617283108535,0.3875857564002505,0.40044042309680733,0.2152214669978499,-0.15380827338745195,-0.1916712727581735,-0.03474678328710791,-0.14976950525475946,0.3577643989340802,0.48112067559338295,-0.49839860922660384,0.7916984635632084,-0.5692589110823828,-0.1927798786615335,-0.4403520144866027,-0.1789096708930283,0.17010118235933191,-0.1998917463809321,-0.3107464329463307,-0.08602139992103093,-0.1426191611184015,0.569963717803393,-0.49255727544166555,-0.10820635259997946,-1.270257614748377,-1.077174815392193,-0.7860540557750114,-1.0431923979581024,-0.652202230500688,-0.26654150578185637,0.42767866066798743,1.4252880904492369,-1.1120643596882276,0.10697000529533326,-0.6214550039703108,-1.240803088095796,-0.8343984225900698,2.0906784403676912,-1.1421851706419928,-0.11241901751453431,-0.05499920943134526,-0.6264368068613658,-0.7400761049923558
55113,Sawyer,Wisconsin,-0.2724154703668927,-1.3714014326111155,-1.0648373972845173,1.793753332537228,0.5370361103725263,-0.33447209589814386,-0.6440364936635515,2.4748170833419088,-0.45334071915899654,-0.47535853760214253,-0.4929818634018929,-0.3092910014863668,-0.12451354203450549,-0.18045512331052588,0.388737997919678,-0.29816481071089035,0.1000353854464989,0.7982885631558123,-0.6933422585642024,-0.2704781918755492,-0.4225492648553421,-0.5399797858921492,-0.5389407984538892,-0.7535321428904899,-0.6549830562918427,-0.4767991085257181,1.226312265730723,-0.42688661225717345,0.9289312117446865,-0.3847753278513657,2.298171013837074,0.039921373960564055,-0.21770124943743596,0.14982348974279638,-0.08602139992103093,-0.5162699661919219,-1.0383167921239023,1.2323640288878928,0.2660111378760939,-1.7562305093006685,-1.7869747729482466,-1.5893339299124232,-1.6831210696667311,-1.0056466152683374,-0.32781020559598817,0.04229382287989558,1.0122885396452872,-1.759258090906689,-0.3070723601260563,-0.6368199852164114,-0.8113665253124961,0.1252848061763878,1.7930109910353704,-0.0535356401590872,-0.27417676622096104,-0.06832567114761019,1.3929305841222779,0.03820931945864144
55115,Shawano,Wisconsin,-0.20112589684778845,-0.6452343158948327,0.23253005617762892,0.47863782110944353,0.16476887651460748,0.2391927977451254,-0.6516848794613225,1.0484299140862796,-0.415839298280748,-0.3875688578228146,-0.49255348610317884,-0.8427560653012686,0.22378009986372768,-0.5530225243037876,-0.6100583785927393,-0.699242039679007,-0.6126028657449822,0.05598964413435635,-1.2425212723717396,-0.23610305440148432,-0.31614158707564893,-0.3404872421465898,-0.14806946174341445,0.6249965509484178,-0.7264152823944272,-0.5117299521360763,0.015743486181488058,-0.5882768403546879,-0.067706774018605,-0.4396221616540227,2.4794733452523006,-0.059122378134589336,-0.21400748255638707,-0.2743510504104447,-0.08602139992103093,-0.3020080603731966,0.2866956444820937,-0.14834469957713226,-0.06279746461249397,-1.4375597587745756,-1.4691538964306108,-1.1958907262532834,-1.2488837567215898,-0.7495661553612103,-0.14189139236689785,0.31650995745988375,1.191853561733961,-1.3926075650661864,0.0039277876565259285,-0.6880365893700796,-0.8113665253124961,0.1252848061763878,1.7930109910353704,-1.1421851706419928,-0.1904812146514666,-0.06148091172942819,0.868170494863959,0.7228421409674027
55117,Sheboygan,Wisconsin,0.016895841878460903,-0.11086927313822721,0.4642311470717926,-0.12905356222730657,0.17404174533703706,0.30894507902108875,-0.5081314143073784,-0.2666601588056972,1.4927952464210477,-0.3483508046998831,-0.22153877059729132,-1.1008843219858984,0.43835753868396354,-1.0824604099257908,-0.9667713702043169,0.20287756969778784,-0.41975870494682,-0.5022166448720509,-0.3603096766354905,-0.11804522802803824,-0.08729555566196713,-0.1960436684152364,-0.7955370845799726,-0.0775316091944788,-0.505888103755902,-0.5104197471275111,-0.673986085366486,-0.6116578620303724,-0.5424850518155264,-0.45318533352617485,-0.08175975732525939,-0.09569047033243491,-0.1835763047049162,4.702519585281432,-0.08602139992103093,-0.3351317709973645,-0.3052462662256459,0.4414542090380839,0.2065059847262092,-1.1507560833010921,-1.3420255458235562,-1.0975299253384967,-1.0889015887944329,-0.8042500035705448,-0.7334512526412758,-0.10222549129063907,0.9840711790313529,-1.2037269911483526,-0.3882571376596624,-0.5907250414781099,-1.240803088095796,-1.0743192297816841,1.4953435417030498,-1.4143475532627192,0.08516012781622435,-0.051905594603909325,0.3972235181502314,0.6840893397499254
55119,Taylor,Wisconsin,-0.2613300163687081,-0.3409621360435219,0.179853867345817,0.22455142320590255,0.3698739099570531,0.7614654280696973,-0.6556366021968074,-0.29241653408427964,-0.4195758420347405,-0.3852065015209385,-0.5308369999401908,-0.8255475148556282,-0.22672269315521285,-0.6314577666181586,-0.32468798530347687,-0.6176798608901402,0.06445574607714494,0.6452464972494155,-0.3763949439231009,-0.2669930871693028,-0.4196333700424036,-0.5123094818758941,-0.42946642063469365,0.038499522750613434,-0.5523070821835049,-0.5047211584758182,0.7133732563726729,-0.6008901690324752,0.30737146666987336,-0.4320700172776652,2.3556917047412944,0.22505442745246107,-0.2558392837668727,-0.3382694586242626,-0.08602139992103093,-0.4753267413993621,-0.21200294255930266,0.4113278749920624,-0.006963446552447049,-1.6765628216691453,-1.7657867145137371,-1.5073665958167686,-1.6259845811213178,-0.7362286314077141,-0.39541704677020284,0.46473489507068844,0.39150660613872923,-1.6981496699332714,-0.20965062708572957,-0.5805643280734306,-1.240803088095796,-0.1146360010152266,1.4953435417030498,-1.1421851706419928,-0.29644816746597413,-0.06656634053511255,-0.6796396047489542,-0.6916351034705094
55121,Trempealeau,Wisconsin,-0.23407473634041087,0.14270735966270862,0.18240363739345405,-0.22231374625563863,0.25800214694298146,0.7036948556087086,-0.6476404316889852,-0.16721780781394827,-0.38931391997476567,-0.48698536038150286,-0.057769177167086176,-0.9632159184207626,0.4094589136861007,-0.7295018195111219,-0.39603058362579246,-0.16829622293884522,-0.3246245033769994,-0.015075226281880984,-0.5926614109303973,-0.2322242582931175,-0.32693828626309906,-0.32472126210833274,-0.23849834127928174,0.6586189707387372,-0.005457152518988818,-0.501564234466222,0.858380890600698,-0.5549559988456377,-0.30300411270990746,-0.40613009814484274,-0.22453748229703047,0.01999090585851618,-0.20807813786276322,-0.32852147573592466,-0.08602139992103093,-0.32363974916649063,0.6460237203719625,-0.4883518640983898,-0.18745968071588756,-1.469426833827185,-1.2466792828682656,-0.8516279230515335,-1.1460380773398462,-0.6775435260123308,-0.1038625442064022,0.4332370958283925,1.3124186479934992,-1.2620577566229778,0.11758647620357458,-0.6931582497854465,-1.240803088095796,-0.5944776153984553,2.3883458897000116,-1.4143475532627192,-0.26045833167256227,-0.06252998078077456,0.1345421113093955,0.42735203168414004
55123,Vernon,Wisconsin,-0.2306392706759801,0.14976475111167248,-0.7307594580534288,0.22595569835533147,0.1805841345230953,0.7887594513318389,-0.657729715809342,-0.33077048598708286,-0.44836926488801615,-0.5133917334097051,-0.5879098516242947,-0.0683712952473792,0.03775807196774583,-0.47458728198941663,-0.6100583785927393,-0.7589020059566387,0.6257484182967976,1.2984815964357395,0.1609993761502986,-0.26441598330604765,-0.370349575046966,-0.24806576710996517,-0.21822366706996116,-0.1280101981716784,1.3248570733226774,-0.5098581643792754,1.2350916273539578,-0.6020822326120073,-0.25193190110387065,-0.44308461292345713,-0.5164940735600556,-0.17971031475844135,-0.20111307868557568,-0.19708038394415464,-0.08602139992103093,-0.3115460884478836,0.47343557181058277,-0.3257792848895202,-0.1319756491654196,-1.3897591461956618,-1.1831151075647381,-0.8844148566897957,-1.1803199704670946,-0.7308936218263156,-0.4292204673573101,0.5684923513982517,1.6561574045632461,-1.2315035461362693,0.12570495395693446,-0.677793268539346,-1.240803088095796,-0.354556808206841,1.7930109910353704,-0.59786040540054,-0.24767567028571863,-0.06299234096795815,0.2097423819030451,0.2674967266620475
55125,Vilas,Wisconsin,-0.2559059051917893,-2.080587447096955,-1.2832088224063385,2.5558654833544217,0.32505672811044767,0.09943533744368423,-0.6615177037902682,1.266106856515854,-0.3489373801207462,-0.6038197647175693,-0.5014283209057122,-0.5674192581709984,-0.010017327078602275,-0.18045512331052588,0.03202500630810057,-0.7466723628018151,0.4533041796650281,1.2110363662222936,-0.20490776011997852,-0.26795196384440617,-0.41531236617704514,-0.5231141444727997,0.03381126140088136,-0.8101384996877462,-0.8231907593737036,-0.4691775838920557,0.05910573454676472,-0.41214808081147664,2.555602731182272,-0.4123795615277527,2.733560395071565,0.42872954776070044,-0.1815903329767703,0.8186527136445172,-0.08602139992103093,-0.3517717724356671,-1.1701642782052977,1.2895296372373835,0.017967507363935608,-1.8518317344584962,-2.0200434157278457,-1.933596733114173,-1.8202486421757225,-0.7162223454774699,-0.45034760522425216,-0.496874387679406,1.0764189046769563,-1.945361009325732,-0.3738936770191016,-0.5805643280734305,-1.240803088095796,-0.5944776153984553,2.3883458897000116,-0.59786040540054,-0.22008907748307222,-0.06632790075151992,2.3356897799358323,0.30140542772733947
55127,Walworth,Wisconsin,-0.01670318804681593,0.3548230605993238,-0.30287705755197514,-0.17605351204157757,-0.023210641175108647,0.683034457581909,-0.6000434366123024,-0.28117162507930393,-0.1913004702705336,-0.40233421905761363,0.102841826477038,-0.8599646157469105,0.6150441437777854,-0.7098930089325312,-0.6100583785927393,0.36958362288720464,0.6240900154891862,0.6767334903062864,0.3743127099442476,-0.05765622967434927,0.01056495542887223,0.5618819707028927,0.3982603935356839,1.234411832777,-0.18966032494017246,-0.49875173010320184,-0.2846010973604127,-0.5872955219248343,-0.597249977366568,-0.4519667605482194,-0.08113903477696395,0.4236691131639188,-0.09607113183864928,-0.10776379878185018,-0.08602139992103093,0.2928284540149393,1.1296148916680204,-1.2246589070934488,-0.31064748556616184,-1.0551548581432642,-1.003016610871411,-0.7532671221367492,-0.917492123158193,-0.564174572407613,-0.12287696828665003,0.11270066824502756,1.9639831567152581,-0.9815145512450181,0.21563270753262123,-0.6624282872932454,-1.240803088095796,-0.8343984225900698,2.0906784403676912,-1.4143475532627192,0.01712941897116347,-0.033199566867597105,-0.0024941366747448235,0.36437872970573976
55129,Washburn,Wisconsin,-0.2748697928108764,-1.5892446342521718,-0.7112971098169232,1.8183787738330626,-0.21926144673323952,0.6820746346747654,-0.6648107138821538,-0.018537610274259833,-0.3540078892313113,-0.43046168512004535,-0.5618175154252703,-0.2920824510407248,-0.20503156370313527,-0.807937061825493,-0.039317592014215016,-1.0394304691386607,0.07610689885810869,0.7254930588992823,-0.22806604770979558,-0.25878053916798016,-0.3597502715227896,-0.42234496671137334,-0.41790937017965085,-0.6325319812848221,-0.2715916657844674,-0.45313208936416083,1.4475411260914408,-0.44393891129718527,0.724397388397217,-0.3846828991568368,1.1452025208227044,0.09804831625461755,-0.17738681185345578,0.017122059754815212,-0.08602139992103093,-0.4215217093365771,-0.7456981822126644,0.9069681555959064,-0.1045352175101417,-1.772164046826973,-1.7234105976447192,-1.376218861263722,-1.614557283412235,-1.028320405989281,-0.2496397954883027,-0.30418196878536025,1.0122885396452872,-1.6953720144344808,-0.41136357434230436,-0.6624282872932454,-1.240803088095796,-0.354556808206841,2.0906784403676912,-0.59786040540054,-0.2779572897936439,-0.0670358396216802,2.07869770052892,0.5678309360974945
55131,Washington,Wisconsin,0.07750413383049008,-0.5509273314905311,1.2858289763611774,-0.13280676533702557,-0.1600055223070656,0.6584087302032962,-0.5899601558577614,-0.3200701178167621,-0.03963171281741126,-0.48784610602811945,-0.4643507616458851,-1.6171408353551584,1.7988581264693362,-1.4158101897618671,-0.8954287718820013,-0.7314357254957108,-0.6360463435309226,-0.5490808238147021,-0.141167330468006,0.12471936355466554,0.558668800692734,1.043768486916222,0.7122485142906259,0.4778453554377688,0.34831333468901665,-0.5114472210563852,-0.2997517486793536,-0.5645267917237177,-0.6337232001794478,-0.4455134205692899,0.8695224513242934,0.929956627176216,0.030205280954225477,-0.3126332651873496,-0.08602139992103093,0.7470323551724103,0.6281051820032976,-0.9331754244686801,-0.4155913127894535,-1.1826231583537015,-1.2466792828682656,-0.9827756576045824,-1.1003288865035157,-0.7949137368030974,-0.7165495423477221,0.06638037524165114,1.279070858177031,-1.1731727806616443,-0.2502430158525324,-0.7085232310315469,-1.6702396508790962,-1.3142400369732985,2.6860133390323324,-1.958672318504172,0.14662170906716795,-0.005557041601276452,0.09773390283152988,0.44511373224215023
55133,Waukesha,Wisconsin,0.8628990310482321,-0.5268269800871433,0.9239779017441281,0.025198247233439445,-0.38105220404632234,0.48487312695109996,-0.561638804066792,-0.3253218309624874,0.8783729279807985,-0.4080265431082089,-0.34923098932551055,-1.6859750371377262,2.4263907386557073,-1.5334630532334235,-0.8240861735596857,-0.5776367256069934,-0.3290159992648012,-0.32098088502696465,0.19954022532438837,0.688855266164255,1.4467295066937884,2.7906025339870415,2.634134835919864,-0.18578077959837103,0.09162216498398162,-0.5054622627171641,-0.27200277812114515,-0.5802705152286279,-0.549709736126908,-0.4512944182669455,0.4787618366207814,1.558007772338697,0.29830901944337684,-0.06398591968787713,-0.08602139992103093,2.2566367645422494,-0.14146684747166519,-0.8367272327753037,-0.30760930480215826,-1.071088395669569,-1.077174815392193,-0.8680213898706658,-0.9746286117036063,-0.6775435260123308,-0.6130265667997059,-0.13742891397320506,1.212375278544095,-1.0398453167196433,-0.24961851756381248,-0.6880365893700796,-1.6702396508790962,-1.7940816513565272,2.3883458897000116,-1.958672318504172,1.2342334238162802,0.07474948972970573,0.03058570877731928,0.2142116249880163
55135,Waupaca,Wisconsin,-0.1715715200193393,-0.8112339080602999,0.5097012077090511,0.4935339219667063,0.3078334863700334,0.7443985485913869,-0.6569377643851789,-0.22961957611746714,-0.3845824244850031,-0.6578413976592616,-0.4658298969191772,-0.9804244688664046,0.4153621957521724,-0.9844163570328273,-0.6100583785927393,-0.25358463116805596,-0.46953945779386835,-0.37332032662849923,-0.3621202437296725,-0.1935291895512819,-0.25599518854576647,-0.21960859836144303,-0.023221214799444067,0.579602407795387,-0.4166997601014166,-0.5137746553398956,-0.15712979013192707,-0.4995533021571772,0.1829830904151004,-0.4395393809453551,1.8209672090636035,0.7472436164243503,-0.1646079133615262,-0.28083323495483736,-0.08602139992103093,-0.19941249601616148,0.38214097806292485,-0.28543252766097865,-0.17022098348875928,-1.421626221248271,-1.3738076334753193,-0.9991691244237123,-1.1803199704670946,-0.8215887847100899,-0.31935935044921154,0.05896912836111107,1.1302884113035583,-1.3120555556012283,-0.18404619724820795,-0.7494965143544815,-1.240803088095796,-0.5944776153984553,2.0906784403676912,-0.8700227880212664,-0.13626251767096006,-0.056947697761354624,-0.16445659850140476,-0.5899090002746322
55137,Waushara,Wisconsin,-0.2493219948647302,-1.4684602772996143,0.10259115413978259,1.3017718145146058,1.1746774319481483,0.6411454351058096,-0.5442624569787466,-0.22052203774581536,-0.421638771647558,-0.3628097870047908,-0.23946150458804813,-0.3609166528232928,-0.016881608550778728,-0.5530225243037876,-0.039317592014215016,-1.237274057593003,-0.17252902459186042,0.6356980469421255,-0.7742730100249016,-0.2542609987063018,-0.3578343435174232,-0.25437797507480714,-0.13798783662779,0.6631159573726462,-0.5833774845971158,-0.4795387500341073,-0.12922348429108543,-0.23833594854170168,0.3431888746068761,-0.4243280689184813,0.9478491506472229,1.5500944557469964,-0.2273847653708092,-0.2631065770319194,-0.08602139992103093,-0.28597308151267914,0.3889514095487934,-0.25468272184429824,-0.26521625801423515,-1.3419585336167479,-1.3102434581717928,-0.9991691244237123,-1.2031745658852593,-0.7909124796170485,-0.4228823259972273,0.15531533780813395,0.8737669511768815,-1.2731683786181447,-0.23025907061349096,-0.5856033810627431,-0.8113665253124961,-0.1146360010152266,1.7930109910353704,-0.8700227880212664,-0.2474698001901765,-0.06286904299806546,1.6992053032014447,0.9634324485259057
55139,Winnebago,Wisconsin,0.18256846441883176,0.44048264909344675,0.36688177461298466,-0.5885217103951623,0.10433432313760814,0.45674712784473964,-0.49229687098827984,-0.24332953497677226,0.5701973825083296,-0.3136969637721411,-0.3890855240719923,-0.8255475148556282,0.269153000394814,-1.1216780310829764,-0.7527435752373701,0.7885518785964607,-0.03249737095075203,-0.4108049681776763,-0.014289500775918288,0.2653309485874525,0.5855032967860843,0.7128514777408868,-0.1719293187518287,0.6526139910219149,-0.42115569927884466,-0.5182520342494753,-0.7375410348933263,-0.6343306174578265,-0.6539740149406332,-0.4551020842325342,-0.20907260135497202,2.731242266289463,-0.09663570666978805,1.6325338249100487,-0.08602139992103093,0.42998256623114667,0.45201379618879234,-0.6250948791534368,-0.3091879673560032,-1.2782243835115292,-1.2678673413027741,-0.8844148566897957,-1.07747429108535,-0.7629036793147065,-0.5665468634924337,0.19237157221083495,1.2482882829618298,-1.1898387136543933,-0.15594377425580574,-0.5446300977398085,-1.240803088095796,-0.5944776153984553,1.7930109910353704,-1.1421851706419928,0.23804674695110808,-0.00872183655956916,0.4907210582480139,1.3331987601426656
55141,Wood,Wisconsin,-0.10711187482883916,-0.490932681437588,0.09317935382584741,0.40588181439161747,-0.36067938672469646,0.6136012860820486,-0.6117433368371208,-0.2223565452548335,0.10789210842996798,-0.5585148837593352,-0.47349227197551025,-0.6534620103992067,0.11003895586976387,-1.2001132733973472,-0.25334538698116177,-0.09344363523712074,-0.7469865570056291,-0.9811836731733413,-0.26816528694302705,-0.12135639759470135,-0.1639640303769825,-0.03353519737430239,-0.02020603369594603,0.35103687457267624,-0.6413931565311292,-0.38746523540099725,-0.06402188540177282,-0.4275993459662308,-0.11285950009756779,-0.4185074440248537,1.8354077841047314,2.093030134370969,-0.199650965116453,-0.29561476711380447,-0.08602139992103093,-0.09177591471770452,0.05541919400646072,-0.014257021370008007,-0.1372105537661415,-1.493327140116642,-1.384401662692574,-1.113923392157629,-1.294592947557921,-0.7935799844077478,-0.26231607820846764,0.32392120434042415,0.7788540109300113,-1.3870522540686034,-0.1503232896573251,-0.5651167394012758,-1.240803088095796,-0.5944776153984553,2.0906784403676912,-0.8700227880212664,-0.04436959320624233,-0.052022964678170414,0.32061700314189634,0.08180622082830304
56001,Albany,Wyoming,-0.20703911524206442,3.262911822805772,-2.678889551170885,-1.6719233552518449,0.7977831929706272,0.4071889099304569,-0.5344112251851837,-0.13574662228426804,1.046622566424939,0.5233014016248281,-0.00784787134240189,0.2585911632198189,-0.24065718454373106,0.2509387094185141,-0.5387157802704237,2.5370536069479046,1.7075669356914343,-0.26578799677553977,1.5672319780899808,-0.2815293116641185,-0.4501394297243264,-0.665609241762102,-1.1528291171689682,-0.8221988482510404,-0.735654290296469,1.9239624103368447,-0.8157700992803397,0.17383920274153908,-0.7069501014977198,2.1733950465801537,-0.542835124729117,0.5428128610066045,-0.19459325836646765,-0.35640388196395567,-0.08602139992103093,-0.7372926677892299,-1.1424302837521148,1.429008109255935,2.4684539030913455,-1.1109222394853306,-1.8399449190345192,-2.163105268582005,-1.8659578330120539,-1.3710947715941333,-1.3672653886495376,-1.5066567751530122,-1.7632736589253566,-1.689816703436897,-1.9832257670506575,-0.7443748539391147,-1.240803088095796,-1.3142400369732985,0.3046737443737671,-0.0535356401590872,-0.2797914051902921,-0.0690020184310018,-1.569782349653232,-0.9096196103188179
56003,Big Horn,Wyoming,-0.2863799207402992,-0.06804606326759458,-0.7509854901021918,0.43669350298999576,0.04466594275207683,0.6883044815805796,-0.6421503251136313,-0.07456660805792834,-0.42376558967736744,-0.26031564387717115,-0.0409239073007591,-0.41254230416021886,-0.1856056471368759,1.8980787980203024,0.388737997919678,-0.19480300617530974,-1.3276275151569163,-0.6294069987527845,-2.1980219642374315,-0.27507499018841497,-0.42092422426965287,-0.6062570099715666,-1.203806800567397,-0.6046120646361421,-0.7449898149790021,0.9286320051102552,-0.8290106273942134,0.04493048340634364,-0.711673587995159,2.7172370247905087,-0.49898590596499176,-0.18515704099114458,2.715905580152117,-0.3710135345049964,-0.00991826647344929,-0.7206290000885865,-0.9324129824382696,1.217630640529612,1.6123422215325998,-1.24635730845892,-1.4479658379961013,-1.4745796621785088,-1.8088213444666406,-1.3697610191987837,-1.403181523023339,-1.628942348681926,-0.9757527763364584,-1.5037137850178555,-1.8427136520886473,-0.6624282872932454,-0.8113665253124961,-0.5944776153984553,-0.588328603623195,-0.0535356401590872,-0.3246898014817092,-0.07010900471267793,-0.254920073960385,-0.4784946967743856
56005,Campbell,Wyoming,-0.18518744489055725,1.0451362138510103,1.2825961956243903,-1.601619216912936,0.6245127259376523,0.6634586356832328,-0.6416066152759566,-0.03468241141155163,-0.19328612203748333,0.07889918847372582,-0.06381319451333425,-1.1697185237684664,1.940880110128667,0.32937395173288503,-0.1106601903365306,-0.22138340245753904,-0.4526287006670352,-0.36642552809225043,-0.3515028823676879,-0.2737633135766906,-0.4290903015259257,-0.6529947765827193,-1.1252080964048752,-0.797633720272763,-0.631190711173542,1.7817908161882907,-0.8314553108186287,-0.5236656559819592,-0.7127160365579271,2.9105180054515527,-0.6134060910854918,-0.26487390115724646,0.9428560699143912,-0.41684686123328507,-0.08602139992103093,-0.7174777849523194,-1.0709746532836322,1.3509827136599173,2.840266167129249,-1.24635730845892,-1.58568821782041,-1.3926123280828544,-1.5574207948668217,-1.341752218896442,-1.1306414445397865,-0.7451511581775035,-1.4734044089822116,-1.464826608034771,-1.572305893072868,-0.5958467018934768,-1.240803088095796,-0.1146360010152266,-0.29066115429087425,-0.59786040540054,-0.2694230385602608,-0.06887342771769621,-1.7169897449131268,-1.043639714529259
56007,Carbon,Wyoming,-0.2775642756849398,-0.0062654567341707415,0.4586973631809767,-0.22266711070211484,1.4381584632579185,0.6009266693705174,-0.6045579572800888,-0.0067881531847551095,-0.21028456264812276,0.08287351985138793,0.6290232690535766,-0.4813765059427885,0.40527170198807305,1.1529439960337788,-0.32468798530347687,0.24496803048840118,-0.36011005105192856,0.1843755464564569,-1.1226476944989736,-0.2893882918002226,-0.4684855627945974,-0.6743257438719904,-1.13938269504596,-0.8214922163726581,-0.6854245876705849,-0.049066444191488166,-0.7432785055657395,0.12254552022066488,-0.6795685909574962,3.9052901598896734,-0.5453853453947579,-0.03670851373720636,-0.16130322995484092,-0.3616109205255487,-0.08247014606177593,-0.743789509979637,-1.1190063397342864,1.4090397609669245,5.190581955902304,-1.1666896208273967,-1.6704404515584466,-1.8680228658376485,-1.785966749048475,-1.1750331694777392,-1.2785314096083809,-1.8586910019786727,-1.4734044089822116,-1.5953764164779796,-1.9132819587140124,-0.38585862486343686,-0.8113665253124961,-0.5944776153984553,-0.29066115429087425,-0.3256980227798136,-0.3232299953496831,-0.07050103801603433,-1.5286202308281986,-1.673372734313261
56009,Converse,Wyoming,-0.28042862813149844,0.10947255568555386,0.44301837905915714,-0.3214858901757975,0.4869627118006447,0.703893894207309,-0.6378093276187191,-0.11388316977672819,-0.38157985243448983,0.11906251227049808,-0.09758382687578196,-0.9115902670838365,1.150389455792827,0.36859157289006833,-0.7527435752373701,-0.25830814485735376,-0.7439798262864333,-0.3790313404752736,-1.0624322411268794,-0.2898820870675964,-0.45863891314795785,-0.6661194318966868,-1.163053885836949,-0.7907289053588739,-0.7880827691845856,2.9824681105585986,-0.8275136959476905,-0.16402388302281778,-0.7111905290369746,1.7337059579809928,-0.5729207287133362,-0.1885579961919364,-0.039357978184444045,-0.41175865571151393,-0.08602139992103093,-0.7445603639900572,-1.135167266242446,1.4250845549543425,2.4354583664116873,-1.0073542455643503,-1.5539061301686465,-1.4253992617211142,-1.5802753902849875,-1.400437324291825,-1.2257135649410258,-1.4177218125865294,-1.714534581501288,-1.384274598569812,-1.9132819587140124,-0.6464230984952242,-1.240803088095796,-0.354556808206841,0.3046737443737671,-0.3256980227798136,-0.32847032505439205,-0.07021171169969838,-1.2959892476181876,-1.2487066209717417
56011,Crook,Wyoming,-0.298698393531941,-0.3156319375333962,-0.6604089352654213,0.6196808565256577,0.24796292399463513,0.7013504735875271,-0.605634911350382,-0.19880937010737643,-0.5448998458956492,-0.5743050867594249,-0.5259211167639334,-1.1180928724315404,0.5764668819041537,1.035291132562223,-0.46737318194810806,-1.2642689387668793,-0.39011033273062806,0.33174585824531994,-0.7900430540949092,-0.29127605473164875,-0.46805435559960806,-0.6609724970411031,-1.1540290047769868,-0.7416511215512858,-0.4025470999902113,2.9858092245547554,-0.8202804513314361,0.8078624902298042,-0.7045239536038796,0.6200825635865305,-0.6107592215998233,-0.3364175740342938,-0.23860566037379033,-0.3759876733750119,-0.08602139992103093,-0.7434518203075795,-0.9123950062789303,1.208022106792804,1.3938761743405943,-1.3499253023799003,-1.70222253921021,-1.5073665958167686,-1.694548367375814,-1.253724560803367,-0.8348615144025977,-0.40423380167265316,-1.2194481634568015,-1.5842657944828136,-1.2669262298887658,-0.6464230984952242,-1.240803088095796,-0.5944776153984553,0.007006295041446424,-0.8700227880212664,-0.3459318522490115,-0.0703361260444061,-1.8513394987365226,-2.3014910540465343
56013,Fremont,Wyoming,-0.20592324787791427,0.39146819426042645,-0.5329565911628086,-0.09523030948996627,0.0941102018706567,-0.6211720791074812,-0.6544169315325932,3.087854952799515,-0.3661558809581657,-0.12348894812958586,-0.1990542155925523,-0.2748739005950828,0.153146643515032,2.0549492826490443,0.4600805962419936,0.1431571096950533,-0.061576553662823275,0.4599051491755271,-0.7750542995154505,-0.2881013104219956,-0.4611435466856234,-0.6549737696643737,-1.1515924620650815,-0.7767027413156817,-0.7208318020099742,0.0893464311745604,-0.8162401582601028,0.12835698316093339,-0.7051335000781387,3.714515532802469,-0.5300721049053903,-0.025550829563755158,1.0146258652399631,-0.35591870321063634,1.7315385517370736,-0.7379822161718781,-1.0909267086429677,1.3792329563449428,6.16035734133789,-1.3499253023799003,-1.734004626861974,-1.9991706003906962,-1.9916581078119624,-1.267062084756863,-1.033456610351853,-1.8883359895008336,-1.3092306745011384,-1.7481474689115222,-1.853954621285608,-0.442196889432472,-1.240803088095796,-0.1146360010152266,0.007006295041446424,0.2186267424616392,-0.21694487966024684,-0.07000344432069436,-1.4240814416840772,-1.7573371369511277
56015,Goshen,Wyoming,-0.2822181162141644,-0.4339214225973522,-0.4765215861833854,0.6370795340543808,1.145963649021106,0.6208023938492765,-0.6180228187728917,-0.10157496124973653,-0.213761001864194,0.04188773204804741,0.07613101750426532,-0.2576653501494408,-0.012488468408585798,0.7215501633047392,-0.1106601903365306,-0.25587297202799547,-0.6197090302658762,0.22544777528671606,-1.6838933049643192,-0.2825729955030124,-0.4473386836725639,-0.6236302665483298,-0.9748094842589962,-0.33305726230348004,-0.7354318680371404,4.83043235832244,-0.8313456033798309,-0.5932542127566875,-0.7126189636458901,-0.3051246497509932,-0.5854871889456575,-0.12351465988943862,-0.10667235561809335,-0.398356801755871,-0.08602139992103093,-0.6737444401005288,-0.6607083880563472,0.9332321419589213,0.9220198942135029,-0.7444508763803236,-1.2890553997372833,-0.9991691244237123,-1.2603110544306726,-1.4964674967569978,-1.0292311827784646,-1.1027438201635698,-1.8633170283747607,-1.073177182705144,-1.8302236863142465,-0.5190217956629744,-0.8113665253124961,-0.8343984225900698,0.007006295041446424,-0.3256980227798136,-0.31703517702018785,-0.06965149780837719,-0.6993948675999256,-1.0775484155945516
56017,Hot Springs,Wyoming,-0.3079855730902615,-1.1609408281424503,-1.237498660261226,1.685848399455728,0.1896584935711874,0.6584764172566098,-0.6442991903842133,0.017706309623580333,-0.3786622625827657,-0.2933269832182451,-0.3813921384749539,-0.6190449095079227,-0.2318709042593452,0.662723731568961,-0.25334538698116177,-0.44800681926306435,-0.7212455172973982,-0.26578799677553977,-1.0942385166927395,-0.290579594838,-0.46511608657125747,-0.6743392862310593,-1.2024860710790553,-0.8045331903155174,-0.7650854878619221,0.2765234807997708,-0.8300565311372765,-0.1775999125392628,-0.7094392898243534,4.100067830666265,-0.5549976781345484,-0.2619493446324376,0.007117909271526493,-0.42095019428536073,-0.0648673756315085,-0.7602192834085834,-1.1383533965584227,1.4349426477199532,0.7534380944187039,-1.2383905396957675,-1.5115300132996285,-1.572940463093293,-1.7745394513393922,-1.38309854315228,-0.9088064969368949,-1.6771154534054373,-1.3117958891024053,-1.5259350290081874,-1.8008722667444044,-0.9236329684769536,-0.8113665253124961,-0.1146360010152266,-0.29066115429087425,0.2186267424616392,-0.34945035933645896,-0.07042946304573,-1.963500905896983,-2.8375714708883
56019,Johnson,Wyoming,-0.2961767090161056,-0.9873778413846435,-0.4550931334078472,1.1362964674758722,0.15358830334341,0.6633129279957916,-0.6367681197726531,-0.04599659934617893,-0.34398751889778384,-0.5537646777081671,-0.3422487053525549,-0.9460073679751205,0.10310603158286565,0.4274180046258487,-0.1106601903365306,0.21908891170747014,-0.8176436057044384,-0.1312777163329088,-1.7493874016870083,-0.2909879161134126,-0.4706284047187485,-0.6670972883044799,-1.149861929843458,-0.8013323210601616,-0.7548453163658073,1.3247234624387203,-0.8279373475129977,0.3340164799067394,-0.7105485612643565,2.746439454590645,-0.5635188802824919,-0.18916300193229055,-0.18646407080131683,-0.3998574358632309,0.11725496624880796,-0.7451363671610232,-1.1305682174179852,1.4208619429371907,2.368253510051069,-1.0870219331958735,-1.6068762762549194,-1.6385143303698175,-1.7288302605030617,-1.3924348099197272,-0.8897920728566471,-1.4121633774261242,-1.3246219621087392,-1.4981584740202707,-1.713442506323598,-0.6464230984952242,-1.240803088095796,-0.8343984225900698,0.6023411937060877,-0.0535356401590872,-0.3344592732883451,-0.07046654163732244,-1.3921946657057587,-2.0560566463358465
56021,Laramie,Wyoming,-0.02949612412715146,0.5129107118735458,0.40958221824841085,-0.6765138538806235,0.28099325509454426,0.5287388969174243,-0.47047547349126273,-0.11150337521368081,0.100634511242807,0.44746110750490287,0.36968689108745184,-0.8599646157469105,0.9535218631708062,-0.003975828103191509,-0.25334538698116177,0.22450428463070451,0.18657014798468222,-0.12584035162467155,0.5131177316643044,-0.2148795011116792,-0.328485191422796,-0.5503930365616493,-0.7840659699299114,-0.2808178318390615,-0.7692926020828065,4.502837892917575,-0.8314558908191911,-0.5781629254579269,-0.7126928857172213,-0.15585479354771484,-0.6050945195486118,-0.06299454297355582,-0.22388355413692995,-0.42295408751275554,-0.08602139992103093,-0.546685238125847,-0.6245935824811806,0.8432649384667523,1.2612685198176132,-0.6886834950382574,-1.4373718087788467,-1.3434319276254598,-1.3517294361033343,-1.4524536677104603,-0.8644395074163167,-1.2342934522931588,-1.758143229722823,-1.1731727806616443,-1.7796393249279228,-0.36537198320196956,-0.8113665253124961,-0.8343984225900698,-0.29066115429087425,-0.59786040540054,-0.018935278675172796,-0.06314442318545058,-0.9719665801429715,-0.8514904084926018
56023,Lincoln,Wyoming,-0.2628324834495717,0.14434562907339274,-0.06951202961687464,-0.09836461915357858,0.4107885147923282,0.723878083474124,-0.6641402625014806,-0.13747538481600216,-0.3632162559718826,-0.3734717705494616,-0.37277879928278407,-1.2901783768879602,1.0671943643500483,0.8392030267762957,-0.32468798530347687,-1.3343087721782243,-0.2439295101370253,0.41123186740329637,-0.4077915904937002,-0.2912768411014808,-0.47062670663163186,-0.6628744966366326,-1.101005436904571,-0.7573928496362988,-0.699693253655772,-0.2754200842577749,-0.7841623750289912,0.8879370801043716,-0.6642664993152193,3.365978168441274,-0.54759244520429,0.08028812380193906,0.47052756517670197,-0.3878085144707985,-0.07565960723600022,-0.7304374875421938,-1.0623488263576584,1.348191633765757,2.3088675012448707,-1.4773936025903371,-1.9141031235553003,-2.556548472241146,-2.174494871157285,-0.7909124796170485,-0.8834539314965646,-1.9680068934666415,-1.0783613603871294,-1.978692875311232,-1.5573179341435868,-0.6368199852164114,-1.240803088095796,-0.8343984225900698,0.007006295041446424,-0.59786040540054,-0.30556259805952146,-0.0698765747943754,-1.2586537931812418,-1.2616242213775672
56025,Natrona,Wyoming,-0.08702333348840387,0.4126612980082033,0.5952313068290146,-0.676612521820375,0.16190395548147815,0.6150501373165165,-0.5623891784171267,-0.06529655139470653,-0.19974636312319244,0.15593429489279392,-0.07512241358801734,-0.7911304139643425,0.7126542263121346,0.5254620575188118,0.03202500630810057,0.42211856304211554,0.022686226026395077,-0.16627862404502008,0.057762201814295276,-0.2747982114975129,-0.42165393020390957,-0.6261061541581628,-1.1035316623034865,-0.8069913112434173,-0.7995523495428194,0.732599647285537,-0.8261771297141404,-0.46108356484331353,-0.7061864844447564,3.9170484686952207,-0.5874234827170891,-0.23084474559928306,-0.12717276724035143,-0.38616108137152544,-0.00975315637624232,-0.700308167990737,-1.1563694555398198,1.4265926396208994,3.264099830229234,-1.102955470722178,-1.5962822470376645,-1.4417927285402465,-1.694548367375814,-1.3804310383615808,-1.2341644200878026,-1.760491980811515,-1.4400566191657438,-1.4592712970371877,-1.9551233440582556,-0.5651167394012758,-1.240803088095796,-0.354556808206841,0.007006295041446424,-0.3256980227798136,-0.10695410225105212,-0.06778285547555554,-1.1851850496048768,-1.0097310134639668
56029,Park,Wyoming,-0.23540733384877915,-0.775311943515646,-0.6669654059261038,1.0464403810877352,-0.12912115426736956,0.7032940724450423,-0.6501811478870982,-0.1755293874925964,-0.2623825220042204,-0.06922101968424177,-0.30688083605992944,-0.7222962121817748,0.2589252210012711,0.4274180046258487,0.17471020295273174,-0.19052185205778202,-0.780508735102117,-0.4523404708591851,-1.0760920398196059,-0.286992086597621,-0.4606618982570244,-0.6583363178037882,-1.1668330804160718,-0.7437485331078414,-0.771100753664201,-0.06750123315147713,-0.8246270786584636,1.1351118740618118,-0.7073394906244054,3.0348719879791077,-0.5348699198767364,-0.13664333510936344,1.5762119666936816,-0.3841301741897142,0.256981355469721,-0.7429121748522413,-1.0812250925122728,1.3719292673033332,4.448461625165537,-1.3021246898009862,-1.9246971527725552,-2.6713027399750624,-2.2773405505390287,-0.7709061936868042,-0.8454250833360685,-1.4807174110711212,-0.6345792343679783,-1.9648045978172737,-1.2644282367338857,-0.7802264768466824,-1.6702396508790962,-1.3142400369732985,0.6023411937060877,-0.3256980227798136,-0.23122477810557873,-0.07001325502389058,-0.41247069693940586,-1.012960413565423
56031,Platte,Wyoming,-0.29632900587420485,-1.039591852006141,-0.7535601114043675,1.3330420288478317,0.11152568037867225,0.7031269080610915,-0.6451017767815366,-0.13481321408575264,-0.25428948536124824,0.1650352685677637,-0.09860878794041217,-0.5157936068340706,0.11690323734194032,0.6235061104117755,-0.25334538698116177,-0.39592755039917615,-0.8535141874450217,-1.1075398391582294,-0.08450380338823002,-0.28103925642921784,-0.4422197189360812,-0.634941994245259,-1.064130840645151,-0.6021230667448945,-0.6342468637454927,4.500635145729437,-0.8315022495150436,-0.38144184079488586,-0.7127453779516705,0.04721676845485959,-0.4901869577840682,-0.008329540573723258,-0.18056694889455752,-0.3214534581249558,-0.08602139992103093,-0.7001037583794586,-0.8798527510869073,1.1576690621337005,0.8318499656073268,-0.7683511826697806,-1.3314315166063013,-1.1467103257958913,-1.3403021383942515,-1.4831299728035015,-1.1327541583264809,-1.2231765819723484,-2.001838616843166,-1.1370632591773522,-1.9288944159320136,-0.6464230984952242,-1.240803088095796,-0.1146360010152266,0.007006295041446424,0.2186267424616392,-0.3318391084359907,-0.07005797079336823,-0.4077521109479364,-1.1712010185367878
56033,Sheridan,Wyoming,-0.23162627146789244,-0.45053430808525946,-0.19507076155036832,0.5122172027555111,0.03804963605289701,0.6596429476111917,-0.6379332965944066,-0.09288314015119083,-0.21611545111083,-0.036008632182532245,-0.3863123196830398,-1.0320501202033303,0.570289028579195,0.40780919404725596,-0.1820027886588462,0.34726456356723945,0.06881473092638936,0.5534362661299026,-0.6752683764755976,-0.27753771999415694,-0.44185558832056415,-0.6284234718573353,-1.09617372701908,-0.7423098477513592,-0.6396696106748319,1.1317323873823977,-0.7962722861243636,0.7575080434744665,-0.7119639739004193,2.259658496080595,-0.47472771279316295,0.011599000447538374,-0.255871739806631,-0.4141621714757227,-0.08042636503498529,-0.705743097353255,-1.0203379335727674,1.2966863846749965,1.1421465156956374,-1.1746563895905489,-1.617470305472174,-1.753268598103733,-1.8202486421757225,-1.3070746566173514,-0.7735928145884655,-1.2732024984159949,-1.0527092143744614,-1.5731551724876467,-1.5260930197075846,-0.647063306047145,-1.6702396508790962,-0.8343984225900698,-0.29066115429087425,-0.59786040540054,-0.23839280052309134,-0.06836656119614262,-0.9509447938969359,-1.3908002254358243
56035,Sublette,Wyoming,-0.29211741199061453,-0.760140794364659,0.9451479963042297,0.22960266628097925,1.606889992636215,0.6846254739280633,-0.6309620628778234,-0.13499923162977498,-0.30704274371190354,-0.022609630444676763,-0.18908020531110636,-1.2557612759966765,1.5330045050519423,0.6823325421475538,0.5314231945643092,-1.2873015186624883,-1.5813191220207603,-0.68259340267069,-2.7463530962435043,-0.2925096329380792,-0.4696076415184641,-0.6758181229079189,-1.1489207707751024,-0.8218544314913371,-0.53911775769954,0.053781702711120524,-0.7787858260409081,0.49819537882119763,-0.7003959995223263,3.2046420696243456,-0.4621434534922471,0.7730702564008558,0.2876893121087165,-0.3472966164846932,0.8854191469383756,-0.7478935222976196,-1.0531613711774699,1.3467957415105074,2.93480720384442,-1.7243634342480594,-2.2425180292901907,-3.01556554317681,-2.4487500161752687,-0.9456277574776045,-1.2383898476611912,-1.93095065906394,-1.1527525838238655,-2.295345602173484,-1.7402959327385599,-0.9236329684769536,-1.6702396508790962,-0.8343984225900698,0.007006295041446424,-0.3256980227798136,-0.3461751532710159,-0.07047304147070844,-1.737657996957692,-1.7121255355307379
56037,Sweetwater,Wyoming,-0.1968967302498021,0.7820560899180421,1.0208200491749355,-1.2288794686526563,0.6597694990930992,0.5999328588053858,-0.5834954233946132,-0.06717810871934941,-0.12426365486661366,0.36452613360818764,0.4469689604171973,-1.0664672210946144,1.7103775382929818,0.40780919404725596,0.03202500630810057,-0.5709416978659618,-1.1618180615420155,-1.1206048085825568,-0.7686325314322449,-0.28444357857453384,-0.45794816459532084,-0.6676737159016921,-1.1777365151969241,-0.8154196549974241,-0.8185658664190069,-0.15112157265512868,-0.8305000703645127,-0.6210336951433739,-0.7107552591651123,4.6944329393299835,-0.6085606807326726,-0.3222493334346716,2.5577663459943016,-0.3836355610752623,-0.08602139992103093,-0.7477437161306149,-1.173271544412974,1.463504689405557,7.072243468784839,-1.4136594524851185,-1.7128165684274645,-1.7204816644654708,-1.8088213444666406,-1.3350834569196937,-1.6736088877201976,-2.056941856033124,-1.755578015121556,-1.6731507704441477,-2.240519062003316,-0.5804817206473762,-1.240803088095796,-0.8343984225900698,-0.29066115429087425,-0.59786040540054,-0.25838091525390977,-0.07004544748478138,-1.307031352748362,-0.6997086037241504
56039,Teton,Wyoming,-0.2521892760970215,-0.7188083701325089,2.7835609616808163,-0.7240380873000282,0.7702780305901841,0.6438549824259531,-0.6483832107286102,-0.19712685035788574,0.11151321805003327,0.4093943733170435,0.3861418359473279,-1.4622638813443802,2.9595394805996524,1.1137263748765933,-0.8240861735596857,1.3804695943192185,0.6197217651947114,0.2822655192892766,0.20265467252864974,-0.29359192674080886,-0.4732535694816958,-0.6888905721474907,-1.1535043157618583,-0.8176575539778667,-0.8143892031292732,-0.029975786181252174,-0.8059372987430488,2.5751797687432227,-0.7014041266614296,1.6351528939233213,-0.34097884828836483,0.10283044804596507,0.3086291766854989,0.013040472257952872,0.5109265338796329,-0.7549613787777638,-1.173585160099722,1.4669256953351988,2.400042710250901,-1.5809615965113175,-2.210735941638428,-3.2286806118255122,-2.6087321841024265,0.3787883711045685,-0.6214774219464829,-1.5529770681563886,-0.3344491260197663,-2.312011535166234,-0.6112030267327185,-0.647063306047145,-1.6702396508790962,-2.273923265739756,0.007006295041446424,-1.1421851706419928,-0.30982972367621303,-0.06972570595055093,-1.964764612700335,-1.980165743951621
56041,Uinta,Wyoming,-0.2616726842994314,0.8576566724963314,0.03121150778249781,-0.805686361908964,0.22779643286120765,0.6815783071195671,-0.6445490287225394,-0.06961957923561933,-0.3366980184748813,0.49020455038723165,-0.03749269670507511,-1.0320501202033303,1.0319806003977832,0.4470268152044409,0.03202500630810057,-0.6687522203375522,-1.2913630344054576,-0.8509528877162991,-1.5865591936935408,-0.28221106300983634,-0.4369113769318527,-0.5923914073996426,-1.014964812590647,-0.8175863262980796,-0.3600561983801384,-0.23391465040118675,-0.7243097712753449,-0.3099618163125052,-0.6142433029393586,3.7563908208349512,-0.5240426898847449,0.7225482212595048,2.254355993802212,-0.40075962019289846,-0.08602139992103093,-0.6707267964163686,-0.9679362546820747,1.2306226877376862,0.8149463618468166,-1.469426833827185,-1.9141031235553003,-2.343433403592445,-1.9916581078119624,-1.2497233036173179,-1.1728957202736707,-1.993946257548532,-1.5734477784316157,-1.895363210347481,-1.9869727567829778,-0.6464230984952242,-1.240803088095796,-0.354556808206841,-0.29066115429087425,-0.0535356401590872,-0.31082164322746153,-0.068863412791584,-1.4366446219949909,-1.3165240231023267
56043,Washakie,Wyoming,-0.29805113188501925,-0.5067387507089481,-0.20366408750858533,0.5682768946997457,0.3302430326996746,0.657839084799212,-0.6418732237240403,-0.0036325941238495862,-0.2216187707937563,0.18925793825638518,0.31784318678656853,-0.5846278086166387,-0.04118116496228336,0.7999854056191101,0.17471020295273174,-0.606876317583325,-1.5504926988200929,-1.4181644996198677,-1.3329333773785985,-0.28246015704307215,-0.44131572112654543,-0.63544020540351,-1.1953719584067453,-0.7183505983927673,-0.7763983655199337,0.568296157446955,-0.830848454469257,-0.272000126274287,-0.7097888423775811,3.7638651798347706,-0.5805598290355339,-0.3019255375261297,0.5632444151502719,-0.42094946186780696,-0.08602139992103093,-0.7360465053890858,-1.0586147284467053,1.3469828629899416,0.9300025652404927,-1.2304237709326153,-1.3738076334753193,-1.2450711267106755,-1.7174029627939789,-1.411107343454622,-1.0461328930720184,-1.7401110518900293,-1.1835351590390668,-1.4176064645553126,-1.8445871469548074,-0.9236329684769536,-0.8113665253124961,-0.5944776153984553,0.007006295041446424,-0.3256980227798136,-0.34018620503706276,-0.07016171323312294,-0.43961826496555095,-0.859563908746243
56045,Weston,Wyoming,-0.3006226057583101,-0.9817190637544815,0.6999086188598664,0.5558719578991858,1.0281139084782096,0.5904055466897501,-0.6257995547669253,0.06257075757429667,0.014321485381401301,-0.3754608166992209,-0.40652136880423084,-0.6878791112904907,0.2531592245646429,0.4862444363616264,-0.6814009769150549,-1.4118433260116299,-0.7724322615287172,-0.2779893516062308,-0.5896517978151667,-0.2861760483038414,-0.4555322097248266,-0.6626170986603471,-1.1794255779723353,-0.7848213165682683,-0.7120161013956109,4.371120487430963,-0.830301528983756,-0.14833310398696986,-0.7123337379860406,0.5206255973457597,-0.6104449254092417,-0.26226701230143507,-0.22171758932193253,-0.4182245743787515,-0.08602139992103093,-0.7461027345824504,-1.0949314940211956,1.3866323872073645,1.046414035543602,-1.326024996090443,-1.6280643346894286,-1.2942515271680677,-1.5688480925759045,-1.320412180570848,-1.4475485125439174,-0.6024846557271043,-1.5529260616214813,-1.4898255075238962,-1.6272617424802318,-0.6464230984952242,-1.240803088095796,-0.354556808206841,0.007006295041446424,-0.3256980227798136,-0.3459131367857804,-0.07028572649312902,-1.0659256435432072,-1.46669112782005
